0.099591836735
0.099591836735
0.099591836735
0.099591836735
0.099591836735
0.106122448980
0.116734693878
0.127346938776
0.152653061224
0.164081632653
0.169795918367
0.173061224490
0.172244897959
0.168163265306
0.166530612245
0.164081632653
0.159183673469
0.160816326531
0.156734693878
0.160000000000
0.155918367347
0.161632653061
0.163265306122
0.166530612245
0.174693877551
0.174693877551
0.180408163265
0.184489795918
0.189387755102
0.186938775510
0.196734693878
0.206530612245
0.214693877551
0.222040816327
0.239183673469
0.246530612245
0.240000000000
0.243265306122
0.246530612245
0.244081632653
0.236734693878
0.236734693878
0.239183673469
0.235102040816
0.208979591837
0.122448979592
0.213877551020
0.231020408163
0.109387755102
0.151836734694
0.096326530612
0.115918367347
0.093877551020
0.111020408163
0.098775510204
0.119183673469
0.110204081633
0.126530612245
0.123265306122
0.134693877551
0.133061224490
0.140408163265
0.144489795918
0.165714285714
0.174693877551
0.182040816327
0.188571428571
0.196734693878
0.199183673469
0.208979591837
0.212244897959
0.214693877551
0.221224489796
0.220408163265
0.220408163265
0.223673469388
0.226938775510
0.227755102041
0.230204081633
0.228571428571
0.231836734694
0.231020408163
0.234285714286
0.231020408163
0.231020408163
0.232653061224
0.230204081633
0.236734693878
0.233469387755
0.235102040816
0.233469387755
0.242448979592
0.235918367347
0.240000000000
0.235918367347
0.246530612245
0.212244897959
0.219591836735
0.197551020408
0.162448979592
