0.108042242080
0.108042242080
0.108042242080
0.108042242080
0.109666937449
0.111291632819
0.112103980504
0.121039805037
0.125913891145
0.125913891145
0.117790414297
0.116165718928
0.107229894395
0.105605199025
0.095857026807
0.095044679123
0.094232331438
0.094232331438
0.095044679123
0.095857026807
0.090982940699
0.089358245329
0.091795288383
0.098294069862
0.098294069862
0.104792851340
0.110479285134
0.116978066613
0.123476848091
0.127538586515
0.143785540211
0.150284321690
0.160032493907
0.164906580016
0.186839967506
0.190089358245
0.207961007311
0.219333874898
0.228269699431
0.233143785540
0.242079610073
0.237205523964
0.254264825345
0.213647441105
0.229082047116
0.116165718928
0.161657189277
0.234768480910
0.191714053615
0.208773354996
0.184402924452
0.190901705930
0.186027619821
0.194151096669
0.185215272136
0.192526401300
0.187652315191
0.192526401300
0.191714053615
0.194151096669
0.192526401300
0.199837530463
0.201462225833
0.210398050366
0.219333874898
0.230706742486
0.232331437855
0.229082047116
0.232331437855
0.238830219334
0.244516653128
0.246141348497
0.247766043867
0.255889520715
0.255077173030
0.259951259139
0.258326563769
0.259951259139
0.256701868400
0.259951259139
0.260763606824
0.259951259139
0.261575954509
0.259951259139
0.264825345248
0.255889520715
0.260763606824
0.257514216084
0.259951259139
0.259138911454
0.253452477660
0.255077173030
0.259138911454
0.259951259139
0.272948822096
0.267262388302
0.277010560520
0.163281884647
0.269699431357
0.118602761982
