0.089211618257
0.089211618257
0.089211618257
0.089211618257
0.089211618257
0.099585062241
0.115145228216
0.125518672199
0.145228215768
0.145228215768
0.156639004149
0.153526970954
0.155601659751
0.150414937759
0.145228215768
0.146265560166
0.139004149378
0.137966804979
0.139004149378
0.139004149378
0.140041493776
0.142116182573
0.137966804979
0.140041493776
0.141078838174
0.147302904564
0.146265560166
0.153526970954
0.162863070539
0.168049792531
0.168049792531
0.172199170124
0.177385892116
0.183609958506
0.201244813278
0.207468879668
0.208506224066
0.211618257261
0.213692946058
0.217842323651
0.224066390041
0.224066390041
0.225103734440
0.204356846473
0.202282157676
0.099585062241
0.207468879668
0.237551867220
0.133817427386
0.163900414938
0.122406639004
0.139004149378
0.123443983402
0.134854771784
0.127593360996
0.133817427386
0.130705394191
0.143153526971
0.141078838174
0.150414937759
0.147302904564
0.152489626556
0.153526970954
0.163900414938
0.164937759336
0.180497925311
0.190871369295
0.205394190871
0.204356846473
0.211618257261
0.211618257261
0.216804979253
0.217842323651
0.220954356846
0.225103734440
0.229253112033
0.227178423237
0.230290456432
0.233402489627
0.230290456432
0.233402489627
0.232365145228
0.233402489627
0.229253112033
0.227178423237
0.231327800830
0.231327800830
0.231327800830
0.230290456432
0.229253112033
0.223029045643
0.228215767635
0.228215767635
0.233402489627
0.234439834025
0.237551867220
0.239626556017
0.175311203320
0.217842323651
0.134854771784
