0.142857142857
0.142857142857
0.142857142857
0.142857142857
0.141858141858
0.138861138861
0.141858141858
0.145854145854
0.142857142857
0.138861138861
0.131868131868
0.126873126873
0.106893106893
0.104895104895
0.094905094905
0.093906093906
0.084915084915
0.085914085914
0.082917082917
0.088911088911
0.082917082917
0.083916083916
0.082917082917
0.091908091908
0.093906093906
0.098901098901
0.105894105894
0.113886113886
0.116883116883
0.130869130869
0.137862137862
0.145854145854
0.159840159840
0.172827172827
0.193806193806
0.203796203796
0.209790209790
0.214785214785
0.216783216783
0.225774225774
0.229770229770
0.243756243756
0.230769230769
0.261738261738
0.195804195804
0.158841158841
0.201798201798
0.211788211788
0.132867132867
0.162837162837
0.107892107892
0.126873126873
0.105894105894
0.122877122877
0.105894105894
0.125874125874
0.117882117882
0.127872127872
0.123876123876
0.135864135864
0.133866133866
0.143856143856
0.144855144855
0.158841158841
0.160839160839
0.173826173826
0.177822177822
0.180819180819
0.180819180819
0.184815184815
0.189810189810
0.194805194805
0.199800199800
0.200799200799
0.202797202797
0.206793206793
0.202797202797
0.204795204795
0.204795204795
0.208791208791
0.207792207792
0.218781218781
0.215784215784
0.211788211788
0.209790209790
0.213786213786
0.212787212787
0.225774225774
0.223776223776
0.230769230769
0.231768231768
0.227772227772
0.236763236763
0.240759240759
0.248751248751
0.248751248751
0.247752247752
0.221778221778
0.225774225774
0.170829170829
