0.158034528552
0.158034528552
0.158034528552
0.158034528552
0.158034528552
0.162018592297
0.171314741036
0.187250996016
0.207171314741
0.200531208499
0.197875166003
0.191235059761
0.177954847278
0.175298804781
0.162018592297
0.162018592297
0.148738379814
0.146082337317
0.142098273572
0.143426294821
0.138114209827
0.135458167331
0.128818061089
0.132802124834
0.131474103586
0.130146082337
0.130146082337
0.132802124834
0.138114209827
0.140770252324
0.150066401062
0.158034528552
0.173970783533
0.179282868526
0.184594953519
0.200531208499
0.200531208499
0.209827357238
0.215139442231
0.213811420983
0.221779548473
0.213811420983
0.245683930943
0.200531208499
0.216467463479
0.139442231076
0.173970783533
0.211155378486
0.180610889774
0.203187250996
0.166002656042
0.176626826029
0.166002656042
0.173970783533
0.169986719788
0.171314741036
0.169986719788
0.172642762284
0.172642762284
0.171314741036
0.172642762284
0.173970783533
0.173970783533
0.183266932271
0.184594953519
0.187250996016
0.184594953519
0.191235059761
0.192563081009
0.193891102258
0.193891102258
0.197875166003
0.199203187251
0.199203187251
0.196547144754
0.197875166003
0.199203187251
0.200531208499
0.203187250996
0.205843293493
0.205843293493
0.203187250996
0.203187250996
0.207171314741
0.204515272244
0.203187250996
0.203187250996
0.207171314741
0.201859229748
0.211155378486
0.208499335989
0.208499335989
0.213811420983
0.216467463479
0.225763612218
0.213811420983
0.217795484728
0.130146082337
0.216467463479
0.128818061089
