0.062500000000
0.062500000000
0.062500000000
0.062500000000
0.062500000000
0.066326530612
0.076530612245
0.094387755102
0.113520408163
0.119897959184
0.119897959184
0.116071428571
0.117346938776
0.117346938776
0.119897959184
0.121173469388
0.123724489796
0.125000000000
0.128826530612
0.127551020408
0.126275510204
0.132653061224
0.132653061224
0.132653061224
0.127551020408
0.136479591837
0.139030612245
0.140306122449
0.146683673469
0.147959183673
0.155612244898
0.165816326531
0.169642857143
0.173469387755
0.173469387755
0.170918367347
0.176020408163
0.190051020408
0.187500000000
0.181122448980
0.181122448980
0.172193877551
0.187500000000
0.168367346939
0.151785714286
0.079081632653
0.229591836735
0.225765306122
0.100765306122
0.112244897959
0.094387755102
0.103316326531
0.094387755102
0.099489795918
0.095663265306
0.100765306122
0.095663265306
0.105867346939
0.104591836735
0.109693877551
0.108418367347
0.121173469388
0.119897959184
0.126275510204
0.127551020408
0.135204081633
0.140306122449
0.151785714286
0.158163265306
0.153061224490
0.153061224490
0.153061224490
0.156887755102
0.158163265306
0.158163265306
0.156887755102
0.158163265306
0.156887755102
0.158163265306
0.156887755102
0.156887755102
0.160714285714
0.163265306122
0.160714285714
0.160714285714
0.158163265306
0.156887755102
0.160714285714
0.161989795918
0.165816326531
0.170918367347
0.173469387755
0.176020408163
0.182397959184
0.181122448980
0.197704081633
0.181122448980
0.168367346939
0.158163265306
0.109693877551
