0.040792540793
0.040792540793
0.040792540793
0.040792540793
0.043123543124
0.044289044289
0.047785547786
0.059440559441
0.087412587413
0.094405594406
0.104895104895
0.096736596737
0.092074592075
0.090909090909
0.092074592075
0.094405594406
0.101398601399
0.104895104895
0.106060606061
0.107226107226
0.107226107226
0.113053613054
0.117715617716
0.129370629371
0.141025641026
0.143356643357
0.150349650350
0.153846153846
0.167832167832
0.186480186480
0.193473193473
0.214452214452
0.216783216783
0.227272727273
0.227272727273
0.227272727273
0.231934731935
0.219114219114
0.202797202797
0.199300699301
0.191142191142
0.188811188811
0.186480186480
0.179487179487
0.153846153846
0.071095571096
0.182983682984
0.209790209790
0.110722610723
0.132867132867
0.095571095571
0.108391608392
0.093240093240
0.108391608392
0.099067599068
0.107226107226
0.103729603730
0.114219114219
0.110722610723
0.123543123543
0.121212121212
0.125874125874
0.129370629371
0.143356643357
0.144522144522
0.165501165501
0.170163170163
0.178321678322
0.181818181818
0.180652680653
0.188811188811
0.189976689977
0.192307692308
0.196969696970
0.196969696970
0.201631701632
0.202797202797
0.205128205128
0.205128205128
0.206293706294
0.210955710956
0.207459207459
0.209790209790
0.208624708625
0.207459207459
0.212121212121
0.213286713287
0.214452214452
0.212121212121
0.213286713287
0.214452214452
0.210955710956
0.208624708625
0.203962703963
0.208624708625
0.206293706294
0.205128205128
0.151515151515
0.187645687646
0.113053613054
