0.131952017448
0.131952017448
0.131952017448
0.131952017448
0.129770992366
0.138495092694
0.154852780807
0.176663031625
0.205016357688
0.215921483097
0.210468920393
0.205016357688
0.202835332606
0.198473282443
0.191930207197
0.191930207197
0.182115594329
0.182115594329
0.182115594329
0.185387131952
0.189749182116
0.191930207197
0.190839694656
0.189749182116
0.191930207197
0.193020719738
0.196292257361
0.202835332606
0.206106870229
0.211559432933
0.212649945474
0.217011995638
0.227917121047
0.235550708833
0.237731733915
0.244274809160
0.252998909487
0.254089422028
0.243184296619
0.245365321701
0.244274809160
0.255179934569
0.257360959651
0.254089422028
0.197382769902
0.146128680480
0.182115594329
0.242093784079
0.114503816794
0.150490730643
0.107960741549
0.125408942203
0.103598691385
0.119956379498
0.106870229008
0.124318429662
0.121046892039
0.130861504907
0.128680479826
0.142857142857
0.141766630316
0.153762268266
0.159214830971
0.175572519084
0.179934569248
0.190839694656
0.205016357688
0.214830970556
0.220283533261
0.231188658670
0.235550708833
0.236641221374
0.238822246456
0.243184296619
0.241003271538
0.244274809160
0.245365321701
0.245365321701
0.247546346783
0.249727371865
0.251908396947
0.252998909487
0.252998909487
0.255179934569
0.256270447110
0.260632497274
0.260632497274
0.252998909487
0.258451472192
0.259541984733
0.259541984733
0.259541984733
0.259541984733
0.270447110142
0.261723009815
0.269356597601
0.260632497274
0.220283533261
0.232279171210
0.187568157034
