0.097172236504
0.096143958869
0.092030848329
0.092030848329
0.092544987147
0.092544987147
0.092544987147
0.092544987147
0.092544987147
0.092544987147
0.092544987147
0.092544987147
0.092544987147
0.092544987147
0.092544987147
0.092544987147
0.092544987147
0.093573264781
0.095629820051
0.097172236504
0.099742930591
0.104370179949
0.108483290488
0.111568123393
0.116709511568
0.125449871465
0.132647814910
0.139331619537
0.146529562982
0.152699228792
0.160411311054
0.166066838046
0.167095115681
0.169665809769
0.169665809769
0.173778920308
0.173264781491
0.175321336761
0.172750642674
0.172750642674
0.172236503856
0.177377892031
0.179948586118
0.186118251928
0.185604113111
0.193316195373
0.190745501285
0.192802056555
0.197943444730
0.197429305913
0.199485861183
0.205655526992
0.207712082262
0.207197943445
0.210796915167
0.210282776350
0.217480719794
0.186632390746
0.105912596401
0.177892030848
0.212339331620
0.211311053985
0.219023136247
0.219023136247
0.219023136247
0.222107969152
0.223650385604
0.225192802057
0.225706940874
0.226735218509
0.226221079692
0.222107969152
0.227249357326
0.218508997429
0.175835475578
0.102313624679
0.194858611825
0.213881748072
0.215424164524
0.216452442159
0.220051413882
0.222107969152
0.222622107969
0.223136246787
0.224164524422
0.223650385604
0.228791773779
0.225706940874
0.225706940874
0.226735218509
0.227249357326
0.228277634961
0.232904884319
0.231362467866
0.226221079692
0.173778920308
0.144473007712
0.212339331620
0.222622107969
0.225192802057
0.227249357326
0.232390745501
0.231876606684
0.232904884319
0.234961439589
0.238560411311
0.238560411311
0.239074550129
0.240616966581
0.240616966581
0.242673521851
0.245244215938
0.242673521851
0.247814910026
0.245244215938
0.247300771208
0.246272493573
0.240616966581
0.234447300771
0.182519280206
0.137789203085
0.221079691517
0.232904884319
0.238560411311
0.236503856041
0.238046272494
0.241131105398
0.245244215938
0.250899742931
0.249871465296
0.250385604113
0.251413881748
0.252442159383
0.256041131105
0.255012853470
0.256555269923
0.255012853470
0.260154241645
0.255012853470
0.258097686375
0.251928020566
0.230848329049
0.167609254499
0.157840616967
0.219537275064
0.251413881748
0.249357326478
0.255526992288
0.256555269923
0.260668380463
0.261696658098
0.259640102828
0.251413881748
0.244730077121
0.226735218509
0.211825192802
0.231362467866
0.252956298201
0.252442159383
0.236503856041
0.229305912596
0.234961439589
0.258097686375
0.255012853470
0.271465295630
0.262210796915
0.271465295630
0.262724935733
0.267866323907
0.246786632391
0.220565552699
0.220051413882
0.252956298201
0.276092544987
0.277120822622
0.268894601542
0.249357326478
0.239074550129
0.243701799486
0.231362467866
0.255012853470
0.251413881748
0.265809768638
0.257583547558
0.272493573265
0.253984575835
0.279691516710
0.261182519280
0.278149100257
0.256041131105
0.260154241645
0.247300771208
0.259125964010
0.256041131105
0.267866323907
0.268894601542
0.267866323907
0.260154241645
0.263239074550
0.255526992288
0.275064267352
0.265295629820
0.288431876607
0.275064267352
0.275578406170
0.253470437018
0.250899742931
0.257069408740
0.285347043702
0.290488431877
0.303856041131
0.283290488432
0.282776349614
0.248843187661
0.227763496144
0.226735218509
0.275064267352
0.292030848329
0.297686375321
0.301799485861
0.301799485861
0.304370179949
0.304884318766
0.308483290488
0.307969151671
0.306426735219
0.306940874036
0.310025706941
0.308997429306
0.308997429306
0.312082262211
0.312082262211
0.313624678663
0.314652956298
0.282776349614
0.217994858612
0.216966580977
0.273007712082
0.268894601542
0.273007712082
0.310539845758
0.308483290488
0.312596401028
0.296143958869
0.291516709512
0.258097686375
0.285347043702
0.289460154242
0.305398457584
0.301799485861
0.302313624679
0.296658097686
0.292030848329
0.260668380463
0.297686375321
0.310539845758
0.311053984576
0.305398457584
0.300771208226
0.278663239075
0.294601542416
0.298200514139
0.306426735219
0.297172236504
0.306426735219
0.288431876607
0.284832904884
0.271465295630
0.278663239075
0.289460154242
0.297172236504
0.293059125964
0.310539845758
0.299228791774
0.311568123393
0.303341902314
0.316709511568
0.303341902314
0.313624678663
0.284318766067
0.253984575835
0.262724935733
0.311053984576
0.314652956298
0.306940874036
0.308997429306
0.288946015424
0.279691516710
0.303341902314
0.313110539846
0.311568123393
0.305912596401
0.301799485861
0.305398457584
0.323393316195
0.300257069409
0.282262210797
0.286375321337
0.311053984576
0.323907455013
0.327506426735
0.317223650386
0.327506426735
0.307455012853
0.299228791774
0.302827763496
0.325964010283
0.321336760925
0.329562982005
0.317737789203
0.303856041131
0.291002570694
0.268380462725
0.296658097686
0.320822622108
0.332133676093
0.331619537275
0.329562982005
0.321336760925
0.301285347044
0.308483290488
0.313624678663
0.331619537275
0.340359897172
0.339845758355
0.331619537275
0.303341902314
0.269922879177
0.268894601542
0.296143958869
0.330077120823
0.341902313625
0.342930591260
0.333161953728
0.336246786632
0.322365038560
0.320822622108
0.305912596401
0.311053984576
0.325449871465
0.340874035990
0.323393316195
0.338303341902
0.312596401028
0.327506426735
0.325449871465
0.318251928021
0.286889460154
0.281233933162
0.319280205656
0.347557840617
0.355784061697
0.352185089974
0.356298200514
0.351156812339
0.356298200514
0.317223650386
0.267352185090
0.299742930591
0.341902313625
0.342930591260
0.345501285347
0.322879177378
0.318251928021
0.317737789203
0.351156812339
0.349100257069
0.338303341902
0.350642673522
0.340359897172
0.341902313625
0.332133676093
0.341388174807
0.351670951157
0.341902313625
0.356298200514
0.334704370180
0.342930591260
0.303856041131
0.334704370180
0.335732647815
0.366580976864
0.365038560411
0.371208226221
0.335732647815
0.297686375321
0.299228791774
0.372750642674
0.370694087404
0.375835475578
0.363496143959
0.352699228792
0.312082262211
0.319280205656
0.315681233933
0.328020565553
0.365552699229
0.352185089974
0.370694087404
0.356298200514
0.379948586118
0.343958868895
0.360411311054
0.345501285347
0.326478149100
0.357326478149
0.342930591260
0.318251928021
0.308997429306
0.351670951157
0.380462724936
0.377377892031
0.376349614396
0.375835475578
0.340359897172
0.354755784062
0.349100257069
0.343444730077
0.358868894602
0.367609254499
0.367609254499
0.361439588689
0.368637532134
0.350642673522
0.364524421594
0.358354755784
0.384575835476
0.356298200514
0.375321336761
0.343444730077
0.346015424165
0.362467866324
0.375321336761
0.357840616967
0.346529562982
0.319794344473
0.364010282776
0.370179948586
0.384575835476
0.369151670951
0.384061696658
0.350128534704
0.356812339332
0.352185089974
0.349100257069
0.362982005141
0.358354755784
0.370179948586
0.369665809769
0.367095115681
0.346015424165
0.354241645244
0.356298200514
0.366066838046
0.376863753213
0.371208226221
0.382519280206
0.362982005141
0.385604113111
0.358354755784
0.393316195373
0.378406169666
0.408226221080
0.390231362468
0.382519280206
0.341388174807
0.298714652956
0.288431876607
0.351670951157
0.377892030848
0.391773778920
0.383547557841
0.388688946015
0.364010282776
0.368637532134
0.341388174807
0.380976863753
0.400514138817
0.393316195373
0.399485861183
0.375835475578
0.374807197943
0.351156812339
0.378406169666
0.395372750643
0.403598971722
0.382519280206
0.341902313625
0.299228791774
0.365552699229
0.372750642674
0.405655526992
0.383547557841
0.386632390746
0.353213367609
0.379948586118
0.372236503856
0.411825192802
0.395372750643
0.399485861183
0.352699228792
0.356812339332
0.377377892031
0.400000000000
0.407712082262
0.406169665810
0.404113110540
0.383033419023
0.336760925450
0.386632390746
0.389203084833
0.413881748072
0.371722365039
0.371208226221
0.359383033419
0.394344473008
0.407712082262
0.405141388175
0.390231362468
0.367095115681
0.344987146530
0.395886889460
0.405655526992
0.415424164524
0.397943444730
0.381491002571
0.343958868895
0.382005141388
0.416966580977
0.403084832905
0.399485861183
0.365038560411
0.325964010283
0.386632390746
0.419023136247
0.410796915167
0.403598971722
0.386632390746
0.371722365039
0.414395886889
0.424678663239
0.417994858612
0.393830334190
0.353727506427
0.353727506427
0.385604113111
0.395372750643
0.389203084833
0.388688946015
0.387146529563
0.417994858612
0.394858611825
0.418508997429
0.377377892031
0.404113110540
0.379434447301
0.416966580977
0.396401028278
0.408740359897
0.392287917738
0.404627249357
0.388688946015
0.409768637532
0.384061696658
0.368123393316
0.414910025707
0.424164524422
0.435475578406
0.422107969152
0.412339331620
0.364010282776
0.351156812339
0.409254498715
0.417994858612
0.444215938303
0.417994858612
0.414910025707
0.396915167095
0.374293059126
0.416452442159
0.402056555270
0.423136246787
0.400514138817
0.403598971722
0.362982005141
0.411311053985
0.406169665810
0.416966580977
0.404627249357
0.379948586118
0.396915167095
0.402056555270
0.445244215938
0.414910025707
0.423136246787
0.376863753213
0.374293059126
0.415424164524
0.430334190231
0.430334190231
0.409254498715
0.358868894602
0.373778920308
0.410796915167
0.443701799486
0.438560411311
0.450899742931
0.430848329049
0.420051413882
0.374293059126
0.392802056555
0.408226221080
0.442159383033
0.414395886889
0.383033419023
0.405655526992
0.427763496144
0.430334190231
0.445244215938
0.412853470437
0.412339331620
0.382519280206
0.389717223650
0.391259640103
0.416452442159
0.355784061697
0.371208226221
0.410282776350
0.447814910026
0.455012853470
0.446786632391
0.449357326478
0.441131105398
0.426735218509
0.388174807198
0.380462724936
0.396915167095
0.438046272494
0.441645244216
0.437017994859
0.389203084833
0.366580976864
0.437017994859
0.457583547558
0.459125964010
0.459640102828
0.430334190231
0.380462724936
0.278149100257
0.337789203085
0.382519280206
0.443187660668
0.458611825193
0.458097686375
0.463239074550
0.466838046272
0.463753213368
0.463239074550
0.462724935733
0.464781491003
0.465809768638
0.467866323907
0.467866323907
0.461182519280
0.408226221080
0.344473007712
0.357840616967
0.409768637532
0.419537275064
0.445758354756
0.413881748072
0.399485861183
0.406169665810
0.451928020566
0.441131105398
0.455012853470
0.426221079692
0.405655526992
0.380976863753
0.352185089974
0.425706940874
0.463239074550
0.469408740360
0.480719794344
0.464267352185
0.475578406170
0.450899742931
0.448843187661
0.402570694087
0.426221079692
0.419537275064
0.456041131105
0.435989717224
0.434447300771
0.401028277635
0.445244215938
0.447814910026
0.477634961440
0.435989717224
0.411311053985
0.333161953728
0.420051413882
0.467352185090
0.443701799486
0.452442159383
0.406169665810
0.390745501285
0.414910025707
0.464781491003
0.461182519280
0.471979434447
0.461696658098
0.461182519280
0.422107969152
0.414910025707
0.391259640103
0.389717223650
0.405141388175
0.459640102828
0.476092544987
0.473521850900
0.484832904884
0.471979434447
0.473521850900
0.424164524422
0.378406169666
0.393830334190
0.477634961440
0.453470437018
0.469922879177
0.423650385604
0.395372750643
0.406169665810
0.458097686375
0.451928020566
0.471465295630
0.403084832905
0.381491002571
0.368637532134
0.450385604113
0.463239074550
0.473521850900
0.485861182519
0.467352185090
0.470437017995
0.461696658098
0.428791773779
0.462210796915
0.439588688946
0.465295629820
0.461696658098
0.473521850900
0.449357326478
0.468894601542
0.443701799486
0.466323907455
0.437532133676
0.471979434447
0.419537275064
0.383033419023
0.427249357326
0.457583547558
0.479177377892
0.472493573265
0.456041131105
0.411825192802
0.385089974293
0.407712082262
0.484318766067
0.479691516710
0.491002570694
0.461696658098
0.447300771208
0.435989717224
0.438560411311
0.457069408740
0.469922879177
0.463239074550
0.444215938303
0.430334190231
0.425192802057
0.467866323907
0.491516709512
0.474035989717
0.474035989717
0.416966580977
0.380462724936
0.408740359897
0.467352185090
0.469922879177
0.451413881748
0.425706940874
0.451928020566
0.451928020566
0.470437017995
0.483290488432
0.474035989717
0.466838046272
0.458611825193
0.456041131105
0.471979434447
0.473521850900
0.487403598972
0.465809768638
0.459640102828
0.419537275064
0.462724935733
0.467866323907
0.484832904884
0.485861182519
0.475064267352
0.464267352185
0.402570694087
0.435989717224
0.464267352185
0.495629820051
0.502313624679
0.501799485861
0.512082262211
0.465809768638
0.448843187661
0.376863753213
0.334704370180
0.432390745501
0.469922879177
0.488431876607
0.496143958869
0.481233933162
0.475578406170
0.475064267352
0.473007712082
0.482776349614
0.479177377892
0.474035989717
0.444730077121
0.448329048843
0.409768637532
0.496658097686
0.492544987147
0.502313624679
0.481748071979
0.466838046272
0.441131105398
0.413367609254
0.476606683805
0.485347043702
0.485861182519
0.487403598972
0.420565552699
0.487403598972
0.453470437018
0.505912596401
0.475064267352
0.474035989717
0.410282776350
0.400514138817
0.474035989717
0.502313624679
0.502827763496
0.484832904884
0.440102827763
0.361953727506
0.419537275064
0.469408740360
0.480719794344
0.506426735219
0.479691516710
0.494601542416
0.447814910026
0.480205655527
0.462724935733
0.495629820051
0.460154241645
0.470437017995
0.458097686375
0.460668380463
0.465809768638
0.491002570694
0.456555269923
0.439588688946
0.432390745501
0.505912596401
0.501799485861
0.506426735219
0.493573264781
0.469922879177
0.471465295630
0.444215938303
0.503856041131
0.494087403599
0.519794344473
0.473007712082
0.474550128535
0.444215938303
0.488946015424
0.486889460154
0.521850899743
0.491002570694
0.493059125964
0.429305912596
0.316709511568
0.486375321337
0.508483290488
0.525449871465
0.509511568123
0.517223650386
0.461182519280
0.441645244216
0.383033419023
0.457069408740
0.446786632391
0.512596401028
0.524935732648
0.526992287918
0.523393316195
0.526478149100
0.514652956298
0.514138817481
0.460668380463
0.400000000000
0.455012853470
0.479691516710
0.517223650386
0.500257069409
0.512596401028
0.481233933162
0.464267352185
0.465809768638
0.480205655527
0.522365038560
0.515681233933
0.515681233933
0.433933161954
0.410282776350
0.431362467866
0.490488431877
0.511053984576
0.530077120823
0.541902313625
0.528534704370
0.538303341902
0.487917737789
0.473007712082
0.417480719794
0.469408740360
0.506426735219
0.512082262211
0.479691516710
0.429305912596
0.423136246787
0.493059125964
0.510539845758
0.543958868895
0.520308483290
0.531105398458
0.492030848329
0.486375321337
0.438560411311
0.478663239075
0.517223650386
0.504884318766
0.491516709512
0.457583547558
0.425706940874
0.467352185090
0.493573264781
0.497686375321
0.491002570694
0.481233933162
0.481748071979
0.496143958869
0.496143958869
0.504884318766
0.466323907455
0.478663239075
0.474035989717
0.497686375321
0.512596401028
0.515167095116
0.513110539846
0.491516709512
0.497172236504
0.488431876607
0.514652956298
0.522365038560
0.504884318766
0.515167095116
0.459640102828
0.490488431877
0.463753213368
0.489460154242
0.481748071979
0.452442159383
0.477634961440
0.453984575835
0.520308483290
0.520308483290
0.532647814910
0.476606683805
0.471979434447
0.420051413882
0.519794344473
0.507969151671
0.520822622108
0.502827763496
0.476092544987
0.438046272494
0.489460154242
0.486889460154
0.513110539846
0.503341902314
0.494087403599
0.514138817481
0.492030848329
0.533676092545
0.511053984576
0.525449871465
0.474035989717
0.442159383033
0.463753213368
0.506426735219
0.537789203085
0.524935732648
0.515681233933
0.459640102828
0.461696658098
0.451413881748
0.517223650386
0.522365038560
0.531105398458
0.509511568123
0.501285347044
0.451413881748
0.514652956298
0.516709511568
0.537789203085
0.507969151671
0.497172236504
0.467866323907
0.462724935733
0.525449871465
0.531105398458
0.529562982005
0.510025706941
0.498714652956
0.459125964010
0.473521850900
0.521850899743
0.517223650386
0.516195372751
0.476606683805
0.435475578406
0.468894601542
0.517223650386
0.549100257069
0.543444730077
0.553727506427
0.537275064267
0.530591259640
0.463753213368
0.484832904884
0.497172236504
0.510539845758
0.513624678663
0.466838046272
0.450899742931
0.507455012853
0.519280205656
0.532647814910
0.507455012853
0.515167095116
0.468380462725
0.492030848329
0.461696658098
0.497686375321
0.496143958869
0.530077120823
0.516195372751
0.544987146530
0.496143958869
0.535218508997
0.486375321337
0.503341902314
0.496658097686
0.489974293059
0.492030848329
0.528020565553
0.515681233933
0.518766066838
0.522879177378
0.520822622108
0.530077120823
0.521336760925
0.513110539846
0.501285347044
0.485861182519
0.503341902314
0.499228791774
0.530591259640
0.502313624679
0.517223650386
0.469408740360
0.485347043702
0.522879177378
0.517737789203
0.536246786632
0.490488431877
0.503856041131
0.511568123393
0.539331619537
0.533161953728
0.498714652956
0.518766066838
0.460668380463
0.522879177378
0.529562982005
0.504370179949
0.489974293059
0.466838046272
0.510025706941
0.532647814910
0.525964010283
0.552699228792
0.503856041131
0.520308483290
0.456041131105
0.516195372751
0.542930591260
0.548071979434
0.528020565553
0.493573264781
0.480205655527
0.499742930591
0.526992287918
0.532133676093
0.502313624679
0.483290488432
0.494601542416
0.550128534704
0.537275064267
0.529562982005
0.512082262211
0.463239074550
0.503856041131
0.526478149100
0.552185089974
0.543444730077
0.509511568123
0.514138817481
0.483290488432
0.481748071979
0.549614395887
0.508483290488
0.545501285347
0.492030848329
0.518251928021
0.508997429306
0.556298200514
0.524935732648
0.525964010283
0.513624678663
0.475064267352
0.520822622108
0.517737789203
0.532133676093
0.491516709512
0.496658097686
0.485861182519
0.524935732648
0.562982005141
0.544473007712
0.543444730077
0.496143958869
0.452956298201
0.523393316195
0.555784061697
0.577892030848
0.561953727506
0.541902313625
0.476092544987
0.440102827763
0.518251928021
0.562467866324
0.559897172237
0.571208226221
0.507969151671
0.501285347044
0.407712082262
0.507969151671
0.556812339332
0.562982005141
0.566066838046
0.541388174807
0.511568123393
0.480719794344
0.473007712082
0.516195372751
0.560925449871
0.577377892031
0.567095115681
0.576863753213
0.544473007712
0.504370179949
0.482262210797
0.488431876607
0.531619537275
0.548071979434
0.482262210797
0.468894601542
0.546529562982
0.566066838046
0.566066838046
0.551156812339
0.492030848329
0.419023136247
0.516709511568
0.533161953728
0.568123393316
0.557326478149
0.550128534704
0.489974293059
0.497172236504
0.536246786632
0.544473007712
0.550128534704
0.525449871465
0.477634961440
0.486889460154
0.489974293059
0.554755784062
0.567095115681
0.564524421594
0.554241645244
0.520822622108
0.521850899743
0.541388174807
0.546015424165
0.576863753213
0.541902313625
0.556298200514
0.512596401028
0.507455012853
0.554755784062
0.548586118252
0.557840616967
0.503341902314
0.520308483290
0.498200514139
0.574293059126
0.544987146530
0.535218508997
0.480205655527
0.537789203085
0.552185089974
0.580976863753
0.578920308483
0.573264781491
0.548586118252
0.538817480720
0.504370179949
0.530591259640
0.493059125964
0.548586118252
0.544473007712
0.533676092545
0.524421593830
0.542416452442
0.537789203085
0.584061696658
0.551670951157
0.550642673522
0.486889460154
0.512596401028
0.548586118252
0.576863753213
0.578406169666
0.562982005141
0.522365038560
0.519280205656
0.476606683805
0.526992287918
0.571722365039
0.571722365039
0.575835475578
0.496143958869
0.518251928021
0.457069408740
0.555269922879
0.567609254499
0.564524421594
0.535732647815
0.455012853470
0.463753213368
0.501285347044
0.565038560411
0.575835475578
0.586118251928
0.581491002571
0.563496143959
0.528020565553
0.476606683805
0.538817480720
0.583547557841
0.576863753213
0.579434447301
0.506426735219
0.514652956298
0.501799485861
0.590745501285
0.586118251928
0.565552699229
0.520822622108
0.505398457584
0.540874035990
0.586632390746
0.590745501285
0.592802056555
0.557840616967
0.528020565553
0.470437017995
0.521336760925
0.556298200514
0.569151670951
0.553213367609
0.527506426735
0.515167095116
0.534190231362
0.568637532134
0.586632390746
0.582519280206
0.538303341902
0.521850899743
0.530591259640
0.549614395887
0.558868894602
0.558868894602
0.544473007712
0.551156812339
0.566066838046
0.552185089974
0.520308483290
0.498200514139
0.555269922879
0.577377892031
0.588688946015
0.569151670951
0.558868894602
0.467352185090
0.500257069409
0.574293059126
0.580976863753
0.602570694087
0.561953727506
0.547557840617
0.464267352185
0.435989717224
0.563496143959
0.587146529563
0.584061696658
0.579948586118
0.536246786632
0.459640102828
0.491516709512
0.563496143959
0.595372750643
0.596401028278
0.575321336761
0.571208226221
0.504884318766
0.552185089974
0.557326478149
0.577892030848
0.568637532134
0.541388174807
0.507969151671
0.478149100257
0.575321336761
0.579434447301
0.600000000000
0.566066838046
0.568637532134
0.524421593830
0.551670951157
0.585089974293
0.605141388175
0.583033419023
0.603598971722
0.536760925450
0.501285347044
0.462210796915
0.507969151671
0.575835475578
0.598971722365
0.592287917738
0.588174807198
0.540874035990
0.553213367609
0.527506426735
0.577892030848
0.574293059126
0.570179948586
0.520308483290
0.543958868895
0.479691516710
0.552699228792
0.587146529563
0.592802056555
0.568123393316
0.533161953728
0.485347043702
0.527506426735
0.590231362468
0.571208226221
0.588688946015
0.528534704370
0.532647814910
0.540359897172
0.583033419023
0.584061696658
0.573778920308
0.572236503856
0.531619537275
0.537275064267
0.562467866324
0.552185089974
0.589717223650
0.547043701799
0.564010282776
0.530077120823
0.593316195373
0.576349614396
0.604627249357
0.566580976864
0.588688946015
0.511568123393
0.566066838046
0.560411311054
0.571208226221
0.549100257069
0.551156812339
0.524935732648
0.572750642674
0.565552699229
0.580976863753
0.552699228792
0.577892030848
0.562982005141
0.568637532134
0.571722365039
0.539845758355
0.546015424165
0.549614395887
0.587660668380
0.546529562982
0.537789203085
0.544473007712
0.602570694087
0.584061696658
0.572750642674
0.546529562982
0.534704370180
0.566066838046
0.541388174807
0.524935732648
0.580976863753
0.618508997429
0.605141388175
0.601542416452
0.532647814910
0.535218508997
0.562467866324
0.610282776350
0.609768637532
0.606169665810
0.553727506427
0.547043701799
0.437532133676
0.596401028278
0.615938303342
0.616452442159
0.608740359897
0.595886889460
0.554755784062
0.548071979434
0.590745501285
0.620565552699
0.615424164524
0.613881748072
0.579948586118
0.503856041131
0.531105398458
0.521336760925
0.576863753213
0.530591259640
0.601028277635
0.574293059126
0.566066838046
0.517223650386
0.568123393316
0.603598971722
0.612339331620
0.610282776350
0.592802056555
0.559897172237
0.472493573265
0.515167095116
0.507969151671
0.594344473008
0.617994858612
0.604113110540
0.593316195373
0.548071979434
0.535732647815
0.549100257069
0.605655526992
0.611311053985
0.610796915167
0.602570694087
0.554241645244
0.483804627249
0.523907455013
0.601542416452
0.610796915167
0.593830334190
0.573264781491
0.538817480720
0.577377892031
0.581491002571
0.591773778920
0.570694087404
0.565038560411
0.551156812339
0.552699228792
0.567609254499
0.588174807198
0.607712082262
0.592287917738
0.519280205656
0.499228791774
0.530077120823
0.551670951157
0.609768637532
0.606169665810
0.608226221080
0.595372750643
0.520822622108
0.549100257069
0.561953727506
0.603598971722
0.606683804627
0.584061696658
0.587146529563
0.522879177378
0.603598971722
0.606683804627
0.619537275064
0.568123393316
0.539845758355
0.497686375321
0.543958868895
0.589203084833
0.602570694087
0.605141388175
0.587660668380
0.586118251928
0.578920308483
0.609254498715
0.609768637532
0.593316195373
0.587146529563
0.539845758355
0.593316195373
0.603598971722
0.612339331620
0.587660668380
0.583547557841
0.531105398458
0.548586118252
0.520308483290
0.596401028278
0.615424164524
0.607712082262
0.592802056555
0.583033419023
0.522879177378
0.579948586118
0.594344473008
0.624164524422
0.591773778920
0.589717223650
0.543444730077
0.580462724936
0.605655526992
0.610796915167
0.598457583548
0.556812339332
0.570694087404
0.601542416452
0.592802056555
0.604627249357
0.562982005141
0.574807197943
0.549100257069
0.586118251928
0.566066838046
0.571208226221
0.598971722365
0.589203084833
0.591773778920
0.584061696658
0.598457583548
0.571208226221
0.602570694087
0.561439588689
0.606683804627
0.581491002571
0.606169665810
0.573778920308
0.567609254499
0.506426735219
0.581491002571
0.600514138817
0.615424164524
0.605141388175
0.586118251928
0.576863753213
0.561953727506
0.588174807198
0.591773778920
0.605141388175
0.562467866324
0.567609254499
0.573264781491
0.616452442159
0.620051413882
0.627763496144
0.621593830334
0.610796915167
0.596915167095
0.501285347044
0.569151670951
0.611311053985
0.614910025707
0.619537275064
0.602056555270
0.574807197943
0.571208226221
0.639074550129
0.634447300771
0.611825192802
0.558868894602
0.533676092545
0.617994858612
0.625192802057
0.620051413882
0.526992287918
0.491516709512
0.581491002571
0.614910025707
0.619023136247
0.605655526992
0.597943444730
0.552699228792
0.584061696658
0.589203084833
0.630334190231
0.606169665810
0.608226221080
0.582519280206
0.624164524422
0.628791773779
0.625192802057
0.608226221080
0.590231362468
0.550128534704
0.577377892031
0.564010282776
0.624164524422
0.566580976864
0.562982005141
0.545501285347
0.605655526992
0.618508997429
0.614910025707
0.600514138817
0.564010282776
0.549614395887
0.617480719794
0.625192802057
0.637532133676
0.608226221080
0.600514138817
0.521850899743
0.591773778920
0.626221079692
0.630848329049
0.607197943445
0.585604113111
0.519280205656
0.595372750643
0.635989717224
0.642159383033
0.622622107969
0.604113110540
0.536760925450
0.569151670951
0.570179948586
0.610282776350
0.624164524422
0.620051413882
0.579434447301
0.567609254499
0.538303341902
0.585604113111
0.627249357326
0.655526992288
0.627763496144
0.641131105398
0.603598971722
0.576349614396
0.568123393316
0.553727506427
0.611825192802
0.596401028278
0.630848329049
0.584061696658
0.613367609254
0.541902313625
0.572236503856
0.557840616967
0.634961439589
0.650899742931
0.637017994859
0.610282776350
0.562982005141
0.554755784062
0.612339331620
0.649871465296
0.646786632391
0.612339331620
0.604113110540
0.560411311054
0.612853470437
0.645244215938
0.593316195373
0.606683804627
0.526478149100
0.598971722365
0.607197943445
0.593316195373
0.599485861183
0.622622107969
0.637017994859
0.631362467866
0.627249357326
0.592802056555
0.540359897172
0.563496143959
0.583547557841
0.622622107969
0.655526992288
0.643701799486
0.640616966581
0.576863753213
0.517223650386
0.537275064267
0.631876606684
0.642673521851
0.639074550129
0.628791773779
0.607712082262
0.609254498715
0.592802056555
0.630334190231
0.623650385604
0.612853470437
0.552185089974
0.591773778920
0.620051413882
0.641645244216
0.579948586118
0.587660668380
0.567095115681
0.636503856041
0.625192802057
0.596401028278
0.555784061697
0.558868894602
0.613367609254
0.649357326478
0.647814910026
0.638560411311
0.600514138817
0.572236503856
0.581491002571
0.639588688946
0.635475578406
0.625192802057
0.578920308483
0.592802056555
0.614910025707
0.628791773779
0.630848329049
0.591259640103
0.594344473008
0.557326478149
0.605655526992
0.636503856041
0.641645244216
0.615424164524
0.614395886889
0.592802056555
0.618508997429
0.620051413882
0.628791773779
0.592802056555
0.642159383033
0.634447300771
0.643187660668
0.585604113111
0.586632390746
0.533161953728
0.614910025707
0.635989717224
0.633419023136
0.644215938303
0.612853470437
0.590745501285
0.553213367609
0.575321336761
0.648843187661
0.634961439589
0.641131105398
0.558868894602
0.590231362468
0.583547557841
0.608740359897
0.621593830334
0.595886889460
0.604627249357
0.613367609254
0.621593830334
0.648329048843
0.624678663239
0.632904884319
0.568637532134
0.607712082262
0.592802056555
0.640102827763
0.625192802057
0.635989717224
0.620565552699
0.622107969152
0.616452442159
0.602570694087
0.606683804627
0.600000000000
0.660154241645
0.634961439589
0.644730077121
0.587146529563
0.606169665810
0.616966580977
0.604627249357
0.639588688946
0.593830334190
0.629820051414
0.594858611825
0.639588688946
0.635989717224
0.617480719794
0.594858611825
0.618508997429
0.648329048843
0.661182519280
0.632904884319
0.527506426735
0.532133676093
0.584575835476
0.664781491003
0.662724935733
0.659640102828
0.644730077121
0.609254498715
0.582005141388
0.583547557841
0.631876606684
0.663239074550
0.677120822622
0.632390745501
0.623650385604
0.514652956298
0.536246786632
0.635475578406
0.630334190231
0.656555269923
0.633419023136
0.639074550129
0.598457583548
0.628277634961
0.606169665810
0.618508997429
0.626735218509
0.637017994859
0.648843187661
0.644215938303
0.629305912596
0.610796915167
0.625192802057
0.646272493573
0.652442159383
0.655012853470
0.601542416452
0.553213367609
0.541388174807
0.639074550129
0.652956298201
0.607197943445
0.647814910026
0.619537275064
0.664781491003
0.656555269923
0.654498714653
0.600000000000
0.614910025707
0.594858611825
0.642159383033
0.594344473008
0.627763496144
0.617994858612
0.642673521851
0.612339331620
0.629305912596
0.620565552699
0.661182519280
0.655526992288
0.660154241645
0.640616966581
0.632904884319
0.611825192802
0.616452442159
0.611825192802
0.615938303342
0.589717223650
0.641131105398
0.595886889460
0.617994858612
0.619023136247
0.653470437018
0.651413881748
0.649357326478
0.614395886889
0.616966580977
0.567095115681
0.634447300771
0.646272493573
0.662724935733
0.631876606684
0.631876606684
0.608226221080
0.602570694087
0.641645244216
0.577892030848
0.618508997429
0.601542416452
0.638560411311
0.637017994859
0.566580976864
0.603598971722
0.638046272494
0.672493573265
0.672493573265
0.656041131105
0.644730077121
0.621593830334
0.646272493573
0.668894601542
0.675064267352
0.666323907455
0.653984575835
0.602570694087
0.623136246787
0.614395886889
0.640616966581
0.596401028278
0.611311053985
0.600000000000
0.638560411311
0.652442159383
0.638046272494
0.570179948586
0.621593830334
0.645244215938
0.673007712082
0.618508997429
0.574807197943
0.564524421594
0.668894601542
0.678663239075
0.678149100257
