0.068836045056
0.065081351690
0.062161034627
0.062161034627
0.061743846475
0.061743846475
0.061743846475
0.061743846475
0.061743846475
0.061743846475
0.061743846475
0.061743846475
0.061743846475
0.061743846475
0.061743846475
0.061743846475
0.062161034627
0.064664163538
0.067167292449
0.070504797664
0.080100125156
0.094284522320
0.103045473509
0.118481435127
0.127659574468
0.140175219024
0.149770546516
0.158948685857
0.170629954109
0.181894034209
0.193158114310
0.201501877347
0.209428452232
0.217355027117
0.223195661243
0.231122236128
0.230287859825
0.231539424280
0.234876929495
0.237797246558
0.238214434710
0.240717563621
0.243220692532
0.243220692532
0.242803504380
0.246141009595
0.243220692532
0.236545682103
0.233625365040
0.233625365040
0.234459741343
0.233208176888
0.230705047977
0.233208176888
0.231539424280
0.234459741343
0.223195661243
0.217772215269
0.059657905715
0.229453483521
0.274509803922
0.261576971214
0.250312891114
0.241969128077
0.238631622862
0.237797246558
0.234459741343
0.237380058406
0.241969128077
0.242803504380
0.240717563621
0.241969128077
0.249061326658
0.209428452232
0.200667501043
0.056320400501
0.234042553191
0.268669169796
0.273258239466
0.266583229036
0.258239465999
0.250312891114
0.249061326658
0.248644138506
0.251147267418
0.250312891114
0.253233208177
0.251981643721
0.256570713392
0.256153525240
0.257405089695
0.257405089695
0.259073842303
0.241134751773
0.252398831873
0.170629954109
0.175636211932
0.226533166458
0.259073842303
0.266583229036
0.258656654151
0.259073842303
0.257405089695
0.255736337088
0.256153525240
0.259073842303
0.260325406758
0.261576971214
0.262411347518
0.259908218607
0.261159783062
0.261994159366
0.261994159366
0.261994159366
0.263245723821
0.260325406758
0.263245723821
0.253650396329
0.260742594910
0.173133083020
0.162703379224
0.232790988736
0.267000417188
0.277012932833
0.272006675010
0.268669169796
0.268669169796
0.267000417188
0.264080100125
0.266166040884
0.269086357947
0.270337922403
0.270755110555
0.268251981644
0.273675427618
0.272423863162
0.275761368377
0.276595744681
0.274509803922
0.266166040884
0.277847309136
0.236545682103
0.190654985398
0.131414267835
0.287442636629
0.297037964122
0.278681685440
0.279098873592
0.269086357947
0.280350438048
0.269503546099
0.281602002503
0.249478514810
0.278264497288
0.228201919065
0.242803504380
0.206925323321
0.261576971214
0.289111389237
0.241551939925
0.263662911973
0.244889445140
0.287025448477
0.267834793492
0.294534835211
0.274926992073
0.294117647059
0.272841051314
0.296620775970
0.251147267418
0.241969128077
0.216937838965
0.290780141844
0.285356695870
0.288277012933
0.297037964122
0.241551939925
0.268669169796
0.238214434710
0.251564455569
0.252816020025
0.269503546099
0.293283270755
0.260742594910
0.284522319566
0.269920734251
0.290362953692
0.279098873592
0.288277012933
0.285773884022
0.261994159366
0.275344180225
0.249061326658
0.289945765540
0.270337922403
0.289945765540
0.273675427618
0.285356695870
0.268251981644
0.278681685440
0.275761368377
0.283687943262
0.303712974552
0.278681685440
0.288694201085
0.244472256988
0.294117647059
0.233208176888
0.304964539007
0.287442636629
0.311639549437
0.284105131414
0.294952023363
0.264497288277
0.210262828536
0.273675427618
0.303295786400
0.306633291615
0.307884856070
0.307467667918
0.312891113892
0.312056737589
0.315394242804
0.316228619107
0.315394242804
0.317897371715
0.317062995411
0.319983312474
0.316228619107
0.320400500626
0.315811430955
0.319566124322
0.311639549437
0.329578639967
0.272841051314
0.299123904881
0.197747183980
0.279098873592
0.317062995411
0.273258239466
0.302878598248
0.313725490196
0.322903629537
0.312891113892
0.295786399666
0.282436378807
0.277847309136
0.307884856070
0.315394242804
0.312056737589
0.309553608678
0.322486441385
0.282436378807
0.295786399666
0.293283270755
0.327075511055
0.312056737589
0.327909887359
0.299123904881
0.318314559866
0.287025448477
0.314559866500
0.313308302044
0.308719232374
0.319148936170
0.297872340426
0.306633291615
0.274509803922
0.300375469337
0.287442636629
0.334584897789
0.289111389237
0.345431789737
0.296203587818
0.352941176471
0.303295786400
0.355861493534
0.311222361285
0.350855235711
0.289528577388
0.286191072174
0.260325406758
0.350020859408
0.342511472674
0.324989570296
0.330413016270
0.305798915311
0.315394242804
0.316645807259
0.313308302044
0.341259908219
0.315811430955
0.319983312474
0.326658322904
0.308302044222
0.336670838548
0.281184814351
0.324155193992
0.321234876929
0.340008343763
0.347100542345
0.346683354193
0.345431789737
0.327492699207
0.312891113892
0.336253650396
0.335419274093
0.349186483104
0.347100542345
0.342928660826
0.322069253233
0.332081768878
0.278264497288
0.309970796829
0.330830204422
0.335836462244
0.342094284522
0.350855235711
0.336253650396
0.335002085941
0.322903629537
0.333333333333
0.342094284522
0.351272423863
0.351689612015
0.363788068419
0.317480183563
0.314977054652
0.281602002503
0.305798915311
0.336670838548
0.343763037130
0.361702127660
0.360867751356
0.369211514393
0.347934918648
0.339173967459
0.340008343763
0.327075511055
0.351689612015
0.372966207760
0.340842720067
0.361702127660
0.306633291615
0.356695869837
0.314977054652
0.365456821026
0.290362953692
0.311222361285
0.339173967459
0.355444305382
0.375469336671
0.370880267000
0.376720901126
0.374634960367
0.375052148519
0.354609929078
0.296203587818
0.287442636629
0.357947434293
0.333750521485
0.374634960367
0.318731748018
0.362953692115
0.325823946600
0.370463078849
0.358781810597
0.363788068419
0.350855235711
0.375469336671
0.352106800167
0.375052148519
0.356695869837
0.375886524823
0.360450563204
0.388402169378
0.339173967459
0.372966207760
0.304964539007
0.366708385482
0.340008343763
0.392574050897
0.387984981227
0.392991239049
0.365456821026
0.316228619107
0.306216103463
0.381727158949
0.364622444723
0.389653733834
0.371297455152
0.385899040467
0.329578639967
0.338756779307
0.336670838548
0.336253650396
0.388819357530
0.382561535252
0.395077179808
0.379224030038
0.387984981227
0.375886524823
0.349603671256
0.381727158949
0.319148936170
0.406341259908
0.320400500626
0.392574050897
0.281602002503
0.388819357530
0.376720901126
0.368794326241
0.407175636212
0.326241134752
0.402169378390
0.255319148936
0.400917813934
0.385064664164
0.366291197330
0.415102211097
0.360033375052
0.411347517730
0.336670838548
0.397997496871
0.350020859408
0.388819357530
0.394659991656
0.369211514393
0.387150604923
0.325406758448
0.387150604923
0.350020859408
0.419691280768
0.334167709637
0.399666249479
0.315811430955
0.377555277430
0.401752190238
0.366708385482
0.408010012516
0.349603671256
0.403420942845
0.356278681685
0.356695869837
0.394659991656
0.329578639967
0.402169378390
0.345014601585
0.401335002086
0.361702127660
0.374634960367
0.376303712975
0.335419274093
0.403838130997
0.364622444723
0.410930329579
0.386316228619
0.393825615353
0.372549019608
0.382561535252
0.386733416771
0.390488110138
0.413016270338
0.381309970797
0.428035043805
0.291614518148
0.399249061327
0.214017521902
0.315394242804
0.447225698790
0.390488110138
0.418856904464
0.370880267000
0.405506883605
0.331247392574
0.392574050897
0.404255319149
0.407175636212
0.415936587401
0.391739674593
0.405506883605
0.335419274093
0.376720901126
0.358364622445
0.413433458490
0.408844388819
0.403003754693
0.380475594493
0.300375469337
0.389653733834
0.380475594493
0.409678765123
0.403838130997
0.404672507301
0.371714643304
0.382561535252
0.398414685023
0.407592824364
0.424280350438
0.375886524823
0.390488110138
0.332081768878
0.413016270338
0.425114726742
0.418022528160
0.436378806842
0.395077179808
0.433041301627
0.297037964122
0.411764705882
0.423445974134
0.413433458490
0.398414685023
0.362536503963
0.360033375052
0.392574050897
0.399249061327
0.418439716312
0.385064664164
0.416770963705
0.293283270755
0.433458489779
0.421777221527
0.432624113475
0.410095953275
0.413433458490
0.347517730496
0.370880267000
0.436378806842
0.403838130997
0.412599082186
0.357530246141
0.357947434293
0.405924071756
0.395494367960
0.449728827701
0.343763037130
0.445139758031
0.298706716729
0.453066332916
0.426366291197
0.430538172716
0.425114726742
0.325823946600
0.392156862745
0.352106800167
0.411764705882
0.405089695453
0.367125573634
0.418856904464
0.401752190238
0.432624113475
0.395077179808
0.411347517730
0.358781810597
0.413433458490
0.388402169378
0.412599082186
0.396328744264
0.399249061327
0.404255319149
0.415936587401
0.395494367960
0.416353775553
0.358364622445
0.407592824364
0.441385064664
0.434292866083
0.424697538590
0.418856904464
0.350438047559
0.379641218189
0.378806841886
0.412599082186
0.432206925323
0.410095953275
0.441385064664
0.354192740926
0.435544430538
0.352941176471
0.451814768461
0.425949103045
0.428035043805
0.413433458490
0.369628702545
0.425949103045
0.378389653734
0.455152273675
0.350438047559
0.434710054234
0.343345848978
0.438881935753
0.448894451398
0.410513141427
0.420108468919
0.367959949937
0.387150604923
0.419691280768
0.425114726742
0.447642886942
0.379641218189
0.389236545682
0.382978723404
0.414685022945
0.445974134335
0.428452231957
0.447642886942
0.419691280768
0.437213183146
0.364205256571
0.409678765123
0.426366291197
0.393825615353
0.460992907801
0.282436378807
0.463913224864
0.398831873175
0.458489778890
0.403003754693
0.440133500209
0.380058406341
0.412181894034
0.407592824364
0.399666249479
0.427200667501
0.343345848978
0.377555277430
0.418022528160
0.443471005423
0.471839799750
0.440550688360
0.466416353776
0.419274092616
0.475594493116
0.321234876929
0.437630371297
0.396745932416
0.428452231957
0.460992907801
0.380892782645
0.442219440968
0.304964539007
0.456403838131
0.455152273675
0.456821026283
0.463913224864
0.423445974134
0.417605340008
0.251981643721
0.307467667918
0.436795994994
0.450146015853
0.454735085524
0.450146015853
0.456821026283
0.462661660409
0.462661660409
0.461827284105
0.465581977472
0.460158531498
0.468919482687
0.459324155194
0.471422611598
0.432624113475
0.458489778890
0.268669169796
0.407175636212
0.410095953275
0.438464747601
0.440967876512
0.418022528160
0.398414685023
0.389653733834
0.443471005423
0.460158531498
0.445556946183
0.445974134335
0.359198998748
0.397997496871
0.370880267000
0.417605340008
0.453900709220
0.446808510638
0.473508552357
0.439716312057
0.480600750939
0.420942845223
0.492699207343
0.326241134752
0.478097622028
0.394242803504
0.464330413016
0.418856904464
0.419691280768
0.400917813934
0.420525657071
0.462661660409
0.452231956612
0.438464747601
0.418439716312
0.296203587818
0.410095953275
0.462661660409
0.453900709220
0.445556946183
0.432206925323
0.394242803504
0.439716312057
0.435544430538
0.477680433876
0.443053817272
0.489778890280
0.403003754693
0.481852315394
0.332498957030
0.418856904464
0.439716312057
0.368377138089
0.468919482687
0.487275761368
0.474342928661
0.483938256154
0.463913224864
0.467667918231
0.416353775553
0.385481852315
0.390070921986
0.436795994994
0.469336670839
0.439299123905
0.453483521068
0.370045890697
0.437213183146
0.433875677931
0.454317897372
0.476846057572
0.367125573634
0.420108468919
0.325406758448
0.441385064664
0.488110137672
0.452231956612
0.493533583646
0.440550688360
0.503128911139
0.407175636212
0.492699207343
0.392574050897
0.458906967042
0.453066332916
0.460575719650
0.462244472257
0.430538172716
0.463496036713
0.416770963705
0.475177304965
0.418856904464
0.462661660409
0.418022528160
0.338339591156
0.426366291197
0.444722569879
0.484355444305
0.452649144764
0.462661660409
0.396328744264
0.411764705882
0.410930329579
0.455152273675
0.472674176053
0.467667918231
0.475594493116
0.417188151856
0.460992907801
0.382978723404
0.474342928661
0.433458489779
0.488944513976
0.396745932416
0.464330413016
0.400083437630
0.467250730079
0.478097622028
0.462244472257
0.473925740509
0.410930329579
0.410095953275
0.435127242386
0.433458489779
0.497288277013
0.412181894034
0.471422611598
0.426783479349
0.459741343346
0.473508552357
0.468502294535
0.479766374635
0.420942845223
0.478931998331
0.381727158949
0.487692949520
0.444305381727
0.503963287443
0.425114726742
0.494785148102
0.361702127660
0.509803921569
0.438464747601
0.507300792657
0.463496036713
0.486024196913
0.457238214435
0.389653733834
0.433875677931
0.417188151856
0.495202336254
0.493950771798
0.495619524406
0.492699207343
0.469336670839
0.427200667501
0.357530246141
0.345848977889
0.437630371297
0.469753858990
0.481435127242
0.481017939091
0.478097622028
0.464330413016
0.483521068002
0.442219440968
0.487275761368
0.428452231957
0.494367959950
0.375052148519
0.485607008761
0.406758448060
0.476011681268
0.485189820609
0.473508552357
0.501042970380
0.413850646642
0.496036712557
0.327492699207
0.518564872758
0.465581977472
0.507300792657
0.455986649979
0.454317897372
0.455152273675
0.451814768461
0.501042970380
0.459324155194
0.486024196913
0.370045890697
0.445556946183
0.453900709220
0.490196078431
0.481435127242
0.481435127242
0.436795994994
0.325406758448
0.400083437630
0.465164789320
0.488527325824
0.465581977472
0.498957029620
0.426366291197
0.489361702128
0.406758448060
0.486024196913
0.477263245724
0.473508552357
0.460992907801
0.457655402587
0.470588235294
0.441802252816
0.492282019191
0.413433458490
0.443471005423
0.413850646642
0.483938256154
0.511889862328
0.476846057572
0.508135168961
0.430538172716
0.489361702128
0.418856904464
0.496453900709
0.496036712557
0.501460158531
0.461410095953
0.453483521068
0.438464747601
0.443888193575
0.492282019191
0.478931998331
0.507300792657
0.439299123905
0.474760116813
0.274092615770
0.478514810179
0.503963287443
0.495619524406
0.515644555695
0.486858573217
0.468919482687
0.444305381727
0.385481852315
0.476846057572
0.368794326241
0.512724238632
0.506883604506
0.520650813517
0.506049228202
0.524822695035
0.492282019191
0.521902377972
0.414685022945
0.460992907801
0.396745932416
0.468502294535
0.517313308302
0.481852315394
0.518147684606
0.440133500209
0.502294534835
0.410513141427
0.473925740509
0.503546099291
0.494785148102
0.494367959950
0.409261576971
0.408427200668
0.386316228619
0.464747601168
0.513558614935
0.508135168961
0.518982060909
0.507717980809
0.522736754276
0.475177304965
0.480600750939
0.384647476012
0.448477263246
0.511889862328
0.459324155194
0.499791405924
0.383813099708
0.461410095953
0.463496036713
0.508552357113
0.514392991239
0.508969545265
0.513975803087
0.472256987902
0.480600750939
0.408427200668
0.484772632457
0.500208594076
0.511889862328
0.447642886942
0.473925740509
0.369628702545
0.464330413016
0.524405506884
0.460158531498
0.530663329161
0.414685022945
0.535669586984
0.428452231957
0.521902377972
0.459324155194
0.485607008761
0.455152273675
0.478931998331
0.498539841469
0.503963287443
0.507717980809
0.497288277013
0.493533583646
0.475177304965
0.515227367543
0.483521068002
0.523988318732
0.481017939091
0.500208594076
0.453900709220
0.441802252816
0.485189820609
0.425531914894
0.513141426783
0.406341259908
0.488944513976
0.460158531498
0.498122653317
0.498957029620
0.506466416354
0.465164789320
0.478097622028
0.397163120567
0.527743012098
0.474760116813
0.545682102628
0.435127242386
0.537755527743
0.335419274093
0.541093032958
0.484355444305
0.537755527743
0.487692949520
0.498957029620
0.485189820609
0.486858573217
0.509386733417
0.496453900709
0.497705465165
0.466416353776
0.422611597831
0.471422611598
0.469336670839
0.539841468502
0.498957029620
0.528994576554
0.424280350438
0.483103879850
0.439299123905
0.508135168961
0.523988318732
0.505214851898
0.518564872758
0.447225698790
0.498122653317
0.459741343346
0.540258656654
0.501042970380
0.536921151439
0.429703796412
0.505632040050
0.408427200668
0.516478931998
0.521902377972
0.516896120150
0.503963287443
0.490613266583
0.473091364205
0.447225698790
0.518147684606
0.486441385065
0.509386733417
0.421777221527
0.452649144764
0.457238214435
0.493116395494
0.539424280350
0.517313308302
0.545264914476
0.493533583646
0.543178973717
0.399249061327
0.524405506884
0.426366291197
0.536503963287
0.461410095953
0.495202336254
0.398414685023
0.520650813517
0.517313308302
0.519816437213
0.498957029620
0.496036712557
0.439716312057
0.514810179391
0.422194409679
0.517730496454
0.457655402587
0.519399249061
0.498122653317
0.507717980809
0.492282019191
0.483521068002
0.480600750939
0.466833541927
0.496036712557
0.453900709220
0.495202336254
0.508552357113
0.491447642887
0.523153942428
0.478931998331
0.544430538173
0.474760116813
0.558614935336
0.443471005423
0.560283687943
0.421777221527
0.563204005006
0.476428869420
0.555277430121
0.489361702128
0.519399249061
0.452649144764
0.480600750939
0.506049228202
0.497288277013
0.523153942428
0.488944513976
0.490613266583
0.522736754276
0.486858573217
0.549019607843
0.448894451398
0.534418022528
0.417605340008
0.540675844806
0.473091364205
0.524405506884
0.426366291197
0.482269503546
0.502711722987
0.501042970380
0.526074259491
0.513975803087
0.526491447643
0.459324155194
0.486441385065
0.497705465165
0.542344597413
0.527743012098
0.494785148102
0.492699207343
0.433041301627
0.506049228202
0.513141426783
0.526908635795
0.505632040050
0.477263245724
0.527325823947
0.481852315394
0.559866499791
0.462661660409
0.559449311640
0.360450563204
0.541510221110
0.517313308302
0.533166458073
0.518564872758
0.511889862328
0.477263245724
0.484355444305
0.482686691698
0.528577388402
0.510638297872
0.521902377972
0.480183562787
0.506466416354
0.474342928661
0.537755527743
0.509386733417
0.533166458073
0.483938256154
0.514810179391
0.480600750939
0.542344597413
0.490613266583
0.524822695035
0.459741343346
0.525239883187
0.536921151439
0.543178973717
0.545264914476
0.498539841469
0.525239883187
0.344597413433
0.537755527743
0.569879015436
0.551105548602
0.544013350021
0.525239883187
0.469753858990
0.452231956612
0.492699207343
0.561952440551
0.534418022528
0.562786816854
0.491447642887
0.518564872758
0.367959949937
0.538589904047
0.542761785565
0.543596161869
0.562369628703
0.510221109720
0.521902377972
0.432206925323
0.477263245724
0.499374217772
0.556111806425
0.546099290780
0.566124322069
0.528994576554
0.567375886525
0.433458489779
0.528160200250
0.410930329579
0.533583646224
0.534835210680
0.461410095953
0.470171047142
0.533166458073
0.551105548602
0.550271172299
0.513558614935
0.531497705465
0.354192740926
0.537338339591
0.561118064247
0.544013350021
0.574050896955
0.496453900709
0.538589904047
0.422194409679
0.569461827284
0.537755527743
0.539841468502
0.523153942428
0.443053817272
0.478514810179
0.480183562787
0.552357113058
0.527325823947
0.554443053817
0.517730496454
0.513975803087
0.506883604506
0.519399249061
0.548185231539
0.545264914476
0.549436795995
0.508552357113
0.531497705465
0.435127242386
0.564455569462
0.515644555695
0.551522736754
0.468919482687
0.530663329161
0.481017939091
0.572799332499
0.501460158531
0.561118064247
0.419691280768
0.535669586984
0.554025865665
0.552774301210
0.573633708803
0.541093032958
0.557363370880
0.506883604506
0.551522736754
0.468502294535
0.534835210680
0.499791405924
0.544430538173
0.496036712557
0.528577388402
0.499791405924
0.548602419691
0.554443053817
0.550271172299
0.543596161869
0.477263245724
0.516478931998
0.533166458073
0.564038381310
0.557363370880
0.549436795995
0.509386733417
0.485607008761
0.518564872758
0.451397580309
0.586983729662
0.543596161869
0.576554025866
0.454735085524
0.544847726325
0.430955360868
0.575719649562
0.546933667084
0.556111806425
0.506466416354
0.477263245724
0.417188151856
0.489361702128
0.567375886525
0.571964956195
0.568210262829
0.571964956195
0.521902377972
0.545264914476
0.405924071756
0.559449311640
0.546516478932
0.589486858573
0.535669586984
0.559449311640
0.440967876512
0.541510221110
0.569044639132
0.551105548602
0.569879015436
0.456403838131
0.526074259491
0.501460158531
0.576554025866
0.581143095536
0.573216520651
0.554860241969
0.516061743846
0.481017939091
0.506883604506
0.533583646224
0.551939924906
0.566958698373
0.476011681268
0.569044639132
0.453900709220
0.604505632040
0.542761785565
0.601168126825
0.485607008761
0.579057154777
0.457238214435
0.576554025866
0.519816437213
0.550688360451
0.521485189821
0.541510221110
0.536503963287
0.542344597413
0.476011681268
0.507717980809
0.529411764706
0.588235294118
0.574468085106
0.575302461410
0.523153942428
0.498122653317
0.472674176053
0.576554025866
0.586983729662
0.584063412599
0.574050896955
0.510638297872
0.496453900709
0.448894451398
0.559032123488
0.565707133917
0.581560283688
0.544430538173
0.559032123488
0.391739674593
0.490196078431
0.577805590321
0.546099290780
0.592824363788
0.536921151439
0.572799332499
0.488110137672
0.541093032958
0.555694618273
0.531080517313
0.580725907384
0.472256987902
0.572382144347
0.413850646642
0.592407175636
0.577805590321
0.580725907384
0.574885273258
0.547350855236
0.549019607843
0.513975803087
0.593658740092
0.583229036295
0.597830621610
0.571964956195
0.566541510221
0.457238214435
0.529828952858
0.438464747601
0.581143095536
0.559866499791
0.596996245307
0.547768043388
0.568210262829
0.518564872758
0.560700876095
0.579057154777
0.562369628703
0.565707133917
0.473508552357
0.538589904047
0.437630371297
0.577805590321
0.551939924906
0.599082186066
0.522319566124
0.566541510221
0.413433458490
0.527325823947
0.578222778473
0.565707133917
0.565289945766
0.542761785565
0.509386733417
0.557780559032
0.541927409262
0.596161869003
0.523988318732
0.594910304547
0.478514810179
0.541927409262
0.556528994577
0.516896120150
0.591989987484
0.494785148102
0.590321234877
0.479766374635
0.602836879433
0.551939924906
0.599082186066
0.553191489362
0.569461827284
0.524822695035
0.524822695035
0.564038381310
0.536086775136
0.582394659992
0.512724238632
0.559866499791
0.561535252399
0.554860241969
0.574885273258
0.518982060909
0.576554025866
0.531080517313
0.593658740092
0.531914893617
0.587400917814
0.500208594076
0.589486858573
0.544847726325
0.562786816854
0.505214851898
0.564038381310
0.570296203588
0.559866499791
0.559866499791
0.520233625365
0.522736754276
0.550688360451
0.498957029620
0.525239883187
0.567793074677
0.571964956195
0.614935335836
0.559032123488
0.579474342929
0.465999165624
0.594910304547
0.615352523988
0.602419691281
0.610346266166
0.535252398832
0.555277430121
0.404672507301
0.593658740092
0.598247809762
0.607843137255
0.593241551940
0.576136837714
0.552357113058
0.528994576554
0.589069670421
0.592824363788
0.609094701710
0.567793074677
0.600333750521
0.420108468919
0.586149353358
0.524405506884
0.559866499791
0.536921151439
0.574468085106
0.564872757614
0.530246141010
0.530246141010
0.532749269921
0.594910304547
0.591155611181
0.597413433458
0.581977471840
0.546099290780
0.496871088861
0.479349186483
0.510221109720
0.583646224447
0.595327492699
0.594075928244
0.581977471840
0.563204005006
0.495619524406
0.571130579892
0.607425949103
0.611597830622
0.612015018773
0.589486858573
0.578222778473
0.434710054234
0.567375886525
0.577805590321
0.606591572799
0.561535252399
0.590738423029
0.504380475594
0.605340008344
0.528160200250
0.615352523988
0.500208594076
0.598664997914
0.465581977472
0.600333750521
0.517313308302
0.609094701710
0.576136837714
0.588235294118
0.495619524406
0.486858573217
0.511472674176
0.589904046725
0.591989987484
0.599082186066
0.599082186066
0.565707133917
0.570713391740
0.492699207343
0.607843137255
0.566124322069
0.615352523988
0.549436795995
0.602836879433
0.493950771798
0.588235294118
0.581143095536
0.606174384647
0.566124322069
0.508135168961
0.501042970380
0.504797663746
0.596996245307
0.588652482270
0.589486858573
0.554025865665
0.593658740092
0.531497705465
0.619107217355
0.566124322069
0.605757196496
0.539424280350
0.573216520651
0.582394659992
0.599916562370
0.594493116395
0.556528994577
0.592407175636
0.478514810179
0.587400917814
0.444305381727
0.615769712140
0.585732165207
0.621610346266
0.564038381310
0.597830621610
0.516896120150
0.565289945766
0.601168126825
0.591155611181
0.617438464748
0.543178973717
0.581977471840
0.531497705465
0.611597830622
0.587400917814
0.570713391740
0.558614935336
0.553608677514
0.599499374218
0.593658740092
0.578222778473
0.577805590321
0.556111806425
0.591572799332
0.532749269921
0.594075928244
0.528160200250
0.625365039633
0.548602419691
0.626616604088
0.536503963287
0.621193158114
0.531497705465
0.594910304547
0.557363370880
0.593241551940
0.586983729662
0.588652482270
0.561118064247
0.550688360451
0.469753858990
0.593658740092
0.581977471840
0.612432206925
0.579891531081
0.596161869003
0.544847726325
0.591989987484
0.549019607843
0.629954109303
0.550688360451
0.621193158114
0.481435127242
0.630371297455
0.559866499791
0.646641635378
0.587400917814
0.652482269504
0.561535252399
0.629954109303
0.457655402587
0.614518147685
0.602419691281
0.618690029203
0.601168126825
0.591155611181
0.561952440551
0.560283687943
0.595744680851
0.614935335836
0.581560283688
0.566958698373
0.528577388402
0.623696287025
0.619107217355
0.591572799332
0.560700876095
0.452649144764
0.590738423029
0.617438464748
0.592824363788
0.600750938673
0.546099290780
0.578222778473
0.511889862328
0.613266583229
0.577388402169
0.614935335836
0.566124322069
0.602419691281
0.572799332499
0.625365039633
0.602002503129
0.607425949103
0.583646224447
0.551939924906
0.567375886525
0.581977471840
0.574050896955
0.598664997914
0.535669586984
0.586149353358
0.572382144347
0.614518147685
0.602836879433
0.576136837714
0.591572799332
0.485607008761
0.640801001252
0.593658740092
0.640383813100
0.553191489362
0.629954109303
0.467250730079
0.629119733000
0.617021276596
0.628702544848
0.577805590321
0.589486858573
0.481017939091
0.606591572799
0.620775969962
0.618690029203
0.618272841051
0.569044639132
0.572382144347
0.498539841469
0.594075928244
0.572382144347
0.633708802670
0.575302461410
0.629536921151
0.512724238632
0.598247809762
0.562786816854
0.630788485607
0.632040050063
0.617438464748
0.634125990822
0.571547768043
0.602419691281
0.528160200250
0.606174384647
0.582811848144
0.614935335836
0.611597830622
0.604505632040
0.591989987484
0.539841468502
0.574885273258
0.500625782228
0.639966624948
0.614935335836
0.640383813100
0.579474342929
0.599499374218
0.533583646224
0.626199415937
0.621610346266
0.648310387985
0.598247809762
0.620775969962
0.529828952858
0.644972882770
0.602419691281
0.625365039633
0.565289945766
0.560283687943
0.586983729662
0.576554025866
0.615769712140
0.567375886525
0.622861910722
0.607843137255
0.641635377555
0.580308719232
0.631205673759
0.473925740509
0.615352523988
0.536921151439
0.617021276596
0.615769712140
0.630788485607
0.611597830622
0.576136837714
0.516478931998
0.561535252399
0.582394659992
0.652482269504
0.605340008344
0.650396328744
0.556528994577
0.630371297455
0.555694618273
0.629536921151
0.627450980392
0.567375886525
0.596161869003
0.535669586984
0.653733833959
0.618690029203
0.609929078014
0.569879015436
0.574468085106
0.615352523988
0.583229036295
0.623279098874
0.491447642887
0.604505632040
0.602836879433
0.626199415937
0.639549436796
0.607008760951
0.596161869003
0.554025865665
0.547768043388
0.654985398415
0.589904046725
0.658740091781
0.528160200250
0.654985398415
0.561535252399
0.664580725907
0.583229036295
0.639549436796
0.555694618273
0.598664997914
0.604922820192
0.606174384647
0.652065081352
0.571547768043
0.634543178974
0.574050896955
0.609511889862
0.618272841051
0.598247809762
0.607008760951
0.613683771381
0.625782227785
0.627450980392
0.579057154777
0.576971214018
0.528160200250
0.603671255736
0.633708802670
0.621610346266
0.629536921151
0.611180642470
0.569879015436
0.555694618273
0.519399249061
0.646224447226
0.639966624948
0.611180642470
0.606591572799
0.523571130580
0.633708802670
0.546933667084
0.659574468085
0.537755527743
0.656654151022
0.534835210680
0.664997914059
0.594493116395
0.664163537756
0.581143095536
0.612432206925
0.585314977055
0.607008760951
0.622861910722
0.615769712140
0.625365039633
0.589904046725
0.592407175636
0.604922820192
0.581143095536
0.597413433458
0.597413433458
0.653316645807
0.633708802670
0.625365039633
0.618272841051
0.568210262829
0.644972882770
0.576554025866
0.647893199833
0.576136837714
0.623696287025
0.576136837714
0.627450980392
0.604088443888
0.607008760951
0.579057154777
0.587818105966
0.637046307885
0.639132248644
0.613266583229
0.559866499791
0.468085106383
0.616186900292
0.654568210263
0.652899457655
0.647058823529
0.646224447226
0.586983729662
0.600750938673
0.549436795995
0.626616604088
0.654985398415
0.645807259074
0.659991656237
0.568210262829
0.617438464748
0.436795994994
0.643304130163
0.630788485607
0.658740091781
0.618272841051
0.656236962870
0.574468085106
0.652899457655
0.561535252399
0.629536921151
0.590738423029
0.621610346266
0.634960367126
0.618690029203
0.640383813100
0.587400917814
0.651230705048
0.613683771381
0.672924488945
0.603254067584
0.649561952441
0.478097622028
0.595327492699
0.612849395077
0.637046307885
0.593241551940
0.623696287025
0.593658740092
0.660826032541
0.626199415937
0.660408844389
0.549019607843
0.625782227785
0.569044639132
0.620775969962
0.609929078014
0.575302461410
0.666249478515
0.590738423029
0.650396328744
0.579474342929
0.645807259074
0.633708802670
0.654151022111
0.639549436796
0.643304130163
0.611180642470
0.596161869003
0.574050896955
0.596579057155
0.594075928244
0.623279098874
0.604505632040
0.620775969962
0.605340008344
0.621610346266
0.642469753859
0.631622861911
0.657488527326
0.591155611181
0.621610346266
0.538589904047
0.639549436796
0.637463496037
0.650396328744
0.632874426366
0.614100959533
0.596996245307
0.611180642470
0.604505632040
0.600333750521
0.599916562370
0.570713391740
0.645807259074
0.569879015436
0.652899457655
0.524822695035
0.684188569045
0.634960367126
0.677513558615
0.619941593659
0.661660408844
0.578639966625
0.655819774718
0.622861910722
0.684605757196
0.632457238214
0.660826032541
0.585732165207
0.640801001252
0.590321234877
0.662077596996
0.564872757614
0.628702544848
0.579057154777
0.624947851481
0.657488527326
0.605757196496
0.604088443888
0.566958698373
0.657905715478
0.647893199833
0.629954109303
0.530246141010
0.585732165207
0.647058823529
0.661660408844
0.655819774718
