4.139310359955
4.135620117188
4.130441665649
4.124000549316
4.116436004639
4.107877731323
4.098447799683
4.088147163391
4.077069759369
4.065307617188
4.052987575531
4.040038108826
4.026459217072
4.012316703796
3.997530937195
3.982021808624
3.965579032898
3.948144674301
3.929616451263
3.909576416016
3.887989997864
3.864226579666
3.836896896362
3.805257320404
3.770813465118
3.735993385315
3.701829910278
3.673006057739
3.654454708099
3.739109992981
5.154399871826
3.769174337387
3.761547565460
3.753511190414
3.745311260223
3.737010478973
3.728413581848
3.719397783279
3.709888935089
3.699530363083
3.688029289246
3.675237894058
3.661315917969
3.646799564362
3.631144523621
3.614013671875
3.596235275269
3.578316688538
3.559973716736
3.541444540024
3.523249864578
3.505913019180
3.487898349762
3.472963571548
3.454255104065
3.501871585846
3.475597620010
3.562428951263
3.555750846863
3.545565366745
3.530684947968
3.509934902191
3.487522125244
3.465968132019
3.444661140442
3.424634933472
3.461822509766
3.506914615631
3.447132349014
3.421947479248
3.393299818039
3.366416454315
3.343466281891
3.326529502869
3.315020561218
3.306435108185
3.297207355499
3.288549423218
3.276939392090
3.286480903625
3.330575942993
3.392857074738
3.312964200974
3.300739049911
3.277332305908
3.245757102966
3.215384960175
3.195464134216
3.178505420685
3.163222789764
3.150923490524
3.139311075211
3.127283334732
3.116632699966
3.107545852661
3.097958564758
3.087633371353
3.076757192612
3.065697669983
3.054681301117
3.043745040894
3.032728195190
3.021495580673
3.009868383408
2.998136520386
2.986805915833
2.975273370743
2.963074684143
2.950588703156
2.937745571136
2.923177480698
2.911605358124
2.891746282578
3.392500400543
4.932312965393
3.136547803879
3.136415004730
3.138286590576
3.141553878784
3.145643711090
3.150065660477
3.154459714890
3.158539533615
3.162136793137
3.165094614029
3.167306423187
3.168682813644
3.169079065323
3.168282032013
3.166018009186
3.162344455719
3.157475948334
3.151669025421
3.145397186279
3.138699769974
3.130982637405
3.121948242188
3.112687110901
3.103998184204
3.095447063446
3.086688756943
3.077549934387
3.067822456360
3.057228088379
3.045777797699
3.033691406250
3.020961523056
3.007163286209
2.992099761963
2.975515365601
2.957549571991
2.938302993774
2.918565750122
2.898980855942
2.880156993866
2.862569570541
2.846775531769
2.834104776382
2.824120044708
2.816473960876
2.815596103668
2.863875865936
2.945890903473
2.836289882660
2.850766181946
2.831383705139
2.823950767517
2.814068794250
2.802552938461
2.791039943695
2.779353141785
2.767680644989
2.755396842957
2.742627859116
2.731170654297
2.721574068069
2.712295770645
2.704368352890
2.695553302765
2.686931133270
2.678293228149
2.669002056122
2.659365415573
2.649678945541
2.640357971191
2.632475137711
2.623119354248
2.615009307861
2.606340408325
2.597109794617
2.587449312210
2.578383445740
2.568549156189
2.559038877487
2.551312446594
2.541338920593
2.533866643906
2.522336721420
2.584970235825
3.459160089493
2.842248439789
2.812005043030
2.798827171326
2.785017967224
2.773401737213
2.762468576431
2.753396987915
2.746357917786
2.740172147751
2.736144542694
2.730322122574
2.726337432861
2.716743469238
2.720915079117
2.716959953308
2.961987495422
2.831043720245
2.819072246552
2.809212923050
2.807807207108
2.810752630234
2.792716503143
2.780281066895
2.769727230072
2.759675025940
2.750180244446
2.740526676178
2.729722976685
2.720699548721
2.713525533676
2.708022832870
2.700715541840
2.695562839508
2.683345794678
2.692968368530
2.724080562592
2.690875530243
2.689309358597
2.665143966675
2.652737140656
2.644308090210
2.629765748978
2.639165401459
2.680398225784
2.599521398544
2.600003719330
2.586612701416
2.629053592682
2.680541515350
2.610685348511
2.604637622833
2.548949480057
2.537182807922
2.518941879272
2.513603210449
2.505409717560
2.508544921875
2.497551918030
2.514366865158
2.522463083267
2.495341777802
2.488337278366
2.466353654861
2.444667577744
2.442627668381
2.432563304901
2.434807300568
2.429967164993
2.446019649506
2.452066183090
2.447701215744
2.415493011475
2.399692058563
2.385382413864
2.374164819717
2.370999813080
2.366186380386
2.362244844437
2.357383489609
2.352057933807
2.346349477768
2.341086626053
2.335986137390
2.333681344986
2.329086065292
2.327130317688
2.318958520889
2.326730728149
2.327537775040
2.593605756760
2.358398914337
2.353773832321
2.350747108459
2.337307929993
2.327541351318
2.325380802155
2.332747936249
2.346628665924
2.346488714218
2.339027166367
2.314297676086
2.320171594620
2.319918870926
2.798517465591
2.694790363312
2.545267581940
2.552413940430
2.558116674423
2.560619354248
2.560309648514
2.557996511459
2.554347038269
2.549858093262
2.544819116592
2.539442777634
2.533820629120
2.527929544449
2.521228790283
2.512494564056
2.501665115356
2.490492105484
2.480333566666
2.471039295197
2.462873935699
2.455740928650
2.449334859848
2.444172859192
2.442352771759
2.440957546234
2.435883283615
2.427885055542
2.418893337250
2.409400463104
2.399757862091
2.389493465424
2.379635810852
2.367302417755
2.356868982315
2.343382835388
2.341721057892
2.430001020432
3.922731161118
2.514143705368
2.515902996063
2.516566514969
2.517494440079
2.518738269806
2.520137310028
2.521555423737
2.522897481918
2.524111032486
2.525162696838
2.526027202606
2.526689767838
2.527162551880
2.527450561523
2.527580022812
2.527557611465
2.527389049530
2.527082681656
2.526652574539
2.526094913483
2.525425434113
2.524658203125
2.523803472519
2.522872447968
2.521869182587
2.520799636841
2.519673109055
2.518493890762
2.517269611359
2.515980958939
2.514654397964
2.513290405273
2.511887788773
2.510447978973
2.508973836899
2.507466077805
2.505928754807
2.504361391068
2.502770900726
2.501158475876
2.499520063400
2.497854471207
2.496160030365
2.494435310364
2.492679834366
2.490891695023
2.489069938660
2.487210988998
2.485306024551
2.483354806900
2.481348514557
2.479283332825
2.477146863937
2.474926948547
2.472596645355
2.470150470734
2.467543601990
2.464744091034
2.461689710617
2.458319425583
2.454487562180
2.450038909912
2.444746255875
2.438261508942
2.430270195007
2.420505523682
2.409381389618
2.399226903915
2.393702030182
2.393284082413
2.389801740646
2.382865428925
2.376988172531
2.371091127396
2.364244699478
2.355643749237
2.345315933228
2.333616733551
2.320580005646
2.306985378265
2.293298006058
2.279466867447
2.267149448395
2.257428169250
2.249856472015
2.262415170670
2.458978176117
4.124769210815
2.445410013199
2.447771549225
2.452285289764
2.459207296371
2.466929435730
2.474808692932
2.482506036758
2.489807128906
2.496630430222
2.502946853638
2.508723020554
2.513968467712
2.518766164780
2.523013830185
2.526763677597
2.529902219772
2.532490015030
2.534518718719
2.536061286926
2.537144184113
2.537752628326
2.537914276123
2.537592411041
2.536724567413
2.535184383392
2.532861471176
2.529690742493
2.525372028351
2.519575595856
2.511631250381
2.500075817108
2.492150783539
2.488862514496
2.485689878464
2.481138229370
2.476213455200
2.472085714340
2.468200683594
2.464424371719
2.460937976837
2.457483053207
2.454125404358
2.450494289398
2.446671485901
2.442713499069
2.438776493073
2.434844732285
2.430796861649
2.426698446274
2.422451257706
2.417767047882
2.413028001785
2.408320426941
2.403622865677
2.398770809174
2.393668413162
2.388607263565
2.383415222168
2.377770662308
2.371655225754
2.364900112152
2.358200073242
2.351717233658
2.343877792358
2.337785005569
2.329016923904
2.342359781265
2.424546480179
2.747854948044
2.559336900711
2.554244995117
2.547660350800
2.541633129120
2.536763668060
2.532630920410
2.529080152512
2.525847911835
2.522619247437
2.519111871719
2.515025377274
2.510787010193
2.507193326950
2.504783391953
2.503296136856
2.500944137573
2.497787714005
2.494255065918
2.489927530289
2.484940767288
2.479805469513
2.474736690521
2.469504594803
2.464534759521
2.460064649582
2.455910921097
2.452000379562
2.448401451111
2.444728136063
2.440761089325
2.436172246933
2.431139230728
2.425748109818
2.419981718063
2.414366483688
2.409000873566
2.404438972473
2.400450229645
2.397154092789
2.393939971924
2.391189813614
2.388323068619
2.385347604752
2.381790876389
2.378360033035
2.374711751938
2.371217727661
2.367258787155
2.363789796829
2.359776258469
2.356328487396
2.352293252945
2.348975896835
2.345472574234
2.341745615005
2.337570190430
2.332893610001
2.327529668808
2.322082281113
2.316578626633
2.311556100845
2.305566310883
2.300235509872
2.296398162842
2.292745113373
2.291032791138
2.286524295807
2.294468641281
2.327094793320
3.125808954239
2.507992029190
2.504100799561
2.500525712967
2.496764421463
2.493524074554
2.491249322891
2.489629268646
2.488255262375
2.486874341965
2.485487222672
2.484154939651
2.482899427414
2.481731176376
2.480663061142
2.479673147202
2.478769540787
2.477956295013
2.477236747742
2.476590394974
2.476002216339
2.475448846817
2.474923372269
2.474411487579
2.473889112473
2.473354339600
2.472810983658
2.472250699997
2.471662759781
2.471042394638
2.470389127731
2.469678163528
2.468921899796
2.468120574951
2.467280864716
2.466402292252
2.465486526489
2.464534521103
2.463546991348
2.462525606155
2.461473703384
2.460397243500
2.459300994873
2.458186149597
2.457060098648
2.455926895142
2.454786539078
2.453639507294
2.452488899231
2.451332092285
2.450170040131
2.449002981186
2.447829484940
2.446651220322
2.445467233658
2.444278717041
2.443087100983
2.441892147064
2.440692663193
2.439493656158
2.438275575638
2.437054157257
2.435827970505
2.434600114822
2.433369398117
2.432138919830
2.430909633636
2.429681539536
2.428456306458
2.427234411240
2.426016330719
2.424803256989
2.423594951630
2.422392606735
2.421195983887
2.420006036758
2.418821811676
2.417645931244
2.416481256485
2.415325641632
2.414181709290
2.413047075272
2.411922216415
2.410805225372
2.409695625305
2.408595800400
2.407503366470
2.406416416168
2.405333280563
2.404252529144
2.403172492981
2.402091264725
2.401004076004
2.399905443192
2.398785352707
2.397644042969
2.396488189697
2.395304203033
2.394083023071
2.392811298370
2.391476154327
2.390054702759
2.388512611389
2.386826276779
2.384982109070
2.382927656174
2.380578041077
2.377840280533
2.374643564224
2.370858192444
2.366383314133
2.361062526703
2.354762792587
2.347729682922
2.340128660202
2.332178831100
2.324325799942
2.316531181335
2.309077262878
2.301463127136
2.294253587723
2.287302732468
2.282506465912
2.276800394058
2.273497343063
2.269659757614
2.268602609634
2.267998695374
2.268105506897
2.268499612808
2.268864154816
2.268547058105
2.267540693283
2.265763282776
2.263155221939
2.260096311569
2.256635904312
2.253466129303
2.250472307205
2.247910976410
2.245834112167
2.244499683380
2.243389844894
2.242575168610
2.241690635681
2.240718841553
2.239443778992
2.237971782684
2.236194849014
2.234311342239
2.232274770737
2.230221748352
2.228042602539
2.225955486298
2.223827600479
2.221868753433
2.220105171204
2.218553543091
2.217002153397
2.215488433838
2.214071989059
2.212646245956
2.211135387421
2.209690093994
2.208211898804
2.206791877747
2.205418348312
2.204069137573
2.202764511108
2.201387643814
2.200103282928
2.198810577393
2.197598695755
2.196410894394
2.195225000381
2.194025516510
2.192878007889
2.191790580750
2.190770149231
2.189793586731
2.188853025436
2.187939882278
2.187046289444
2.186158180237
2.185236692429
2.184391260147
2.183540821075
2.182657241821
2.181765556335
2.180858850479
2.179948091507
2.179033756256
2.178121089935
2.177221298218
2.176375389099
2.175436258316
2.174551010132
2.173687934875
2.172850131989
2.172015905380
2.171194076538
2.170379638672
2.169569015503
2.168771743774
2.167978525162
2.167193889618
2.166281938553
2.165389299393
2.164482593536
2.163582801819
2.162677049637
2.161813259125
2.160962581635
2.160117149353
2.159267187119
2.158419132233
2.157564401627
2.156698226929
2.155825376511
2.154941320419
2.154044628143
2.153107643127
2.152166128159
2.151305198669
2.150288105011
2.149231433868
2.148056745529
2.147124052048
2.146343708038
2.145525693893
2.144680976868
2.143795967102
2.142898797989
2.142009973526
2.141070604324
2.140061616898
2.139138936996
2.137991666794
2.136801719666
2.135518550873
2.134188652039
2.132837295532
2.131456613541
2.130016803741
2.128623008728
2.127233505249
2.125487327576
2.123846292496
2.122405290604
2.120986938477
2.119477748871
2.117779493332
2.115971088409
2.114058732986
2.112521886826
2.111438035965
2.106999874115
2.116218328476
2.172846794128
3.138598918915
2.301310062408
2.286932229996
2.269079208374
2.250131130219
2.232515335083
2.224217176437
2.221065044403
2.221718072891
2.222470760345
2.223340988159
2.224061250687
2.223942995071
2.222487211227
2.220078706741
2.217003345490
2.213958978653
2.211003780365
2.208287954330
2.205518960953
2.202965497971
2.200742244720
2.198783159256
2.197031021118
2.195355653763
2.193786382675
2.192411899567
2.191117525101
2.189695835114
2.188287496567
2.186893224716
2.185433149338
2.183952808380
2.182347059250
2.180749893188
2.179080486298
2.177457094193
2.175925731659
2.174362659454
2.172842025757
2.171270608902
2.169673204422
2.167975187302
2.166245222092
2.164420843124
2.162562370300
2.160634040833
2.158623695374
2.157000541687
2.154977321625
2.154413938522
2.152005195618
2.150540351868
2.149081468582
2.148174285889
2.146256446838
2.149301290512
2.152097940445
2.348679780960
2.263802528381
2.432241916656
2.522607803345
2.528428077698
2.527493715286
2.525512218475
2.522604703903
2.518887281418
2.514498710632
2.509565353394
2.504216194153
2.498565196991
2.492726564407
2.486788511276
2.480841159821
2.474947452545
2.469166517258
2.463546514511
2.458116769791
2.452915668488
2.447952270508
2.443238496780
2.438781738281
2.434585332870
2.430647134781
2.426961421967
2.423534154892
2.420332431793
2.417355775833
2.414595365524
2.412035703659
2.409659862518
2.407454013824
2.405406951904
2.403495550156
2.401716709137
2.400059938431
2.398513793945
2.397052526474
2.395679950714
2.394383668900
2.393160820007
2.391999721527
2.390899658203
2.389851093292
2.388848304749
2.387886762619
2.386962413788
2.386070013046
2.385206699371
2.384367465973
2.383550405502
2.382750511169
2.381962299347
2.381186008453
2.380416631699
2.379650592804
2.378882408142
2.378108739853
2.377326726913
2.376529693604
2.375717878342
2.374904632568
2.374146223068
2.373445987701
2.372847795486
2.372286081314
2.371732950211
2.371180772781
2.370623588562
2.370054483414
2.369482517242
2.368905067444
2.368344306946
2.367794275284
2.367258548737
2.366738080978
2.366225004196
2.365715265274
2.365207910538
2.364701747894
2.364197015762
2.363692522049
2.363190889359
2.362689971924
2.362194061279
2.361707925797
2.361227035522
2.360750436783
2.360274553299
2.359800815582
2.359328985214
2.358859062195
2.358390092850
2.357922077179
2.357456445694
2.356991291046
2.356527090073
2.356064081192
2.355601549149
2.355136871338
2.354670524597
2.354203224182
2.353734731674
2.353265285492
2.352794647217
2.352322578430
2.351848602295
2.351374149323
2.350898027420
2.350420475006
2.349941730499
2.349459409714
2.348974466324
2.348486423492
2.347995042801
2.347498178482
2.346996784210
2.346487760544
2.345971584320
2.345440387726
2.344888687134
2.344318628311
2.343738317490
2.343142271042
2.342523336411
2.341870784760
2.341179370880
2.340447664261
2.339653253555
2.338782310486
2.337814569473
2.336723566055
2.335470199585
2.334042072296
2.332398414612
2.330565929413
2.328745365143
2.327515840530
2.327795028687
2.329700708389
2.331360816956
2.328243732452
2.325863838196
2.322623252869
2.318921089172
2.314713954926
2.310296297073
2.305918216705
2.301727056503
2.297855615616
2.294578552246
2.291953563690
2.289811849594
2.288073062897
2.286496162415
2.285020112991
2.283548116684
2.281964540482
2.280141592026
2.278065204620
2.275858163834
2.273535251617
2.271130084991
2.268698692322
2.266285181046
2.263967275620
2.261744499207
2.259619951248
2.257542371750
2.255524396896
2.253450393677
2.251313209534
2.249108791351
2.246842145920
2.244506120682
2.242052793503
2.239579200745
2.237011194229
2.234369516373
2.231746673584
2.229219913483
2.226842641830
2.224705219269
2.222877264023
2.221164464951
2.219693422318
2.218315362930
2.216867208481
2.215352058411
2.213852882385
2.212266445160
2.210706233978
2.209020137787
2.207306146622
2.205588102341
2.203923225403
2.202493667603
2.201115369797
2.199886322021
2.198755741119
2.197801351547
2.196933031082
2.196135044098
2.195437431335
2.194839477539
2.194301128387
2.193803548813
2.193341016769
2.192936182022
2.192540407181
2.192167758942
2.191811084747
2.191485881805
2.191179513931
2.190832853317
2.190414428711
2.189936876297
2.189425230026
2.188881874084
2.188300848007
2.187693834305
2.187070608139
2.186452865601
2.185786724091
2.185112476349
2.184434175491
2.183732032776
2.183013916016
2.182275533676
2.181523084641
2.180710792542
2.179887533188
2.179051876068
2.178199052811
2.177370071411
2.176544189453
2.175753355026
2.174937009811
2.174039602280
2.173202991486
2.172428607941
2.171569824219
2.170760154724
2.169933795929
2.169146060944
2.168179512024
2.167330026627
2.166517257690
2.165652751923
2.164756298065
2.163841485977
2.162887096405
2.161923408508
2.160940885544
2.159957408905
2.158933639526
2.158009052277
2.156963109970
2.155986309052
2.154907464981
2.153929233551
2.152792453766
2.151803255081
2.150619506836
2.149681568146
2.148416996002
2.147475242615
2.146183490753
2.145285129547
2.143920660019
2.143044471741
2.141838312149
2.140656709671
2.139420270920
2.138234376907
2.136972665787
2.135869264603
2.134442567825
2.133462667465
2.132459640503
2.130824327469
2.129241704941
2.127805948257
2.126340150833
2.125296831131
2.124635457993
2.123428583145
2.122678995132
2.121877193451
2.121361017227
2.120209455490
2.116217136383
2.115346193314
2.114098787308
2.112826824188
2.109912395477
2.108753204346
2.107283353806
2.102006196976
2.104439735413
2.095695734024
2.341162204742
2.556111335754
2.544210433960
2.528223276138
2.509132146835
2.488220453262
2.466675043106
2.445258378983
2.424379348755
2.403869390488
2.382949829102
2.360033035278
2.337981939316
2.339099884033
2.337774753571
2.336136341095
2.334724187851
2.333592176437
2.332792758942
2.332192659378
2.331780433655
2.331482410431
2.331293582916
2.331197738647
2.331190109253
2.331240892410
2.331349611282
2.331515073776
2.331735849380
2.331999063492
2.332315683365
2.332695722580
2.333151340485
2.333684206009
2.334311008453
2.335034608841
2.335854768753
2.336776018143
2.337740659714
2.338690996170
2.339598894119
2.340417385101
2.341105937958
2.341627120972
2.341984987259
2.342139720917
2.342106580734
2.341896295547
2.341557264328
2.341116666794
2.340606451035
2.340061426163
2.339483261108
2.338885307312
2.338315486908
2.337777853012
2.337267398834
2.336807727814
2.336387872696
2.336005926132
2.335680246353
2.335411548615
2.335183858871
2.335009336472
2.334856987000
2.334707498550
2.334529399872
2.334290504456
2.333955049515
2.333484411240
2.332836389542
2.332004070282
2.330905675888
2.329512357712
2.327806234360
2.325715780258
2.323216915131
2.320281267166
2.316986560822
2.313394546509
2.309713125229
2.306329727173
2.303483247757
2.300604820251
2.297644615173
2.294652938843
2.291776180267
2.289141893387
2.286627531052
2.284214258194
2.281713485718
2.279066801071
2.276228904724
2.273207426071
2.270030498505
2.266707658768
2.263289451599
2.259794235229
2.256192922592
2.252460241318
2.248627662659
2.244743585587
2.240805625916
2.236896038055
2.233185768127
2.229491710663
2.226335048676
2.223792552948
2.221789121628
2.220126390457
2.218586921692
2.217018127441
2.215284109116
2.213436603546
2.211529970169
2.209678411484
2.207942485809
2.206354141235
2.204896450043
2.203601360321
2.202480316162
2.201514482498
2.200741052628
2.200112819672
2.199603319168
2.199184417725
2.198812723160
2.198473215103
2.198122978210
2.197741508484
2.197309732437
2.196814298630
2.196265935898
2.195649385452
2.194946765900
2.194189071655
2.193521738052
2.192783355713
2.191972732544
2.191089391708
2.190132856369
2.189112424850
2.188055038452
2.186990737915
2.185935258865
2.184904813766
2.183892011642
2.182890892029
2.181895971298
2.180910348892
2.179925203323
2.178931713104
2.177917242050
2.176879405975
2.175821542740
2.174745321274
2.173632144928
2.172427177429
2.171087265015
2.169726371765
2.168401479721
2.167074203491
2.165716171265
2.164307117462
2.162850141525
2.161339759827
2.159781217575
2.158178091049
2.156541824341
2.154889822006
2.153220415115
2.151530504227
2.149916887283
2.148043394089
2.146381616592
2.144338607788
2.142852544785
2.140562295914
2.139635324478
2.136992931366
2.135836839676
2.133090257645
2.136057615280
2.125787973404
2.167474508286
2.235064506531
2.355679512024
2.324372053146
2.225957870483
2.229892492294
2.218816280365
2.212802648544
2.209560155869
2.207507371902
2.205831766129
2.204095840454
2.202296257019
2.200449228287
2.198800086975
2.197558879852
2.196610689163
2.195358991623
2.192842483521
2.188990592957
2.184130430222
2.179800271988
2.175854206085
2.173428535461
2.172591447830
2.172418832779
2.173051357269
2.173388004303
2.173459529877
2.172554731369
2.170607566833
2.169049024582
2.167798519135
2.166832208633
2.166090250015
2.165514469147
2.165155649185
2.164899826050
2.164718151093
2.164578199387
2.164471387863
2.164334058762
2.164141893387
2.163852453232
2.163425922394
2.162900447845
2.162268877029
2.161548852921
2.160736799240
2.159853219986
2.159024715424
2.158090114594
2.156912565231
2.155759811401
2.154574632645
2.153388738632
2.152209997177
2.151031494141
2.149860620499
2.148692369461
2.147530317307
2.146371126175
2.145207881927
2.144043445587
2.142878532410
2.141704797745
2.140506982803
2.139255762100
2.137949705124
2.136590957642
2.135184288025
2.133717060089
2.132191181183
2.130620241165
2.128993034363
2.127334356308
2.125631570816
2.123871564865
2.122061014175
2.120209455490
2.118308782578
2.116407632828
2.114469528198
2.112515211105
2.110524892807
2.108468532562
2.106354475021
2.104222536087
2.102042675018
2.099801540375
2.097535610199
2.095257520676
2.092898368835
2.090431451797
2.088024377823
2.085513830185
2.083063125610
2.080579519272
2.078192234039
2.075751304626
2.073305845261
2.070867300034
2.068479061127
2.066161155701
2.063943147659
2.061820268631
2.059795856476
2.057825803757
2.055900335312
2.054083585739
2.052341938019
2.050704479218
2.049206733704
2.047814846039
2.046487092972
2.045250177383
2.044117212296
2.043088674545
2.041995048523
2.040884494781
2.040072679520
2.039135932922
2.038333892822
2.037375688553
2.036600589752
2.035626888275
2.034901380539
2.033967733383
2.033306121826
2.032492876053
2.031977653503
2.031236886978
2.030884981155
2.030107498169
2.030013561249
2.029036998749
2.029253959656
2.028029680252
2.028342962265
2.027085304260
2.027427911758
2.026406526566
2.026859998703
2.025788545609
2.026344299316
2.025397062302
2.025214910507
2.024765014648
2.025002241135
2.023732900620
2.025395154953
2.019493341446
2.053155183792
2.184477090836
2.385903120041
2.455912351608
2.451059341431
2.443563461304
2.424944400787
2.394733190536
2.363024234772
2.330735921860
2.299998044968
2.272861719131
2.249505996704
2.229276895523
2.212644338608
2.200369596481
2.192511081696
2.186104536057
2.181809902191
2.178823232651
2.177840232849
2.178721189499
2.180393457413
2.181721210480
2.180836200714
2.178182125092
2.174275159836
2.170197963715
2.166073322296
2.162810564041
2.161156177521
2.160611867905
2.161115884781
2.161985158920
2.163161277771
2.163915157318
2.164275884628
2.163986206055
2.163108348846
2.161888837814
2.160562992096
2.159241437912
2.158029794693
2.156872987747
2.155984163284
2.155076503754
2.154449462891
2.153748750687
2.153166055679
2.152493953705
2.151844263077
2.151085615158
2.150370836258
2.149595499039
2.148908376694
2.148242473602
2.147527933121
2.146786689758
2.146044492722
2.145285129547
2.144516229630
2.143755435944
2.142934322357
2.142100095749
2.141221523285
2.140364408493
2.139466047287
2.138558626175
2.137607097626
2.136686325073
2.135726690292
2.134760379791
2.133718013763
2.132706642151
2.131666898727
2.130609035492
2.129517316818
2.128471136093
2.127429962158
2.126378297806
2.125375032425
2.124336957932
2.123316526413
2.122244119644
2.121194601059
2.120096921921
2.118982076645
2.117896318436
2.116718053818
2.115750312805
2.114597797394
2.113681316376
2.112472057343
2.111524105072
2.110237598419
2.109270811081
2.107896327972
2.106876611710
2.105387449265
2.104157447815
2.102662801743
2.101338148117
2.099953651428
2.098502159119
2.097110033035
2.095559597015
2.094106912613
2.092607498169
2.091221809387
2.089725017548
2.088377952576
2.086933135986
2.085717201233
2.084292411804
2.083072900772
2.081554889679
2.080481767654
2.078650474548
2.078470230103
2.074960231781
2.075800180435
2.070987224579
2.093280792236
2.182853937149
2.237133979797
2.330714225769
2.177119493484
2.156500816345
2.097640275955
2.088851928711
2.075731754303
2.074029445648
2.072973251343
2.073302745819
2.074434280396
2.075288295746
2.075529336929
2.075294017792
2.074659824371
2.073959112167
2.073198318481
2.072348356247
2.071352720261
2.070144414902
2.068729877472
2.067062139511
2.065241813660
2.063317298889
2.061337709427
2.059370279312
2.057491064072
2.055775642395
2.054204225540
2.052729129791
2.051438808441
2.050271272659
2.049213886261
2.048195362091
2.047279834747
2.046409368515
2.045606613159
2.044808149338
2.043955564499
2.042983770370
2.042094945908
2.041297197342
2.040576457977
2.039927959442
2.039370536804
2.038819074631
2.038307666779
2.037745952606
2.037277221680
2.036673069000
2.036180496216
2.035662174225
2.034926652908
2.034197568893
2.033483505249
2.032807350159
2.032183170319
2.031700611115
2.031240701675
2.030587673187
2.029998302460
2.029209613800
2.028737783432
2.027801990509
2.027411222458
2.026338338852
2.027000904083
2.024462223053
2.053214311600
2.183165788651
2.114605903625
2.123140811920
2.170922517776
2.270860195160
2.174571514130
2.188742637634
2.141920089722
2.123920917511
2.108947992325
2.099704504013
2.094225406647
2.094025611877
2.096167802811
2.093804121017
2.089270114899
2.083984613419
2.079696416855
2.076432704926
2.074082851410
2.072057008743
2.069419860840
2.065764665604
2.061807870865
2.058150529861
2.054600715637
2.051472902298
2.048671245575
2.046116590500
2.043593883514
2.041125059128
2.038789987564
2.036705017090
2.034807682037
2.033024311066
2.031393289566
2.029954671860
2.028623104095
2.027438402176
2.026322126389
2.025338172913
2.024461507797
2.023708581924
2.023032903671
2.022453308105
2.021910667419
2.021376609802
2.020732879639
2.020121097565
2.019588708878
2.019105672836
2.018657684326
2.018270254135
2.017881393433
2.017515182495
2.017106294632
2.016742706299
2.016399383545
2.016085386276
2.015754222870
2.015389919281
2.014958858490
2.014570951462
2.014177799225
2.013786554337
2.013396978378
2.013041496277
2.012671709061
2.012321710587
2.011941909790
2.011571168900
2.011178016663
2.010733842850
2.010291576385
2.009849548340
2.009407997131
2.008922576904
2.008438348770
2.007953405380
2.007468938828
2.007005691528
2.006525278091
2.006072998047
2.005642652512
2.005209207535
2.004727602005
2.004402875900
2.003962278366
2.003582239151
2.003106355667
2.002624988556
2.002143621445
2.001711845398
2.001305818558
2.000953674316
2.000746011734
2.000520944595
1.999967217445
1.999843478203
1.998843193054
1.999733805656
1.997765541077
2.017223834991
2.127120018005
2.203186511993
2.539454936981
2.409646034241
2.221592187881
2.250242471695
2.079367637634
2.094263315201
2.070447206497
2.065317153931
2.062345743179
2.061161518097
2.059825897217
2.057874917984
2.054790496826
2.050985574722
2.047206878662
2.043706417084
2.040856599808
2.038486003876
2.036523103714
2.034627437592
2.032308816910
2.030136823654
2.027933835983
2.025724649429
2.023519277573
2.021313667297
2.019135236740
2.017012834549
2.014928817749
2.013006210327
2.011283636093
2.009836435318
2.008507013321
2.007410287857
2.006306409836
2.005376815796
2.004578828812
2.003960847855
2.003344297409
2.002853393555
2.002450704575
2.002187728882
2.001967430115
2.001861095428
2.001798868179
2.001755714417
2.001699209213
2.001683235168
2.001586914062
2.001360893250
2.001094818115
2.000889539719
2.000674962997
2.000469207764
2.000216484070
1.999956727028
1.999700546265
1.999388456345
1.999030947685
1.998732089996
1.998342871666
1.997967958450
1.997508764267
1.997141838074
1.996734023094
1.996260404587
1.995865106583
1.995986938477
1.995955348015
2.023669004440
2.177804231644
2.097394943237
2.122210264206
2.355324268341
2.472421646118
2.482934713364
2.471180677414
2.441396474838
2.402569770813
2.365815162659
2.341225624084
2.319088935852
2.301435470581
2.289075613022
2.279003620148
2.270447015762
2.266245603561
2.264708518982
2.264612913132
2.265468597412
2.265765428543
2.265798807144
2.265730142593
2.264792203903
2.262160062790
2.259090662003
2.255923509598
2.252803325653
2.249822854996
2.247186660767
2.244816303253
2.242345333099
2.240409374237
2.238862276077
2.236819982529
2.235358953476
2.233582258224
2.232026576996
2.230099678040
2.228630304337
2.225096702576
2.225419521332
2.225801467896
2.287018537521
2.348894119263
2.324562788010
2.251071929932
2.285424470901
2.219978332520
2.217288017273
2.216411590576
2.220289468765
2.215422630310
2.216975688934
2.215019226074
2.214020967484
2.212612867355
2.210970163345
2.209039926529
2.207018852234
2.205478429794
2.203121662140
2.200983524323
2.198737859726
2.197072029114
2.194767236710
2.193498611450
2.192178964615
2.191144943237
2.190059900284
2.189031124115
2.187979936600
2.187117099762
2.186229944229
2.185418844223
2.184797286987
2.184067964554
2.183449745178
2.182688713074
2.181937456131
2.181094646454
2.180203914642
2.179268836975
2.178311586380
2.177413225174
2.176250934601
2.175133228302
2.174021482468
2.173077583313
2.172008991241
2.170876502991
2.169704198837
2.168611288071
2.167481899261
2.166572093964
2.165520429611
2.164410591125
2.163373231888
2.162264823914
2.161285161972
2.160154819489
2.159306287766
2.158285856247
2.157149553299
2.156090974808
2.154965400696
2.154300212860
2.152965784073
