4.125168323517
4.121531009674
4.116430282593
4.110105514526
4.102707862854
4.094331264496
4.085047721863
4.074865818024
4.063852310181
4.052078723907
4.039610862732
4.026416778564
4.012442111969
3.997705459595
3.982069253922
3.965385437012
3.947424173355
3.927880764008
3.906475782394
3.882860660553
3.857013225555
3.829063892365
3.798987388611
3.766540050507
3.733748435974
3.703192710876
3.674096584320
3.643819808960
3.635438442230
3.710290908813
5.201916694641
3.770495653152
3.765786647797
3.758636236191
3.750950336456
3.742951393127
3.734567642212
3.725740671158
3.716358184814
3.705876350403
3.693914413452
3.680202960968
3.664778709412
3.648325443268
3.630924463272
3.612856864929
3.594646215439
3.575790405273
3.556336402893
3.537669420242
3.519928693771
3.504657506943
3.488581180573
3.476863145828
3.457873344421
3.511682510376
3.469633817673
3.577056407928
3.566207408905
3.549977540970
3.530058145523
3.509927272797
3.490272760391
3.470627784729
3.447500228882
3.436555862427
3.438706398010
3.568848609924
3.450425624847
3.416515111923
3.393331527710
3.374134063721
3.355209827423
3.339029788971
3.326915264130
3.318381309509
3.308832883835
3.301079273224
3.291243076324
3.299008846283
3.349649429321
3.396418094635
3.324779987335
3.312712192535
3.289317846298
3.256666183472
3.223468780518
3.200713872910
3.187164068222
3.180448055267
3.175821065903
3.168856143951
3.158623218536
3.146171808243
3.133023023605
3.120504856110
3.108286857605
3.096306800842
3.084577560425
3.073071002960
3.061679363251
3.050575256348
3.039676904678
3.028846502304
3.017832279205
3.006045341492
2.993508100510
2.980306148529
2.966130018234
2.951241254807
2.935807466507
2.919619321823
2.913046121597
3.338430643082
5.155105590820
3.142995834351
3.142399787903
3.144176721573
3.147438049316
3.151562213898
3.156016349792
3.160412788391
3.164468526840
3.167991638184
3.170831680298
3.172895908356
3.174105405807
3.174325942993
3.173373699188
3.170959949493
3.167108058929
3.162110805511
3.156260967255
3.149947643280
3.143257617950
3.135475873947
3.126100778580
3.116147041321
3.106570720673
3.097481727600
3.088615417480
3.079764842987
3.070679664612
3.061124324799
3.050982952118
3.040242910385
3.028890371323
3.016649007797
3.003321170807
2.988720893860
2.972821235657
2.955632448196
2.938012361526
2.920346021652
2.902603149414
2.885256290436
2.867485523224
2.851698398590
2.836074352264
2.825997114182
2.816397428513
2.891074895859
2.947993516922
2.838505744934
2.850378513336
2.828228712082
2.819956541061
2.809956073761
2.799165248871
2.789029836655
2.779153823853
2.768869876862
2.757686138153
2.745888471603
2.734646320343
2.724580287933
2.714945316315
2.705567121506
2.695599079132
2.685643672943
2.675775766373
2.665889501572
2.655846118927
2.645991086960
2.636385917664
2.627419948578
2.617893218994
2.609037399292
2.600022315979
2.590610742569
2.580579757690
2.570565462112
2.559954643250
2.549150466919
2.539430141449
2.528298377991
2.519657611847
2.506685972214
2.571528911591
3.473604679108
2.826786518097
2.799602746964
2.782726287842
2.763928413391
2.747236490250
2.732368469238
2.720269203186
2.710731029510
2.702717542648
2.696714639664
2.690583467484
2.685451269150
2.677142620087
2.677893161774
2.686383962631
2.930695533752
2.831797361374
2.818922519684
2.802201032639
2.791549444199
2.790729045868
2.778049945831
2.768799304962
2.759885549545
2.751589536667
2.744018316269
2.735737085342
2.725595951080
2.716194868088
2.708261489868
2.702040195465
2.694963693619
2.690125465393
2.679647684097
2.687367439270
2.726230382919
2.673828840256
2.677779674530
2.644249677658
2.626983165741
2.625639677048
2.607599735260
2.634533882141
2.658304214478
2.584367275238
2.588632583618
2.570941925049
2.611692428589
2.678428173065
2.594905376434
2.559728860855
2.538960218430
2.525552272797
2.500388145447
2.495704650879
2.477488040924
2.475271940231
2.459790468216
2.478521347046
2.490644931793
2.471503257751
2.457304000854
2.446458339691
2.414537668228
2.422109365463
2.391378402710
2.403247356415
2.376239299774
2.408184766769
2.394596338272
2.409615039825
2.361577987671
2.346035003662
2.337996959686
2.323812723160
2.317321538925
2.307076692581
2.303524255753
2.296125173569
2.294902086258
2.288192987442
2.289517879486
2.279960393906
2.277183055878
2.268621921539
2.268732547760
2.257636308670
2.269681453705
2.273804426193
2.575757265091
2.388848543167
2.396224260330
2.371273994446
2.348142385483
2.322561025620
2.299788951874
2.284879446030
2.280377864838
2.276803016663
2.269694805145
2.258803606033
2.265313625336
2.304364919662
2.798246383667
2.773189067841
2.580538749695
2.581661939621
2.584142684937
2.584729671478
2.583017587662
2.579270362854
2.573959589005
2.567339181900
2.559480667114
2.550423383713
2.540302276611
2.529509305954
2.518687248230
2.507934093475
2.497490882874
2.488103151321
2.479155302048
2.469370841980
2.459766149521
2.452059745789
2.446793556213
2.443896532059
2.443526268005
2.441897869110
2.433944225311
2.421664953232
2.408725976944
2.395695447922
2.383032321930
2.369265556335
2.356478691101
2.342706441879
2.330034494400
2.314799308777
2.310519456863
2.421689748764
3.806626081467
2.529230833054
2.531310081482
2.532084703445
2.533061981201
2.534278869629
2.535577058792
2.536827802658
2.537953376770
2.538896083832
2.539632081985
2.540147066116
2.540428638458
2.540493488312
2.540356397629
2.540044784546
2.539570331573
2.538942813873
2.538170576096
2.537264108658
2.536233663559
2.535100460052
2.533870935440
2.532555580139
2.531166553497
2.529711961746
2.528200387955
2.526634931564
2.525024890900
2.523377895355
2.521692991257
2.519979476929
2.518240690231
2.516477346420
2.514693021774
2.512888908386
2.511066198349
2.509226560593
2.507369279861
2.505494594574
2.503603696823
2.501694917679
2.499767303467
2.497818946838
2.495847702026
2.493851900101
2.491828918457
2.489777088165
2.487691402435
2.485566377640
2.483396530151
2.481171369553
2.478880643845
2.476501464844
2.474016904831
2.471400260925
2.468621492386
2.465625524521
2.462354421616
2.458718299866
2.454593658447
2.449775695801
2.444006919861
2.436938285828
2.427978515625
2.416488647461
2.401839017868
2.384185791016
2.365844011307
2.352564573288
2.348159074783
2.345180273056
2.340257644653
2.335802078247
2.330450534821
2.323737621307
2.315579414368
2.305966138840
2.296151876450
2.286155462265
2.275721549988
2.264671325684
2.252398490906
2.239761829376
2.228679656982
2.217641115189
2.230881452560
2.431006669998
4.170598983765
2.455025911331
2.456048250198
2.459433078766
2.465464353561
2.472528934479
2.479805231094
2.486888170242
2.493526220322
2.499586105347
2.504993677139
2.509731531143
2.513864994049
2.517382144928
2.520396947861
2.522964239120
2.525249719620
2.527235746384
2.528973817825
2.530418157578
2.531577110291
2.532449722290
2.532882213593
2.532757282257
2.531923055649
2.530288457870
2.527855634689
2.524586439133
2.520875215530
2.516674280167
2.511746168137
2.507471084595
2.504308462143
2.496717453003
2.489865303040
2.484654664993
2.480164289474
2.475229978561
2.469527006149
2.463966608047
2.458838462830
2.454638957977
2.449853420258
2.445533990860
2.441282510757
2.437119722366
2.432780504227
2.428699493408
2.425212144852
2.421425580978
2.417636156082
2.413836002350
2.409689426422
2.405347347260
2.400707006454
2.395948886871
2.391330718994
2.386448860168
2.381361246109
2.376213788986
2.370499849319
2.364543676376
2.359088659286
2.353248596191
2.347414255142
2.340300559998
2.335945844650
2.331846952438
2.486168861389
2.711347341537
2.565428256989
2.559641361237
2.553383111954
2.548145055771
2.543941736221
2.540606021881
2.537852048874
2.535060167313
2.531490325928
2.526658773422
2.520195960999
2.512238025665
2.503709316254
2.496078968048
2.490282773972
2.486072301865
2.482478380203
2.478559017181
2.474445819855
2.470255374908
2.466129541397
2.462193250656
2.458509683609
2.454811334610
2.450898408890
2.446811676025
2.442442417145
2.437749147415
2.432888984680
2.428005456924
2.423320531845
2.418868541718
2.415014028549
2.411441802979
2.408286333084
2.405093669891
2.401901245117
2.398200511932
2.394858360291
2.391010761261
2.387477874756
2.383589506149
2.380345106125
2.376512050629
2.372971296310
2.368819952011
2.365444660187
2.361106157303
2.357486248016
2.352803468704
2.348850727081
2.343801736832
2.338737249374
2.333436965942
2.327973604202
2.322236299515
2.316392183304
2.310272455215
2.304000139236
2.297498226166
2.291219234467
2.285083532333
2.278780698776
2.272821903229
2.267317295074
2.262829065323
2.258225679398
2.261172533035
2.326129436493
3.057199478149
2.539418220520
2.534727096558
2.530054807663
2.525074243546
2.520581722260
2.517095327377
2.514420747757
2.512061834335
2.509716987610
2.507354021072
2.505021810532
2.502750396729
2.500562667847
2.498471260071
2.496478796005
2.494586944580
2.492810249329
2.491158246994
2.489606618881
2.488141059875
2.486750841141
2.485423326492
2.484144926071
2.482898473740
2.481682300568
2.480491161346
2.479315280914
2.478144884109
2.476975440979
2.475804567337
2.474624156952
2.473435878754
2.472237348557
2.471028804779
2.469809055328
2.468579053879
2.467338800430
2.466088533401
2.464828729630
2.463562011719
2.462287664413
2.461008310318
2.459728240967
2.458446502686
2.457164049149
2.455882549286
2.454601764679
2.453325986862
2.452052593231
2.450783491135
2.449517488480
2.448254585266
2.446994543076
2.445737600327
2.444482803345
2.443231582642
2.441983699799
2.440744876862
2.439514875412
2.438284873962
2.437061309814
2.435843229294
2.434632301331
2.433427810669
2.432230234146
2.431039094925
2.429855585098
2.428678989410
2.427510023117
2.426349639893
2.425196647644
2.424052000046
2.422914266586
2.421786546707
2.420667409897
2.419555902481
2.418455362320
2.417366027832
2.416285753250
2.415213346481
2.414148569107
2.413090944290
2.412039518356
2.410994291306
2.409952878952
2.408915758133
2.407881736755
2.406849384308
2.405818700790
2.404787540436
2.403754711151
2.402715682983
2.401669979095
2.400616884232
2.399550914764
2.398468732834
2.397364377975
2.396230697632
2.395058155060
2.393838167191
2.392552137375
2.391187191010
2.389716625214
2.388123750687
2.386378526688
2.384419918060
2.382186412811
2.379632949829
2.376659870148
2.373211860657
2.369201183319
2.364575624466
2.359516382217
2.354034185410
2.348200321198
2.342194318771
2.336093425751
2.330001831055
2.323799848557
2.317936182022
2.312531709671
2.308218479156
2.303399562836
2.299075841904
2.295160055161
2.292243957520
2.290177583694
2.288644552231
2.287241935730
2.285805225372
2.284161329269
2.282159328461
2.280060052872
2.278070449829
2.276287794113
2.274709463120
2.273345470428
2.272083044052
2.270797729492
2.269364833832
2.267787456512
2.265991210938
2.264074802399
2.262019634247
2.259958505630
2.257739543915
2.255751371384
2.253664016724
2.251831293106
2.249877214432
2.248419523239
2.246694087982
2.245496273041
2.243963718414
2.242325782776
2.240503072739
2.238620519638
2.236547946930
2.234450101852
2.232449293137
2.230497360229
2.228496074677
2.227016925812
2.225574254990
2.224166631699
2.222892045975
2.221546649933
2.220150470734
2.218588590622
2.216980218887
2.215467453003
2.214045286179
2.212700128555
2.211581468582
2.210505485535
2.209461688995
2.208425283432
2.207369804382
2.206293344498
2.205211162567
2.204137325287
2.203079462051
2.202039480209
2.200867891312
2.199738502502
2.198661804199
2.197654724121
2.196713209152
2.195812225342
2.194939374924
2.194085597992
2.193233728409
2.192354679108
2.191439867020
2.190543889999
2.189686059952
2.188884496689
2.188082695007
2.187281131744
2.186479806900
2.185681104660
2.184878826141
2.184068918228
2.183256864548
2.182434082031
2.181768417358
2.181085109711
2.180392742157
2.179656267166
2.178876638412
2.178048133850
2.177185773849
2.176264524460
2.175317764282
2.174364805222
2.173397064209
2.172443628311
2.171492576599
2.170534133911
2.169527769089
2.168509244919
2.167449951172
2.166399478912
2.165535211563
2.164611577988
2.163515806198
2.162081241608
2.160555839539
2.159019708633
2.157546281815
2.155971765518
2.154249429703
2.152607202530
2.151023626328
2.149492740631
2.148079872131
2.146536350250
2.145182132721
2.143783807755
2.142325878143
2.140785217285
2.139147043228
2.137162208557
2.135345458984
2.133752822876
2.131653785706
2.129455566406
2.126926183701
2.124285697937
2.121795654297
2.119268417358
2.116777181625
2.114103317261
2.111655712128
2.109606742859
2.105700254440
2.112155914307
2.180617809296
3.107159852982
2.331736087799
2.322287797928
2.306816816330
2.289815187454
2.272981405258
2.261333703995
2.251495122910
2.244631052017
2.240343809128
2.238437652588
2.237438440323
2.236493825912
2.234962940216
2.233110427856
2.230942010880
2.229067325592
2.227268457413
2.225430727005
2.223257780075
2.221060991287
2.218932390213
2.216805696487
2.214672565460
2.212349891663
2.210044384003
2.207816600800
2.205720424652
2.203691005707
2.201769351959
2.200032472610
2.198280096054
2.196858167648
2.195477485657
2.194312810898
2.193087339401
2.191678047180
2.190238714218
2.188627481461
2.186939716339
2.185138225555
2.183282852173
2.181355237961
2.179402351379
2.177371263504
2.175349473953
2.173353195190
2.171255588531
2.169616937637
2.167828559875
2.167252540588
2.165127992630
2.163522720337
2.161758661270
2.160282850266
2.157996177673
2.159322261810
2.161272287369
2.342259168625
2.288356065750
2.426199436188
2.521455287933
2.526795148849
2.525604248047
2.523393154144
2.520297050476
2.516431808472
2.511944055557
2.506951570511
2.501579999924
2.495939970016
2.490141630173
2.484271287918
2.478414535522
2.472632169724
2.466979980469
2.461503267288
2.456229209900
2.451191902161
2.446395158768
2.441852092743
2.437574386597
2.433555603027
2.429793357849
2.426276206970
2.422988176346
2.419927358627
2.417071104050
2.414413213730
2.411941051483
2.409636974335
2.407492637634
2.405491352081
2.403626918793
2.401880264282
2.400238275528
2.398695230484
2.397242546082
2.395870923996
2.394572734833
2.393337726593
2.392161846161
2.391036033630
2.389957189560
2.388921022415
2.387922525406
2.386959314346
2.386027574539
2.385125160217
2.384248495102
2.383396863937
2.382566928864
2.381757020950
2.380961656570
2.380179643631
2.379409790039
2.378655910492
2.377914428711
2.377186536789
2.376470565796
2.375779151917
2.375137567520
2.374541759491
2.373999834061
2.373445272446
2.372862815857
2.372256040573
2.371608257294
2.370916128159
2.370188236237
2.369436502457
2.368672370911
2.367907285690
2.367154836655
2.366411209106
2.365684032440
2.364983320236
2.364304065704
2.363643884659
2.363001346588
2.362375974655
2.361765861511
2.361170291901
2.360587358475
2.360015869141
2.359443664551
2.358872175217
2.358301401138
2.357734441757
2.357168436050
2.356602907181
2.356038570404
2.355476140976
2.354915142059
2.354357957840
2.353803873062
2.353253364563
2.352707624435
2.352166414261
2.351632833481
2.351105690002
2.350582838058
2.350064039230
2.349550724030
2.349039554596
2.348529815674
2.348022699356
2.347517490387
2.347012758255
2.346507310867
2.346000194550
2.345490217209
2.344975948334
2.344458341599
2.343936204910
2.343408346176
2.342873096466
2.342329263687
2.341775417328
2.341214418411
2.340647220612
2.340062379837
2.339443206787
2.338790178299
2.338095426559
2.337353706360
2.336554050446
2.335668087006
2.334676742554
2.333546638489
2.332232952118
2.330669403076
2.328769207001
2.326437711716
2.323527812958
2.319941520691
2.315732002258
2.311384677887
2.307934999466
2.305988073349
2.303986072540
2.298631429672
2.294068574905
2.290600776672
2.287624597549
2.285545349121
2.283603668213
2.281676054001
2.280319929123
2.278003454208
2.275495767593
2.273114681244
2.270491123199
2.267956256866
2.265155076981
2.262296199799
2.259434700012
2.256642580032
2.254261732101
2.251590251923
2.249089241028
2.246903896332
2.244615793228
2.242575407028
2.240371227264
2.238331317902
2.236147403717
2.234142065048
2.231911182404
2.229833126068
2.227690458298
2.225454807281
2.223134994507
2.220710992813
2.218309879303
2.215617895126
2.212936878204
2.210063219070
2.207037925720
2.203882694244
2.200644969940
2.197396039963
2.194061994553
2.190965175629
2.187875986099
2.184897661209
2.182020425797
2.179238796234
2.176606178284
2.174309253693
2.172202825546
2.170406103134
2.169056892395
2.167837142944
2.166751861572
2.165646076202
2.164780616760
2.163998603821
2.163354396820
2.162759542465
2.162190198898
2.161573886871
2.160879611969
2.160110235214
2.159243345261
2.158257722855
2.157172679901
2.156001806259
2.154777765274
2.153504848480
2.152212858200
2.150921106339
2.149654626846
2.148445844650
2.147293090820
2.146129369736
2.144975185394
2.143874168396
2.142796278000
2.141734600067
2.140658378601
2.139581680298
2.138537645340
2.137453556061
2.136371135712
2.135323047638
2.134146928787
2.133083105087
2.131911277771
2.130872964859
2.129834651947
2.128705024719
2.127700328827
2.126591444016
2.125623464584
2.124555110931
2.123503684998
2.122606992722
2.121558904648
2.120527744293
2.119608879089
2.118594646454
2.117604017258
2.116620540619
2.115759611130
2.114737272263
2.113788127899
2.112864255905
2.111933231354
2.111004352570
2.110079050064
2.109145402908
2.108216285706
2.107289314270
2.106364011765
2.105377912521
2.104465007782
2.103472948074
2.102547645569
2.101543903351
2.100627422333
2.099594116211
2.098674774170
2.097626924515
2.096737623215
2.095659971237
2.094772577286
2.093664884567
2.092780351639
2.091634750366
2.090744495392
2.089707851410
2.088694334030
2.087669372559
2.086650133133
2.085553169250
2.084532976151
2.083315849304
2.082327127457
2.081385135651
2.080388307571
2.079234600067
2.078190088272
2.077080965042
2.076173782349
2.075046062469
2.073508024216
2.072105646133
2.070691347122
2.069595575333
2.068994522095
2.067180156708
2.066532373428
2.065412282944
2.064522981644
2.063026905060
2.061995506287
2.061610221863
2.059254169464
2.060026168823
2.061362743378
2.278219461441
2.607027292252
2.594913721085
2.578262567520
2.558068990707
2.535667419434
2.512296438217
2.488742828369
2.465402364731
2.442026138306
2.417542457581
2.389658927917
2.361042499542
2.359750032425
2.357298135757
2.354703664780
2.352292776108
2.350195407867
2.348477840424
2.347009181976
2.345743417740
2.344640970230
2.343669176102
2.342813014984
2.342046737671
2.341361284256
2.340738058090
2.340163230896
2.339623451233
2.339113235474
2.338620424271
2.338134288788
2.337642192841
2.337159156799
2.336674213409
2.336201667786
2.335735082626
2.335272312164
2.334834814072
2.334392786026
2.333920955658
2.333419322968
2.332881689072
2.332307815552
2.331704139709
2.331099510193
2.330497264862
2.329910278320
2.329347372055
2.328838348389
2.328371047974
2.327941656113
2.327575922012
2.327280759811
2.327004909515
2.326750278473
2.326441049576
2.326093673706
2.325721740723
2.325325727463
2.324878215790
2.324382781982
2.323831081390
2.323184251785
2.322341918945
2.321346044540
2.320209741592
2.318912029266
2.317441463470
2.315786600113
2.313946008682
2.311902999878
2.309713602066
2.307334184647
2.304777622223
2.302065610886
2.299203395844
2.296190500259
2.292957782745
2.289578437805
2.286137819290
2.283540964127
2.281137228012
2.278617620468
2.275936126709
2.273118972778
2.270247936249
2.267364025116
2.264558553696
2.261647224426
2.258718729019
2.255675554276
2.252481460571
2.249113082886
2.245553016663
2.241793155670
2.237819433212
2.233624219894
2.229219436646
2.224621057510
2.219862699509
2.214944601059
2.209949016571
2.204939603806
2.200055122375
2.195794820786
2.191604375839
2.187796831131
2.184543848038
2.181932687759
2.179781675339
2.177989244461
2.176494836807
2.175210237503
2.174094200134
2.173107862473
2.172230482101
2.171450614929
2.170675516129
2.169949531555
2.169236183167
2.168480634689
2.167613029480
2.166645050049
2.165570497513
2.164381980896
2.163112640381
2.161766767502
2.160383939743
2.158979892731
2.157571077347
2.156170606613
2.154794216156
2.153459310532
2.152177572250
2.150938749313
2.149628400803
2.148420810699
2.147278308868
2.146182537079
2.145126581192
2.144097328186
2.143075942993
2.142042398453
2.140988349915
2.139911890030
2.138809919357
2.137677431107
2.136514902115
2.135329723358
2.134115457535
2.132869243622
2.131596326828
2.130302429199
2.128998279572
2.127686023712
2.126363277435
2.125197172165
2.123930931091
2.122622013092
2.121337175369
2.120043516159
2.118745088577
2.117436170578
2.116120100021
2.114804506302
2.113481998444
2.112160444260
2.110831022263
2.109516859055
2.108200788498
2.106764554977
2.105527162552
2.104093313217
2.102919816971
2.101419687271
2.100408077240
2.098860502243
2.098478317261
2.096478462219
2.095759868622
2.093894004822
2.096271753311
2.093168258667
2.126157999039
2.242852926254
2.292020320892
2.342929363251
2.228569507599
2.233392238617
2.225285291672
2.221232891083
2.218565464020
2.216048955917
2.212917327881
2.208635091782
2.202980995178
2.196365356445
2.188640356064
2.181399822235
2.174576759338
2.168474197388
2.163184404373
2.158263444901
2.153995037079
2.149677753448
2.146346330643
2.142856359482
2.139851093292
2.137974739075
2.136211156845
2.135510921478
2.135067224503
2.135152578354
2.135546207428
2.135133981705
2.134814977646
2.134661674500
2.134598016739
2.134459733963
2.133995294571
2.133287191391
2.132347345352
2.131191968918
2.129854440689
2.128389120102
2.126852989197
2.125268459320
2.123683452606
2.122132539749
2.120640516281
2.119235992432
2.117902278900
2.116658210754
2.115307092667
2.114113569260
2.113205432892
2.112151622772
2.111095666885
2.110046148300
2.108995914459
2.107925415039
2.106817483902
2.105668067932
2.104465961456
2.103221654892
2.101936817169
2.100613594055
2.099279880524
2.097945451736
2.096616983414
2.095306158066
2.094011545181
2.092746734619
2.091497898102
2.090262651443
2.089031696320
2.087805271149
2.086573600769
2.085344552994
2.084127664566
2.082902669907
2.081669807434
2.080418586731
2.079146385193
2.077845096588
2.076517820358
2.075149774551
2.073827266693
2.072510004044
2.071119546890
2.069759130478
2.068360805511
2.066949367523
2.065517902374
2.064074754715
2.062770605087
2.061236619949
2.059871196747
2.058302640915
2.056848526001
2.055283308029
2.053850889206
2.052380084991
2.050962686539
2.049596548080
2.048286914825
2.047045946121
2.045833587646
2.044540882111
2.043240070343
2.041948795319
2.040603637695
2.039261817932
2.037886381149
2.036514043808
2.035171747208
2.033852338791
2.032539844513
2.031279087067
2.030025959015
2.028899908066
2.027925729752
2.026710510254
2.025760412216
2.024661064148
2.023776769638
2.022725820541
2.021912336349
2.020864963531
2.020049810410
2.018993616104
2.018155336380
2.017030715942
2.016212463379
2.014891862869
2.014147043228
2.012685298920
2.012164592743
2.010568857193
2.010449886322
2.008608579636
2.008499145508
2.006829023361
2.006659746170
2.005040407181
2.004966020584
2.003379583359
2.003451347351
2.001832485199
2.001267194748
2.000180721283
2.000298500061
1.998815059662
2.001456975937
2.000937223434
2.030966281891
2.197164058685
2.370994806290
2.494812726974
2.485094785690
2.471071720123
2.446148157120
2.410136699677
2.371269702911
2.336315631866
2.307455301285
2.282533884048
2.265216112137
2.253736495972
2.246822118759
2.241587877274
2.237641334534
2.233686685562
2.227455615997
2.219153881073
2.209388256073
2.199669122696
2.190808057785
2.183010339737
2.176571846008
2.170924901962
2.166557788849
2.163300275803
2.161029338837
2.158924341202
2.157647848129
2.156358480453
2.155486583710
2.154640674591
2.154124975204
2.153453588486
2.152956724167
2.152532815933
2.152128696442
2.151649236679
2.151079893112
2.150382995605
2.149719476700
2.148591995239
2.147753953934
2.146525621414
2.145688772202
2.144628286362
2.143820285797
2.142844676971
2.142094850540
2.141122102737
2.140400886536
2.139432907104
2.138526201248
2.137610912323
2.136673450470
2.135723829269
2.134768724442
2.133805513382
2.132794141769
2.131832838058
2.130830526352
2.129871845245
2.128854036331
2.127915620804
2.126932621002
2.125995635986
2.125000000000
2.124086141586
2.123114824295
2.122188091278
2.121152162552
2.120194196701
2.119183063507
2.118233919144
2.117214441299
2.116249561310
2.115269899368
2.114198446274
2.113198757172
2.112095117569
2.111022472382
2.109839677811
2.108712911606
2.107547760010
2.106265544891
2.105209589005
2.103713750839
2.102782726288
2.101213693619
2.100252151489
2.098625421524
2.097654581070
2.095949649811
2.094918966293
2.093126773834
2.092041969299
2.090379953384
2.089113712311
2.087547302246
2.086042165756
2.084527492523
2.082897901535
2.081434488297
2.079935550690
2.078601598740
2.077257156372
2.076074123383
2.074744462967
2.073562383652
2.072263240814
2.071319103241
2.070176124573
2.069317817688
2.068122386932
2.067722082138
2.065972805023
2.066651344299
2.064153432846
2.065393924713
2.062552928925
2.083634853363
2.194866180420
2.236169815063
2.350133657455
2.175975322723
2.122604846954
2.095618963242
2.092994689941
2.080695152283
2.079139709473
2.075546026230
2.071667194366
2.068142652512
2.064909458160
2.061931848526
2.059026718140
2.056570768356
2.054385185242
2.052618741989
2.051155328751
2.049910306931
2.048796892166
2.047772884369
2.046784400940
2.045819997787
2.044903278351
2.044090509415
2.043326139450
2.042661428452
2.042042970657
2.041540384293
2.040991783142
2.040582418442
2.040009498596
2.039446830750
2.038778543472
2.038061857224
2.037197589874
2.036246776581
2.035183668137
2.034211635590
2.033055543900
2.031990289688
2.030793905258
2.029650449753
2.028379440308
2.027228116989
2.025957345963
2.024841070175
2.023558855057
2.022441625595
2.021310567856
2.020188093185
2.019145727158
2.018227100372
2.017288923264
2.016408920288
2.015422105789
2.014522552490
2.013257265091
2.012431383133
2.011191368103
2.010438680649
2.009200334549
2.008574485779
2.007215023041
2.007084131241
2.005313873291
2.007407665253
2.006265878677
2.036376953125
2.198727846146
2.102717638016
2.119580745697
2.143009662628
2.297360658646
2.179720163345
2.197909116745
2.141112565994
2.119205951691
2.098559379578
2.081896781921
2.068939208984
2.061241149902
2.059425592422
2.057589292526
2.055070877075
2.052721977234
2.051027774811
2.050056934357
2.048735141754
2.047015905380
2.044963121414
2.042370080948
2.038900852203
2.034940242767
2.031232595444
2.027840137482
2.024983406067
2.022496461868
2.020450353622
2.018793344498
2.017346382141
2.016088247299
2.014904022217
2.013864994049
2.012917041779
2.012029409409
2.011067628860
2.010096311569
2.009085178375
2.007967472076
2.006812334061
2.005576610565
2.004404544830
2.003153085709
2.001924037933
2.000751495361
1.999636530876
1.998532891273
1.997413277626
1.996296763420
1.995188951492
1.994100451469
1.992949247360
1.991774439812
1.990616679192
1.989494085312
1.988496184349
1.987560272217
1.986668705940
1.985840678215
1.984951376915
1.984075069427
1.983190417290
1.982285022736
1.981387615204
1.980505347252
1.979636073112
1.978809118271
1.978011250496
1.977262735367
1.976542115211
1.975855112076
1.975204706192
1.974568843842
1.973958849907
1.973372936249
1.972810387611
1.972259998322
1.971725106239
1.971203327179
1.970690011978
1.970192909241
1.969649076462
1.969224572182
1.968697428703
1.968192458153
1.967691540718
1.967204451561
1.966777920723
1.966366052628
1.965952873230
1.965523481369
1.965075135231
1.964617609978
1.963966727257
1.963703393936
1.963091373444
1.963269948959
1.962515592575
1.963360428810
1.964618563652
1.983938217163
2.127274274826
2.194206237793
2.600348711014
2.449246168137
2.193873643875
2.186167240143
2.051997184753
2.072543859482
2.051011800766
2.050610542297
2.047401428223
2.043244838715
2.039038896561
2.034371376038
2.029483079910
2.025002002716
2.020990133286
2.017653942108
2.014739036560
2.012014150620
2.009249925613
2.006716251373
2.004512310028
2.002043962479
1.999721169472
1.997485876083
1.995339035988
1.993375062943
1.991566300392
1.989938735962
1.988375544548
1.987010836601
1.985772609711
1.984631657600
1.983613252640
1.982513189316
1.981651902199
1.980641245842
1.979682564735
1.978771209717
1.977905392647
1.977083683014
1.976181983948
1.975309848785
1.974463820457
1.973642230034
1.972815513611
1.972016930580
1.971195101738
1.970402240753
1.969615578651
1.968929171562
1.968223333359
1.967568874359
1.966922998428
1.966272115707
1.965618610382
1.964994072914
1.964349389076
1.963815927505
1.963181257248
1.962639808655
1.962035417557
1.961597084999
1.961026310921
1.960632562637
1.960015535355
1.960060000420
1.959176659584
1.961102485657
1.962663531303
1.992531776428
2.181203842163
2.077839374542
2.126622676849
2.328330993652
2.520644187927
2.533649921417
2.521613836288
2.491669893265
2.451639175415
2.414484500885
2.392555952072
2.368646144867
2.343658447266
2.325259685516
2.309139728546
2.296082019806
2.287172555923
2.280570507050
2.274631261826
2.268327236176
2.262682676315
2.257471561432
2.253494024277
2.250619649887
2.248666763306
2.245539426804
2.243173837662
2.240617513657
2.238149404526
2.235397577286
2.232568264008
2.230329751968
2.226704835892
2.225085735321
2.221311807632
2.220205783844
2.216741561890
2.216122388840
2.212704420090
2.213664054871
2.209154844284
2.214399814606
2.210402727127
2.287606477737
2.345286607742
2.317279577255
2.230947494507
2.261549711227
2.216430902481
2.226280689240
2.208033084869
2.209933757782
2.198266267776
2.195980310440
2.189713954926
2.185486316681
2.182381391525
2.178725481033
2.177288770676
2.173851013184
2.172353744507
2.170137882233
2.169733524323
2.167211532593
2.168162345886
2.165562152863
2.164951086044
2.164008378983
2.163219213486
2.162201404572
2.161198616028
2.159942150116
2.158760786057
2.157481908798
2.156080484390
2.154798984528
2.153377532959
2.152097225189
2.150724411011
2.149487972260
2.148196458817
2.147000789642
2.145825386047
2.144512653351
2.143425703049
2.142206907272
2.141083717346
2.139898300171
2.138728380203
2.137549877167
2.136364221573
2.135233879089
2.134134769440
2.132863283157
2.131694078445
2.130588054657
2.129405975342
2.128311872482
2.127124786377
2.126049280167
2.124809741974
2.123688697815
2.122650384903
2.121541500092
2.120524406433
2.119278192520
2.118387222290
2.116987705231
