4.139177322388
4.135064601898
4.129328727722
4.122303962708
4.114142417908
4.104982376099
4.094921588898
4.083918094635
4.072031021118
4.059284687042
4.045760631561
4.031359672546
4.015920639038
3.999450683594
3.981700181961
3.962379455566
3.940700054169
3.916377782822
3.889134168625
3.857860088348
3.824205875397
3.789154052734
3.754910469055
3.725071430206
3.698049068451
3.670000791550
3.646405220032
3.633931636810
3.592155456543
3.887143611908
4.653962135315
3.818552970886
3.803977966309
3.793832302094
3.784780979156
3.775681495667
3.766347885132
3.756681442261
3.746660232544
3.735877990723
3.724228858948
3.711876869202
3.699004650116
3.686052083969
3.671721220016
3.654507637024
3.635965347290
3.619098663330
3.602937221527
3.586147785187
3.571575403214
3.557653188705
3.545403480530
3.530610322952
3.526498317719
3.532828807831
3.580813169479
3.570669174194
3.563456773758
3.557506322861
3.549945354462
3.533419132233
3.515645742416
3.496400833130
3.487839221954
3.452343463898
3.576391696930
3.474383354187
3.428534984589
3.449580192566
3.431792736053
3.412816524506
3.397558689117
3.380874156952
3.367160797119
3.353288650513
3.345154523849
3.331347942352
3.327007770538
3.317191123962
3.390303134918
3.370025157928
3.302495479584
3.293276071548
3.279933214188
3.266941070557
3.262111663818
3.261887550354
3.245860099792
3.224036216736
3.205521821976
3.188755750656
3.173770189285
3.162775278091
3.154041051865
3.144307374954
3.133745431900
3.121222972870
3.108220338821
3.095578908920
3.084289073944
3.073456287384
3.062473773956
3.051145076752
3.039166927338
3.026238441467
3.012362957001
2.997717380524
2.982183694839
2.964965343475
2.947576522827
2.928247690201
2.917461872101
3.266547918320
5.267273902893
3.094483375549
3.094135284424
3.096617937088
3.100923538208
3.106300354004
3.112192630768
3.118186950684
3.123958110809
3.129288196564
3.134009361267
3.137989997864
3.141111612320
3.143199682236
3.143937110901
3.142951011658
3.140162944794
3.135961532593
3.130846500397
3.125469684601
3.120013713837
3.113785743713
3.106334209442
3.098401069641
3.090973854065
3.083755970001
3.076268672943
3.068230867386
3.059430122375
3.049654722214
3.038926601410
3.027379035950
3.015178918839
3.002122640610
2.988155126572
2.973450183868
2.958665370941
2.944078683853
2.930170059204
2.916085004807
2.900713920593
2.882763862610
2.862712860107
2.841089487076
2.820394754410
2.801238775253
2.795069694519
2.820019960403
2.984839916229
2.787577390671
2.761186599731
2.754622220993
2.744736433029
2.732715606689
2.722041845322
2.711710214615
2.703386306763
2.695046901703
2.687343597412
2.681106090546
2.674478769302
2.667056798935
2.661689519882
2.653128862381
2.646596908569
2.639761924744
2.632270336151
2.625756025314
2.619342088699
2.613259553909
2.607892274857
2.599427700043
2.593628406525
2.585404634476
2.576395034790
2.567149639130
2.557644367218
2.546909570694
2.537066698074
2.527534484863
2.515785455704
2.506303310394
2.491835594177
2.491443395615
2.492872238159
3.823962688446
2.747509241104
2.745397090912
2.725514411926
2.702360153198
2.682034969330
2.666824817657
2.655256271362
2.643904924393
2.633409261703
2.622662067413
2.614926815033
2.605217456818
2.600214242935
2.585853576660
2.639838695526
2.743763446808
2.849342107773
2.829033374786
2.807659864426
2.791460752487
2.782953500748
2.767456531525
2.753002166748
2.734654188156
2.715238809586
2.698837280273
2.687346458435
2.680961132050
2.676921129227
2.676880121231
2.675042867661
2.673779249191
2.662523746490
2.658821344376
2.637175321579
2.745985507965
2.617218971252
2.686433553696
2.590258836746
2.592691183090
2.571119785309
2.585555315018
2.541728496552
2.709364414215
2.539220094681
2.516356468201
2.557714939117
2.510076045990
2.720665931702
2.616436243057
2.504721641541
2.496885061264
2.453739643097
2.464125633240
2.427088022232
2.432225942612
2.400965452194
2.434259176254
2.390525579453
2.520999193192
2.387132644653
2.476814031601
2.368778228760
2.400364398956
2.346643447876
2.382209539413
2.323990345001
2.391553878784
2.317727804184
2.443757057190
2.330080032349
2.367264270782
2.303556442261
2.283399581909
2.282822132111
2.269474029541
2.269548177719
2.262536764145
2.265212535858
2.257263422012
2.259360313416
2.247038364410
2.252291679382
2.242329359055
2.246303319931
2.230280637741
2.240944385529
2.210863113403
2.337213039398
2.376976490021
2.470632791519
2.448611974716
2.419508695602
2.378987312317
2.334819316864
2.290069580078
2.256420135498
2.241309404373
2.241767168045
2.235023736954
2.241210460663
2.225267171860
2.332676649094
2.619889259338
2.884437561035
2.646459817886
2.641046524048
2.640075683594
2.638147354126
2.634344100952
2.628872394562
2.622034549713
2.614347457886
2.606193065643
2.598002672195
2.590030670166
2.582066297531
2.573295354843
2.562332868576
2.549025297165
2.534647226334
2.518883228302
2.500046253204
2.479350805283
2.457239389420
2.434209823608
2.411094903946
2.391513586044
2.376746892929
2.366387367249
2.358397245407
2.351276397705
2.344671249390
2.335069417953
2.323939323425
2.308199882507
2.290818452835
2.270457744598
2.254701375961
2.230663061142
2.434478998184
3.453128099442
2.557806253433
2.563550949097
2.565902709961
2.567756891251
2.569543600082
2.571168184280
2.572523355484
2.573574304581
2.574295997620
2.574674606323
2.574716329575
2.574401617050
2.573773860931
2.572875022888
2.571741819382
2.570409059525
2.568894863129
2.567214965820
2.565391302109
2.563420534134
2.561339378357
2.559165954590
2.556921243668
2.554620742798
2.552270412445
2.549878835678
2.547457695007
2.545012474060
2.542552232742
2.540040969849
2.537523269653
2.535000562668
2.532470464706
2.529936075211
2.527400016785
2.524866342545
2.522337913513
2.519816398621
2.517313957214
2.514831304550
2.512365341187
2.509915113449
2.507476806641
2.505046367645
2.502619743347
2.500189065933
2.497750282288
2.495292901993
2.492798805237
2.490263223648
2.487665891647
2.484996318817
2.482227087021
2.479335546494
2.476279735565
2.473048686981
2.469536066055
2.465671777725
2.461326122284
2.456367969513
2.450476408005
2.443291187286
2.434306383133
2.422566413879
2.407051563263
2.386406421661
2.359734296799
2.328789710999
2.300535917282
2.282099008560
2.274975299835
2.274483680725
2.274097681046
2.271480321884
2.265180349350
2.257746696472
2.251616716385
2.245827198029
2.241825819016
2.237864494324
2.231212854385
2.222616910934
2.213437080383
2.203402519226
2.201869726181
2.190601825714
2.523413419724
3.748185157776
2.521499633789
2.521717309952
2.525281429291
2.531683206558
2.538880825043
2.546083450317
2.552891731262
2.559048891068
2.564527034760
2.569357633591
2.573562145233
2.577172279358
2.580416917801
2.583001613617
2.585062503815
2.586225032806
2.586646318436
2.586312532425
2.585433244705
2.584078311920
2.582246303558
2.580148220062
2.577935695648
2.575694084167
2.573329925537
2.570861101151
2.568297147751
2.565193414688
2.562390089035
2.560424327850
2.561645984650
2.563930988312
2.554823160172
2.545070409775
2.535720109940
2.526200771332
2.516932487488
2.509737491608
2.503471851349
2.497138500214
2.489552259445
2.483487367630
2.477509021759
2.471703052521
2.466388463974
2.461853504181
2.457762002945
2.453192710876
2.448445558548
2.443349361420
2.438460111618
2.433113813400
2.427959442139
2.422749757767
2.417561769485
2.412261486053
2.406576633453
2.400580883026
2.394425630569
2.388209104538
2.381833553314
2.375466108322
2.369128465652
2.363044261932
2.355614185333
2.349032640457
2.341898441315
2.537786245346
2.731685638428
2.496823310852
2.491281986237
2.484929323196
2.479366779327
2.474674224854
2.471141099930
2.468596935272
2.466719388962
2.464785575867
2.462288141251
2.459133863449
2.455490589142
2.452274084091
2.450447797775
2.450169086456
2.449875593185
2.448688983917
2.445944309235
2.441556215286
2.436068058014
2.429771184921
2.422912597656
2.415579080582
2.408438205719
2.401562690735
2.394329786301
2.387727499008
2.382049083710
2.377165079117
2.373719930649
2.371334314346
2.369838237762
2.367770671844
2.365309238434
2.361492633820
2.357565164566
2.353162765503
2.349892377853
2.345270633698
2.342133998871
2.337830781937
2.334591388702
2.329555273056
2.326073646545
2.321524381638
2.318502426147
2.313002347946
2.309834957123
2.303871631622
2.300437450409
2.293926715851
2.290170907974
2.284945011139
2.279490232468
2.273693084717
2.267572164536
2.260646820068
2.253629446030
2.246006965637
2.238553762436
2.229362487793
2.221001863480
2.214400529861
2.207914352417
2.203522920609
2.196571588516
2.197101593018
2.184977293015
2.310565948486
2.804409980774
2.611724615097
2.606125593185
2.601217269897
2.595443010330
2.589721441269
2.584765434265
2.580458641052
2.576304912567
2.572024822235
2.567586898804
2.563078880310
2.558549642563
2.554047107697
2.549626111984
2.545274019241
2.541046380997
2.536966562271
2.533041715622
2.529279708862
2.525677680969
2.522212505341
2.518892049789
2.515701293945
2.512598276138
2.509601116180
2.506724596024
2.503958702087
2.501283884048
2.498693227768
2.496183395386
2.493700265884
2.491267442703
2.488883256912
2.486553430557
2.484271049500
2.482038259506
2.479851484299
2.477708101273
2.475606918335
2.473547220230
2.471533298492
2.469569444656
2.467655181885
2.465793609619
2.463986158371
2.462228775024
2.460518598557
2.458857059479
2.457238674164
2.455661535263
2.454122304916
2.452620267868
2.451150655746
2.449712276459
2.448304176331
2.446923255920
2.445569515228
2.444239854813
2.442935705185
2.441620349884
2.440315961838
2.439023733139
2.437741994858
2.436471462250
2.435213088989
2.433965682983
2.432730197906
2.431505918503
2.430293560028
2.429093599319
2.427905797958
2.426729202271
2.425564050674
2.424411535263
2.423269748688
2.422139406204
2.421022415161
2.419924974442
2.418841838837
2.417777538300
2.416726350784
2.415688514709
2.414662599564
2.413647174835
2.412646055222
2.411654710770
2.410671710968
2.409695625305
2.408725500107
2.407757759094
2.406791687012
2.405820608139
2.404839277267
2.403837203979
2.402816534042
2.401798248291
2.400763034821
2.399703741074
2.398605823517
2.397463560104
2.396252393723
2.394944429398
2.393524408340
2.391995191574
2.390304565430
2.388389110565
2.386183500290
2.383665323257
2.380751132965
2.377415180206
2.373656034470
2.369491338730
2.365199565887
2.360945940018
2.356894016266
2.353150606155
2.350040197372
2.347914218903
2.347236156464
2.348547697067
2.351688623428
2.355530500412
2.355678319931
2.352569580078
2.343380928040
2.334252119064
2.327215433121
2.321680068970
2.317344903946
2.313817739487
2.311049222946
2.308803558350
2.307128190994
2.306085348129
2.305298805237
2.304620027542
2.303787708282
2.302666187286
2.300856113434
2.298810005188
2.296221256256
2.293604612350
2.290781497955
2.288108348846
2.285441875458
2.282983779907
2.280514717102
2.278183937073
2.275739431381
2.273353576660
2.270630121231
2.268027305603
2.265126943588
2.262400865555
2.259518623352
2.256615877151
2.253760337830
2.250839948654
2.247875690460
2.244945049286
2.242039918900
2.239099979401
2.236248493195
2.233598709106
2.231019973755
2.228422880173
2.225897789001
2.223445653915
2.221040010452
2.218649148941
2.216517925262
2.214452981949
2.212477922440
2.210612058640
2.208854436874
2.207135438919
2.205423593521
2.203710079193
2.201998710632
2.200294256210
2.198605298996
2.196939706802
2.195307016373
2.193682432175
2.192028522491
2.190409421921
2.188871383667
2.187379837036
2.185936450958
2.184524297714
2.183134078979
2.181761503220
2.180362224579
2.178964138031
2.177672386169
2.176389217377
2.175164461136
2.173930644989
2.172721147537
2.171524047852
2.170339822769
2.169169187546
2.168013572693
2.166865348816
2.165712118149
2.164711236954
2.163668155670
2.162657022476
2.161637306213
2.160627841949
2.159547090530
2.158432722092
2.157257556915
2.156056404114
2.154834747314
2.153616189957
2.152432680130
2.151254415512
2.150078773499
2.148874521255
2.147696256638
2.146475553513
2.145123720169
2.144006967545
2.142871618271
2.141793966293
2.140450239182
2.138981342316
2.137562274933
2.136166810989
2.134819746017
2.133422613144
2.131991863251
2.130568265915
2.129165410995
2.127608299255
2.126156330109
2.124786853790
2.123469114304
2.122145414352
2.120783805847
2.119359016418
2.117792606354
2.116136550903
2.114502668381
2.112927436829
2.111365556717
2.109536409378
2.107585191727
2.105604171753
2.103703022003
2.101765394211
2.099764585495
2.097293615341
2.094492435455
2.093845844269
2.088109731674
2.204241514206
2.930317878723
2.270258426666
2.286832571030
2.261628866196
2.245155572891
2.237729072571
2.235313892365
2.235698699951
2.236616849899
2.233106374741
2.229527473450
2.228379011154
2.228699445724
2.229388952255
2.230237483978
2.230787515640
2.231168985367
2.230931043625
2.229167938232
2.227628707886
2.225843667984
2.223791122437
2.221449613571
2.218899011612
2.216293573380
2.213679313660
2.210847139359
2.207985162735
2.205502271652
2.203101873398
2.200777530670
2.198520183563
2.196419239044
2.194558143616
2.192717313766
2.190961837769
2.188932895660
2.186645746231
2.184296607971
2.181702136993
2.179051637650
2.176279544830
2.173505067825
2.170589923859
2.167621135712
2.164484739304
2.161463737488
2.158607006073
2.155416727066
2.153591632843
2.149635791779
2.148234128952
2.145514011383
2.143013954163
2.139694452286
2.138644218445
2.133200883865
2.155793190002
2.278619289398
2.340084314346
2.419368028641
2.433481216431
2.438813686371
2.439291238785
2.439085483551
2.438346862793
2.437133789062
2.435527324677
2.433605432510
2.431447744370
2.429127693176
2.426717996597
2.424275398254
2.421854972839
2.419494152069
2.417226314545
2.415078401566
2.413065195084
2.411204576492
2.409497261047
2.407941579819
2.406533241272
2.405268430710
2.404138803482
2.403137683868
2.402265548706
2.401488304138
2.400809049606
2.400217294693
2.399695873260
2.399231672287
2.398813247681
2.398432731628
2.398067474365
2.397722244263
2.397390127182
2.397064924240
2.396711587906
2.396350383759
2.395970821381
2.395576000214
2.395160198212
2.394726991653
2.394270658493
2.393789052963
2.393282175064
2.392749071121
2.392189502716
2.391601800919
2.390984773636
2.390338897705
2.389660358429
2.388939380646
2.388175964355
2.387367963791
2.386508703232
2.385587692261
2.384602308273
2.383545160294
2.382399797440
2.381170511246
2.379921436310
2.378748893738
2.377686738968
2.376785278320
2.376021623611
2.375348329544
2.374741315842
2.374196052551
2.373697519302
2.373236894608
2.372791528702
2.372392654419
2.372016906738
2.371661424637
2.371312379837
2.370942831039
2.370543956757
2.370120763779
2.369668960571
2.369190931320
2.368686914444
2.368162155151
2.367621660233
2.367075920105
2.366555452347
2.366047143936
2.365551710129
2.365059614182
2.364582777023
2.364115476608
2.363656759262
2.363205432892
2.362762212753
2.362323045731
2.361887693405
2.361453294754
2.361018180847
2.360578775406
2.360127210617
2.359666347504
2.359197854996
2.358721971512
2.358236789703
2.357745170593
2.357248067856
2.356742382050
2.356231212616
2.355709075928
2.355181932449
2.354648351669
2.354106426239
2.353556871414
2.352995395660
2.352420806885
2.351832151413
2.351224660873
2.350593090057
2.349936246872
2.349224090576
2.348441839218
2.347592592239
2.346721172333
2.345781564713
2.344757318497
2.343600511551
2.342279672623
2.340811014175
2.339087009430
2.337031364441
2.334563732147
2.331507921219
2.327609539032
2.322681188583
2.316179513931
2.307625770569
2.296604394913
2.283252000809
2.268879175186
2.256456375122
2.250116586685
2.252325296402
2.255106687546
2.256707429886
2.257557630539
2.255525588989
2.253206491470
2.250787496567
2.246806621552
2.245231151581
2.243757486343
2.241337776184
2.239194393158
2.236418962479
2.234287500381
2.232354164124
2.230581521988
2.228924512863
2.226575374603
2.225464820862
2.224227666855
2.222314596176
2.220822095871
2.218672037125
2.216947078705
2.214660644531
2.212601661682
2.209818363190
2.207457780838
2.204393386841
2.201246738434
2.198045492172
2.194731473923
2.191256761551
2.187159299850
2.183349609375
2.178932189941
2.174417972565
2.169804096222
2.165165662766
2.160416603088
2.155716896057
2.151479005814
2.147047519684
2.143362998962
2.140012264252
2.136975526810
2.134381294250
2.132105588913
2.129592180252
2.128010034561
2.126257181168
2.124272108078
2.123135566711
2.122442245483
2.121986627579
2.121182680130
2.120581626892
2.119784832001
2.118930578232
2.117829799652
2.116672754288
2.115557909012
2.114442348480
2.113394021988
2.112483978271
2.111676931381
2.110965251923
2.110307693481
2.109720706940
2.109189033508
2.108706951141
2.108180999756
2.107581138611
2.106868028641
2.106209039688
2.105510711670
2.104644536972
2.103698015213
2.102715492249
2.101779222488
2.100847244263
2.099813461304
2.098906278610
2.098009109497
2.097039699554
2.096408843994
2.095535993576
2.094946622849
2.094080924988
2.093311071396
2.092782258987
2.091993093491
2.091508865356
2.090728044510
2.090217113495
2.089688539505
2.088836908340
2.088435649872
2.087996482849
2.087283849716
2.086886644363
2.086434125900
2.086011886597
2.085315227509
2.085192203522
2.084796428680
2.084323883057
2.083924770355
2.083558082581
2.083173751831
2.082818031311
2.082456111908
2.082095384598
2.081714391708
2.081518173218
2.081038713455
2.080852985382
2.080410480499
2.080242872238
2.079759120941
2.079694986343
2.079202651978
2.079159498215
2.078517198563
2.078591585159
2.077917575836
2.078062295914
2.077292919159
2.077507495880
2.076664209366
2.076418638229
2.076039791107
2.075701713562
2.075268745422
2.075017213821
2.074376344681
2.074386119843
2.073467254639
2.072503566742
2.071832418442
2.071459770203
2.070671558380
2.069963932037
2.068566560745
2.067830562592
2.068133831024
2.068126440048
2.068178415298
2.067460060120
2.065523862839
2.066020250320
2.063386678696
2.062251329422
2.060530900955
2.059776782990
2.058179855347
2.055267810822
2.056576490402
2.050578594208
2.071802616119
2.193403244019
2.751735687256
2.736003398895
2.714560985565
2.688525438309
2.659455776215
2.628820419312
2.597515106201
2.565918445587
2.533420324326
2.498008728027
2.454890727997
2.403149366379
2.396919965744
2.392191886902
2.387479543686
2.383064508438
2.379054784775
2.375663518906
2.372595787048
2.369870662689
2.367349147797
2.365015029907
2.362858772278
2.360875129700
2.358985662460
2.357199192047
2.355502843857
2.353899240494
2.352302074432
2.350716114044
2.349126815796
2.347552776337
2.345921754837
2.344262599945
2.342563390732
2.340862751007
2.339143991470
2.337485790253
2.336020946503
2.334734439850
2.333627700806
2.332696437836
2.331922054291
2.331284999847
2.330758333206
2.330325126648
2.329968690872
2.329667806625
2.329397201538
2.329132318497
2.328860521317
2.328513383865
2.328029155731
2.327380180359
2.326507568359
2.325685024261
2.324732303619
2.323602199554
2.322257041931
2.320648193359
2.318681001663
2.316370010376
2.313711643219
2.311060428619
2.308222770691
2.305119991302
2.301766633987
2.298132181168
2.294206619263
2.289988040924
2.285397291183
2.280400514603
2.275211811066
2.269904613495
2.264522790909
2.259173631668
2.253876447678
2.248933076859
2.244181632996
2.239547252655
2.234480142593
2.230930089951
2.227957725525
2.225384712219
2.222997665405
2.220591068268
2.217861175537
2.214607238770
2.211088180542
2.207165956497
2.203101396561
2.198987722397
2.194854021072
2.190647125244
2.186307191849
2.181786537170
2.177044868469
2.172075033188
2.166951894760
2.161742687225
2.156502246857
2.151340246201
2.146399497986
2.141794443130
2.136816024780
2.133530378342
2.131320953369
2.129842042923
2.128670215607
2.127867937088
2.127437829971
2.127110719681
2.126710414886
2.126078844070
2.125304937363
2.124437332153
2.123473405838
2.122587680817
2.121603488922
2.120501756668
2.119315385818
2.118194103241
2.117063045502
2.115933656693
2.114851951599
2.113770723343
2.112746715546
2.111720800400
2.110715627670
2.109737157822
2.108783721924
2.107845306396
2.106919527054
2.105981826782
2.105081081390
2.104395866394
2.103570222855
2.102701902390
2.101813316345
2.100911617279
2.100013256073
2.099106550217
2.098180055618
2.097229719162
2.096243619919
2.095228910446
2.094198226929
2.093157052994
2.092106580734
2.091052293777
2.090001583099
2.088959932327
2.087922096252
2.086886882782
2.085847139359
2.084827899933
2.083408594131
2.082370758057
2.081454277039
2.080442190170
2.079432964325
2.078440427780
2.077466964722
2.076503992081
2.075548171997
2.074595451355
2.073647737503
2.072751998901
2.071830034256
2.070904493332
2.070294618607
2.069084644318
2.068627119064
2.067349910736
2.067271232605
2.065443992615
2.065797805786
2.062316894531
2.064046144485
2.061548471451
2.063655614853
2.055420398712
2.070607423782
2.057007312775
2.303366184235
2.194344520569
2.410758972168
2.214890718460
2.199060201645
2.179532051086
2.166279554367
2.158769369125
2.153499603271
2.148994922638
2.144562005997
2.140327930450
2.135980367661
2.133405447006
2.131045103073
2.129791021347
2.127875566483
2.123717069626
2.117866992950
2.110078096390
2.103301763535
2.095651626587
2.090866088867
2.087830543518
2.084192276001
2.083668231964
2.083383798599
2.084657907486
2.085867166519
2.086410760880
2.087937831879
2.088682889938
2.088514328003
2.087632417679
2.086433410645
2.085401535034
2.084317207336
2.083182573318
2.082027912140
2.080914020538
2.079826831818
2.078746080399
2.077686548233
2.076597929001
2.075500249863
2.074399948120
2.073316097260
2.072279691696
2.071291923523
2.070726633072
2.069930315018
2.068598270416
2.067746162415
2.066929101944
2.066073179245
2.065161228180
2.064209222794
2.063252925873
2.062298297882
2.061346292496
2.060400724411
2.059484004974
2.058586835861
2.057708024979
2.056823730469
2.055931329727
2.055075883865
2.054236650467
2.053397417068
2.052562236786
2.051712274551
2.050825834274
2.049923658371
2.049017667770
2.048107624054
2.047195911407
2.046314001083
2.045463323593
2.044618606567
2.043819904327
2.043025255203
2.042236804962
2.041608810425
2.040843248367
2.040108203888
2.039578676224
2.038874149323
2.038193225861
2.037563323975
2.036968231201
2.036415815353
2.035597562790
2.035458564758
2.034657478333
2.034427642822
2.033913135529
2.033727884293
2.033203125000
2.032881021500
2.032589912415
2.032283544540
2.031957626343
2.031579017639
2.031070470810
2.030639648438
2.029984235764
2.029250144958
2.028640985489
2.027935028076
2.027152299881
2.026331186295
2.025448799133
2.024549484253
2.023633480072
2.022701025009
2.021909475327
2.020898580551
2.019674539566
2.019320249557
2.018186807632
2.017701864243
2.016671895981
2.016312599182
2.015217781067
2.014878034592
2.013784885406
2.013439416885
2.012327909470
2.012119531631
2.010825395584
2.011034250259
2.009352684021
2.009965419769
2.007608413696
2.008625984192
2.005357027054
2.006961107254
2.003782033920
2.005121707916
2.002381086349
2.003926038742
2.001222848892
2.002983093262
2.000237226486
2.001988649368
2.001044750214
2.001968622208
1.999373912811
2.001550912857
1.995285034180
2.003238916397
2.002925157547
2.237442731857
2.248795509338
2.605746269226
2.601238965988
2.589933156967
2.564021110535
2.525786638260
2.485163688660
2.449239015579
2.415980100632
2.383210420609
2.352412700653
2.323390245438
2.297927856445
2.275698661804
2.258055686951
2.241034984589
2.222840785980
2.204713821411
2.188276290894
2.173596858978
2.160875082016
2.150995731354
2.141481637955
2.134129285812
2.127675056458
2.121998786926
2.117147922516
2.115336656570
2.113281011581
2.112415075302
2.111263275146
2.111350774765
2.110696077347
2.110975503922
2.110602140427
2.110145330429
2.109423160553
2.108516693115
2.107358932495
2.106234788895
2.104707241058
2.104184389114
2.102457523346
2.102243185043
2.100699901581
2.100260257721
2.098895788193
2.098358631134
2.096990346909
2.096517562866
2.095095396042
2.094547986984
2.093583822250
2.092538118362
2.091549634933
2.090567588806
2.089565753937
2.088558673859
2.087709188461
2.086653947830
2.085825920105
2.084817647934
2.084052324295
2.083010435104
2.082194566727
2.081211805344
2.080558300018
2.079535007477
2.078721046448
2.077720165253
2.077100038528
2.076107025146
2.075311422348
2.074331283569
2.073625564575
2.072627544403
2.071651935577
2.071022033691
2.070032358170
2.069353818893
2.068368196487
2.067750215530
2.066757917404
2.065825939178
2.065218687057
2.063578128815
2.063704252243
2.061594247818
2.061882257462
2.059704303741
2.060067176819
2.057779788971
2.058146953583
2.055765628815
2.056205749512
2.053866863251
2.053606271744
2.051735639572
2.050847053528
2.049442291260
2.048112392426
2.047172546387
2.045954465866
2.045232772827
2.044116020203
2.043336153030
2.042277574539
2.041634321213
2.040648698807
2.040358543396
2.039298772812
2.038941144943
2.037822246552
2.037650108337
2.035541772842
2.036856412888
2.032896280289
2.035205841064
2.030395030975
2.037072896957
2.031916618347
2.203520298004
2.117559671402
2.405311346054
2.198860406876
2.063337087631
2.086402893066
2.042684555054
2.044712543488
2.041378021240
2.041123628616
2.041594982147
2.041022300720
2.039637088776
2.037940502167
2.036359310150
2.034411668777
2.032797336578
2.031122684479
2.029699563980
2.028411865234
2.027322769165
2.026417016983
2.025885343552
2.025613069534
2.025535583496
2.025595426559
2.025843858719
2.026018142700
2.026228666306
2.026110649109
2.026007652283
2.025465011597
2.025060176849
2.024485349655
2.024001121521
2.023465871811
2.023040294647
2.022608995438
2.022191524506
2.021359920502
2.020803213120
2.019968032837
2.019353866577
2.018569946289
2.018052816391
2.017331838608
2.016895771027
2.016196012497
2.015932559967
2.015402317047
2.014964818954
2.014617919922
2.014154434204
2.013468503952
2.012848138809
2.012104988098
2.011638879776
2.010988473892
2.011215686798
2.010418653488
2.010605573654
2.009647369385
2.009729385376
2.008381843567
2.008612155914
2.006410598755
2.007374286652
2.003175973892
2.007878303528
2.015576124191
2.215638399124
2.042278766632
2.143994331360
2.088137388229
2.321050882339
2.145997047424
2.117550134659
2.081295490265
2.045453310013
2.021355390549
2.007649183273
2.007846355438
2.022194623947
2.041201353073
2.051256656647
2.050530672073
2.043585300446
2.035404205322
2.027601718903
2.022879838943
2.020064353943
2.017539501190
2.015108823776
2.014199018478
2.014513731003
2.014583110809
2.015281677246
2.015911340714
2.016099929810
2.015591859818
2.014628171921
2.013616800308
2.012684822083
2.012029170990
2.011484146118
2.011040687561
2.010686397552
2.010652542114
2.010408878326
2.010070323944
2.009601116180
2.008906364441
2.008261919022
2.007303714752
2.006488800049
2.005584716797
2.004684209824
2.003726482391
2.002759695053
2.001970052719
2.001211881638
2.000505447388
1.999587178230
1.998854756355
1.998099803925
1.997146368027
1.996340274811
1.995569586754
1.994830369949
1.994121909142
1.993267536163
1.992611408234
1.991915702820
1.991230368614
1.990592360497
1.989962458611
1.989317178726
1.988749027252
1.988199472427
1.987685441971
1.987207770348
1.986756324768
1.986302256584
1.985836625099
1.985373020172
1.984877943993
1.984404802322
1.983922362328
1.983435273170
1.982923388481
1.982379913330
1.981849193573
1.981291174889
1.980925440788
1.980193853378
1.979875445366
1.979430794716
1.979048013687
1.978590011597
1.977996945381
1.977415800095
1.976866245270
1.976345896721
1.975884556770
1.975459337234
1.975672841072
1.974635958672
1.974829316139
1.972965478897
1.973598241806
1.971503138542
1.972401380539
1.981242060661
2.120323181152
2.120293617249
2.658013105392
2.477039575577
2.168814420700
2.076425552368
2.000244617462
2.020704507828
2.026695966721
2.014152765274
2.013895750046
2.014954805374
2.014800548553
2.013473510742
2.011895418167
2.010053157806
2.008548498154
2.006995677948
2.006025075912
2.005016565323
2.004026412964
2.002422809601
1.999698281288
1.998349547386
1.996989250183
1.995818972588
1.995065093040
1.994530200958
1.994146585464
1.993621706963
1.993035078049
1.992060303688
1.991160511971
1.990165948868
1.989257335663
1.988627314568
1.987470626831
1.986748099327
1.985979199409
1.985197544098
1.984451770782
1.983551859856
1.982766151428
1.981827020645
1.980856895447
1.979786872864
1.978776931763
1.977751970291
1.976877450943
1.975931525230
1.975155472755
1.974212050438
1.973519444466
1.972814559937
1.972220778465
1.971659302711
1.971156835556
1.970654010773
1.970338940620
1.969702363014
1.969507455826
1.968987584114
1.968798518181
1.968095302582
1.967940688133
1.967224359512
1.967343688011
1.965667963028
1.966804862022
1.963108062744
1.967968344688
1.981329321861
2.171704292297
2.012113094330
2.166766881943
2.261585474014
2.527053594589
2.540155649185
2.523836851120
2.481821775436
2.418480634689
2.356861591339
2.318557500839
2.298437833786
2.286215066910
2.277004241943
2.265981912613
2.252819061279
2.241754055023
2.233242750168
2.227603912354
2.224174499512
2.220509529114
2.217435836792
2.214655876160
2.211110830307
2.205578327179
2.202345609665
2.197436332703
2.193045377731
2.188428878784
2.184293746948
2.180124759674
2.175495147705
2.174487352371
2.169250488281
2.169863462448
2.165377616882
2.167109489441
2.163440227509
2.166040897369
2.160413980484
2.164525270462
2.154783010483
2.186067342758
2.177256345749
2.400446176529
2.365516662598
2.246857881546
2.197848081589
2.197401762009
2.158084154129
2.166720867157
2.142545461655
2.151255130768
2.137319326401
2.138702869415
2.137996196747
2.135674476624
2.136064052582
2.131588459015
2.133141279221
2.128637790680
2.127615451813
2.122130393982
2.123354673386
2.117074012756
2.119540691376
2.117688655853
2.117256402969
2.116079092026
2.115445137024
2.114306211472
2.113697767258
2.112471580505
2.111499547958
2.110846281052
2.109766244888
2.109225988388
2.108197927475
2.107596158981
2.106624126434
2.105926275253
2.104962825775
2.103947639465
2.103351116180
2.102009296417
2.101314067841
2.100242137909
2.099362611771
2.098277568817
2.097348451614
2.096516370773
2.095515012741
2.094408988953
2.093848943710
2.092837095261
2.091807842255
2.091064453125
2.090025186539
2.089290142059
2.088179588318
2.087668657303
2.086680650711
2.085618972778
2.084854841232
2.083809375763
2.083464384079
2.081882476807
2.082157373428
