4.155427932739
4.150881290436
4.144568443298
4.136893272400
4.128026485443
4.118121147156
4.107333183289
4.095585346222
4.082919597626
4.069411754608
4.055258274078
4.040270328522
4.024203300476
4.007090568542
3.988621234894
3.968414306641
3.945235729218
3.919098615646
3.889952182770
3.856006145477
3.820255279541
3.783624172211
3.748628139496
3.720910549164
3.695846557617
3.665454626083
3.641451358795
3.641960620880
3.571578979492
4.026198387146
4.310503005981
3.864543914795
3.840107440948
3.826053857803
3.815161228180
3.804734706879
3.794373989105
3.783905506134
3.773412227631
3.762778520584
3.752310276031
3.742710351944
3.734384536743
3.727155685425
3.717670917511
3.702332019806
3.684273242950
3.670620918274
3.659036159515
3.644695043564
3.632984399796
3.618741273880
3.608151912689
3.586937904358
3.595865726471
3.546234130859
3.687492609024
3.547585964203
3.538935899734
3.537921667099
3.539837121964
3.529275417328
3.515717744827
3.497148513794
3.495933771133
3.442213058472
3.636788845062
3.421020984650
3.391067266464
3.460479497910
3.432834148407
3.402362346649
3.382415294647
3.359871387482
3.346237182617
3.328519344330
3.327404499054
3.299328804016
3.319450378418
3.251185417175
3.457322120667
3.244128704071
3.258790016174
3.257723093033
3.250755548477
3.247321605682
3.256129264832
3.264255046844
3.239336252213
3.202820301056
3.173520565033
3.150270938873
3.133539199829
3.126589536667
3.122907876968
3.114229679108
3.105656385422
3.092848777771
3.079183101654
3.066009759903
3.055083274841
3.043948173523
3.032114505768
3.019841909409
3.006176948547
2.992785930634
2.978670597076
2.963639974594
2.947679519653
2.929171800613
2.912440538406
2.889250993729
2.883544445038
3.078872442245
5.655365943909
3.066132545471
3.065601587296
3.068236351013
3.072948455811
3.078903198242
3.085517406464
3.092360973358
3.099098920822
3.105502367020
3.111366987228
3.116531372070
3.120832443237
3.124044895172
3.125790119171
3.125577926636
3.123249053955
3.119169712067
3.113892793655
3.108338356018
3.103131055832
3.097913742065
3.091962099075
3.085506439209
3.079160690308
3.072635889053
3.065429449081
3.057367563248
3.048332691193
3.038222551346
3.027184486389
3.015399694443
3.003052234650
2.989929676056
2.976259708405
2.962513923645
2.949777126312
2.937761783600
2.926660060883
2.915326118469
2.902702331543
2.885414123535
2.866047382355
2.842414617538
2.821789264679
2.795114040375
2.799527883530
2.759706974030
3.032535314560
2.754577636719
2.690995454788
2.699496746063
2.688547611237
2.675115585327
2.664965629578
2.654537200928
2.646687507629
2.637253284454
2.628322601318
2.622485160828
2.615833759308
2.607410430908
2.602918624878
2.592306613922
2.586007118225
2.578967094421
2.570031642914
2.562962055206
2.556510210037
2.550868034363
2.546857595444
2.536612272263
2.533108711243
2.525069952011
2.516343116760
2.508139610291
2.500666618347
2.491270303726
2.484742641449
2.479574203491
2.470131874084
2.466169834137
2.451343297958
2.467386722565
2.418705463409
4.162443637848
2.673899650574
2.714609622955
2.689432621002
2.661628723145
2.638813734055
2.625165224075
2.615238666534
2.602812290192
2.591099023819
2.577562808990
2.570029497147
2.559378385544
2.559283733368
2.540726184845
2.624571800232
2.652101993561
2.892274141312
2.867380619049
2.844570159912
2.831212282181
2.821888685226
2.800099372864
2.779350757599
2.752859354019
2.723254203796
2.695323944092
2.673577070236
2.660353183746
2.651002645493
2.649880170822
2.646857976913
2.647922277451
2.630787372589
2.635850191116
2.590687751770
2.785980939865
2.580141544342
2.722007989883
2.573998212814
2.591357707977
2.553452730179
2.587738275528
2.489652395248
2.766687393188
2.518566608429
2.474081516266
2.558362960815
2.440131664276
2.767270565033
2.653210639954
2.487463474274
2.486814498901
2.404295682907
2.442749261856
2.380847692490
2.412068128586
2.366469621658
2.430704832077
2.349750757217
2.558102607727
2.335886001587
2.513005495071
2.325034618378
2.415489912033
2.311978578568
2.412746429443
2.296481847763
2.446017980576
2.277086734772
2.528001308441
2.282450675964
2.429554939270
2.303887367249
2.292533636093
2.290799379349
2.284848928452
2.289232969284
2.280409097672
2.288272857666
2.273169040680
2.280419826508
2.256870269775
2.272793769836
2.262178897858
2.273135900497
2.251521825790
2.266935586929
2.230201244354
2.366980075836
2.441520690918
2.434033155441
2.376336097717
2.386099338531
2.342814445496
2.305297851562
2.272827863693
2.258171796799
2.262610673904
2.272458553314
2.260961294174
2.264807462692
2.226387500763
2.360571384430
2.446997642517
3.000288486481
2.716573953629
2.701846361160
2.696200609207
2.691405296326
2.685513019562
2.678473949432
2.670857906342
2.663499355316
2.657149314880
2.652676343918
2.650272369385
2.648902416229
2.645460605621
2.636068820953
2.619390487671
2.598663568497
2.575659275055
2.549781799316
2.521798610687
2.489331245422
2.452853202820
2.415174961090
2.383294582367
2.362111806870
2.352926015854
2.348901510239
2.344748020172
2.341266870499
2.332224607468
2.322213172913
2.305167675018
2.287056684494
2.264059066772
2.249159812927
2.215384244919
2.460600852966
3.149487972260
2.571219921112
2.578845024109
2.582267284393
2.584731578827
2.586956024170
2.588863134384
2.590369224548
2.591475009918
2.592184782028
2.592472314835
2.592346906662
2.591778278351
2.590838193893
2.589597225189
2.588119983673
2.586447715759
2.584598064423
2.582593441010
2.580447196960
2.578128576279
2.575682640076
2.573147773743
2.570551156998
2.567910909653
2.565228223801
2.562510251999
2.559778451920
2.557030916214
2.554280519485
2.551443815231
2.548606157303
2.545767307281
2.542918682098
2.540063858032
2.537207126617
2.534353494644
2.531508922577
2.528675317764
2.525877475739
2.523119449615
2.520395278931
2.517702579498
2.515038490295
2.512396097183
2.509768962860
2.507145166397
2.504515647888
2.501868247986
2.499161958694
2.496394157410
2.493535041809
2.490576744080
2.487486362457
2.484234809875
2.480761051178
2.477079629898
2.473019599915
2.468493461609
2.463303327560
2.457287549973
2.449988365173
2.440945625305
2.429512262344
2.414377927780
2.394111633301
2.366737365723
2.330984592438
2.288981676102
2.249273538589
2.222449779510
2.213313817978
2.215048313141
2.216517448425
2.216112136841
2.210744857788
2.203727245331
2.199195146561
2.193358182907
2.189755678177
2.188216686249
2.183994531631
2.179242372513
2.174250841141
2.164963722229
2.174406528473
2.131515026093
2.644459009171
3.204060792923
2.601202964783
2.597002744675
2.597761869431
2.602233886719
2.607753992081
2.613401412964
2.618686199188
2.623293876648
2.627275943756
2.630729913712
2.633688926697
2.636126041412
2.638456821442
2.640057563782
2.641180515289
2.640981674194
2.639772653580
2.637470006943
2.634481430054
2.630925178528
2.626818895340
2.622685909271
2.618805885315
2.615486621857
2.612823724747
2.610641241074
2.609006643295
2.607028245926
2.605751991272
2.604624032974
2.605923175812
2.610510349274
2.603510379791
2.595421314240
2.585547924042
2.574118614197
2.563628673553
2.556895971298
2.551281452179
2.545279026031
2.535916328430
2.529555320740
2.522515296936
2.515526771545
2.509091615677
2.504070758820
2.499417543411
2.493406057358
2.487408638000
2.480869770050
2.474732398987
2.468054533005
2.461734294891
2.455573797226
2.449639320374
2.443590164185
2.437095880508
2.430225610733
2.423097133636
2.416399955750
2.409724473953
2.402659177780
2.395932197571
2.390019178391
2.383459329605
2.376092910767
2.365422248840
2.569582700729
2.708502531052
2.438581943512
2.429046392441
2.420418500900
2.412522554398
2.405360460281
2.399689674377
2.395426988602
2.392920255661
2.392269611359
2.392719507217
2.394270181656
2.396432399750
2.400468587875
2.406951904297
2.415220975876
2.421594619751
2.424551010132
2.423508167267
2.418743848801
2.411191463470
2.401816129684
2.391578197479
2.380671501160
2.371062517166
2.363198041916
2.355222225189
2.349453926086
2.346059799194
2.343319892883
2.342995882034
2.342687368393
2.343332767487
2.340721845627
2.337846040726
2.331454515457
2.326540231705
2.320694923401
2.319149255753
2.313694238663
2.313553810120
2.309575796127
2.308936595917
2.302618026733
2.301075458527
2.295445203781
2.294404506683
2.286366701126
2.285399675369
2.276828765869
2.275762081146
2.267052173615
2.265964269638
2.261454582214
2.257096052170
2.252152442932
2.246622800827
2.239373683929
2.231883049011
2.223270654678
2.215245246887
2.203850030899
2.193289279938
2.185801506042
2.178589344025
2.175111770630
2.167040586472
2.171703577042
2.150052070618
2.318203926086
2.634480237961
2.689922332764
2.682463884354
2.675727605820
2.667193889618
2.658422708511
2.650615215302
2.643740177155
2.637107372284
2.630308866501
2.623264789581
2.616082668304
2.608829259872
2.601575374603
2.594420433044
2.587328433990
2.580416917801
2.573716878891
2.567234277725
2.561015844345
2.555073261261
2.549365043640
2.543926239014
2.538734436035
2.533720254898
2.528921365738
2.524375915527
2.520068407059
2.515971422195
2.512070655823
2.508361339569
2.504733324051
2.501233577728
2.497855901718
2.494612932205
2.491489887238
2.488489151001
2.485599756241
2.482814550400
2.480128288269
2.477536678314
2.475049734116
2.472669363022
2.470385551453
2.468204736710
2.466128110886
2.464140415192
2.462237596512
2.460416316986
2.458667755127
2.456987619400
2.455368995667
2.453807353973
2.452299356461
2.450840711594
2.449429035187
2.448061466217
2.446735382080
2.445433855057
2.444166421890
2.442864179611
2.441572904587
2.440290212631
2.439016580582
2.437753915787
2.436502695084
2.435262680054
2.434034585953
2.432818651199
2.431614637375
2.430423736572
2.429246187210
2.428081035614
2.426926851273
2.425784111023
2.424652338028
2.423530578613
2.422420263290
2.421336412430
2.420267581940
2.419227123260
2.418204545975
2.417200326920
2.416210412979
2.415234088898
2.414283275604
2.413349628448
2.412429809570
2.411522626877
2.410626411438
2.409739017487
2.408858060837
2.407980680466
2.407091856003
2.406169414520
2.405228853226
2.404323339462
2.403419733047
2.402514696121
2.401593446732
2.400657176971
2.399684906006
2.398635387421
2.397523641586
2.396389007568
2.395159244537
2.393795013428
2.392259120941
2.390617847443
2.388803720474
2.386777400970
2.384528398514
2.382033586502
2.379434585571
2.376531839371
2.373141765594
2.368609666824
2.363320827484
2.357424497604
2.352460622787
2.349433183670
2.349641561508
2.350186586380
2.350244045258
2.343804121017
2.333460330963
2.321562528610
2.313863277435
2.308023452759
2.304306983948
2.301781892776
2.300914525986
2.299323081970
2.297122240067
2.295672655106
2.293045043945
2.290494441986
2.287142276764
2.284084320068
2.280583143234
2.278161048889
2.274865865707
2.272800683975
2.270287990570
2.268528699875
2.266268730164
2.264711380005
2.262123107910
2.260151147842
2.257144451141
2.254808425903
2.250611066818
2.247903585434
2.243281126022
2.240391731262
2.237267017365
2.234343051910
2.231586456299
2.229215383530
2.226839780807
2.224331617355
2.221868038177
2.219459056854
2.216252088547
2.213660955429
2.211027145386
2.208064317703
2.205330848694
2.202792406082
2.200762033463
2.198508739471
2.196973800659
2.195321559906
2.193756818771
2.192017316818
2.190597295761
2.189208030701
2.187738656998
2.186262845993
2.184831380844
2.183455467224
2.182132244110
2.180828332901
2.179537773132
2.178576707840
2.177335023880
2.176069736481
2.174899339676
2.173703193665
2.172491312027
2.171252489090
2.169982671738
2.168697595596
2.167319536209
2.165961027145
2.164889574051
2.163682460785
2.162485122681
2.161231040955
2.160008430481
2.158793449402
2.157573699951
2.156353712082
2.155124187469
2.153881549835
2.152615547180
2.151367902756
2.149954319000
2.148608207703
2.147285699844
2.146087169647
2.144785642624
2.143458604813
2.142096519470
2.140740156174
2.139351367950
2.137975454330
2.136640310287
2.135281562805
2.133911609650
2.132502317429
2.131150484085
2.129727125168
2.127892255783
2.126289606094
2.124700546265
2.123524427414
2.122227668762
2.120809316635
2.119549512863
2.118250370026
2.117158412933
2.116170406342
2.114906787872
2.113494634628
2.111968994141
2.109822750092
2.108063697815
2.106072425842
2.104144811630
2.102187871933
2.100183010101
2.098104000092
2.096149921417
2.093672513962
2.090875625610
2.088892698288
2.086990118027
2.084950447083
2.082729339600
2.080197095871
2.077795267105
2.075207710266
2.072737216949
2.069037437439
2.064291715622
2.066328763962
2.046938180923
2.211961269379
2.655494213104
2.218470573425
2.258956909180
2.228839874268
2.214483261108
2.217927455902
2.225603342056
2.234671354294
2.239926338196
2.232640266418
2.222672224045
2.216984272003
2.214178323746
2.213060855865
2.213011503220
2.213463068008
2.213875770569
2.213876962662
2.212415218353
2.212062358856
2.211666822433
2.210942983627
2.209831714630
2.208304405212
2.206651687622
2.204716444016
2.202054262161
2.198930025101
2.196138143539
2.193201541901
2.190042257309
2.186908245087
2.183628320694
2.180758953094
2.177752733231
2.175076484680
2.172307252884
2.169215202332
2.166312456131
2.163162946701
2.160120248795
2.157000780106
2.154022216797
2.150918245316
2.147862672806
2.144522190094
2.141481876373
2.139030694962
2.135440349579
2.134525775909
2.128242254257
2.128261566162
2.125111818314
2.122659683228
2.118169784546
2.118932485580
2.106608867645
2.150497198105
2.192742586136
2.400413036346
2.449315309525
2.318688392639
2.324769973755
2.326674699783
2.328513622284
2.330311059952
2.332053184509
2.333735227585
2.335382223129
2.337016582489
2.338662624359
2.340342998505
2.342074871063
2.343873023987
2.345744848251
2.347694396973
2.349719762802
2.351819038391
2.353987932205
2.356215953827
2.358486890793
2.360772132874
2.363072872162
2.365368366241
2.367652654648
2.369952917099
2.372189760208
2.374395370483
2.376553535461
2.378642320633
2.380651712418
2.382566452026
2.384387493134
2.386072397232
2.387652158737
2.389133214951
2.390503168106
2.391700744629
2.392776250839
2.393717527390
2.394542694092
2.395244598389
2.395842075348
2.396326541901
2.396698236465
2.396961927414
2.397121429443
2.397178173065
2.397133350372
2.396988868713
2.396745920181
2.396402597427
2.395940303802
2.395371198654
2.394691467285
2.393888235092
2.392937660217
2.391839027405
2.390578031540
2.389125347137
2.387466907501
2.385672330856
2.383994340897
2.382399559021
2.381169080734
2.380246877670
2.379531383514
2.378972530365
2.378589630127
2.378334283829
2.378182411194
2.378068923950
2.378033399582
2.378031969070
2.378074884415
2.378108263016
2.378071308136
2.377949953079
2.377759218216
2.377491712570
2.377152442932
2.376747369766
2.376286268234
2.375779390335
2.375247478485
2.374769210815
2.374315738678
2.373888492584
2.373464822769
2.373071908951
2.372698307037
2.372341156006
2.371996164322
2.371665239334
2.371340513229
2.371019601822
2.370696544647
2.370367288589
2.370025634766
2.369648933411
2.369249343872
2.368828058243
2.368387937546
2.367924451828
2.367446422577
2.366954803467
2.366446495056
2.365923404694
2.365379095078
2.364826679230
2.364265203476
2.363688707352
2.363101243973
2.362495422363
2.361873149872
2.361228942871
2.360559463501
2.359853506088
2.359113216400
2.358274459839
2.357305288315
2.356227636337
2.355154275894
2.354001045227
2.352747201920
2.351301431656
2.349615812302
2.347762823105
2.345570325851
2.342928647995
2.339759349823
2.335823059082
2.330751419067
2.324361324310
2.315859556198
2.304599523544
2.289967298508
2.271973133087
2.252104282379
2.234593391418
2.227779388428
2.235635519028
2.244067430496
2.247971773148
2.249588251114
2.244507312775
2.238824367523
2.233273029327
2.224431991577
2.221829175949
2.220305204391
2.217444181442
2.215835332870
2.213131904602
2.212036132812
2.211343526840
2.210803270340
2.210220336914
2.207404375076
2.207183361053
2.206425905228
2.203952312469
2.202561855316
2.199682474136
2.198046207428
2.195327758789
2.193470001221
2.190151453018
2.188098430634
2.184589147568
2.181052684784
2.177518844604
2.173913717270
2.170080900192
2.164957284927
2.160800695419
2.155483484268
2.150179624557
2.144769906998
2.139443397522
2.134054660797
2.128803730011
2.124579191208
2.119724750519
2.116236448288
2.113131284714
2.110367536545
2.108130455017
2.106108427048
2.103178739548
2.101799488068
2.099681138992
2.096649646759
2.095074176788
2.094400882721
2.094315052032
2.093256950378
2.092868328094
2.092362880707
2.091779947281
2.090749263763
2.089592933655
2.088569641113
2.087580204010
2.086753368378
2.086237192154
2.085918188095
2.085770845413
2.085653781891
2.085652351379
2.085731267929
2.085845470428
2.085874319077
2.085835695267
2.085594177246
2.085534095764
2.085476636887
2.085124731064
2.084659337997
2.084149599075
2.083755016327
2.083348512650
2.082668781281
2.082201719284
2.081682205200
2.080901145935
2.080866813660
2.080132961273
2.080043792725
2.079183101654
2.078460454941
2.078300237656
2.077435255051
2.077285766602
2.076373577118
2.076114177704
2.075827836990
2.074667453766
2.074521780014
2.074293613434
2.073403358459
2.073195695877
2.072871446609
2.072572469711
2.071578502655
2.071808338165
2.071447134018
2.070918798447
2.070488929749
2.070084095001
2.069631576538
2.069207906723
2.068743944168
2.068279981613
2.067784070969
2.067706584930
2.067037105560
2.066948652267
2.066288232803
2.066200256348
2.065384626389
2.065429925919
2.064535140991
2.064553022385
2.063347578049
2.063614606857
2.062347173691
2.062762737274
2.061277151108
2.061796903610
2.060145854950
2.059676647186
2.058929681778
2.058273077011
2.057451725006
2.057031869888
2.055803060532
2.055969953537
2.054191350937
2.052231788635
2.050689220428
2.049974918365
2.048400878906
2.047073602676
2.044250011444
2.043089151382
2.044319868088
2.044920206070
2.045670270920
2.044648170471
2.040544748306
2.041960954666
2.036620855331
2.034702062607
2.031338453293
2.030177116394
2.027181863785
2.020818948746
2.024129390717
2.011038780212
2.048899173737
2.077598094940
2.932026863098
2.911631345749
2.883767366409
2.849808454514
2.811655282974
2.771135568619
2.729345560074
2.686715602875
2.642285108566
2.593067646027
2.531570911407
2.452320575714
2.440008163452
2.432672739029
2.424941062927
2.417644977570
2.410896062851
2.405103683472
2.399767637253
2.394971847534
2.390451192856
2.386216878891
2.382266044617
2.378621101379
2.375117778778
2.371797323227
2.368651151657
2.365701198578
2.362765312195
2.359870672226
2.357007503510
2.354233264923
2.351380825043
2.348529338837
2.345644950867
2.342818498611
2.340042114258
2.337422370911
2.335253477097
2.333532571793
2.332244873047
2.331372022629
2.330870389938
2.330675363541
2.330687284470
2.330860853195
2.331146001816
2.331490278244
2.331792354584
2.332034587860
2.332200765610
2.332120895386
2.331670045853
2.330888748169
2.329667806625
2.328622579575
2.327406167984
2.325907230377
2.324052095413
2.321808576584
2.318998575211
2.315659523010
2.311854362488
2.308381795883
2.304810047150
2.300959348679
2.296877145767
2.292501449585
2.287807941437
2.282764673233
2.277246713638
2.271052598953
2.264610052109
2.258012294769
2.251237154007
2.244410753250
2.237505674362
2.231215000153
2.225166797638
2.219263553619
2.211416482925
2.206402301788
2.202501058578
2.199456214905
2.196933984756
2.194527864456
2.191758632660
2.188026905060
2.184003114700
2.179098844528
2.173895120621
2.168586492538
2.163281917572
2.157968997955
2.152584552765
2.147081613541
2.141423940659
2.135543584824
2.129576921463
2.123556137085
2.117544889450
2.111606836319
2.105936765671
2.100648164749
2.093536138535
2.089949131012
2.088201045990
2.087300062180
2.086054801941
2.084963560104
2.084322929382
2.083736896515
2.083157062531
2.082447052002
2.081835031509
2.081350564957
2.080913543701
2.080871105194
2.080691576004
2.080298185349
2.079747676849
2.079407930374
2.079053401947
2.078694105148
2.078424215317
2.078097820282
2.077857255936
2.077536344528
2.077192068100
2.076827764511
2.076438665390
2.075982093811
2.075461864471
2.074816942215
2.074187755585
2.074198246002
2.073793411255
2.073205709457
2.072478294373
2.071658134460
2.070821762085
2.069998264313
2.069187641144
2.068387746811
2.067565679550
2.066731214523
2.065883398056
2.065019845963
2.064127206802
2.063208580017
2.062273025513
2.061327457428
2.060361623764
2.059363842010
2.058319091797
2.057273387909
2.055131196976
2.053807497025
2.052786350250
2.051580429077
2.050383090973
2.049194574356
2.048011302948
2.046807527542
2.045573234558
2.044303894043
2.042992115021
2.041777610779
2.040493488312
2.039167165756
2.038601875305
2.036627054214
2.036234855652
2.034019708633
2.034347534180
2.030941724777
2.032020330429
2.024856567383
2.029081821442
2.024216413498
2.028923273087
2.010829448700
2.037430524826
1.987204432487
2.344995021820
2.072723388672
2.485460281372
2.205434083939
2.178363561630
2.158246040344
2.142902851105
2.134378910065
2.127506017685
2.120998859406
2.114354133606
2.108339786530
2.102431297302
2.101292610168
2.100375175476
2.102125644684
2.102808475494
2.099258661270
2.093502283096
2.084060192108
2.077597618103
2.068354606628
2.064903020859
2.063977479935
2.059186697006
2.059558629990
2.057912826538
2.058447122574
2.057633876801
2.055403947830
2.057404756546
2.058735132217
2.058619976044
2.057301521301
2.055472612381
2.054320096970
2.053212642670
2.052114486694
2.051080942154
2.050235033035
2.049506664276
2.048820734024
2.048176288605
2.047411918640
2.046554565430
2.045614957809
2.044615507126
2.043643236160
2.042698383331
2.042867183685
2.042396545410
2.040392875671
2.039565086365
2.038800477982
2.037967681885
2.037022352219
2.035995006561
2.034931898117
2.033857107162
2.032791614532
2.031733512878
2.030708312988
2.029697656631
2.028689384460
2.027649164200
2.026576757431
2.025518655777
2.024464130402
2.023411512375
2.022362470627
2.021299600601
2.020176649094
2.019003391266
2.017805576324
2.016581296921
2.015331983566
2.014086961746
2.012835502625
2.011555433273
2.010308742523
2.009036779404
2.007759094238
2.006803989410
2.005455970764
2.004052400589
2.003079891205
2.001660108566
2.000247478485
1.998978137970
1.997785806656
1.996615290642
1.994737625122
1.994440078735
1.992530226707
1.991966962814
1.990766167641
1.990321516991
1.989116907120
1.988414168358
1.987786054611
1.987168073654
1.986502528191
1.985778212547
1.984930396080
1.984365344048
1.983319640160
1.982134342194
1.981289505959
1.980241060257
1.979159593582
1.978020191193
1.976732373238
1.975399017334
1.974065661430
1.972702503204
1.971644520760
1.970085263252
1.967980027199
1.967894196510
1.966119170189
1.965766549110
1.964105963707
1.963922381401
1.962069272995
1.961897015572
1.959941625595
1.959755063057
1.957820296288
1.957994937897
1.955615997314
1.956930637360
1.953778266907
1.956081628799
1.951391220093
1.954723238945
1.947691321373
1.952603697777
1.945809960365
1.950038075447
1.944208860397
1.948869585991
1.943130731583
1.948202133179
1.941997170448
1.947085976601
1.945539474487
1.948214292526
1.942342519760
1.948052644730
1.931557297707
1.948381543159
1.912303447723
2.261052608490
2.068698167801
2.757684469223
2.748819351196
2.724476099014
2.682044267654
2.625545740128
2.571164846420
2.522492647171
2.474911451340
2.419782161713
2.362333297729
2.305911779404
2.256417036057
2.218240976334
2.192395210266
2.174654006958
2.160205602646
2.146816968918
2.137593746185
2.130610942841
2.125166654587
2.122134923935
2.114866256714
2.107803344727
2.099304199219
2.090064048767
2.081040382385
2.078063964844
2.074074506760
2.072886228561
2.071515321732
2.073210239410
2.073459625244
2.075662136078
2.076158285141
2.076099395752
2.075221061707
2.073924064636
2.072220563889
2.070866823196
2.068829774857
2.069530725479
2.067548274994
2.069071054459
2.067498207092
2.068394899368
2.067016839981
2.067360877991
2.065554380417
2.065802574158
2.063784122467
2.063848495483
2.062945604324
2.061839818954
2.060811042786
2.059759855270
2.058623790741
2.057452440262
2.056621074677
2.055274486542
2.054416179657
2.053106307983
2.052337408066
2.050919532776
2.049979686737
2.048645973206
2.048055171967
2.046635389328
2.045711040497
2.044376611710
2.043900251389
2.042586565018
2.041753053665
2.040505409241
2.039910793304
2.038650989532
2.037458896637
2.037065505981
2.035835981369
2.035274267197
2.034021615982
2.033612966537
2.032393932343
2.031278133392
2.030904769897
2.028100490570
2.029420137405
2.025622844696
2.027408599854
2.023588180542
2.025499105453
2.021268367767
2.023238897324
2.018888950348
2.021040201187
2.016782045364
2.017279386520
2.014166831970
2.013325452805
2.011468887329
2.009752273560
2.008837461472
2.007067918777
2.006361722946
2.004631280899
2.003583669662
2.001741647720
2.000904798508
1.999125242233
1.999182820320
1.997221827507
1.997205972672
1.995167374611
1.995708227158
1.990846991539
1.995492339134
1.984968543053
1.993131995201
1.979626655579
1.998539090157
1.961044788361
2.230523109436
1.999449014664
2.496675252914
2.240051507950
2.015027761459
2.075989484787
1.976253271103
1.994406104088
1.987411141396
1.990515232086
1.995578289032
1.997917413712
1.997969150543
1.996654391289
1.995176434517
1.992250800133
1.989616394043
1.986442565918
1.983881711960
1.981635689735
1.979700207710
1.977994680405
1.976914167404
1.976252675056
1.975766777992
1.975345373154
1.975245118141
1.975073814392
1.975199103355
1.974639534950
1.974573135376
1.973566293716
1.973275184631
1.972613930702
1.972230315208
1.971637606621
1.971341729164
1.970986843109
1.970748782158
1.969288349152
1.968794345856
1.967483878136
1.966936349869
1.965917825699
1.965729951859
1.964881062508
1.964858412743
1.963956594467
1.964324951172
1.963764667511
1.963473796844
1.963356137276
1.962857484818
1.961756706238
1.960864067078
1.959622979164
1.959236025810
1.958247423172
1.959821343422
1.958290219307
1.959757566452
1.957648515701
1.958942413330
1.955773353577
1.957800865173
1.951921582222
1.956506490707
1.942586183548
1.958214640617
1.928540945053
2.234892606735
1.939185261726
2.155674934387
1.968233108521
2.380698442459
2.126559734344
2.047766685486
2.041037797928
1.991146445274
1.962512135506
1.947068810463
1.949910402298
1.969767451286
1.996555566788
2.013464212418
2.014068841934
2.004424095154
1.992555975914
1.981001973152
1.975606560707
1.973468422890
1.970341444016
1.965782999992
1.964509606361
1.965651631355
1.965252757072
1.966440439224
1.967345714569
1.967524647713
1.966352701187
1.964372396469
1.962564349174
1.960961818695
1.960056185722
1.959215044975
1.958401799202
1.957569479942
1.957374811172
1.956676721573
1.955897688866
1.955062985420
1.953945517540
1.953165054321
1.951712012291
1.950780630112
1.949725866318
1.948648333549
1.947379469872
1.946078538895
1.945274591446
1.944564223289
1.944015383720
1.942919850349
1.942413926125
1.941866397858
1.940874576569
1.940296649933
1.939771533012
1.939285755157
1.938854098320
1.938028097153
1.937789678574
1.937437295914
1.937054038048
1.936741709709
1.936454057693
1.936106085777
1.935909390450
1.935670137405
1.935494184494
1.935260415077
1.935079932213
1.934962987900
1.934742689133
1.934512853622
1.934237003326
1.934027552605
1.933779835701
1.933563709259
1.933331370354
1.933009982109
1.932791233063
1.932441234589
1.932726144791
1.931777834892
1.932301759720
1.932043194771
1.932277083397
1.932091355324
1.931619882584
1.931094050407
1.930657267570
1.930247545242
1.930038094521
1.929835796356
1.931512117386
1.929142713547
1.931428432465
1.925686597824
1.930389404297
1.921328544617
1.929236769676
1.907957196236
2.118171930313
1.970460414886
2.835855960846
2.604073524475
2.218303203583
2.056626796722
1.945490717888
1.936323761940
1.987328171730
1.955114126205
1.959291815758
1.966576695442
1.971995711327
1.974302649498
1.974783301353
1.972499847412
1.970312356949
1.967661976814
1.966440916061
1.965301632881
1.964865684509
1.963086605072
1.958438873291
1.957119822502
1.955237627029
1.953200101852
1.951741099358
1.950287818909
1.949010968208
1.947491884232
1.945923924446
1.943691372871
1.942079186440
1.940394520760
1.939016938210
1.938548803329
1.936552762985
1.936020970345
1.935367345810
1.934621214867
1.934053301811
1.933007121086
1.932632207870
1.931937456131
1.931378960609
1.930701375008
1.930082440376
1.929353117943
1.929211974144
1.928701162338
1.928573846817
1.927732229233
1.927597761154
1.927217841148
1.927136182785
1.926997780800
1.927068471909
1.926993489265
1.927452802658
1.926846146584
1.927664518356
1.927205801010
1.928029179573
1.926991462708
1.927971363068
1.926642179489
1.928375720978
1.923895835876
1.929037332535
1.915679454803
1.931850790977
1.907697558403
2.188743591309
1.923610329628
2.206095695496
2.104132890701
2.664559125900
2.677124500275
2.653742074966
2.594007730484
2.506256103516
2.403652191162
2.333651304245
2.303009033203
2.290621280670
2.278573989868
2.262486457825
2.240272998810
2.221908569336
2.208364009857
2.202297687531
2.202417850494
2.201574087143
2.201683998108
2.201525211334
2.198012590408
2.188472986221
2.185911178589
2.178783655167
2.173186063766
2.166831254959
2.161902189255
2.156677246094
2.149472951889
2.151844024658
2.142214059830
2.147117614746
2.137312412262
2.143471002579
2.133981943130
2.141345262527
2.125978708267
2.136851549149
2.110170125961
2.175956010818
2.087432384491
2.487126827240
2.439568519592
2.278695344925
2.149703979492
2.182391643524
2.087974548340
2.139953851700
2.094354152679
2.124251842499
2.099215745926
2.107054471970
2.108198642731
2.104116916656
2.107065677643
2.097565650940
2.104260206223
2.097180366516
2.098044157028
2.087576866150
2.093607902527
2.079708099365
2.087835311890
2.085096597672
2.085245370865
2.083657741547
2.083153009415
2.081394910812
2.080807685852
2.078893899918
2.077530384064
2.076961517334
2.075559854507
2.075332403183
2.074108123779
2.073811054230
2.072753429413
2.072340011597
2.071326494217
2.070233583450
2.070212841034
2.068549394608
2.068133831024
2.066881656647
2.066089153290
2.064988851547
2.064087152481
2.063297748566
2.062057018280
2.060603141785
2.060343265533
2.059214353561
2.057818174362
2.057037591934
2.055617809296
2.054911613464
2.053431749344
2.053313255310
2.052275419235
2.050850152969
2.050069332123
2.048652887344
2.048929929733
2.046504020691
2.048046588898
