4.128507614136
4.124749183655
4.119486808777
4.112981796265
4.105383396149
4.096793651581
4.087306499481
4.076894283295
4.065646648407
4.053654670715
4.041049003601
4.027763366699
4.013699054718
3.998915195465
3.983242511749
3.966588497162
3.948588132858
3.929107666016
3.908033370972
3.884851932526
3.860092163086
3.833809137344
3.806012630463
3.776885032654
3.747273921967
3.718096017838
3.690650463104
3.667011260986
3.649750709534
3.768771171570
5.095085144043
3.793834686279
3.783119201660
3.773177862167
3.764026165009
3.755048274994
3.745963573456
3.736700057983
3.727237224579
3.717184543610
3.706444740295
3.695080995560
3.683090686798
3.670774221420
3.657095909119
3.641272068024
3.624626874924
3.608945846558
3.593730926514
3.578208684921
3.563521623611
3.548454284668
3.534620761871
3.518459320068
3.512018680573
3.521494865417
3.564700126648
3.550906181335
3.534791231155
3.515770435333
3.498307704926
3.485233306885
3.473768472672
3.461307525635
3.440999031067
3.424338340759
3.437641620636
3.537354946136
3.458994626999
3.435833215714
3.395011425018
3.364928007126
3.342973709106
3.327417850494
3.319464206696
3.311071872711
3.305396556854
3.288581371307
3.294527530670
3.264026165009
3.407222270966
3.325956344604
3.307380199432
3.299732446671
3.275280714035
3.238721847534
3.200952053070
3.176753282547
3.166616439819
3.164686203003
3.163735389709
3.157426834106
3.145265817642
3.131561994553
3.116241693497
3.099711894989
3.085939645767
3.073477029800
3.062528133392
3.052527904510
3.042667865753
3.032225131989
3.021187782288
3.009667634964
2.997151851654
2.984945774078
2.972272634506
2.958678960800
2.944308280945
2.929239511490
2.914799451828
2.896796941757
2.896108627319
3.258060455322
5.443548202515
3.155082702637
3.154218196869
3.156131267548
3.159566402435
3.163801670074
3.168283224106
3.172633171082
3.176576614380
3.179943084717
3.182591676712
3.184433937073
3.185383796692
3.185320138931
3.184029579163
3.181188583374
3.176766395569
3.171008586884
3.164315223694
3.157151699066
3.149666786194
3.141399145126
3.131997346878
3.122178316116
3.112879276276
3.103866100311
3.094758272171
3.085326671600
3.075354099274
3.064614295959
3.053137302399
3.041009187698
3.028349399567
3.014921426773
3.000520706177
2.985260963440
2.969586372375
2.953741788864
2.938560485840
2.923955917358
2.909804821014
2.896808385849
2.883735179901
2.872366189957
2.860949993134
2.855473279953
2.847196102142
2.912143230438
2.991962909698
2.844712972641
2.847612857819
2.829504966736
2.821769237518
2.813249111176
2.805281639099
2.798536062241
2.792376518250
2.785472393036
2.777029037476
2.767797470093
2.758342742920
2.748801469803
2.739759922028
2.727792501450
2.715461730957
2.702733516693
2.689876556396
2.678177356720
2.667439699173
2.657480716705
2.648346662521
2.637997388840
2.629288196564
2.619498252869
2.609375953674
2.599251031876
2.588821649551
2.577699661255
2.567697525024
2.558040857315
2.547146797180
2.538411140442
2.526218414307
2.523752927780
2.543696165085
3.754298925400
2.761180162430
2.752009630203
2.735759258270
2.717172145844
2.700958728790
2.687175512314
2.675838470459
2.666042804718
2.657444715500
2.650570631027
2.644451141357
2.639809131622
2.634183168411
2.634854078293
2.653665542603
2.854906082153
2.816151857376
2.810643672943
2.805735826492
2.807760715485
2.812699794769
2.793054580688
2.778936386108
2.765833377838
2.751814842224
2.737162828445
2.722353219986
2.707481861115
2.694662332535
2.684320688248
2.676006078720
2.668318033218
2.661685228348
2.653941631317
2.657846927643
2.717991352081
2.656852006912
2.683150291443
2.639240264893
2.633645534515
2.626295804977
2.619607925415
2.622774600983
2.682347297668
2.584712505341
2.579465627670
2.577260017395
2.590298175812
2.688889980316
2.607262849808
2.554407119751
2.539745569229
2.513716697693
2.503420829773
2.491564750671
2.485532045364
2.477702379227
2.472811222076
2.471634626389
2.508914232254
2.453087806702
2.480347156525
2.433581829071
2.429750204086
2.416761398315
2.419173479080
2.407742500305
2.422979593277
2.408307790756
2.457450866699
2.395608186722
2.411758422852
2.366862058640
2.366813182831
2.352574825287
2.352465152740
2.344301223755
2.339960575104
2.333798646927
2.327601194382
2.321429967880
2.316183567047
2.309395074844
2.305808067322
2.298184156418
2.296684265137
2.284491777420
2.301168918610
2.284936904907
2.674072504044
2.387151479721
2.363921880722
2.367904424667
2.342990875244
2.321847915649
2.307429075241
2.305177688599
2.313050270081
2.314961671829
2.304917335510
2.291073560715
2.280907392502
2.335677862167
2.684214353561
2.824716567993
2.612871408463
2.610222101212
2.610630512238
2.609710216522
2.606944561005
2.602658271790
2.597270250320
2.591232776642
2.584717988968
2.577902793884
2.570727586746
2.562941551208
2.553789854050
2.541854858398
2.527087211609
2.511592626572
2.496671676636
2.482445716858
2.469579935074
2.457094430923
2.444069862366
2.431378126144
2.422696828842
2.416198968887
2.407787322998
2.397654056549
2.387314081192
2.376247644424
2.365032434464
2.352721691132
2.340662479401
2.327292680740
2.315233469009
2.301900386810
2.297407150269
2.407892227173
3.759366989136
2.537847995758
2.540050506592
2.541142940521
2.542366981506
2.543754816055
2.545150995255
2.546429395676
2.547532081604
2.548414945602
2.549047708511
2.549428224564
2.549542427063
2.549412250519
2.549060583115
2.548522949219
2.547817468643
2.546954154968
2.545944690704
2.544800996780
2.543524026871
2.542147397995
2.540683269501
2.539145708084
2.537548303604
2.535895586014
2.534195423126
2.532453775406
2.530677795410
2.528875350952
2.527026891708
2.525156974792
2.523266792297
2.521355390549
2.519424438477
2.517478227615
2.515517234802
2.513543128967
2.511558532715
2.509569168091
2.507578134537
2.505581378937
2.503578186035
2.501566410065
2.499542474747
2.497504234314
2.495447158813
2.493367195129
2.491258144379
2.489105463028
2.486904859543
2.484640836716
2.482306241989
2.479876279831
2.477333784103
2.474649667740
2.471810817719
2.468734502792
2.465364217758
2.461596250534
2.457316398621
2.452276706696
2.446180343628
2.438650131226
2.429007291794
2.416544437408
2.400546789169
2.381340742111
2.362048864365
2.348786115646
2.344373941422
2.343769550323
2.344488382339
2.343864679337
2.340691566467
2.333955049515
2.324277162552
2.312653064728
2.299627780914
2.287296772003
2.276995182037
2.267875909805
2.259830474854
2.252273321152
2.244476318359
2.242009401321
2.233180761337
2.550634860992
3.912992000580
2.490103960037
2.486578702927
2.486566781998
2.490247964859
2.495520114899
2.501330614090
2.507143020630
2.512635946274
2.517683506012
2.522218227386
2.526206016541
2.529664039612
2.532654523849
2.535177946091
2.537313699722
2.539077758789
2.540487051010
2.541556119919
2.542299509048
2.542725801468
2.542823076248
2.542572021484
2.541896343231
2.540688514709
2.538849592209
2.536361455917
2.533121347427
2.529180526733
2.524372577667
2.518336057663
2.511980533600
2.508399486542
2.502501964569
2.497469186783
2.493055582047
2.489203453064
2.485811948776
2.482578754425
2.479641437531
2.477076053619
2.474725723267
2.472209215164
2.469534397125
2.466603755951
2.463408708572
2.459984064102
2.456505775452
2.452994585037
2.449322223663
2.445459127426
2.441296577454
2.436626911163
2.431684970856
2.426440715790
2.421090602875
2.415778398514
2.410474300385
2.405276298523
2.400174140930
2.395044565201
2.390108108521
2.385437965393
2.380825042725
2.376138925552
2.371091127396
2.366037130356
2.368382453918
2.491287708282
2.712162494659
2.552406311035
2.544534683228
2.537111997604
2.531160593033
2.526413679123
2.522838592529
2.520152330399
2.517792224884
2.514866828918
2.511101722717
2.506452798843
2.501213073730
2.496240615845
2.492478132248
2.490212917328
2.488027095795
2.485203742981
2.481363296509
2.476308345795
2.470357418060
2.464038133621
2.457788467407
2.451665639877
2.446007251740
2.440719842911
2.435475826263
2.430531501770
2.425777673721
2.420913696289
2.416310548782
2.411756753922
2.407626867294
2.403432130814
2.399652004242
2.395743370056
2.392402648926
2.389060735703
2.386297464371
2.383130788803
2.380726814270
2.377794981003
2.375262498856
2.372018575668
2.369241714478
2.365666866302
2.362501859665
2.358493089676
2.355172395706
2.350907087326
2.347315311432
2.342881679535
2.339040994644
2.334621191025
2.330180883408
2.325637817383
2.320844173431
2.315625667572
2.310146331787
2.304394245148
2.298668146133
2.292708396912
2.286916494370
2.281118154526
2.275376796722
2.270371437073
2.265258789062
2.261490345001
2.259681940079
2.331929683685
2.971848249435
2.565613746643
2.561067819595
2.555852413177
2.549744844437
2.543970346451
2.539270162582
2.535519361496
2.532120466232
2.528733253479
2.525296211243
2.521876811981
2.518516778946
2.515249252319
2.512104749680
2.509073734283
2.506174802780
2.503409862518
2.500803470612
2.498350381851
2.496039867401
2.493854761124
2.491790294647
2.489830493927
2.487943410873
2.486137151718
2.484414815903
2.482763051987
2.481168985367
2.479621887207
2.478119850159
2.476629495621
2.475162744522
2.473716020584
2.472290754318
2.470881462097
2.469489097595
2.468108177185
2.466736316681
2.465373992920
2.464019298553
2.462675094604
2.461342096329
2.460025310516
2.458723783493
2.457438230515
2.456166505814
2.454907417297
2.453661203384
2.452424764633
2.451195955276
2.449973344803
2.448755741119
2.447543621063
2.446335077286
2.445132017136
2.443933486938
2.442740678787
2.441551685333
2.440370321274
2.439174890518
2.437981843948
2.436790227890
2.435601472855
2.434416294098
2.433235406876
2.432060003281
2.430890321732
2.429727077484
2.428570747375
2.427421569824
2.426279306412
2.425144910812
2.424016952515
2.422899961472
2.421791315079
2.420690059662
2.419601917267
2.418526172638
2.417460441589
2.416406631470
2.415362596512
2.414327383041
2.413299798965
2.412278890610
2.411267995834
2.410262346268
2.409263610840
2.408268928528
2.407278299332
2.406290292740
2.405303239822
2.404315710068
2.403321743011
2.402317047119
2.401302099228
2.400284528732
2.399254083633
2.398206710815
2.397134304047
2.396032571793
2.394887685776
2.393684148788
2.392408370972
2.391068935394
2.389626979828
2.388030529022
2.386228084564
2.384238958359
2.381949901581
2.379306077957
2.376234292984
2.372555017471
2.368399858475
2.363612174988
2.358159065247
2.351605653763
2.343936681747
2.335065841675
2.325618743896
2.316251993179
2.308060646057
2.300567865372
2.295166730881
2.288840293884
2.285659551620
2.282833814621
2.282370567322
2.282750844955
2.283738851547
2.284529685974
2.285773992538
2.284866333008
2.282527446747
2.280498743057
2.277601718903
2.274995565414
2.272643089294
2.270870685577
2.268679380417
2.267587900162
2.265878915787
2.264814615250
2.263147830963
2.261816263199
2.259979963303
2.258448600769
2.256380558014
2.254724740982
2.252626895905
2.250956535339
2.248646259308
2.247282743454
2.245058774948
2.243861675262
2.242239475250
2.240550279617
2.239164352417
2.237534999847
2.235817909241
2.234409809113
2.233091354370
2.231361389160
2.229822635651
2.228850364685
2.227787494659
2.226785182953
2.225849628448
2.224890708923
2.223889350891
2.222385168076
2.221641063690
2.220866203308
2.220182895660
2.219265222549
2.218601226807
2.217967271805
2.217332363129
2.216708183289
2.216099500656
2.215495109558
2.214882135391
2.214238882065
2.213576316833
2.213051557541
2.212342262268
2.211611986160
2.210987567902
2.210374116898
2.209763050079
2.209149837494
2.208520650864
2.207874536514
2.206986904144
2.206057310104
2.205368280411
2.204709053040
2.204201936722
2.203632831573
2.203063011169
2.202485322952
2.201903581619
2.201316595078
2.200720787048
2.200120210648
2.199493169785
2.198856592178
2.198073863983
2.197393655777
2.196750402451
2.196331501007
2.195832252502
2.195302486420
2.194654941559
2.193953752518
2.193210601807
2.192437171936
2.191721200943
2.191002845764
2.190273284912
2.189453601837
2.188674449921
2.187798261642
2.186603784561
2.185693979263
2.184574365616
2.183473825455
2.182316303253
2.181214094162
2.180263280869
2.179373741150
2.178274631500
2.177056789398
2.175742864609
2.174391269684
2.173022985458
2.171387195587
2.169773817062
2.168286800385
2.166847705841
2.165426731110
2.163990736008
2.162495136261
2.160813808441
2.159067630768
2.157350540161
2.155409812927
2.153533220291
2.151514530182
2.149325370789
2.147016048431
2.144676923752
2.142290830612
2.139864683151
2.137303590775
2.134383201599
2.130014419556
2.128207683563
2.225873708725
2.998922348022
2.322525024414
2.322259187698
2.309778928757
2.300384521484
2.296897172928
2.300314903259
2.306020498276
2.308702945709
2.302694320679
2.295191526413
2.290442228317
2.287683725357
2.285500049591
2.283758163452
2.281860113144
2.280080080032
2.277981996536
2.274538993835
2.271709680557
2.268913507462
2.266030550003
2.263107061386
2.260149240494
2.257358074188
2.254709720612
2.251933336258
2.249164581299
2.246805667877
2.244521141052
2.242259025574
2.240009546280
2.237807989120
2.235846281052
2.233837366104
2.231911897659
2.229681015015
2.227123737335
2.224523305893
2.221647739410
2.218728780746
2.215655565262
2.212594032288
2.209398508072
2.206199407578
2.202939748764
2.199973344803
2.197191238403
2.193760871887
2.191924333572
2.187140464783
2.185459136963
2.181939840317
2.178889036179
2.174595117569
2.173129081726
2.166030645370
2.188010931015
2.297585248947
2.314892292023
2.468793392181
2.442202568054
2.447410106659
2.447026729584
2.445810317993
2.444013118744
2.441713571548
2.439012289047
2.436002016068
2.432771444321
2.429406881332
2.425991535187
2.422588348389
2.419260740280
2.416050910950
2.412995338440
2.410126209259
2.407454252243
2.405000209808
2.402760505676
2.400736331940
2.398926734924
2.397320747375
2.395907878876
2.394673109055
2.393603086472
2.392681121826
2.391890764236
2.391219854355
2.390652894974
2.390171527863
2.389765739441
2.389419555664
2.389122486115
2.388862133026
2.388630867004
2.388421773911
2.388217687607
2.388019800186
2.387819766998
2.387613773346
2.387396574020
2.387166500092
2.386919975281
2.386653900146
2.386366605759
2.386058092117
2.385726213455
2.385370969772
2.384990692139
2.384586334229
2.384155988693
2.383696794510
2.383207321167
2.382684469223
2.382127285004
2.381535053253
2.380907773972
2.380244731903
2.379541635513
2.378801822662
2.378056287766
2.377331256866
2.376626968384
2.375986337662
2.375384569168
2.374792098999
2.374198436737
2.373609066010
2.373017787933
2.372428178787
2.371831893921
2.371248722076
2.370673179626
2.370113372803
2.369558572769
2.369003772736
2.368444681168
2.367881298065
2.367313623428
2.366742372513
2.366166591644
2.365588426590
2.365007877350
2.364430427551
2.363861560822
2.363299131393
2.362743377686
2.362192392349
2.361649751663
2.361113309860
2.360583305359
2.360058069229
2.359538316727
2.359023094177
2.358511924744
2.358005523682
2.357501983643
2.357000589371
2.356498956680
2.355998039246
2.355498313904
2.354998588562
2.354497909546
2.353998184204
2.353498220444
2.352998495102
2.352498054504
2.351994752884
2.351492166519
2.350988149643
2.350479602814
2.349967718124
2.349451780319
2.348930835724
2.348403692245
2.347868919373
2.347322463989
2.346766471863
2.346188306808
2.345586299896
2.344956398010
2.344311714172
2.343632936478
2.342913150787
2.342131853104
2.341278553009
2.340353488922
2.339315891266
2.338130474091
2.336760044098
2.335134506226
2.333148479462
2.330725431442
2.327679634094
2.323901176453
2.319408416748
2.314625501633
2.310530662537
2.308098316193
2.306417942047
2.302688360214
2.299672603607
2.296400308609
2.293047904968
2.289380788803
2.285834074020
2.282523632050
2.279393672943
2.276692867279
2.274303913116
2.272079706192
2.270031452179
2.268016338348
2.266082525253
2.264154195786
2.262196302414
2.260224103928
2.258134603500
2.256131887436
2.254121303558
2.252062559128
2.250068664551
2.248049259186
2.246122837067
2.244202375412
2.242336034775
2.240411996841
2.238496780396
2.236487627029
2.234399557114
2.232221841812
2.229953527451
2.227595090866
2.225111484528
2.222559213638
2.219931840897
2.217205524445
2.214411735535
2.211607217789
2.208816766739
2.206082344055
2.203470468521
2.200998544693
2.198654890060
2.196454524994
2.194372892380
2.192339181900
2.190268754959
2.188174724579
2.186118364334
2.184077501297
2.181960821152
2.179857254028
2.177901983261
2.176282644272
2.174949169159
2.173937082291
2.173160791397
2.172534227371
2.172036647797
2.171598196030
2.171131610870
2.170586347580
2.169938087463
2.169166803360
2.168251752853
2.167192459106
2.166018962860
2.164769172668
2.163480758667
2.162173271179
2.160880327225
2.159623146057
2.158415555954
2.157286167145
2.156235694885
2.155254840851
2.154322862625
2.153425216675
2.152545452118
2.151664018631
2.150757074356
2.149820327759
2.148840427399
2.147806882858
2.146709680557
2.145582437515
2.144411802292
2.143227100372
2.142031192780
2.140813827515
2.139616489410
2.138416051865
2.137243986130
2.136073350906
2.134899616241
2.133741617203
2.132576942444
2.131415843964
2.130246162415
2.129079580307
2.127905368805
2.126730442047
2.125541210175
2.124389886856
2.123215913773
2.122026920319
2.120829582214
2.119624853134
2.118415594101
2.117207288742
2.115991353989
2.114770174026
2.113536119461
2.112312078476
2.111047267914
2.109787464142
2.108486890793
2.107198715210
2.105876207352
2.104590892792
2.103251218796
2.101944684982
2.100575208664
2.099276304245
2.097897291183
2.096595764160
2.095174074173
2.093858242035
2.092408895493
2.091037511826
2.089651346207
2.088269233704
2.086863040924
2.085454940796
2.083958625793
2.082526683807
2.080923318863
2.079313993454
2.077830553055
2.076324701309
2.074771881104
2.073183536530
2.071452140808
2.069640636444
2.067900419235
2.066075086594
2.064267635345
2.062467575073
2.060899734497
2.059716224670
2.057912349701
2.056194305420
2.054510116577
2.053048133850
2.051277399063
2.049800157547
2.048892498016
2.046004772186
2.056022644043
2.212665796280
2.688503980637
2.674120664597
2.654243469238
2.629990100861
2.602891206741
2.574383020401
2.545352697372
2.516194343567
2.486412763596
2.454281568527
2.415834903717
2.371623992920
2.367397546768
2.363785982132
2.360150337219
2.356886386871
2.354047775269
2.351624250412
2.349501132965
2.347621440887
2.345927000046
2.344417572021
2.343073606491
2.341881275177
2.340794086456
2.339803934097
2.338891983032
2.338050842285
2.337235212326
2.336437940598
2.335643529892
2.334851741791
2.334034919739
2.333198308945
2.332340955734
2.331477642059
2.330593585968
2.329748392105
2.329004526138
2.328336238861
2.327746868134
2.327229261398
2.326775312424
2.326374292374
2.326031923294
2.325737714767
2.325493335724
2.325289011002
2.325134754181
2.325008153915
2.324897050858
2.324783086777
2.324640989304
2.324418783188
2.324095726013
2.323788166046
2.323407173157
2.322946548462
2.322395801544
2.321723699570
2.320901870728
2.319949388504
2.318858623505
2.317746400833
2.316563606262
2.315301179886
2.313965082169
2.312550306320
2.311054468155
2.309472322464
2.307761669159
2.305925846100
2.303984642029
2.301939010620
2.299767255783
2.297462463379
2.294988632202
2.292378902435
2.289614915848
2.286739349365
2.284014940262
2.281719207764
2.279428005219
2.277087926865
2.274702072144
2.272320270538
2.269930362701
2.267472743988
2.264919281006
2.262231349945
2.259404897690
2.256436586380
2.253320455551
2.250058412552
2.246663570404
2.243142127991
2.239508390427
2.235765933990
2.231918811798
2.227968215942
2.223946094513
2.219913005829
2.215963840485
2.212133646011
2.208402633667
2.205037117004
2.201988458633
2.199259996414
2.196737051010
2.194350481033
2.192112922668
2.190004348755
2.188108444214
2.186475276947
2.185168027878
2.184213161469
2.183556556702
2.183087587357
2.182735204697
2.182420730591
2.182058811188
2.181603193283
2.181001901627
2.180230140686
2.179286956787
2.178165197372
2.176897764206
2.175502538681
2.174010753632
2.172455549240
2.170875072479
2.169290304184
2.167718887329
2.166168689728
2.164669752121
2.163274765015
2.161917209625
2.160581827164
2.159267187119
2.157986879349
2.156738281250
2.155520677567
2.154329538345
2.153159379959
2.151986598969
2.150800704956
2.149590969086
2.148347377777
2.147062301636
2.145728349686
2.144346952438
2.142914295197
2.141431570053
2.139905214310
2.138336181641
2.136721134186
2.135045766830
2.133360624313
2.131676673889
2.129980802536
2.128274202347
2.126550912857
2.124804735184
2.123027801514
2.121221542358
2.119385480881
2.117527246475
2.115658044815
2.113765478134
2.111856460571
2.109932184219
2.107999086380
2.106083869934
2.104141235352
2.102239370346
2.100262403488
2.098434686661
2.096529722214
2.094789981842
2.092920064926
2.091419458389
2.090386152267
2.090823650360
2.110564470291
2.258723020554
2.243950843811
2.382199764252
2.222037076950
2.228126764297
2.229660987854
2.232222080231
2.234320163727
2.234504938126
2.232257127762
2.227339506149
2.220009803772
2.210758686066
2.200742959976
2.190962314606
2.182341814041
2.175001144409
2.168817520142
2.163979768753
2.160368204117
2.158040761948
2.156622886658
2.155737400055
2.155322074890
2.154738903046
2.154096364975
2.152796506882
2.151073932648
2.148950576782
2.146814346313
2.145127058029
2.144000530243
2.143313169479
2.142823219299
2.142318010330
2.141681671143
2.140822887421
2.139728069305
2.138410091400
2.136912345886
2.135273456573
2.133549451828
2.131789445877
2.130028009415
2.128319263458
2.126674890518
2.125118732452
2.123668193817
2.122305393219
2.121005773544
2.119761466980
2.118549346924
2.117361545563
2.116186141968
2.115005493164
2.113808393478
2.112572669983
2.111287117004
2.109941244125
2.108520984650
2.107036590576
2.105487346649
2.103878021240
2.102206945419
2.100497245789
2.098771095276
2.097045183182
2.095317125320
2.093601703644
2.091898679733
2.090200424194
2.088498592377
2.086788415909
2.085056543350
2.083302259445
2.081524848938
2.079716920853
2.077891349792
2.076039552689
2.074150562286
2.072200775146
2.070209503174
2.068200349808
2.066150665283
2.064054489136
2.061943292618
2.059784650803
2.057575941086
2.055344820023
2.053087949753
2.050784587860
2.048466920853
2.046167612076
2.043793916702
2.041415691376
2.039001703262
2.036549806595
2.034072875977
2.031605243683
2.029203653336
2.026878356934
2.024575948715
2.022367000580
2.020273447037
2.018283843994
2.016328334808
2.014394283295
2.012548446655
2.010743141174
2.009026765823
2.007369041443
2.005790233612
2.004318475723
2.002947568893
2.001651287079
2.000398874283
1.999116778374
1.997921347618
1.996875405312
1.995549321175
1.994405627251
1.993106365204
1.992042183876
1.990775823593
1.989779114723
1.988530635834
1.987625002861
1.986466765404
1.985604405403
1.984432458878
1.983706474304
1.982495903969
1.981990337372
1.980661153793
1.980515003204
1.979013681412
1.979194998741
1.977752089500
1.978039264679
1.976679325104
1.976869463921
1.975503683090
1.975751042366
1.974249243736
1.974252223969
1.973496437073
1.973165512085
1.971916437149
1.972353696823
1.971031308174
1.979006290436
1.986488580704
2.225409746170
2.260579347610
2.585134267807
2.567389488220
2.542683124542
2.502295970917
2.450852394104
2.392845869064
2.343954801559
2.303910493851
2.268585443497
2.241395473480
2.219493150711
2.205039262772
2.198185920715
2.194121599197
2.190145254135
2.182682991028
2.171999931335
2.162099123001
2.154114007950
2.148426055908
2.144789934158
2.141317129135
2.138769626617
2.136415243149
2.134277105331
2.133063316345
2.133535861969
2.133426666260
2.133766412735
2.133986711502
2.135159492493
2.135868072510
2.137084007263
2.137808561325
2.138295888901
2.138436794281
2.138286590576
2.137835741043
2.137286901474
2.136498451233
2.136138916016
2.135242938995
2.134991645813
2.134139299393
2.133764982224
2.132998704910
2.132536411285
2.131681680679
2.131139755249
2.130149126053
2.129422664642
2.128444671631
2.127369642258
2.126280307770
2.125148534775
2.123964548111
2.122747182846
2.121550321579
2.120229244232
2.118993520737
2.117662429810
2.116415977478
2.115046977997
2.113764047623
2.112411737442
2.111214399338
2.109870910645
2.108631610870
2.107333421707
2.106212615967
2.104949951172
2.103788614273
2.102594852448
2.101511716843
2.100282907486
2.099045276642
2.097929000854
2.096644639969
2.095486879349
2.094203233719
2.093048095703
2.091739892960
2.090446472168
2.089260101318
2.087694168091
2.086776733398
2.084946155548
2.084034442902
2.082171678543
2.081273794174
2.079329252243
2.078373432159
2.076352357864
2.075457334518
2.073520898819
2.072475671768
2.070776700974
2.069533586502
2.068000316620
2.066482543945
2.065034627914
2.063383579254
2.061997175217
2.060487270355
2.059109687805
2.057536602020
2.056155681610
2.054547548294
2.053346395493
2.051780700684
2.050622701645
2.049023151398
2.048040628433
2.045998573303
2.045803308487
2.042663812637
2.043797254562
2.039651870728
2.044863224030
2.043617963791
2.217491865158
2.161552667618
2.404506206512
2.198618888855
2.075945854187
2.084394931793
2.046264410019
2.045617103577
2.043145418167
2.042324066162
2.041615009308
2.040635347366
2.039680719376
2.038754224777
2.037821769714
2.036712884903
2.035568714142
2.034343957901
2.033237457275
2.032100915909
2.030861616135
2.029404878616
2.027859210968
2.026114463806
2.024253129959
2.022346496582
2.020573377609
2.018924474716
2.017390012741
2.015911340714
2.014660120010
2.013297796249
2.012166261673
2.011001586914
2.009917259216
2.008777141571
2.007702827454
2.006564855576
2.005486011505
2.004272460938
2.003482580185
2.002534627914
2.001679420471
2.000703334808
1.999833345413
1.998807072639
1.997935414314
1.996872782707
1.996068596840
1.994941115379
1.994043350220
1.992986321449
1.991896033287
1.991004347801
1.990151286125
1.989229917526
1.988421678543
1.987442135811
1.986668109894
1.985341072083
1.984802246094
1.983566403389
1.983285903931
1.981822252274
1.981963396072
1.980194568634
1.981026291847
1.978257775307
1.987730383873
1.989926338196
2.234998464584
2.047471046448
2.139791727066
2.077631235123
2.352364778519
2.178652048111
2.166371583939
2.142186164856
2.120763778687
2.101669549942
2.081130504608
2.059769392014
2.043740987778
2.036219120026
2.033127546310
2.031308412552
2.029866218567
2.029003143311
2.028628826141
2.028224468231
2.027220964432
2.024935722351
2.021205663681
2.016726255417
2.011834859848
2.006491661072
2.001494169235
1.997053027153
1.993393182755
1.990433216095
1.988012313843
1.986111044884
1.984475374222
1.983021259308
1.981595158577
1.980192899704
1.978731036186
1.977412104607
1.976053118706
1.974833726883
1.973688364029
1.972586035728
1.971581101418
1.970580816269
1.969607830048
1.968601703644
1.967586994171
1.966687560081
1.965779662132
1.964921116829
1.964067220688
1.963286042213
1.962435364723
1.961676120758
1.960901498795
1.960153341293
1.959456443787
1.958777070045
1.958101034164
1.957469463348
1.956837534904
1.956276535988
1.955643653870
1.954987525940
1.954349160194
1.953744411469
1.953100562096
1.952494263649
1.951843142509
1.951228260994
1.950539827347
1.949862122536
1.949238419533
1.948574066162
1.947920799255
1.947257399559
1.946613550186
1.945939779282
1.945286035538
1.944634079933
1.943939924240
1.943312644958
1.942600965500
1.941998600960
1.941161632538
1.940735816956
1.939840793610
1.939327478409
1.938591957092
1.938021898270
1.937451481819
1.936915755272
1.936322331429
1.935771107674
1.935139298439
1.934655189514
1.933469772339
1.933781981468
1.931945323944
1.933557152748
1.930188536644
1.938582658768
1.937253475189
2.142450571060
2.104418039322
2.700067281723
2.549273252487
2.240235805511
2.167621612549
2.044073581696
2.047876834869
2.044869899750
2.024669170380
2.018641710281
2.013869285583
2.009251356125
2.004376888275
1.999267816544
1.994199275970
1.989609718323
1.985710978508
1.982591271400
1.980215430260
1.978345632553
1.976657629013
1.975219488144
1.974026203156
1.972455501556
1.970534920692
1.968298316002
1.965763568878
1.963095307350
1.960446953773
1.957947254181
1.955418348312
1.953064799309
1.950727820396
1.948698520660
1.946812629700
1.945080637932
1.943649053574
1.942265033722
1.940997004509
1.940014958382
1.939011454582
1.938234448433
1.937452554703
1.936812758446
1.936210155487
1.935617327690
1.935005545616
1.934567332268
1.933941125870
1.933409929276
1.932802677155
1.932338953018
1.931650757790
1.931067466736
1.930413842201
1.929854512215
1.929201364517
1.928660154343
1.927943229675
1.927654504776
1.926826357841
1.926596283913
1.925748944283
1.925710201263
1.924692153931
1.924815058708
1.923438072205
1.924555420876
1.921909809113
1.932940363884
1.937468171120
2.209939718246
2.014196634293
2.128064393997
2.228424072266
2.628947734833
2.638852357864
2.622615337372
2.583167552948
2.521204948425
2.463025093079
2.430993318558
2.408170223236
2.387350320816
2.368285417557
2.348912239075
2.327767848969
2.310642480850
2.298045158386
2.288430690765
2.281429290771
2.276104927063
2.272334575653
2.269521951675
2.266765832901
2.263700246811
2.261403083801
2.258777379990
2.256292343140
2.253714084625
2.251076459885
2.248307228088
2.245110273361
2.242404222488
2.238763809204
2.235724210739
2.231736421585
2.228649377823
2.224884271622
2.222027063370
2.218786954880
2.215964794159
2.214439153671
2.222168445587
2.267168760300
2.381459474564
2.346938610077
2.244410753250
2.244472980499
2.218329429626
2.215731859207
2.212627649307
2.211556911469
2.202981233597
2.197153091431
2.190655946732
2.185287714005
2.180481672287
2.176641464233
2.173573970795
2.171481132507
2.169944047928
2.168900728226
2.168029785156
2.167469739914
2.166835308075
2.166182518005
2.165490388870
2.164779663086
2.163872957230
2.162805795670
2.161516427994
2.160102367401
2.158534288406
2.156920671463
2.155278682709
2.153634071350
2.152037382126
2.150477886200
2.148995399475
2.147580385208
2.146249532700
2.144996643066
2.143801212311
2.142648458481
2.141521692276
2.140398025513
2.139284610748
2.138175725937
2.137042760849
2.135896682739
2.134731769562
2.133544445038
2.132343292236
2.131146907806
2.129913568497
2.128675222397
2.127435207367
2.126186132431
2.124929189682
2.123682975769
2.122442722321
2.121210575104
2.119989871979
2.118768215179
2.117547988892
2.116309404373
2.115037918091
2.113791704178
