4.133601188660
4.129588127136
4.123977661133
4.117063522339
4.109013557434
4.099977970123
4.090037822723
4.079209327698
4.067564964294
4.055164813995
4.042070865631
4.028243541718
4.013600349426
3.998115062714
3.981638669968
3.964003562927
3.944829463959
3.923850536346
3.900849580765
3.875451803207
3.848232746124
3.819907426834
3.791326522827
3.763080596924
3.735492706299
3.708135128021
3.680562496185
3.652567863464
3.633307456970
3.762053489685
5.061921596527
3.790857791901
3.782373905182
3.773550033569
3.765028953552
3.756373882294
3.747416973114
3.738107442856
3.728363513947
3.717778444290
3.706133842468
3.693319082260
3.679352283478
3.664716243744
3.649005174637
3.631906509399
3.614321947098
3.597165584564
3.580281257629
3.563812971115
3.548640727997
3.534308195114
3.520586490631
3.506057500839
3.496665000916
3.514891147614
3.536001682281
3.564172744751
3.551866292953
3.536592721939
3.520403385162
3.505940914154
3.493868827820
3.482140064240
3.464235305786
3.451411724091
3.460315227509
3.567067623138
3.441677331924
3.410080671310
3.392417907715
3.372563362122
3.357649326324
3.347791194916
3.339134216309
3.329384803772
3.316508054733
3.305343627930
3.291997432709
3.302436828613
3.347391605377
3.394065380096
3.320612192154
3.309401512146
3.287232637405
3.257048130035
3.228092193604
3.210146188736
3.197839736938
3.188768863678
3.181215047836
3.171306848526
3.158437013626
3.144824981689
3.131646633148
3.119261264801
3.107733726501
3.097033500671
3.086963891983
3.077171564102
3.067163467407
3.056886672974
3.046249151230
3.035175800323
3.023505210876
3.011370658875
2.998599290848
2.985035657883
2.970613718033
2.955316781998
2.939780950546
2.922421693802
2.917526483536
3.311643362045
5.219767570496
3.135323762894
3.134597301483
3.136133193970
3.139226913452
3.143258571625
3.147703647614
3.152169227600
3.156362771988
3.160083770752
3.163179636002
3.165546417236
3.167066812515
3.167556047440
3.166678428650
3.164015293121
3.159349918365
3.152929782867
3.145095109940
3.136466503143
3.127735137939
3.119074583054
3.110400676727
3.101922035217
3.093659400940
3.085191965103
3.076339721680
3.067240715027
3.057959079742
3.048329114914
3.038185596466
3.027345657349
3.015807867050
3.003254652023
2.989454984665
2.974301815033
2.957990169525
2.940621614456
2.922811508179
2.905511617661
2.889093399048
2.872756481171
2.857017993927
2.842450380325
2.830986499786
2.818814516068
2.822045087814
2.852994680405
2.986747980118
2.844833850861
2.838159561157
2.824826240540
2.816437482834
2.806438922882
2.796398162842
2.786526918411
2.776925563812
2.766729354858
2.755779743195
2.744873523712
2.734432935715
2.724426507950
2.715455532074
2.705399036407
2.695538043976
2.685649871826
2.675750494003
2.666321277618
2.657183647156
2.648349285126
2.639877557755
2.630912780762
2.622005939484
2.612486839294
2.602355480194
2.591769695282
2.580716371536
2.569368124008
2.557951450348
2.546523094177
2.535082340240
2.523904323578
2.512359142303
2.503070354462
2.542565584183
3.576348304749
2.773294448853
2.767066478729
2.753145694733
2.735592842102
2.720205307007
2.708198070526
2.699022293091
2.691223382950
2.684458494186
2.677936792374
2.671184539795
2.662644863129
2.654375314713
2.645244836807
2.675626993179
2.813945770264
2.840043067932
2.827725887299
2.807274818420
2.786514282227
2.776935577393
2.767853260040
2.759019851685
2.747174501419
2.735053062439
2.725518941879
2.718855619431
2.713772773743
2.709706783295
2.706967353821
2.704358816147
2.700334310532
2.693925380707
2.684617757797
2.684190034866
2.736673593521
2.666371345520
2.689446926117
2.632875204086
2.627003669739
2.618527173996
2.616777420044
2.617256879807
2.688588857651
2.586648702621
2.581753969193
2.582034111023
2.596488475800
2.695737838745
2.607434749603
2.545191049576
2.526031255722
2.513500690460
2.506055593491
2.493868827820
2.480822801590
2.469438076019
2.467600822449
2.462817907333
2.510033607483
2.451978921890
2.473194599152
2.429491758347
2.424267530441
2.410701751709
2.406946182251
2.393299579620
2.406206846237
2.391654014587
2.439110040665
2.391866207123
2.387432575226
2.356441736221
2.344091653824
2.342698812485
2.330403566360
2.323682546616
2.315546989441
2.310516595840
2.305129766464
2.301528453827
2.298239469528
2.294540405273
2.288835525513
2.285537242889
2.279688358307
2.278756141663
2.273957729340
2.330991983414
2.516483545303
2.464209318161
2.459186315536
2.429457664490
2.400718688965
2.367343664169
2.332110404968
2.302619695663
2.286029100418
2.278402090073
2.267674207687
2.264932632446
2.258882522583
2.328746795654
2.706293582916
2.800183773041
2.609966993332
2.610749244690
2.612394809723
2.611958026886
2.609464883804
2.605302572250
2.599855422974
2.593468904495
2.586370468140
2.578734397888
2.570656776428
2.562294483185
2.553676128387
2.544129133224
2.533561229706
2.522717237473
2.511302471161
2.498301029205
2.484684705734
2.470930337906
2.457458972931
2.444784879684
2.435083150864
2.427269220352
2.418686628342
2.409734010696
2.401008129120
2.391690731049
2.380803108215
2.368010520935
2.353647708893
2.337184667587
2.320783138275
2.304134845734
2.292795181274
2.425472497940
3.660477638245
2.539335012436
2.541610002518
2.542466640472
2.543413162231
2.544540882111
2.545708894730
2.546801805496
2.547738552094
2.548474550247
2.548987150192
2.549268722534
2.549312829971
2.549134016037
2.548749923706
2.548180818558
2.547442197800
2.546544551849
2.545500993729
2.544323682785
2.543016195297
2.541600465775
2.540090799332
2.538501024246
2.536845922470
2.535132884979
2.533370971680
2.531568288803
2.529732465744
2.527871131897
2.525979757309
2.524073839188
2.522155523300
2.520224571228
2.518283367157
2.516332864761
2.514373779297
2.512406349182
2.510431289673
2.508449554443
2.506461381912
2.504464626312
2.502456903458
2.500435352325
2.498397350311
2.496342658997
2.494265794754
2.492162942886
2.490030050278
2.487858057022
2.485638380051
2.483360528946
2.481013774872
2.478576898575
2.476028919220
2.473336935043
2.470472097397
2.467370748520
2.463966608047
2.460154771805
2.455800294876
2.450667381287
2.444463729858
2.436778783798
2.426923751831
2.414160728455
2.397708892822
2.377549409866
2.356272220612
2.340021371841
2.333458185196
2.331006765366
2.327481746674
2.324208974838
2.319313764572
2.312288761139
2.303895235062
2.294819593430
2.285861015320
2.277045011520
2.268172740936
2.258428812027
2.247509717941
2.235969543457
2.225212574005
2.217471599579
2.217674970627
2.467534065247
3.954268932343
2.482882022858
2.484163761139
2.487780570984
2.493972063065
2.501055717468
2.508261680603
2.515187263489
2.521601676941
2.527407407761
2.532575130463
2.537101984024
2.541041374207
2.544482231140
2.547387123108
2.549817323685
2.551744222641
2.553218841553
2.554258108139
2.554903268814
2.555166959763
2.555064439774
2.554594039917
2.553717136383
2.552367925644
2.550490140915
2.548014640808
2.544917821884
2.541102886200
2.536530017853
2.531273365021
2.525791168213
2.523607969284
2.517194509506
2.511902809143
2.507011175156
2.502106666565
2.497463464737
2.493137359619
2.489008903503
2.484968662262
2.480715036392
2.476521492004
2.472149610519
2.467611789703
2.463051080704
2.458552360535
2.454282999039
2.450045585632
2.445691585541
2.441183805466
2.436653375626
2.431814670563
2.427014827728
2.422105312347
2.417232990265
2.412433862686
2.407531023026
2.402465820312
2.397228479385
2.391675949097
2.385715723038
2.379793167114
2.373700618744
2.367064714432
2.360409259796
2.353992462158
2.358479261398
2.491294145584
2.751451730728
2.549633741379
2.544192790985
2.537759542465
2.531552791595
2.525899171829
2.520988225937
2.516862869263
2.513253688812
2.509572982788
2.505270957947
2.500303745270
2.494899749756
2.489976406097
2.486572980881
2.484694957733
2.483195781708
2.481120824814
2.478165388107
2.474132776260
2.469267368317
2.463921785355
2.458403825760
2.452615737915
2.446613788605
2.440384387970
2.434125900269
2.427806377411
2.421744108200
2.416610002518
2.412075996399
2.408713817596
2.405803442001
2.403691053391
2.401035785675
2.398506879807
2.395196199417
2.391991615295
2.388145208359
2.384851455688
2.380693912506
2.377211570740
2.373308658600
2.370187282562
2.366354227066
2.363292932510
2.359587192535
2.356573820114
2.352481842041
2.349097967148
2.344572782516
2.340536594391
2.335421800613
2.330464601517
2.325106143951
2.319510698318
2.313752651215
2.307876110077
2.301739692688
2.295438766479
2.288898944855
2.282397508621
2.275907516479
2.269850730896
2.264124393463
2.258552789688
2.253425359726
2.248379468918
2.249425649643
2.317844867706
2.995270490646
2.557868003845
2.553643465042
2.549301624298
2.544396162033
2.539759635925
2.535929203033
2.532764911652
2.529813528061
2.526823043823
2.523776769638
2.520743370056
2.517762899399
2.514865636826
2.512076854706
2.509392738342
2.506830215454
2.504397153854
2.502110958099
2.499954938889
2.497916221619
2.495979547501
2.494136333466
2.492369890213
2.490660190582
2.489004850388
2.487402200699
2.485843420029
2.484316587448
2.482813596725
2.481333255768
2.479853391647
2.478381633759
2.476916313171
2.475458383560
2.474004268646
2.472555637360
2.471109390259
2.469665765762
2.468225002289
2.466787576675
2.465355157852
2.463929653168
2.462515115738
2.461111545563
2.459722042084
2.458345890045
2.456983566284
2.455637216568
2.454302310944
2.452980279922
2.451668977737
2.450367927551
2.449075460434
2.447791337967
2.446514129639
2.445245265961
2.443984270096
2.442732810974
2.441491603851
2.440250635147
2.439016819000
2.437789440155
2.436569452286
2.435357332230
2.434152841568
2.432956933975
2.431768417358
2.430587768555
2.429415702820
2.428252935410
2.427098274231
2.425952434540
2.424814701080
2.423685789108
2.422564506531
2.421451091766
2.420347213745
2.419253110886
2.418168306351
2.417092084885
2.416023254395
2.414962291718
2.413907527924
2.412858486176
2.411814928055
2.410776615143
2.409741401672
2.408708095551
2.407676219940
2.406644582748
2.405610084534
2.404570102692
2.403521299362
2.402459859848
2.401381731033
2.400288581848
2.399171113968
2.398021936417
2.396830797195
2.395586490631
2.394270896912
2.392861366272
2.391334772110
2.389670610428
2.387827873230
2.385742187500
2.383334875107
2.380547523499
2.377273559570
2.373442411423
2.368958234787
2.363763093948
2.358043193817
2.351876974106
2.345386266708
2.338814973831
2.332263231277
2.326038122177
2.320216894150
2.315482378006
2.312363386154
2.311274766922
2.310314655304
2.308947563171
2.305967569351
2.302981615067
2.300226211548
2.297725915909
2.295327425003
2.292959928513
2.290498971939
2.288554191589
2.287085771561
2.285910844803
2.285069465637
2.284257650375
2.283039569855
2.281467914581
2.279704093933
2.277540206909
2.275151729584
2.272672176361
2.270266532898
2.268008947372
2.265976667404
2.263993501663
2.262274980545
2.260540246964
2.258942842484
2.257228851318
2.255612611771
2.253831624985
2.252174377441
2.250356674194
2.248664855957
2.246891975403
2.244887351990
2.242990732193
2.241090297699
2.239019870758
2.236959457397
2.235122680664
2.233267784119
2.231455087662
2.229724407196
2.228058099747
2.226481914520
2.225010395050
2.223703145981
2.222514867783
2.221290111542
2.220053672791
2.218814849854
2.217676639557
2.216522693634
2.215339660645
2.214112758636
2.212852478027
2.211574316025
2.210291624069
2.209024429321
2.207775354385
2.206555366516
2.205308914185
2.204107046127
2.202952861786
2.201833486557
2.200753211975
2.199708461761
2.198695898056
2.197706222534
2.196737051010
2.195842504501
2.194972753525
2.194067001343
2.193146944046
2.192198276520
2.191266536713
2.190347194672
2.189449310303
2.188570499420
2.187709331512
2.186864376068
2.186035871506
2.185222864151
2.184417486191
2.183637857437
2.182835817337
2.182025194168
2.181147336960
2.180269479752
2.179398298264
2.178550481796
2.177715301514
2.176890134811
2.176063776016
2.175212144852
2.174340486526
2.173450708389
2.172557353973
2.171632528305
2.170697689056
2.169784069061
2.168849229813
2.167961597443
2.167081117630
2.166037797928
2.165006637573
2.163926124573
2.162807703018
2.161716461182
2.160559654236
2.159364938736
2.158133268356
2.156864166260
2.155583381653
2.154258489609
2.152927398682
2.151551485062
2.150115966797
2.148622989655
2.147074222565
2.145425796509
2.143776655197
2.142138004303
2.140403032303
2.138618946075
2.136661052704
2.134644508362
2.132617473602
2.130568504333
2.128468275070
2.126280546188
2.123931169510
2.121623277664
2.120141506195
2.121832370758
2.214617013931
3.031715869904
2.301284790039
2.295824050903
2.281899213791
2.269618272781
2.260607481003
2.257797002792
2.258029222488
2.258726835251
2.255499839783
2.251888990402
2.249931335449
2.248866558075
2.247795581818
2.246652126312
2.245150327682
2.243482351303
2.241390228271
2.238454341888
2.235734224319
2.233040332794
2.230426311493
2.227887868881
2.225465297699
2.223135232925
2.220869779587
2.218581676483
2.216344118118
2.214264631271
2.212223529816
2.210210800171
2.208201169968
2.206300497055
2.204502582550
2.202732324600
2.201005220413
2.199153184891
2.197208881378
2.195258140564
2.193212032318
2.191119670868
2.188932657242
2.186699628830
2.184343814850
2.181905269623
2.179337978363
2.176763296127
2.174109458923
2.171170949936
2.168886184692
2.165735244751
2.163701772690
2.161096334457
2.158673286438
2.155984640121
2.154262542725
2.151802062988
2.167656421661
2.311064720154
2.286265134811
2.471701145172
2.474164962769
2.479130029678
2.478456258774
2.476932764053
2.474689960480
2.471823930740
2.468460083008
2.464694738388
2.460639476776
2.456390380859
2.452041387558
2.447665929794
2.443337202072
2.439105987549
2.435020446777
2.431113004684
2.427408218384
2.423924684525
2.420669555664
2.417645931244
2.414860725403
2.412302255630
2.409963369370
2.407832860947
2.405891180038
2.404133796692
2.402540445328
2.401097059250
2.399790525436
2.398607730865
2.397535562515
2.396558761597
2.395668506622
2.394848823547
2.394088506699
2.393378496170
2.392714023590
2.392084836960
2.391484022141
2.390905857086
2.390344858170
2.389796257019
2.389256715775
2.388722658157
2.388191223145
2.387661218643
2.387129545212
2.386596441269
2.386058092117
2.385515928268
2.384968042374
2.384411334991
2.383846282959
2.383272409439
2.382686138153
2.382089614868
2.381481647491
2.380861759186
2.380228519440
2.379593133926
2.378973722458
2.378402233124
2.377873897552
2.377358436584
2.376841545105
2.376295089722
2.375711679459
2.375095129013
2.374447584152
2.373780012131
2.373098611832
2.372415065765
2.371737003326
2.371073007584
2.370424270630
2.369792699814
2.369174242020
2.368564844131
2.367964267731
2.367371559143
2.366786241531
2.366207838058
2.365636348724
2.365073680878
2.364513874054
2.363958120346
2.363404989243
2.362853527069
2.362305164337
2.361759424210
2.361215591431
2.360673427582
2.360134363174
2.359597921371
2.359065294266
2.358536243439
2.358010530472
2.357488632202
2.356970310211
2.356456041336
2.355943679810
2.355434894562
2.354928016663
2.354422092438
2.353917598724
2.353414058685
2.352910280228
2.352404356003
2.351897478104
2.351388216019
2.350874423981
2.350356101990
2.349832296371
2.349302768707
2.348765134811
2.348218679428
2.347660064697
2.347087621689
2.346498012543
2.345885276794
2.345245599747
2.344576120377
2.343867540359
2.343109369278
2.342286586761
2.341384649277
2.340385437012
2.339248895645
2.337937116623
2.336397647858
2.334538936615
2.332233667374
2.329366683960
2.325703859329
2.321056842804
2.315365076065
2.309004068375
2.302987813950
2.298418521881
2.294984817505
2.290734529495
2.287246942520
2.284705877304
2.282566785812
2.280770301819
2.279028654099
2.277228116989
2.275570631027
2.273443460464
2.271094560623
2.268635034561
2.265996932983
2.263383388519
2.260736227036
2.258176565170
2.255735397339
2.253422260284
2.251387119293
2.249309062958
2.247324705124
2.245474576950
2.243549585342
2.241676092148
2.239676713943
2.237673997879
2.235538959503
2.233391523361
2.231092453003
2.228782415390
2.226395130157
2.223919868469
2.221354484558
2.218688488007
2.215971469879
2.213059902191
2.210048437119
2.206890821457
2.203589200974
2.200215816498
2.196827411652
2.193415641785
2.189997911453
2.186781167984
2.183703422546
2.180833578110
2.178134441376
2.175631284714
2.173338174820
2.171314954758
2.169465780258
2.167944669724
2.166755676270
2.165631532669
2.164600372314
2.163636445999
2.162750720978
2.161911487579
2.161150217056
2.160480976105
2.159887313843
2.159332513809
2.158778667450
2.158195257187
2.157555818558
2.156833410263
2.156039953232
2.155170679092
2.154229640961
2.153227329254
2.152189016342
2.151107311249
2.150011777878
2.148905992508
2.147807598114
2.146704673767
2.145606756210
2.144522905350
2.143449306488
2.142377853394
2.141287326813
2.140191316605
2.139096260071
2.137982845306
2.136851787567
2.135717868805
2.134470224380
2.133299827576
2.132039308548
2.130876064301
2.129730939865
2.128510475159
2.127392292023
2.126198530197
2.125106811523
2.123941421509
2.122769594193
2.121723413467
2.120621681213
2.119493961334
2.118405103683
2.117312192917
2.116209268570
2.115108728409
2.114043951035
2.112970829010
2.111877679825
2.110776662827
2.109694480896
2.108625650406
2.107560157776
2.106504440308
2.105437755585
2.104375123978
2.103305578232
2.102224588394
2.101115465164
2.100037574768
2.098942041397
2.097869873047
2.096768379211
2.095709562302
2.094604253769
2.093559741974
2.092421293259
2.091403722763
2.090254783630
2.089230060577
2.088032007217
2.087022304535
2.085794925690
2.084697484970
2.083580970764
2.082483053207
2.081351757050
2.080235004425
2.079019546509
2.077913045883
2.076564788818
2.075237989426
2.074289798737
2.073225259781
2.072124719620
2.070987224579
2.069639921188
2.067943334579
2.066337823868
2.064546346664
2.062798738480
2.061097860336
2.060098886490
2.059937238693
2.058701992035
2.057420253754
2.056298971176
2.055629491806
2.054318428040
2.053694725037
2.053828239441
2.051697254181
2.063644170761
2.226848840714
2.673756599426
2.659548521042
2.640081167221
2.616466522217
2.590216398239
2.562730312347
2.534895896912
2.507140159607
2.479104518890
2.449404239655
2.414906978607
2.377280473709
2.374401092529
2.370908975601
2.367287397385
2.363987445831
2.361062049866
2.358531475067
2.356281995773
2.354273080826
2.352445602417
2.350791692734
2.349291801453
2.347925901413
2.346659660339
2.345479726791
2.344368696213
2.343312501907
2.342277765274
2.341252326965
2.340219497681
2.339174509048
2.338097572327
2.336989641190
2.335855960846
2.334708213806
2.333556890488
2.332434654236
2.331372022629
2.330347776413
2.329376697540
2.328460454941
2.327602863312
2.326797962189
2.326077938080
2.325437545776
2.324887275696
2.324411630630
2.324003219604
2.323649168015
2.323329687119
2.323049545288
2.322785615921
2.322499990463
2.322168827057
2.321784019470
2.321321964264
2.320774555206
2.320129394531
2.319360494614
2.318449258804
2.317398786545
2.316195964813
2.314867973328
2.313396692276
2.311776399612
2.310003042221
2.308066129684
2.305965423584
2.303700685501
2.301263093948
2.298685312271
2.295989274979
2.293187141418
2.290313959122
2.287392377853
2.284428596497
2.281410694122
2.278337478638
2.275241851807
2.272593021393
2.270184040070
2.267729282379
2.265154600143
2.262439012527
2.259630203247
2.256719827652
2.253729104996
2.250581741333
2.247378349304
2.244107723236
2.240765333176
2.237332344055
2.233779907227
2.230075836182
2.226189613342
2.222108840942
2.217844724655
2.213417291641
2.208859920502
2.204236268997
2.199635505676
2.195190906525
2.190996885300
2.187496185303
2.184245824814
2.181426048279
2.179152250290
2.177508115768
2.176287651062
2.175310134888
2.174465179443
2.173610925674
2.172683477402
2.171697854996
2.170719861984
2.169810295105
2.168930768967
2.168148517609
2.167459249496
2.166825532913
2.166159391403
2.165453195572
2.164681911469
2.163819074631
2.162877321243
2.161840915680
2.160736083984
2.159566879272
2.158345460892
2.157085180283
2.155801057816
2.154505252838
2.153216362000
2.151927947998
2.150512695312
2.149155139923
2.147841691971
2.146566867828
2.145327329636
2.144105672836
2.142885208130
2.141655921936
2.140411138535
2.139153003693
2.137883901596
2.136605501175
2.135322570801
2.134039402008
2.132753610611
2.131455659866
2.130144834518
2.128809213638
2.127451181412
2.126070022583
2.124666690826
2.123371362686
2.122027397156
2.120622634888
2.119162797928
2.117660045624
2.116124868393
2.114567041397
2.112992048264
2.111407518387
2.109812259674
2.108210325241
2.106593608856
2.104970455170
2.103340148926
2.101608991623
2.099969625473
2.098325014114
2.096737146378
2.095146417618
2.093562364578
2.092127084732
2.090740919113
2.089214324951
2.087740898132
2.086525917053
2.085898399353
2.089187145233
2.106716394424
2.265696763992
2.245091438293
2.378641605377
2.219006538391
2.217056989670
2.210281848907
2.207676172256
2.207471370697
2.207565546036
2.206915140152
2.204814195633
2.201076984406
2.196036577225
2.189827680588
2.183392286301
2.176969528198
2.170735597610
2.164808750153
2.159232854843
2.154418468475
2.149983406067
2.146571636200
2.143473148346
2.140990734100
2.139750003815
2.138396501541
2.137944459915
2.137635707855
2.137512683868
2.137261152267
2.135921001434
2.134575366974
2.133471012115
2.132675170898
2.132068157196
2.131392717361
2.130645513535
2.129781484604
2.128755807877
2.127546310425
2.126188039780
2.124714136124
2.123157739639
2.121562957764
2.119952917099
2.118354082108
2.116833925247
2.115363359451
2.113935709000
2.112358808517
2.110891819000
2.109700679779
2.108390331268
2.107096433640
2.105814456940
2.104544162750
2.103283882141
2.102023124695
2.100753545761
2.099459886551
2.098139762878
2.096797466278
2.095429182053
2.094043731689
2.092654943466
2.091263771057
2.089866161346
2.088460683823
2.087057828903
2.085660219193
2.084264278412
2.082857847214
2.081445932388
2.080018043518
2.078567504883
2.077110528946
2.075628042221
2.074131250381
2.072618722916
2.071087598801
2.069537162781
2.067960023880
2.066333532333
2.064722537994
2.063123464584
2.061514377594
2.059901952744
2.058284521103
2.056656360626
2.054989337921
2.053280353546
2.051639318466
2.049971818924
2.048357009888
2.046762943268
2.045189857483
2.043619871140
2.042058229446
2.040562629700
2.039107084274
2.037664413452
2.036254405975
2.034894466400
2.033569097519
2.032249927521
2.030903339386
2.029559612274
2.028218269348
2.026854991913
2.025538682938
2.024223089218
2.022910118103
2.021646022797
2.020445346832
2.019268751144
2.018083333969
2.016948938370
2.015989542007
2.014962673187
2.013881921768
2.012869358063
2.011908531189
2.011033535004
2.010193109512
2.009436368942
2.008639335632
2.007961034775
2.007221460342
2.006510972977
2.005804061890
2.005070924759
2.004423379898
2.003741264343
2.003159284592
2.002638339996
2.002189874649
2.001700162888
2.001229047775
2.000943899155
2.000427246094
1.999990701675
1.999460101128
1.999045729637
1.998485207558
1.997767329216
1.997308254242
1.996700167656
1.996450185776
1.996125936508
1.997463583946
2.002812623978
2.018603086472
2.222960233688
2.305487871170
2.547688961029
2.532142162323
2.513710737228
2.482691049576
2.440146684647
2.398161649704
2.361467599869
2.329663515091
2.300168752670
2.279608249664
2.266231298447
2.259007215500
2.256576538086
2.255541324615
2.251040697098
2.241646289825
2.228209733963
2.212834358215
2.198224544525
2.186025142670
2.176935434341
2.170264959335
2.165661811829
2.162472248077
2.160228490829
2.158977746964
2.158025264740
2.156611204147
2.154844760895
2.152762174606
2.150901794434
2.149121761322
2.147650241852
2.146501779556
2.145664453506
2.145017385483
2.144371986389
2.143607616425
2.142678260803
2.141611099243
2.140249490738
2.138835430145
2.137350082397
2.135856151581
2.134496927261
2.133209943771
2.132050514221
2.130981683731
2.130023717880
2.129128217697
2.128277778625
2.127403020859
2.126528978348
2.125692367554
2.124872922897
2.124058723450
2.123244762421
2.122424364090
2.121581554413
2.120747804642
2.119909286499
2.119068145752
2.118201255798
2.117339134216
2.116475105286
2.115619659424
2.114734411240
2.113845825195
2.112934350967
2.112017393112
2.111042261124
2.110067129135
2.109100580215
2.108134746552
2.107142925262
2.106136322021
2.105119466782
2.104067325592
2.103031396866
2.101982116699
2.100948095322
2.099892377853
2.098841190338
2.097761154175
2.096682310104
2.095603942871
2.094428539276
2.093286991119
2.092058181763
2.090890169144
2.089594125748
2.088427305222
2.087088346481
2.085944652557
2.084614276886
2.083502769470
2.082173347473
2.080953121185
2.079452991486
2.077940702438
2.076374769211
2.074738025665
2.073233127594
2.071690559387
2.070169448853
2.068609952927
2.067108869553
2.065554618835
2.064225196838
2.062770128250
2.061552047729
2.060178041458
2.059123277664
2.057722330093
2.056986331940
2.055250406265
2.055653810501
2.053269386292
2.056606054306
2.061261653900
2.210533142090
2.190916299820
2.384562730789
2.191732168198
2.082732200623
2.095942974091
2.074392318726
2.069134712219
2.066343069077
2.063227176666
2.060043573380
2.057183027267
2.055237770081
2.054184913635
2.053610086441
2.053329229355
2.053004264832
2.052608728409
2.051987171173
2.051080942154
2.049902439117
2.048529386520
2.047067165375
2.045490503311
2.043924093246
2.042425870895
2.041018962860
2.039725780487
2.038519620895
2.037462711334
2.036487579346
2.035551548004
2.034615278244
2.033666133881
2.032724380493
2.031758069992
2.030804157257
2.029828786850
2.028882503510
2.027979612350
2.027254343033
2.026478528976
2.025639057159
2.024740457535
2.023779153824
2.022770166397
2.021780729294
2.020784854889
2.019831895828
2.018788814545
2.017933130264
2.016919136047
2.015955448151
2.015271186829
2.014584779739
2.013890266418
2.013150453568
2.012364149094
2.011317729950
2.010340213776
2.009498119354
2.008693695068
2.008039236069
2.007168054581
2.006709575653
2.005995273590
2.005620479584
2.005632638931
2.010654687881
2.023862600327
2.224484682083
2.085095643997
2.137718677521
2.110811710358
2.333272695541
2.188878059387
2.181781291962
2.143698692322
2.117168188095
2.094608068466
2.076380252838
2.062459707260
2.054757595062
2.054523706436
2.056272029877
2.056144714355
2.054632186890
2.052852153778
2.051463603973
2.049860954285
2.047878980637
2.045829296112
2.043649911880
2.040814638138
2.037419080734
2.034180164337
2.031094789505
2.028401374817
2.026175022125
2.024487257004
2.023136138916
2.021925687790
2.020753860474
2.019539356232
2.018296241760
2.017089605331
2.015922307968
2.014727115631
2.013615131378
2.012577056885
2.011522769928
2.010451078415
2.009307622910
2.008162498474
2.006899833679
2.005604505539
2.004307746887
2.003133535385
2.001965761185
2.000756263733
1.999549269676
1.998422145844
1.997317910194
1.996182680130
1.995015501976
1.993894457817
1.992770910263
1.991672396660
1.990586280823
1.989514827728
1.988493800163
1.987474322319
1.986445665359
1.985422611237
1.984427690506
1.983471632004
1.982525229454
1.981637120247
1.980775475502
1.979961395264
1.979142308235
1.978366851807
1.977649211884
1.976929068565
1.976230144501
1.975527405739
1.974839210510
1.974151134491
1.973471999168
1.972802519798
1.972123980522
1.971470117569
1.970786929131
1.970080018044
1.969424605370
1.968798637390
1.968002915382
1.967378258705
1.966686248779
1.966151952744
1.965630650520
1.965113639832
1.964557766914
1.963991880417
1.963381767273
1.962554454803
1.961997747421
1.961548447609
1.961225867271
1.961052894592
1.960544109344
1.964457035065
1.974614858627
2.135140180588
2.164773464203
2.649198770523
2.485326290131
2.200673341751
2.150428771973
2.061585664749
2.067281484604
2.055933237076
2.040303707123
2.033444643021
2.028249263763
2.024188756943
2.020988464355
2.018329381943
2.016376256943
2.014813423157
2.013461112976
2.011974096298
2.010318756104
2.008358955383
2.006350994110
2.004756927490
2.002869129181
2.001008510590
1.999271512032
1.997543931007
1.995869278908
1.994251608849
1.992698550224
1.991176009178
1.989720940590
1.988308191299
1.986753702164
1.985275149345
1.983687281609
1.982455492020
1.981135249138
1.979893803596
1.978755474091
1.977751135826
1.976700782776
1.975616931915
1.974516630173
1.973457932472
1.972381591797
1.971261858940
1.970139741898
1.969052314758
1.967993021011
1.966956734657
1.966040849686
1.965120792389
1.964155197144
1.963220715523
1.962276577950
1.961379885674
1.960501313210
1.959621906281
1.958864092827
1.958113193512
1.957311391830
1.956658720970
1.956015110016
1.955491900444
1.954842209816
1.954325079918
1.954104065895
1.953578829765
1.954614162445
1.959132671356
1.978331804276
2.189031124115
2.060456275940
2.121104955673
2.271288394928
2.557215452194
2.561288356781
2.544301033020
2.509285211563
2.459150314331
2.409229278564
2.380139827728
2.359054088593
2.340929746628
2.327254772186
2.313428640366
2.299167633057
2.287614583969
2.279271125793
2.273024320602
2.267377376556
2.262479066849
2.258292675018
2.254635334015
2.251220941544
2.248138427734
2.244564771652
2.241077423096
2.237405300140
2.233734846115
2.230025768280
2.226334095001
2.222943544388
2.219177484512
2.216046810150
2.212567806244
2.209898233414
2.206827402115
2.204813241959
2.202216386795
2.201092958450
2.198690891266
2.199856519699
2.206352710724
2.253717899323
2.360086441040
2.330432176590
2.231345415115
2.228142499924
2.211709737778
2.210787296295
2.198779821396
2.194488286972
2.188042879105
2.183167934418
2.178557872772
2.175310134888
2.172949790955
2.170467138290
2.168943881989
2.166203975677
2.164284706116
2.162529230118
2.162006378174
2.160259962082
2.160804271698
2.159154653549
2.158571958542
2.157936096191
2.157299757004
2.156560897827
2.155800342560
2.154870510101
2.153904676437
2.152909278870
2.151810884476
2.150728702545
2.149633407593
2.148576498032
2.147506475449
2.146487474442
2.145442962646
2.144444227219
2.143435001373
2.142302274704
2.141214609146
2.140172719955
2.139147281647
2.138072490692
2.136901855469
2.135793447495
2.134710073471
2.133671045303
2.132607936859
2.131486415863
2.130310297012
2.129254102707
2.128211021423
2.127185821533
2.126167535782
2.125134229660
2.124114751816
2.122990369797
2.122020721436
2.121089220047
2.120166540146
2.119153022766
2.118081569672
2.117090702057
