4.137080192566
4.133105754852
4.127540588379
4.120649337769
4.112585544586
4.103496074677
4.093481063843
4.082526206970
4.070697784424
4.058074951172
4.044749736786
4.030676364899
4.015789031982
4.000109672546
3.983491659164
3.965774059296
3.946562767029
3.925549507141
3.902485847473
3.876850843430
3.849134922028
3.819748878479
3.789188385010
3.757820606232
3.726571083069
3.696535587311
3.667749881744
3.640568733215
3.623672962189
3.755479335785
5.086557388306
3.797569513321
3.785740375519
3.775408983231
3.765954971313
3.756657123566
3.747256278992
3.737615108490
3.727660655975
3.716926097870
3.705169677734
3.692320346832
3.678362846375
3.663790464401
3.648239135742
3.631502628326
3.614488363266
3.597883224487
3.581521511078
3.565634965897
3.550875902176
3.536965370178
3.523073673248
3.509265899658
3.496845722198
3.523404121399
3.523623466492
3.568190574646
3.555601119995
3.538184642792
3.518578052521
3.501482963562
3.486384868622
3.470690250397
3.448993921280
3.442023754120
3.432298660278
3.590847969055
3.434289455414
3.403945446014
3.385427951813
3.370834350586
3.356736183167
3.342943191528
3.331222057343
3.318154335022
3.306740999222
3.290981769562
3.287589550018
3.277534484863
3.373996734619
3.359972000122
3.310662031174
3.300734758377
3.277897834778
3.245892524719
3.214800357819
3.195682525635
3.184756755829
3.179016590118
3.173917055130
3.164212226868
3.149714469910
3.134409427643
3.119378328323
3.105741739273
3.094929933548
3.085406064987
3.076482534409
3.067359209061
3.057783126831
3.047469377518
3.036469697952
3.025224447250
3.013628959656
3.001707315445
2.989506483078
2.976903438568
2.963469505310
2.949403047562
2.935625791550
2.919744014740
2.917541742325
3.312708139420
5.343204498291
3.129794359207
3.129198551178
3.130840539932
3.134025096893
3.138129711151
3.142652988434
3.147213220596
3.151504278183
3.155328989029
3.158530950546
3.160999774933
3.162613868713
3.163183689117
3.162352561951
3.159652233124
3.154911041260
3.148296356201
3.140260696411
3.131445884705
3.122427701950
3.113339185715
3.104304075241
3.095817804337
3.087864875793
3.079716682434
3.071066379547
3.062045335770
3.052706241608
3.042958259583
3.032717704773
3.021876811981
3.010357379913
2.997828960419
2.984115839005
2.969097614288
2.953144073486
2.935996055603
2.918577432632
2.901913642883
2.886732101440
2.871954202652
2.858690738678
2.846948623657
2.838678598404
2.828457355499
2.835443973541
2.861554622650
3.007678031921
2.854377746582
2.842586040497
2.832978725433
2.825570344925
2.816596984863
2.807801961899
2.798808097839
2.789779663086
2.779354572296
2.767737388611
2.756200313568
2.744837760925
2.733758211136
2.724118471146
2.713186025620
2.703485965729
2.693805694580
2.683996438980
2.675156831741
2.666988849640
2.659518957138
2.652621030807
2.644401311874
2.637279510498
2.629040718079
2.620237350464
2.611168622971
2.601701498032
2.591514587402
2.581544160843
2.571506977081
2.560699939728
2.551036119461
2.539580106735
2.533931493759
2.559935808182
3.640873193741
2.795104980469
2.786622524261
2.769248962402
2.748095035553
2.728870630264
2.713930845261
2.702784538269
2.693085908890
2.685436725616
2.678718328476
2.673826217651
2.667720556259
2.662848949432
2.656400442123
2.687226772308
2.847092628479
2.841918706894
2.828191280365
2.808718919754
2.791195392609
2.783971071243
2.772820472717
2.762999534607
2.750835418701
2.738192081451
2.726841926575
2.715888738632
2.704538345337
2.693267345428
2.684941768646
2.677699327469
2.673001527786
2.664708852768
2.662488222122
2.653758287430
2.735916376114
2.643070220947
2.683972120285
2.627901077271
2.618017911911
2.613650560379
2.605955123901
2.614740610123
2.674141645432
2.575083494186
2.571305513382
2.574914932251
2.585005283356
2.700074195862
2.609637498856
2.540405273438
2.541398525238
2.517393112183
2.504702329636
2.494843006134
2.486027956009
2.477803468704
2.475504636765
2.476146697998
2.519644737244
2.464475154877
2.482893466949
2.438471794128
2.428338766098
2.420247316360
2.413741588593
2.410003900528
2.415683507919
2.416059970856
2.447635889053
2.409827232361
2.396295070648
2.360025405884
2.358486890793
2.349573135376
2.345954418182
2.338504076004
2.334104776382
2.328037023544
2.322776079178
2.316756963730
2.312782287598
2.306322813034
2.301823854446
2.296833276749
2.294609308243
2.289485454559
2.294851303101
2.321039915085
2.589727640152
2.446875810623
2.437285184860
2.412647008896
2.383472919464
2.352579593658
2.324571132660
2.306616067886
2.301883935928
2.301808118820
2.293619632721
2.286798238754
2.279957056046
2.347732305527
2.730153560638
2.835971832275
2.612134695053
2.607821941376
2.607222795486
2.605696201324
2.602504968643
2.597592592239
2.591291189194
2.583863258362
2.575372695923
2.565960645676
2.555648565292
2.544541358948
2.533115148544
2.521445751190
2.509787797928
2.498949766159
2.487860679626
2.474418640137
2.459482669830
2.445216894150
2.433554410934
2.425479412079
2.421335220337
2.418153285980
2.411833524704
2.401977777481
2.391182899475
2.381341695786
2.370700120926
2.359844207764
2.347343921661
2.335899353027
2.322885274887
2.312559604645
2.299103736877
2.468656778336
3.668508529663
2.541428089142
2.543942689896
2.544856309891
2.545857191086
2.547034502029
2.548237800598
2.549335718155
2.550273656845
2.550997495651
2.551487922668
2.551735639572
2.551723718643
2.551477909088
2.551018476486
2.550367593765
2.549543142319
2.548560142517
2.547432422638
2.546173810959
2.544785499573
2.543295145035
2.541716337204
2.540061712265
2.538345575333
2.536575317383
2.534759759903
2.532905578613
2.531019926071
2.529112339020
2.527167797089
2.525209903717
2.523241043091
2.521261453629
2.519272327423
2.517276525497
2.515275001526
2.513268709183
2.511257886887
2.509245634079
2.507231712341
2.505214691162
2.503191471100
2.501160860062
2.499120235443
2.497066974640
2.494998693466
2.492909669876
2.490796566010
2.488650798798
2.486466407776
2.484232664108
2.481940984726
2.479570388794
2.477103710175
2.474506855011
2.471760988235
2.468801259995
2.465574741364
2.461983680725
2.457922697067
2.453173160553
2.447487354279
2.440520286560
2.431684255600
2.420340538025
2.405833005905
2.388209342957
2.369807481766
2.356017351151
2.350581645966
2.347275495529
2.343330144882
2.339922189713
2.334800243378
2.327375173569
2.318113088608
2.307578086853
2.296329259872
2.284964799881
2.273908138275
2.262603759766
2.250892400742
2.239237785339
2.228662014008
2.221253633499
2.225625753403
2.478926897049
3.983060359955
2.479807615280
2.480298519135
2.482860088348
2.488313198090
2.494893312454
2.501738548279
2.508369684219
2.514491796494
2.519986152649
2.524799108505
2.528915882111
2.532398462296
2.535315990448
2.537698507309
2.539642095566
2.541224479675
2.542458772659
2.543375968933
2.543962240219
2.544237613678
2.544191122055
2.543773174286
2.542899608612
2.541453361511
2.539369106293
2.536612749100
2.533211231232
2.529275178909
2.524529457092
2.519637107849
2.515454292297
2.512577772141
2.505174398422
2.498816013336
2.493820190430
2.489552736282
2.485220193863
2.480719566345
2.476442575455
2.472443819046
2.468922615051
2.464954853058
2.461251258850
2.457366704941
2.453342914581
2.449125766754
2.445034265518
2.441268920898
2.437169075012
2.432896852493
2.428682804108
2.423881053925
2.418889999390
2.413511276245
2.408084630966
2.402863502502
2.397414207458
2.391789913177
2.386257410049
2.380292177200
2.374418735504
2.368775129318
2.362475395203
2.356432676315
2.348515748978
2.344761848450
2.337948083878
2.520674943924
2.666662931442
2.549768686295
2.542469739914
2.535353899002
2.529902219772
2.526480436325
2.524736642838
2.523760795593
2.522768974304
2.520336151123
2.515707492828
2.508534669876
2.499190330505
2.488644361496
2.478677988052
2.470853805542
2.465385198593
2.461091756821
2.456621170044
2.452152490616
2.447811365128
2.443448781967
2.439207792282
2.435495615005
2.431938409805
2.428162574768
2.423810243607
2.419144630432
2.413993597031
2.408255338669
2.402654409409
2.397176504135
2.392356157303
2.387875318527
2.384252309799
2.380590677261
2.377340078354
2.373730182648
2.370254278183
2.366321086884
2.362929821014
2.359124422073
2.355683803558
2.352093935013
2.349027872086
2.345567703247
2.342437505722
2.339018106461
2.336016416550
2.332442998886
2.329192161560
2.325262546539
2.321631193161
2.317214965820
2.312846899033
2.308379411697
2.303740739822
2.298808097839
2.293759584427
2.288476228714
2.283146619797
2.277622222900
2.272945642471
2.268331527710
2.263611316681
2.259796380997
2.255408525467
2.253991365433
2.251272916794
2.343520164490
2.979304552078
2.570653200150
2.565441608429
2.560109853745
2.554036855698
2.548295021057
2.543588638306
2.539766550064
2.536279439926
2.532776594162
2.529226541519
2.525691986084
2.522213220596
2.518822669983
2.515553712845
2.512395858765
2.509373903275
2.506490945816
2.503771305084
2.501204967499
2.498781681061
2.496482849121
2.494304895401
2.492231607437
2.490233421326
2.488316774368
2.486482858658
2.484721183777
2.483015775681
2.481359481812
2.479748487473
2.478151559830
2.476579189301
2.475029230118
2.473500251770
2.471989870071
2.470498800278
2.469022512436
2.467559814453
2.466108798981
2.464667797089
2.463242292404
2.461830139160
2.460435390472
2.459057569504
2.457697868347
2.456354141235
2.455026388168
2.453715085983
2.452417373657
2.451132535934
2.449859619141
2.448596477509
2.447342634201
2.446096658707
2.444859266281
2.443628787994
2.442406892776
2.441192150116
2.439988374710
2.438772916794
2.437561511993
2.436354398727
2.435151100159
2.433953285217
2.432760953903
2.431574821472
2.430394649506
2.429221868515
2.428055286407
2.426897525787
2.425746679306
2.424603700638
2.423468351364
2.422341823578
2.421222925186
2.420110702515
2.419009447098
2.417921066284
2.416841745377
2.415773391724
2.414713621140
2.413661956787
2.412616968155
2.411578178406
2.410546779633
2.409521341324
2.408499717712
2.407481431961
2.406465768814
2.405450344086
2.404434680939
2.403413534164
2.402384757996
2.401340246201
2.400281667709
2.399218797684
2.398138046265
2.397034406662
2.395896434784
2.394717454910
2.393478155136
2.392157793045
2.390738010406
2.389219045639
2.387553930283
2.385680675507
2.383538246155
2.381111145020
2.378290891647
2.375021457672
2.371222019196
2.366780042648
2.361856698990
2.356336593628
2.350167036057
2.343290328979
2.335915565491
2.328084945679
2.320332288742
2.313527107239
2.308562994003
2.305217504501
2.303273439407
2.299772739410
2.296127319336
2.291573286057
2.288906335831
2.286944627762
2.285657644272
2.284433603287
2.283537149429
2.281474590302
2.279006958008
2.277156114578
2.275240659714
2.273805618286
2.272511005402
2.271445512772
2.269874572754
2.268490552902
2.266397953033
2.264513969421
2.262219429016
2.260161638260
2.257977962494
2.256076335907
2.254040002823
2.252304792404
2.250419139862
2.248741149902
2.246809244156
2.245281219482
2.243368148804
2.241888761520
2.240099668503
2.238188028336
2.236321926117
2.234329223633
2.232254743576
2.230270624161
2.228312253952
2.226204872131
2.224252223969
2.222607612610
2.220976829529
2.219392061234
2.217906475067
2.216487407684
2.215099811554
2.213577985764
2.212383747101
2.211192131042
2.210055828094
2.208957672119
2.208018541336
2.207107782364
2.206190347672
2.205259799957
2.204320192337
2.203369855881
2.202429056168
2.201493024826
2.200566530228
2.199617862701
2.198589086533
2.197587728500
2.196677207947
2.195811271667
2.194983005524
2.194186925888
2.193410634995
2.192645311356
2.191820859909
2.191030502319
2.190288305283
2.189522981644
2.188793659210
2.188034057617
2.187280416489
2.186527252197
2.185775995255
2.185031652451
2.184289693832
2.183549880981
2.182801723480
2.182149171829
2.181440353394
2.180766820908
2.180089235306
2.179450035095
2.178757429123
2.178044557571
2.177284002304
2.176500558853
2.175694227219
2.174878835678
2.174085378647
2.173286199570
2.172479867935
2.171627759933
2.170787572861
2.169912099838
2.168951034546
2.168176412582
2.167353153229
2.166504383087
2.165479183197
2.164401292801
2.163358926773
2.162332296371
2.161265134811
2.160110473633
2.158912420273
2.157687187195
2.156447887421
2.155143499374
2.153853654861
2.152648448944
2.151450157166
2.150239944458
2.149001598358
2.147730350494
2.146307468414
2.144887924194
2.143560647964
2.142096281052
2.140644073486
2.139006614685
2.137241601944
2.135471343994
2.133688211441
2.131855249405
2.129908800125
2.127864599228
2.125894784927
2.123371124268
2.124409675598
2.215588808060
3.025712251663
2.308322429657
2.306961297989
2.291725635529
2.279814004898
2.272639274597
2.271028518677
2.271713972092
2.272059440613
2.268136501312
2.264145612717
2.262160301208
2.261087179184
2.260037422180
2.258998870850
2.257753849030
2.256522178650
2.255077838898
2.252861499786
2.250921964645
2.249046564102
2.247228384018
2.245446205139
2.243687391281
2.241986036301
2.240331411362
2.238578319550
2.236785411835
2.235147237778
2.233484268188
2.231766462326
2.229966640472
2.228166103363
2.226440906525
2.224689722061
2.222940444946
2.220980882645
2.218842506409
2.216681003571
2.214372396469
2.212030887604
2.209612607956
2.207198381424
2.204708099365
2.202145814896
2.199448823929
2.196805953979
2.194145679474
2.191195726395
2.189034938812
2.185641050339
2.183550834656
2.180783987045
2.178312063217
2.175436496735
2.173741817474
2.170982599258
2.186124086380
2.320798397064
2.326798677444
2.449387311935
2.481171607971
2.484657287598
2.483892202377
2.482196807861
2.479757070541
2.476671695709
2.473064899445
2.469043254852
2.464718580246
2.460190296173
2.455557107925
2.450894117355
2.446278095245
2.441761732101
2.437393188477
2.433210134506
2.429234743118
2.425491333008
2.421984434128
2.418719530106
2.415700912476
2.412921428680
2.410373926163
2.408046245575
2.405928373337
2.404003143311
2.402255058289
2.400675296783
2.399246454239
2.397950887680
2.396776914597
2.395709991455
2.394736766815
2.393843650818
2.393020868301
2.392259120941
2.391541481018
2.390866994858
2.390225648880
2.389612674713
2.389021635056
2.388448238373
2.387888669968
2.387338876724
2.386794328690
2.386254549026
2.385715484619
2.385176420212
2.384634733200
2.384088993073
2.383538484573
2.382978439331
2.382409095764
2.381825447083
2.381227016449
2.380612373352
2.379981994629
2.379333257675
2.378664255142
2.377977371216
2.377300024033
2.376677274704
2.376111507416
2.375593185425
2.375080585480
2.374555110931
2.373996973038
2.373410463333
2.372795820236
2.372160911560
2.371510028839
2.370861530304
2.370224475861
2.369603872299
2.368996143341
2.368402004242
2.367817401886
2.367239713669
2.366667509079
2.366100072861
2.365535736084
2.364977121353
2.364424228668
2.363877773285
2.363336801529
2.362799644470
2.362264394760
2.361730337143
2.361200094223
2.360672950745
2.360147953033
2.359624385834
2.359103202820
2.358584880829
2.358069658279
2.357557058334
2.357047319412
2.356540679932
2.356035709381
2.355531930923
2.355031013489
2.354531049728
2.354031324387
2.353531360626
2.353032112122
2.352532148361
2.352032423019
2.351528882980
2.351024627686
2.350517272949
2.350005149841
2.349488019943
2.348965167999
2.348434686661
2.347896337509
2.347347736359
2.346787452698
2.346212387085
2.345615625381
2.344993591309
2.344342231750
2.343665599823
2.342948436737
2.342180013657
2.341340065002
2.340411424637
2.339384555817
2.338214635849
2.336858749390
2.335266590118
2.333347797394
2.330975294113
2.328028678894
2.324256420135
2.319468975067
2.313594579697
2.307000637054
2.300729990005
2.295901536942
2.292177438736
2.287639856339
2.283929586411
2.280852317810
2.278137922287
2.275619506836
2.273277759552
2.271025180817
2.268884658813
2.266576051712
2.264125347137
2.261485099792
2.258659601212
2.255718231201
2.252724170685
2.249757051468
2.246874332428
2.244137048721
2.241637706757
2.239334583282
2.237242937088
2.235342979431
2.233549118042
2.231855869293
2.230177879333
2.228507757187
2.226780653000
2.224996805191
2.223122596741
2.221179723740
2.219173431396
2.217108964920
2.214979171753
2.212790727615
2.210568428040
2.208278656006
2.205921411514
2.203498840332
2.201051712036
2.198590278625
2.196109771729
2.193662166595
2.191275119781
2.189073801041
2.187080383301
2.185284852982
2.183611631393
2.182068586349
2.180615663528
2.179236173630
2.177947998047
2.176634311676
2.175384044647
2.174292802811
2.173331499100
2.172410011292
2.171556949615
2.170820713043
2.170193910599
2.169647932053
2.169103384018
2.168573379517
2.168035984039
2.167474746704
2.166882514954
2.166254043579
2.165587186813
2.164883136749
2.164144039154
2.163382053375
2.162615537643
2.161849260330
2.161080360413
2.160316944122
2.159552335739
2.158775568008
2.157985448837
2.157173633575
2.156336784363
2.155470848083
2.154575586319
2.153654813766
2.152709722519
2.151750087738
2.150773048401
2.149788856506
2.148776531219
2.147778272629
2.146759033203
2.145769119263
2.144802331924
2.143821954727
2.142872571945
2.141914606094
2.140983819962
2.140047788620
2.139110326767
2.138211011887
2.137332201004
2.136444330215
2.135558128357
2.134698152542
2.133830785751
2.132975339890
2.132125616074
2.131327390671
2.130489110947
2.129634857178
2.128797054291
2.127970218658
2.127139806747
2.126313447952
2.125474929810
2.124627113342
2.123763561249
2.122906923294
2.122004032135
2.121139049530
2.120241165161
2.119370698929
2.118465185165
2.117623090744
2.116712570190
2.115863323212
2.114930152893
2.114121437073
2.113199949265
2.112411022186
2.111475944519
2.110720634460
2.109772682190
2.108959436417
2.108136892319
2.107323884964
2.106485843658
2.105651855469
2.104741573334
2.103913068771
2.102913856506
2.101973772049
2.101223707199
2.100431442261
2.099574565887
2.098687171936
2.097685337067
2.096658945084
2.095706939697
2.094690084457
2.093693494797
2.092708587646
2.091990470886
2.091494321823
2.090348958969
2.089334964752
2.088369846344
2.087459802628
2.086353540421
2.085480928421
2.084823608398
2.082741498947
2.092146635056
2.262971162796
2.662603616714
2.648239374161
2.628736972809
2.605209827423
2.579153537750
2.551958322525
2.524507761002
2.497243881226
2.469849586487
2.441050529480
2.408004760742
2.372679710388
2.370058774948
2.366600513458
2.363061189651
2.359863042831
2.357045412064
2.354625463486
2.352486848831
2.350590229034
2.348876714706
2.347337245941
2.345955371857
2.344714879990
2.343574523926
2.342527151108
2.341559171677
2.340661525726
2.339797496796
2.338962793350
2.338147640228
2.337353229523
2.336562871933
2.335782051086
2.335017919540
2.334281682968
2.333570957184
2.332916975021
2.332347154617
2.331835985184
2.331378936768
2.330960273743
2.330568790436
2.330198049545
2.329844236374
2.329501628876
2.329168558121
2.328846454620
2.328544378281
2.328250408173
2.327960729599
2.327663898468
2.327344894409
2.326968193054
2.326514482498
2.326049327850
2.325513601303
2.324901103973
2.324201107025
2.323381185532
2.322415351868
2.321305274963
2.320032119751
2.318656682968
2.317140817642
2.315470695496
2.313641071320
2.311638832092
2.309459447861
2.307100772858
2.304531812668
2.301776647568
2.298866033554
2.295827388763
2.292675018311
2.289434909821
2.286106586456
2.282702684402
2.279221296310
2.275701761246
2.272508382797
2.269698381424
2.266936302185
2.264121532440
2.261250734329
2.258319377899
2.255353689194
2.252369403839
2.249298572540
2.246197223663
2.243046045303
2.239827156067
2.236527204514
2.233128786087
2.229614019394
2.225977659225
2.222213983536
2.218322753906
2.214338302612
2.210308074951
2.206307411194
2.202383995056
2.198633193970
2.195153474808
2.192224025726
2.189646482468
2.187475681305
2.185747146606
2.184412956238
2.183270931244
2.182206869125
2.181121110916
2.179928302765
2.178613901138
2.177248954773
2.175903797150
2.174670696259
2.173586130142
2.172685384750
2.171944379807
2.171334028244
2.170782566071
2.170272588730
2.169771909714
2.169252872467
2.168709278107
2.168124437332
2.167499780655
2.166829586029
2.166112184525
2.165343999863
2.164532184601
2.163680315018
2.162786722183
2.161848545074
2.160796165466
2.159731388092
2.158657073975
2.157588243484
2.156520366669
2.155467271805
2.154431104660
2.153407812119
2.152389049530
2.151372671127
2.150358200073
2.149352550507
2.148351430893
2.147354602814
2.146358251572
2.145363330841
2.144368410110
2.143372297287
2.142363071442
2.141326189041
2.140264749527
2.139227867126
2.138181924820
2.137096405029
2.135949373245
2.134754419327
2.133524656296
2.132274150848
2.131001949310
2.129721403122
2.128427028656
2.127117395401
2.125785589218
2.124436616898
2.123086929321
2.121701955795
2.120307445526
2.118973731995
2.117598056793
2.116329669952
2.114912748337
2.113766908646
2.112339019775
2.111266374588
2.109867572784
2.109038829803
2.108037710190
2.111736536026
2.128406763077
2.287462234497
2.283294677734
2.378639698029
2.211559772491
2.209861040115
2.204324245453
2.202884197235
2.203349113464
2.203606367111
2.202528238297
2.199532270432
2.194696903229
2.188450336456
2.181584119797
2.175227165222
2.169865846634
2.165628910065
2.162301540375
2.159448385239
2.156935453415
2.154432058334
2.152417898178
2.150699377060
2.149269819260
2.148558139801
2.148079395294
2.147879123688
2.147618055344
2.147176027298
2.146450996399
2.145214557648
2.144064426422
2.143158912659
2.142500400543
2.142024278641
2.141579389572
2.141116380692
2.140589237213
2.139968633652
2.139243602753
2.138417243958
2.137506484985
2.136523723602
2.135478734970
2.134385347366
2.133246898651
2.132099866867
2.130934953690
2.129759788513
2.128469944000
2.127190113068
2.126011133194
2.124759912491
2.123511075974
2.122279405594
2.121082782745
2.119915723801
2.118778705597
2.117664098740
2.116559505463
2.115456581116
2.114347934723
2.113219499588
2.112071514130
2.110908746719
2.109726905823
2.108532190323
2.107318401337
2.106080293655
2.104831695557
2.103575706482
2.102309465408
2.101024866104
2.099716663361
2.098389625549
2.097036838531
2.095649242401
2.094239950180
2.092811822891
2.091376066208
2.089924335480
2.088458299637
2.086970329285
2.085467338562
2.083981752396
2.082504510880
2.081030845642
2.079560279846
2.078108310699
2.076633930206
2.075160264969
2.073710680008
2.072260856628
2.070771694183
2.069293975830
2.067820310593
2.066351175308
2.064918279648
2.063569068909
2.062251329422
2.060956478119
2.059701681137
2.058454275131
2.057234048843
2.056048393250
2.054867267609
2.053685426712
2.052522659302
2.051347494125
2.050184249878
2.049032926559
2.047875881195
2.046701431274
2.045543909073
2.044406652451
2.043262243271
2.042101621628
2.041001081467
2.039905309677
2.038693666458
2.037538290024
2.036334276199
2.035207271576
2.034016370773
2.032932519913
2.031771659851
2.030730009079
2.029601335526
2.028586864471
2.027473211288
2.026522874832
2.025417327881
2.024597406387
2.023517847061
2.022888422012
2.021850109100
2.021330356598
2.020295381546
2.019856452942
2.018857717514
2.018356084824
2.017347812653
2.016911029816
2.015898704529
2.015369415283
2.014599084854
2.014019966125
2.013200283051
2.012996912003
2.013022422791
2.017922639847
2.033793210983
2.231800794601
2.327684402466
2.542277097702
2.520525693893
2.500378847122
2.468707799911
2.422755718231
2.375089883804
2.334199905396
2.301579236984
2.275388956070
2.257975578308
2.249081850052
2.246526479721
2.246939659119
2.246680021286
2.243157863617
2.236737251282
2.227461338043
2.216110229492
2.204428195953
2.193933725357
2.185215950012
2.177981853485
2.172179222107
2.167572021484
2.163932561874
2.161236763000
2.159059524536
2.157367229462
2.155872583389
2.154339790344
2.152736186981
2.151337146759
2.150147438049
2.149151563644
2.148257255554
2.147400379181
2.146532773972
2.145629167557
2.144678354263
2.143756389618
2.142683744431
2.141829967499
2.140931129456
2.140262126923
2.139555215836
2.138990640640
2.138409137726
2.137937307358
2.137428045273
2.136991024017
2.136473417282
2.135955095291
2.135407686234
2.134843826294
2.134260177612
2.133654356003
2.133030176163
2.132363796234
2.131689786911
2.130990743637
2.130292415619
2.129561662674
2.128820896149
2.128034353256
2.127237558365
2.126379013062
2.125532627106
2.124648809433
2.123779773712
2.122863531113
2.121978759766
2.121081829071
2.120205402374
2.119290113449
2.118395328522
2.117496252060
2.116558551788
2.115661859512
2.114732980728
2.113848686218
2.112926721573
2.112028121948
2.111148834229
2.110248088837
2.109482049942
2.108494997025
2.107735395432
2.106682538986
2.105933189392
2.104878664017
2.104138851166
2.103056430817
2.102330684662
2.101243972778
2.100543498993
2.099536180496
2.098699331284
2.097704172134
2.096678495407
2.095634222031
2.094560623169
2.093512296677
2.092427730560
2.091381311417
2.090279579163
2.089215755463
2.088133096695
2.087094545364
2.085964918137
2.084877967834
2.083751678467
2.082662582397
2.081569194794
2.080676794052
2.079506874084
2.079065084457
2.077764034271
2.077607870102
2.077040195465
2.091605663300
2.211814641953
2.211338758469
2.378222703934
2.191116809845
2.105346441269
2.098567724228
2.087964057922
2.081490993500
2.082019567490
2.080723762512
2.078977346420
2.077229738235
2.075493335724
2.073770284653
2.072099924088
2.070627450943
2.069292306900
2.068161487579
2.067070722580
2.065991163254
2.064914941788
2.063778638840
2.062556982040
2.061276197433
2.059968471527
2.058651924133
2.057355165482
2.056150436401
2.054960727692
2.053857803345
2.052805662155
2.051846504211
2.050907135010
2.050024747849
2.049216747284
2.048449754715
2.047699213028
2.046926021576
2.046157836914
2.045452833176
2.044773578644
2.044100284576
2.043387174606
2.042659521103
2.041883945465
2.041068553925
2.040218830109
2.039347887039
2.038472890854
2.037543296814
2.036676645279
2.035733461380
2.034790039062
2.033952951431
2.033083200455
2.032202482224
2.031267166138
2.030287504196
2.029198646545
2.028130769730
2.027083635330
2.026052713394
2.025070667267
2.024040699005
2.023157596588
2.022219896317
2.021364688873
2.021203517914
2.023993253708
2.041718959808
2.218883752823
2.091151952744
2.142704010010
2.135067939758
2.315840482712
2.163744211197
2.161472082138
2.123466730118
2.103324651718
2.087086677551
2.075159549713
2.067390680313
2.065187215805
2.066764354706
2.065789222717
2.062831640244
2.059538125992
2.056810617447
2.054905176163
2.053224802017
2.051539182663
2.049981832504
2.048252344131
2.045889377594
2.043129444122
2.040382623672
2.037740230560
2.035397529602
2.033337831497
2.031475067139
2.029821157455
2.028371334076
2.027164220810
2.026176214218
2.025360345840
2.024641990662
2.023898124695
2.023097276688
2.022252798080
2.021379232407
2.020438671112
2.019453048706
2.018453598022
2.017448186874
2.016373634338
2.015271425247
2.014164924622
2.013087272644
2.011988878250
2.010849237442
2.009675502777
2.008506059647
2.007303476334
2.006097555161
2.004873037338
2.003649950027
2.002423286438
2.001203298569
2.000051498413
1.998971581459
1.997968912125
1.997030735016
1.996144413948
1.995278358459
1.994452595711
1.993671536446
1.992910027504
1.992193937302
1.991481542587
1.990783929825
1.990059852600
1.989351272583
1.988677859306
1.988006353378
1.987359881401
1.986732006073
1.986129641533
1.985534429550
1.984964966774
1.984414100647
1.983870983124
1.983365058899
1.982837319374
1.982317447662
1.981789469719
1.981347084045
1.980748057365
1.980295300484
1.979779124260
1.979367733002
1.978959441185
1.978562355042
1.978144884109
1.977733969688
1.977286219597
1.976746320724
1.976256847382
1.976030349731
1.975607633591
1.975734710693
1.975183725357
1.978673338890
1.989774227142
2.136277675629
2.179735422134
2.642838001251
2.474454879761
2.193977355957
2.152042627335
2.059858798981
2.080703973770
2.063050270081
2.055136442184
2.049973011017
2.045426368713
2.041252136230
2.037116050720
2.032894134521
2.029405355453
2.026470661163
2.024234771729
2.022301435471
2.020476341248
2.018706321716
2.017128229141
2.015961170197
2.014885187149
2.013794660568
2.012621641159
2.011326313019
2.009887218475
2.008343458176
2.006731271744
2.005022764206
2.003222942352
2.001363277435
1.999439358711
1.997607588768
1.995689272881
1.993954539299
1.992227911949
1.990621089935
1.989208340645
1.988017439842
1.986922621727
1.985964417458
1.985108971596
1.984339237213
1.983580708504
1.982821702957
1.982074975967
1.981397628784
1.980717182159
1.980070471764
1.979472279549
1.978910088539
1.978297948837
1.977705478668
1.977078437805
1.976472377777
1.975839614868
1.975211977959
1.974618315697
1.974096059799
1.973467588425
1.972968459129
1.972395300865
1.971947193146
1.971344947815
1.970915079117
1.970523953438
1.970200777054
1.970737218857
1.974690318108
1.996050357819
2.189185619354
2.069360494614
2.145662546158
2.315849065781
2.511803627014
2.518445014954
2.502729892731
2.465253114700
2.406459093094
2.348172187805
2.318120002747
2.304409742355
2.294775009155
2.287091016769
2.277687788010
2.266510009766
2.256962537766
2.249268293381
2.243510961533
2.239123344421
2.235276222229
2.232324123383
2.230357646942
2.228978633881
2.227857351303
2.226608991623
2.225132942200
2.223400354385
2.221299409866
2.218725204468
2.215873718262
2.213007450104
2.210414648056
2.207133769989
2.204918622971
2.202252864838
2.200392246246
2.198293209076
2.197157144547
2.195701599121
2.195553541183
2.195454359055
2.207595348358
2.249359846115
2.370758056641
2.336863279343
2.230976819992
2.221959352493
2.210989713669
2.210143566132
2.202353000641
2.199191331863
2.193343162537
2.188247442245
2.184186697006
2.181226491928
2.179122447968
2.177308559418
2.176136255264
2.174477100372
2.172838926315
2.171333551407
2.170088768005
2.168507337570
2.167712688446
2.166224002838
2.165122747421
2.164223670959
2.163384199142
2.162643909454
2.161950111389
2.161289691925
2.160636425018
2.160011053085
2.159363746643
2.158641576767
2.157935380936
2.157205343246
2.156474113464
2.155721902847
2.154942035675
2.154169797897
2.153381824493
2.152518272400
2.151675939560
2.150846719742
2.150034427643
2.149190902710
2.148247957230
2.147336959839
2.146442890167
2.145559787750
2.144654035568
2.143724918365
2.142730236053
2.141814231873
2.140909910202
2.139996051788
2.139089345932
2.138168096542
2.137259960175
2.136269330978
2.135361671448
2.134495019913
2.133620977402
2.132716178894
2.131692886353
2.130814790726
