4.141969203949
4.138195514679
4.132903099060
4.126334190369
4.118637084961
4.109950065613
4.100348472595
4.089812278748
4.078433036804
4.066281318665
4.053473949432
4.039966106415
4.025696277618
4.010731697083
3.994925260544
3.978127002716
3.959930419922
3.940231084824
3.918878555298
3.895286321640
3.870104312897
3.843579530716
3.815834045410
3.787476062775
3.759019851685
3.730330705643
3.702365398407
3.678835868835
3.655924320221
3.802587509155
4.939167976379
3.786619901657
3.776292800903
3.767140388489
3.758331298828
3.749515533447
3.740526199341
3.731256961823
3.721628665924
3.711239099503
3.699862957001
3.687468528748
3.674174308777
3.660713195801
3.646465539932
3.630822658539
3.614725589752
3.599106788635
3.583516597748
3.567536115646
3.552461862564
3.538034915924
3.523650169373
3.510072469711
3.498094081879
3.524245738983
3.529972076416
3.567972183228
3.563425540924
3.555808544159
3.543924570084
3.523641586304
3.502785205841
3.483718872070
3.470606327057
3.446959018707
3.522815227509
3.478846549988
3.450522899628
3.438385486603
3.414749145508
3.395872116089
3.379928112030
3.366262912750
3.354051589966
3.341851711273
3.329721212387
3.319270133972
3.305232048035
3.316956043243
3.347865581512
3.403192996979
3.308625221252
3.295821666718
3.276152133942
3.252732753754
3.235362052917
3.230666637421
3.224667072296
3.214008808136
3.201529264450
3.186235904694
3.168552875519
3.153311729431
3.141353130341
3.130777835846
3.120425701141
3.110651254654
3.101228237152
3.091930150986
3.082667350769
3.073024988174
3.062458276749
3.050892353058
3.038959980011
3.026935577393
3.014668941498
3.001829385757
2.988882541656
2.975619077682
2.960243940353
2.949060678482
2.925020217896
3.428365468979
4.908084869385
3.113208770752
3.112528800964
3.114564418793
3.118304252625
3.123037338257
3.128213167191
3.133432388306
3.138386726379
3.142882823944
3.146759271622
3.149902820587
3.152205228806
3.153529882431
3.153615951538
3.152174472809
3.149221897125
3.145132541656
3.140335321426
3.135252475739
3.129889965057
3.123468160629
3.115777730942
3.107743263245
3.100126743317
3.092765331268
3.085263490677
3.077353954315
3.068730831146
3.059172630310
3.048710346222
3.037452936172
3.025412559509
3.012366294861
2.998073816299
2.982603549957
2.966267108917
2.949643611908
2.933622837067
2.917640924454
2.901219367981
2.885983467102
2.870637893677
2.857207775116
2.842975139618
2.836397171021
2.824138879776
2.889327764511
2.945622205734
2.823599100113
2.828109741211
2.809836864471
2.801682710648
2.791953086853
2.781838417053
2.772098541260
2.762791633606
2.752819061279
2.741670608521
2.730037927628
2.718635320663
2.707614421844
2.697747230530
2.687946557999
2.678729772568
2.670115470886
2.661796092987
2.653742551804
2.645792961121
2.637988805771
2.630543947220
2.623189449310
2.615458011627
2.607894182205
2.599576950073
2.590726375580
2.581427097321
2.572195053101
2.562535047531
2.553160429001
2.544389486313
2.534466505051
2.525132894516
2.516024827957
2.566647291183
3.517158746719
2.812736511230
2.786666870117
2.772727489471
2.756544589996
2.741765260696
2.728362083435
2.717786788940
2.708911418915
2.700848102570
2.694181680679
2.687197446823
2.680519104004
2.672647476196
2.669631004333
2.686189413071
2.881124973297
2.827713727951
2.817830085754
2.808620452881
2.806959629059
2.808333635330
2.788240909576
2.773314952850
2.758869647980
2.744078874588
2.730301856995
2.718219041824
2.708195686340
2.700780391693
2.696118831635
2.692208290100
2.687537670135
2.681258916855
2.673237085342
2.675689220428
2.729066371918
2.674267053604
2.692231893539
2.648637056351
2.644317626953
2.631343603134
2.627871990204
2.619991540909
2.698497533798
2.589946269989
2.583121299744
2.584713459015
2.604041099548
2.689270019531
2.615490198135
2.579898834229
2.537087202072
2.524324893951
2.513624668121
2.498744010925
2.488241195679
2.478436231613
2.479433774948
2.474526643753
2.520685672760
2.461713314056
2.485649108887
2.433891773224
2.434133768082
2.412447452545
2.421700000763
2.401557207108
2.426984310150
2.407317638397
2.458338499069
2.415816068649
2.404594421387
2.378300428391
2.356333494186
2.356085538864
2.344333887100
2.343121767044
2.335681676865
2.333050966263
2.324931383133
2.320858001709
2.311714172363
2.310087442398
2.303550958633
2.303320169449
2.294786691666
2.298121690750
2.284029245377
2.359622955322
2.453207731247
2.443336248398
2.448399305344
2.417045593262
2.392286539078
2.363716840744
2.336366176605
2.316414594650
2.309429168701
2.305060625076
2.301604032516
2.290844202042
2.298452138901
2.323570013046
2.771916627884
2.721798896790
2.572734117508
2.578496217728
2.582983255386
2.584427833557
2.583346605301
2.580465793610
2.576419591904
2.571765661240
2.566894292831
2.562148332596
2.557704448700
2.553402423859
2.548313856125
2.540812015533
2.530601739883
2.519387006760
2.508153676987
2.496467113495
2.485152006149
2.474044322968
2.462402820587
2.450604915619
2.441550254822
2.434009313583
2.425770759583
2.417551755905
2.409668207169
2.401451110840
2.392245531082
2.381530284882
2.369746208191
2.354948282242
2.340580940247
2.324821472168
2.315045833588
2.438333511353
3.775963783264
2.523227930069
2.525898933411
2.527090311050
2.528386354446
2.529912710190
2.531513690948
2.533064842224
2.534499406815
2.535768985748
2.536838531494
2.537689208984
2.538288354874
2.538656473160
2.538818836212
2.538805723190
2.538625001907
2.538282871246
2.537788152695
2.537156581879
2.536376953125
2.535471439362
2.534454822540
2.533343315125
2.532150983810
2.530881404877
2.529543161392
2.528145790100
2.526694059372
2.525198698044
2.523635387421
2.522037267685
2.520405769348
2.518739938736
2.517042875290
2.515316963196
2.513563156128
2.511785030365
2.509983301163
2.508164405823
2.506330728531
2.504478216171
2.502604722977
2.500708818436
2.498788118362
2.496840476990
2.494863748550
2.492856502533
2.490813255310
2.488724470139
2.486586332321
2.484385490417
2.482116222382
2.479759216309
2.477300405502
2.474708318710
2.471965789795
2.469006538391
2.465782403946
2.462201356888
2.458179235458
2.453493595123
2.447900772095
2.441087007523
2.432471513748
2.421449661255
2.407305240631
2.389863014221
2.370918035507
2.355220794678
2.346842288971
2.341083049774
2.335702180862
2.330970525742
2.325016021729
2.316944837570
2.307416677475
2.297484874725
2.287639617920
2.278402090073
2.269424915314
2.259603977203
2.248996734619
2.239117383957
2.230540275574
2.226291418076
2.231313228607
2.460496425629
3.949297428131
2.467113733292
2.469836473465
2.474835634232
2.482120513916
2.490008115768
2.497925281525
2.505596160889
2.512840270996
2.519610643387
2.525917291641
2.531744480133
2.537066459656
2.542018651962
2.546346187592
2.550123929977
2.553026914597
2.555169343948
2.556540489197
2.557317018509
2.557541131973
2.557223320007
2.556535243988
2.555566787720
2.554404020309
2.552963256836
2.551094532013
2.548645734787
2.545170068741
2.540922164917
2.535364151001
2.529704570770
2.526748180389
2.522950649261
2.518271923065
2.512080192566
2.505162715912
2.499054193497
2.494755268097
2.491210699081
2.487844944000
2.483362913132
2.480396032333
2.476951360703
2.473346948624
2.469755887985
2.466569185257
2.463431596756
2.459491252899
2.455565690994
2.451255559921
2.446635246277
2.441657304764
2.436701297760
2.431613206863
2.426372289658
2.420860528946
2.415246963501
2.409430265427
2.403185844421
2.396973133087
2.390223741531
2.383293151855
2.376841783524
2.369083881378
2.363597154617
2.352200984955
2.370132684708
2.444479942322
2.776185035706
2.534268379211
2.532032728195
2.528373479843
2.525215148926
2.522786140442
2.520882844925
2.519378423691
2.518184900284
2.516549110413
2.514382600784
2.511209011078
2.507575511932
2.503990173340
2.500842571259
2.498088121414
2.494433164597
2.490196228027
2.485762357712
2.480628967285
2.475009679794
2.469232082367
2.463662862778
2.457906007767
2.452172040939
2.446507930756
2.440845966339
2.435107231140
2.429622888565
2.424526214600
2.419510841370
2.414885520935
2.410344362259
2.406171560287
2.401364088058
2.396854877472
2.392030000687
2.387840270996
2.383773803711
2.380444526672
2.376709938049
2.373640298843
2.370369911194
2.367357969284
2.363738536835
2.360706090927
2.357364654541
2.354246139526
2.350555181503
2.347301721573
2.343493461609
2.340004205704
2.335969448090
2.332404851913
2.328559160233
2.324452400208
2.319981098175
2.315027952194
2.309470891953
2.303651809692
2.297647714615
2.291621923447
2.284991025925
2.279158353806
2.274285316467
2.269658565521
2.266060829163
2.261797666550
2.265548706055
2.318468093872
3.057284593582
2.532633781433
2.528964996338
2.525865554810
2.522378921509
2.519141912460
2.516667842865
2.514636754990
2.512778043747
2.510829448700
2.508827924728
2.506830930710
2.504865884781
2.502954721451
2.501122951508
2.499349355698
2.497652769089
2.496045351028
2.494531869888
2.493103265762
2.491749286652
2.490447759628
2.489196538925
2.487980842590
2.486768960953
2.485570907593
2.484394073486
2.483229398727
2.482065677643
2.480897665024
2.479725599289
2.478513479233
2.477278470993
2.476020336151
2.474745035172
2.473449945450
2.472139835358
2.470812797546
2.469469547272
2.468112230301
2.466742515564
2.465366601944
2.463989496231
2.462616205215
2.461248636246
2.459891557693
2.458543777466
2.457204341888
2.455876827240
2.454559087753
2.453250885010
2.451951265335
2.450660943985
2.449378490448
2.448104143143
2.446837902069
2.445579528809
2.444329738617
2.443084955215
2.441849946976
2.440593957901
2.439337015152
2.438080072403
2.436823368073
2.435567140579
2.434314250946
2.433063030243
2.431815385818
2.430571794510
2.429332733154
2.428100824356
2.426874876022
2.425657272339
2.424446344376
2.423245191574
2.422053575516
2.420870304108
2.419700622559
2.418547868729
2.417408227921
2.416284561157
2.415174007416
2.414076328278
2.412989616394
2.411913633347
2.410850286484
2.409795761108
2.408749580383
2.407708883286
2.406673192978
2.405638933182
2.404604196548
2.403564453125
2.402512788773
2.401440382004
2.400346755981
2.399244070053
2.398116588593
2.396954536438
2.395745754242
2.394478797913
2.393129110336
2.391665697098
2.390067338943
2.388326644897
2.386391878128
2.384187698364
2.381636857986
2.378683567047
2.375220537186
2.371218442917
2.366606235504
2.361385822296
2.355852842331
2.350299596786
2.345095872879
2.340715408325
2.337258815765
2.335089921951
2.333691358566
2.333417654037
2.333315134048
2.334275484085
2.330535650253
2.326786994934
2.317910432816
2.311498880386
2.306893825531
2.303989171982
2.302257537842
2.301316738129
2.300654411316
2.299881935120
2.298897266388
2.297505855560
2.295837402344
2.293688297272
2.291872978210
2.289795398712
2.287154912949
2.284682750702
2.282487154007
2.280297756195
2.278226375580
2.276164054871
2.274108171463
2.272039651871
2.269920825958
2.267732620239
2.265487432480
2.263212442398
2.260813474655
2.258374214172
2.255852460861
2.253371953964
2.250841617584
2.248522281647
2.246623754501
2.244486808777
2.242384910583
2.240609884262
2.238815546036
2.236665248871
2.234771013260
2.232902526855
2.231151580811
2.229451179504
2.227794170380
2.226227283478
2.224504470825
2.222851753235
2.221380710602
2.220117568970
2.218941211700
2.217698097229
2.216426849365
2.215204000473
2.214078664780
2.213016748428
2.211997270584
2.211012601852
2.210057973862
2.209136486053
2.208231449127
2.207232713699
2.206348180771
2.205463171005
2.204555749893
2.203661918640
2.202771902084
2.201887130737
2.201010942459
2.200142621994
2.199216365814
2.198354005814
2.197367906570
2.196521997452
2.195775270462
2.195035934448
2.194282531738
2.193512439728
2.192736387253
2.191940784454
2.191152811050
2.190371036530
2.189596891403
2.188694715500
2.187833070755
2.187017202377
2.186239242554
2.185549020767
2.184925079346
2.184274673462
2.183533191681
2.182729959488
2.181908369064
2.181069850922
2.180263757706
2.179488420486
2.178725719452
2.177942991257
2.177149534225
2.176349163055
2.175620555878
2.174767255783
2.173755884171
2.172500133514
2.171665191650
2.171108722687
2.170514345169
2.169895172119
2.169155836105
2.168297529221
2.167471647263
2.166581630707
2.165614128113
2.164766311646
2.163540601730
2.162468910217
2.161376237869
2.160304546356
2.159282684326
2.158277511597
2.157121419907
2.156159162521
2.155332565308
2.153799533844
2.152601957321
2.151624917984
2.150569438934
2.149349689484
2.147849559784
2.146230936050
2.144473791122
2.143374204636
2.142777681351
2.135057687759
2.146506547928
2.185713052750
3.137960672379
2.291872501373
2.286329269409
2.270477294922
2.257234334946
2.246921539307
2.244243144989
2.244113922119
2.244759798050
2.242608547211
2.240557909012
2.239737510681
2.239135742188
2.237987756729
2.236510753632
2.234631776810
2.232916593552
2.231189727783
2.229089736938
2.227089166641
2.225174665451
2.223289966583
2.221379756927
2.219449520111
2.217510461807
2.215645790100
2.213819026947
2.212041616440
2.210366487503
2.208759546280
2.207200765610
2.205618619919
2.204074144363
2.202545642853
2.201009511948
2.199427366257
2.197739362717
2.195981025696
2.194139719009
2.192199468613
2.190216302872
2.188195466995
2.186159372330
2.184072494507
2.181892156601
2.179717063904
2.177592277527
2.175409555435
2.173353672028
2.171399831772
2.169644117355
2.167222261429
2.164896011353
2.162586450577
2.160300016403
2.157774686813
2.158017635345
2.160108566284
2.329848766327
2.288323163986
2.413790464401
2.494094371796
2.499859571457
2.499762058258
2.498356103897
2.496112585068
2.493137598038
2.489555358887
2.485485076904
2.481040000916
2.476328134537
2.471454381943
2.466500043869
2.461547374725
2.456654548645
2.451872110367
2.447246551514
2.442800760269
2.438570499420
2.434560775757
2.430780410767
2.427232265472
2.423919439316
2.420837163925
2.417977094650
2.415347814560
2.412910461426
2.410666227341
2.408607244492
2.406714677811
2.404971122742
2.403364658356
2.401883125305
2.400503873825
2.399225234985
2.398037433624
2.396930932999
2.395872354507
2.394874572754
2.393923521042
2.393018245697
2.392149448395
2.391315698624
2.390510320663
2.389727354050
2.388963222504
2.388215303421
2.387480735779
2.386754751205
2.386035203934
2.385319471359
2.384603500366
2.383880853653
2.383149147034
2.382404088974
2.381640911102
2.380852699280
2.380038261414
2.379191875458
2.378305435181
2.377376317978
2.376418828964
2.375532627106
2.374713897705
2.374012231827
2.373372793198
2.372775793076
2.372210502625
2.371680736542
2.371174573898
2.370690822601
2.370211601257
2.369757413864
2.369316101074
2.368889331818
2.368464231491
2.368031978607
2.367586374283
2.367131948471
2.366666078568
2.366189002991
2.365701913834
2.365207433701
2.364706277847
2.364204168320
2.363715410233
2.363233089447
2.362757682800
2.362282991409
2.361817121506
2.361355781555
2.360899209976
2.360447406769
2.359999656677
2.359554529190
2.359111547470
2.358669996262
2.358228206635
2.357784748077
2.357334613800
2.356879949570
2.356421709061
2.355959892273
2.355493068695
2.355023384094
2.354550361633
2.354074001312
2.353593111038
2.353106975555
2.352617740631
2.352126121521
2.351628065109
2.351125717163
2.350616931915
2.350100755692
2.349577665329
2.349045038223
2.348499059677
2.347939491272
2.347350597382
2.346723556519
2.346062183380
2.345392465591
2.344686985016
2.343938350677
2.343121767044
2.342222452164
2.341249465942
2.340151309967
2.338893890381
2.337444305420
2.335723161697
2.333626270294
2.331083774567
2.327883958817
2.323896169662
2.319133520126
2.314042329788
2.309654712677
2.307140350342
2.306438207626
2.304942846298
2.304045915604
2.302549362183
2.300605535507
2.297639608383
2.294387102127
2.291005134583
2.287278652191
2.284160137177
2.281297445297
2.278510570526
2.276037216187
2.273702144623
2.271694660187
2.269863843918
2.268183708191
2.266602754593
2.264893770218
2.263409614563
2.261871576309
2.260139465332
2.258431434631
2.256514072418
2.254607439041
2.252533197403
2.250443220139
2.248156309128
2.245893478394
2.243411064148
2.240801572800
2.238069534302
2.235222816467
2.232256174088
2.229099273682
2.225893020630
2.222486972809
2.218951225281
2.215316772461
2.211621522903
2.207931518555
2.204310178757
2.200875759125
2.197563171387
2.194552421570
2.191775083542
2.189207315445
2.186775684357
2.184413909912
2.182050704956
2.179918527603
2.177733898163
2.175542116165
2.173459529877
2.171571254730
2.169715404510
2.167904138565
2.166234970093
2.164598226547
2.163032770157
2.161487102509
2.160001516342
2.158605575562
2.157310247421
2.156136512756
2.155093431473
2.154166460037
2.153341054916
2.152617216110
2.151982069016
2.151416301727
2.150896787643
2.150403261185
2.149907588959
2.149378061295
2.148827552795
2.148224592209
2.147545814514
2.146810531616
2.146026849747
2.145220994949
2.144393920898
2.143533468246
2.142679214478
2.141815900803
2.140928745270
2.140105247498
2.139220237732
2.138395309448
2.137502193451
2.136608123779
2.135763406754
2.134859323502
2.134013652802
2.133104085922
2.132256031036
2.131422758102
2.130502939224
2.129667997360
2.128852128983
2.128003597260
2.127200841904
2.126409053802
2.125628948212
2.124805450439
2.124053716660
2.123287677765
2.122524976730
2.121758937836
2.120990276337
2.120224237442
2.119457483292
2.118680477142
2.117897272110
2.117112636566
2.116353750229
2.115565538406
2.114798069000
2.113990306854
2.113210678101
2.112390518188
2.111603975296
2.110762596130
2.109948396683
2.109088897705
2.108269453049
2.107407569885
2.106598138809
2.105739355087
2.104920148849
2.104055404663
2.103196620941
2.102311372757
2.101402044296
2.100481033325
2.099565029144
2.098627090454
2.097703218460
2.096774578094
2.095848560333
2.094700098038
2.093642950058
2.092554092407
2.091469764709
2.090441465378
2.089774847031
2.089086294174
2.088587760925
2.088102102280
2.087630510330
2.086628198624
2.084613800049
2.083559036255
2.082664489746
2.081673383713
2.079905509949
2.078985929489
2.077629804611
2.074777841568
2.075146198273
2.075687408447
2.288107156754
2.603430509567
2.590436220169
2.573029994965
2.552226066589
2.529363632202
2.505690336227
2.481989860535
2.458652496338
2.435389518738
2.411105632782
2.383430957794
2.353771448135
2.352912902832
2.351037502289
2.348862409592
2.346924781799
2.345294475555
2.343993663788
2.342895507812
2.341994524002
2.341215610504
2.340557813644
2.340010881424
2.339569330215
2.339188337326
2.338871955872
2.338615894318
2.338423967361
2.338263273239
2.338143825531
2.338073253632
2.338066816330
2.338109731674
2.338221549988
2.338403701782
2.338664770126
2.338991641998
2.339376926422
2.339818239212
2.340285301208
2.340736389160
2.341137409210
2.341446161270
2.341661691666
2.341737508774
2.341675281525
2.341473579407
2.341166973114
2.340784072876
2.340332984924
2.339839458466
2.339282989502
2.338656187057
2.337964773178
2.337200164795
2.336482763290
2.335745811462
2.334973573685
2.334153413773
2.333268642426
2.332283496857
2.331194639206
2.329991340637
2.328768014908
2.327450037003
2.325996875763
2.324392318726
2.322607278824
2.320620059967
2.318412542343
2.315942287445
2.313183069229
2.310184001923
2.306973695755
2.303547620773
2.299933910370
2.296130895615
2.292255401611
2.288304805756
2.284353256226
2.280608415604
2.277634382248
2.274774074554
2.271944522858
2.269137859344
2.266350984573
2.263571500778
2.260722637177
2.257825374603
2.254792690277
2.251651048660
2.248384475708
2.244993209839
2.241468429565
2.237787485123
2.233946323395
2.229918718338
2.225699663162
2.221296787262
2.216723203659
2.212023735046
2.207271575928
2.202593326569
2.198113441467
2.193694353104
2.189971446991
2.186894416809
2.184415102005
2.182349205017
2.180610179901
2.179033756256
2.177438020706
2.175747394562
2.173932790756
2.172062873840
2.170199155807
2.168411254883
2.166785955429
2.165319681168
2.164019107819
2.162888050079
2.161954164505
2.161170959473
2.160506010056
2.159935951233
2.159414291382
2.158921480179
2.158414602280
2.157878160477
2.157293081284
2.156645298004
2.155934810638
2.155150175095
2.154284954071
2.153378486633
2.152509927750
2.151564598083
2.150583267212
2.149571180344
2.148536443710
2.147492408752
2.146443605423
2.145402669907
2.144375324249
2.143358707428
2.142355442047
2.141362190247
2.140379667282
2.139404773712
2.138431787491
2.137461185455
2.136488676071
2.135508537292
2.134513378143
2.133503675461
2.132477045059
2.131320476532
2.130201101303
2.129093170166
2.127964973450
2.126824617386
2.125672578812
2.124514102936
2.123353242874
2.122199058533
2.121044158936
2.119880199432
2.118723392487
2.117582559586
2.116461753845
2.115424156189
2.114306926727
2.113297700882
2.112210988998
2.111260652542
2.110141277313
2.109198808670
2.108011245728
2.107191562653
2.106106758118
2.105393171310
2.105226516724
2.104994297028
2.127759456635
2.255350112915
2.301516532898
2.348687648773
2.224679231644
2.221558332443
2.206770181656
2.197588443756
2.192103862762
2.188368797302
2.185437679291
2.182611703873
2.179775238037
2.176789283752
2.174291133881
2.172321319580
2.170830488205
2.169011831284
2.166018724442
2.162014961243
2.156991481781
2.152208089828
2.147363185883
2.143588304520
2.141031265259
2.139023303986
2.138155698776
2.137692928314
2.137549638748
2.136833190918
2.135155677795
2.133451223373
2.131655693054
2.129893064499
2.128322362900
2.127001285553
2.126040458679
2.125304460526
2.124727249146
2.124265670776
2.123882770538
2.123519897461
2.123146533966
2.122722625732
2.122200489044
2.121595144272
2.120909929276
2.120169878006
2.119377136230
2.118528366089
2.117750167847
2.116869926453
2.115774869919
2.114761114120
2.113734245300
2.112705469131
2.111677408218
2.110657930374
2.109657049179
2.108680725098
2.107730388641
2.106804370880
2.105895996094
2.105003595352
2.104132890701
2.103263378143
2.102387666702
2.101496934891
2.100586175919
2.099635601044
2.098660230637
2.097660064697
2.096647977829
2.095641851425
2.094619750977
2.093588590622
2.092533826828
2.091471195221
2.090390682220
2.089298725128
2.088198423386
2.087085962296
2.085974454880
2.084882259369
2.083758831024
2.082630395889
2.081516265869
2.080390453339
2.079282522202
2.078177213669
2.077071905136
2.075982093811
2.074832201004
2.073754787445
2.072617053986
2.071468114853
2.070327758789
2.069225311279
2.068173408508
2.067131519318
2.066082239151
2.065044641495
2.064009189606
2.062958002090
2.061887264252
2.060822486877
2.059746742249
2.058641910553
2.057476282120
2.056320428848
2.055120229721
2.053915262222
2.052737236023
2.051550388336
2.050363302231
2.049204349518
2.048123359680
2.047100305557
2.046004772186
2.044906377792
2.043984651566
2.042990446091
2.042067766190
2.041052818298
2.040128469467
2.039095163345
2.038232564926
2.037201166153
2.036344289780
2.035403013229
2.034629583359
2.033716917038
2.033059120178
2.032145023346
2.031620264053
2.030517101288
2.030277013779
2.028961658478
2.028811216354
2.027474164963
2.027401685715
2.026312589645
2.026298761368
2.025229930878
2.025415658951
2.024494409561
2.024045228958
2.023595809937
2.023469924927
2.022427320480
2.023519992828
2.019186496735
2.051404237747
2.181233644485
2.363379240036
2.485166311264
2.491836547852
2.489742517471
2.473091840744
2.445458650589
2.413912057877
2.378614902496
2.343986749649
2.314382076263
2.291018486023
2.271354198456
2.254989147186
2.241361379623
2.232256650925
2.225156784058
2.217645883560
2.209730625153
2.201626777649
2.194388389587
2.188108205795
2.182892322540
2.177679061890
2.172652482986
2.167981386185
2.163629055023
2.159549474716
2.156284332275
2.153776407242
2.151896953583
2.150706052780
2.149855375290
2.149371862411
2.148941993713
2.148505210876
2.147884130478
2.147088766098
2.146226167679
2.145348548889
2.144465684891
2.143591165543
2.142741203308
2.142041683197
2.141376256943
2.140815019608
2.140233039856
2.139687061310
2.139139652252
2.138597011566
2.137993335724
2.137400388718
2.136755228043
2.136120796204
2.135471343994
2.134771347046
2.134023189545
2.133242845535
2.132433176041
2.131598711014
2.130768775940
2.129909515381
2.129049777985
2.128158807755
2.127286911011
2.126388072968
2.125478982925
2.124540328979
2.123616933823
2.122666120529
2.121702671051
2.120697259903
2.119720220566
2.118720293045
2.117704629898
2.116685390472
2.115696668625
2.114701271057
2.113690614700
2.112690687180
2.111654996872
2.110658168793
2.109636545181
2.108630895615
2.107602119446
2.106557130814
2.105548858643
2.104425430298
2.103416919708
2.102248191833
2.101197957993
2.099983930588
2.098913431168
2.097639322281
2.096583127975
2.095262765884
2.094110250473
2.092684984207
2.091304302216
2.089749336243
2.088267087936
2.086795330048
2.085367202759
2.084028244019
2.082656860352
2.081337690353
2.080033063889
2.078830480576
2.077617406845
2.076577901840
2.075456142426
2.074499130249
2.073411703110
2.072560787201
2.071447134018
2.070829153061
2.069380760193
2.069670677185
2.066672801971
2.068149089813
2.063793182373
2.087361812592
2.178641319275
2.226600646973
2.335013389587
2.171920061111
2.129373788834
2.094564676285
2.088172197342
2.077238082886
2.075982093811
2.074292659760
2.073191165924
2.072413682938
2.071403503418
2.070007324219
2.068324565887
2.066534519196
2.064749002457
2.063057184219
2.061457872391
2.060005664825
2.058614969254
2.057253599167
2.055902481079
2.054624080658
2.053393840790
2.052249670029
2.051192283630
2.050193309784
2.049269914627
2.048413991928
2.047577619553
2.046844482422
2.046121835709
2.045475482941
2.044829607010
2.044269084930
2.043703794479
2.043182134628
2.042592763901
2.042046785355
2.041224956512
2.040495634079
2.039721965790
2.039014577866
2.038234472275
2.037566423416
2.036800146103
2.036175727844
2.035374403000
2.034779310226
2.034001588821
2.033350467682
2.032720327377
2.031903266907
2.031067848206
2.030280828476
2.029442548752
2.028724431992
2.027983903885
2.027526378632
2.026664972305
2.026135206223
2.025097846985
2.024711847305
2.023404121399
2.023287296295
2.021522760391
2.023320674896
2.018476486206
2.053889989853
2.172507047653
2.107340574265
2.110527753830
2.160171508789
2.260833740234
2.154112100601
2.164323568344
2.110602378845
2.088732481003
2.070822954178
2.059239864349
2.056205749512
2.062824726105
2.072353839874
2.074763536453
2.072026491165
2.067131042480
2.062612533569
2.058696508408
2.055663585663
2.053319215775
2.051179170609
2.048963308334
2.046794891357
2.044875860214
2.043216943741
2.041881561279
2.040652751923
2.039291143417
2.037599563599
2.035746335983
2.033895015717
2.032175540924
2.030600547791
2.029190540314
2.027949333191
2.026871919632
2.025858402252
2.024942159653
2.023988008499
2.022994041443
2.021989107132
2.020952701569
2.019898891449
2.018855094910
2.017812967300
2.016782283783
2.015653133392
2.014532566071
2.013459444046
2.012418985367
2.011381626129
2.010396242142
2.009391307831
2.008392333984
2.007424116135
2.006490468979
2.005631208420
2.004873514175
2.004163503647
2.003472805023
2.002782821655
2.002146482468
2.001560449600
2.000965833664
2.000340461731
1.999751091003
1.999115705490
1.998507976532
1.997866511345
1.997256994247
1.996635437012
1.995971322060
1.995344281197
1.994719743729
1.994108200073
1.993493080139
1.992907881737
1.992321252823
1.991743326187
1.991200089455
1.990631103516
1.990123748779
1.989596366882
1.989178538322
1.988589167595
1.988298654556
1.987792372704
1.987421989441
1.986928462982
1.986445188522
1.985954880714
1.985518574715
1.985072016716
1.984691739082
1.984366536140
1.984236121178
1.983380079269
1.983618855476
1.981976985931
1.983758449554
1.979660868645
2.005193471909
2.095584869385
2.201742410660
2.530160427094
2.392200231552
2.168684244156
2.175680160522
2.047745943069
2.074004411697
2.048848867416
2.045575380325
2.042393922806
2.040810585022
2.039300441742
2.036875724792
2.033970355988
2.030949831009
2.028286933899
2.025975227356
2.024042129517
2.022382497787
2.020920515060
2.019449472427
2.017734289169
2.016073703766
2.014363050461
2.012633323669
2.010935068130
2.009175539017
2.007398128510
2.005530595779
2.003554582596
2.001639127731
1.999751806259
1.997948527336
1.996218204498
1.994679093361
1.993178367615
1.991826057434
1.990621447563
1.989505648613
1.988367199898
1.987402319908
1.986535787582
1.985817790031
1.985092282295
1.984406709671
1.983772754669
1.983251571655
1.982716679573
1.982290148735
1.981834650040
1.981397628784
1.980905056000
1.980559587479
1.980212211609
1.979944825172
1.979638934135
1.979406952858
1.979152202606
1.978967785835
1.978593349457
1.978529453278
1.978108644485
1.977994561195
1.977415561676
1.977397322655
1.976774215698
1.976892471313
1.975790023804
1.977674961090
1.973938941956
2.011300802231
2.140706300735
2.077653646469
2.113425016403
2.359818696976
2.464310407639
2.480508089066
2.468237638474
2.437413930893
2.396526098251
2.356743335724
2.329969644547
2.306684017181
2.288439989090
2.276490211487
2.266795396805
2.258565425873
2.254098653793
2.252288103104
2.251838922501
2.251632690430
2.250917434692
2.250015258789
2.249444961548
2.248526334763
2.246531486511
2.244305372238
2.241595506668
2.238599538803
2.235387802124
2.232103586197
2.228784561157
2.225336551666
2.222634792328
2.219264268875
2.216931581497
2.213900566101
2.211934089661
2.209244966507
2.207638740540
2.204882144928
2.203026533127
2.200650215149
2.209587574005
2.248469591141
2.356253623962
2.329592704773
2.241802930832
2.243655920029
2.211066961288
2.200114250183
2.198060989380
2.192534685135
2.191404819489
2.187701940536
2.186454057693
2.185350179672
2.183764696121
2.182421684265
2.179897308350
2.177975416183
2.175009489059
2.172368764877
2.169081211090
2.166988134384
2.163863182068
2.162054300308
2.159919261932
2.158191204071
2.156534671783
2.155114650726
2.153718471527
2.152521371841
2.151326656342
2.150273084641
2.149362087250
2.148471832275
2.147708177567
2.146896123886
2.146156549454
2.145331859589
2.144540786743
2.143654823303
2.142726182938
2.141885280609
2.140889167786
2.139983892441
2.139002323151
2.138068914413
2.137127876282
2.136189460754
2.135258913040
2.134277582169
2.133304834366
2.132443428040
2.131529331207
2.130573511124
2.129664897919
2.128710746765
2.127795934677
2.126827955246
2.125952243805
2.125054121017
2.124095916748
2.123170375824
2.122209310532
2.121395111084
2.120444774628
2.119740486145
