0.131246845028
0.110550227158
0.110550227158
0.114083796063
0.144876325088
0.205451792024
0.214033316507
0.230691569914
0.212518929833
0.254416961131
0.111055022716
0.044926804644
0.228167592125
0.228167592125
0.227662796567
0.194346289753
0.112569409389
0.076728924785
0.059061080262
0.050479555780
0.048460373549
0.048965169107
0.053003533569
0.062594649167
0.088339222615
0.127208480565
0.154467440687
0.198384654215
0.162544169611
0.200908632004
0.137304391721
0.079252902574
0.079252902574
0.079252902574
0.079252902574
0.079757698132
0.080767289248
0.082281675921
0.083291267037
0.084805653710
0.086320040384
0.087834427057
0.088339222615
0.090863200404
0.095406360424
0.102978293791
0.114083796063
0.123170116103
0.145885916204
0.148914689551
0.142857142857
0.132761231701
0.137304391721
0.138313982837
0.142857142857
0.112064613831
0.149924280666
0.228167592125
0.228167592125
0.228167592125
0.228167592125
0.228167592125
0.228167592125
0.228167592125
0.228167592125
0.228167592125
0.228167592125
0.228167592125
0.228167592125
0.228167592125
0.228167592125
0.228167592125
0.228167592125
0.228167592125
0.228167592125
0.228167592125
0.228672387683
0.230186774356
0.183240787481
0.232710752145
0.218576476527
0.243816254417
0.187783947501
0.213528520949
0.214033316507
0.193336698637
0.209994952044
0.175668854114
0.127713276123
0.136294800606
0.144876325088
0.154972236244
0.168096920747
0.177183240787
0.199394245331
0.220090863200
0.231196365472
0.172135285209
0.044926804644
0.044926804644
0.044926804644
0.058051489147
0.103987884907
0.131751640586
0.154467440687
0.159010600707
0.183745583039
0.153457849571
0.239777889955
0.129227662797
0.147905098435
0.161534578496
0.150429076224
0.223624432105
0.217062089854
0.164563351843
0.122665320545
0.155981827360
0.185259969712
0.193841494195
0.234729934377
0.195860676426
0.261484098940
0.195355880868
0.177688036345
0.186774356386
0.274103987885
0.226653205452
0.240787481070
0.231701161030
0.243816254417
0.233215547703
0.249873801111
0.197375063099
0.289247854619
0.224129227663
0.292276627966
0.186269560828
0.289752650177
0.231701161030
0.238768298839
0.165572942958
0.090863200404
0.174154467441
0.253407370015
0.267541645634
0.262998485613
0.211004543160
0.261988894498
0.207470974255
0.222110045432
0.196870267542
0.268046441191
0.226653205452
0.267541645634
0.223119636547
0.228672387683
0.168601716305
0.286219081272
0.274103987885
0.208985360929
0.254416961131
0.210499747602
0.277132761232
0.176678445230
0.197375063099
0.289752650177
0.219081272085
0.147905098435
0.158001009591
0.117617364967
0.128722867239
0.135790005048
0.087329631499
0.150933871782
0.165572942958
0.231701161030
0.282180716810
0.233215547703
0.272589601212
0.218071680969
0.266532054518
0.294800605755
0.190812720848
0.290762241292
0.200403836446
0.283190307925
0.196365471984
0.301362948006
0.199394245331
0.281171125694
0.306410903584
0.170116102978
0.185259969712
0.179707218576
0.265522463402
0.308430085815
0.168601716305
0.172135285209
0.164563351843
0.259464916709
0.291267036850
0.175164058556
0.157496214033
0.103483089349
0.175164058556
0.237253912166
0.268551236749
0.279151943463
0.213023725391
0.212518929833
0.275113579001
0.209490156487
0.255426552246
0.221100454316
0.239777889955
0.198889449773
0.174659262998
0.270570418980
0.216052498738
0.230691569914
0.196870267542
0.156486622918
0.265522463402
0.294800605755
0.178697627461
0.124684502776
0.139323573953
0.193841494195
0.184755174154
0.233720343261
0.280161534578
0.177688036345
0.218071680969
0.191317516406
0.189803129732
0.228672387683
0.221605249874
0.196870267542
0.165068147400
0.117112569409
0.245835436648
0.270570418980
0.223624432105
0.191822311964
0.244321049975
0.198384654215
0.190812720848
0.250883392226
0.175164058556
0.221100454316
0.170116102978
0.100959111560
0.177183240787
0.171630489652
0.205956587582
0.294295810197
0.221100454316
0.332660272590
0.202927814235
0.239777889955
0.296819787986
0.187783947501
0.296314992428
0.188793538617
0.269056032307
0.273599192327
0.186269560828
0.182231196365
0.189298334175
0.285714285714
0.267541645634
0.202423018677
0.188288743059
0.207975769813
0.291771832408
0.199394245331
0.297829379101
0.203937405351
0.201413427562
0.225138818778
0.169106511863
0.240282685512
0.250883392226
0.123170116103
0.142857142857
0.166077738516
0.229681978799
0.219081272085
0.236749116608
0.234729934377
0.144371529531
0.111055022716
0.144876325088
0.155477031802
0.269560827865
0.166582534074
0.224129227663
0.311963654720
0.236749116608
0.201413427562
0.254921756689
0.115093387178
0.165068147400
0.158001009591
0.195860676426
0.184250378597
0.224129227663
0.244825845533
0.238263503281
0.199899040888
0.266027258960
0.255426552246
0.221100454316
0.234729934377
0.165572942958
0.259969712267
0.272589601212
0.152448258455
0.267541645634
0.182735991923
0.205451792024
0.228672387683
0.246845027764
0.176173649672
0.104997476022
0.118122160525
0.232205956588
0.288743059061
0.325088339223
0.282180716810
0.312468450278
0.319030792529
0.325088339223
0.302372539122
0.309439676931
0.288743059061
0.232710752145
0.147400302877
0.175164058556
0.170620898536
0.174659262998
0.175164058556
0.183240787481
0.198384654215
0.202927814235
0.166077738516
0.181726400808
0.165572942958
0.177688036345
0.201918223120
0.242806663301
0.136294800606
0.255931347804
0.242806663301
0.206966178698
0.228672387683
0.193841494195
0.251388187784
0.212518929833
0.252902574457
0.187279151943
0.278142352347
0.310954063604
0.275113579001
0.237758707723
0.254921756689
0.137809187279
0.184755174154
0.185764765270
0.246845027764
0.142352347299
0.209994952044
0.195355880868
0.255426552246
0.218576476527
0.260979303382
0.192831903079
0.274103987885
0.190307925290
0.275618374558
0.180716809692
0.230691569914
0.271580010096
0.202927814235
0.253912165573
0.273599192327
0.300353356890
0.233720343261
0.295305401312
0.230691569914
0.288238263503
0.095406360424
0.144876325088
0.194346289753
0.259464916709
0.314487632509
0.320040383645
0.334174659263
0.289752650177
0.312973245835
0.259464916709
0.318021201413
0.262493690056
0.217062089854
0.237758707723
0.299848561333
0.211509338718
0.312973245835
0.221100454316
0.232205956588
0.329126703685
0.242301867744
0.303886925795
0.122665320545
0.199899040888
0.240787481070
0.280161534578
0.309439676931
0.290762241292
0.218071680969
0.147400302877
0.268551236749
0.304391721353
0.290762241292
0.214033316507
0.269560827865
0.298334174659
0.298334174659
0.259464916709
0.197879858657
0.219081272085
0.276123170116
0.153457849571
0.279656739021
0.257445734478
0.287733467945
0.309439676931
0.228167592125
0.335184250379
0.159010600707
0.232710752145
0.213528520949
0.261484098940
0.337708228168
0.261988894498
0.187279151943
0.267036850076
0.275618374558
0.288743059061
0.188793538617
0.148409893993
0.212518929833
0.234225138819
0.213528520949
0.281171125694
0.096415951540
0.208985360929
0.243816254417
0.256436143362
0.271580010096
0.286723876830
0.289752650177
0.287228672388
0.297829379101
0.306915699142
0.281675921252
0.299343765775
0.119131751641
0.181726400808
0.276123170116
0.312468450278
0.323069156991
0.330641090358
0.324583543665
0.333669863705
0.204946996466
0.079252902574
0.084805653710
0.109540636042
0.134780413932
0.156486622918
0.173649671883
0.212518929833
0.251892983342
0.272589601212
0.283190307925
0.282685512367
0.308430085815
0.203937405351
0.230186774356
0.066633013629
0.078748107017
0.079252902574
0.101463907118
0.131751640586
0.137304391721
0.149924280666
0.139323573953
0.151943462898
0.094901564866
0.125694093892
0.111559818274
0.132256436143
0.058051489147
0.074204946996
0.095911155982
0.113579000505
0.125694093892
0.109035840485
0.126198889450
0.067137809187
0.085815244826
0.120646138314
0.132256436143
0.128218071681
0.139828369510
0.112064613831
0.097425542655
0.051489146896
0.050479555780
0.050984351338
0.050479555780
0.046441191318
0.045431600202
0.043412417971
0.038364462393
0.035840484604
0.033821302373
0.032811711257
0.033821302373
0.032811711257
0.032306915699
0.031802120141
0.033821302373
0.035840484604
0.040383644624
0.044926804644
0.043917213529
0.053508329127
0.062594649167
0.091872791519
0.116102978294
0.146390711762
0.155477031802
0.124684502776
0.112569409389
0.110045431600
0.113579000505
0.091367995962
0.113579000505
0.123674911661
0.149924280666
0.168601716305
0.118626956083
0.149924280666
0.062089853609
0.049974760222
0.046945986875
0.045431600202
0.046441191318
0.046441191318
0.045936395760
0.045936395760
0.047450782433
0.049469964664
0.051489146896
0.055022715800
0.059061080262
0.069156991418
0.082281675921
0.083291267037
0.112064613831
0.097930338213
0.109035840485
0.114083796063
0.107521453811
0.106511862696
0.086320040384
0.116102978294
0.126198889450
0.118626956083
0.112569409389
0.145885916204
0.104492680464
0.135285209490
0.129732458354
0.146895507320
0.142352347299
0.159010600707
0.113074204947
0.139323573953
0.134275618375
0.158001009591
0.173144876325
0.172135285209
0.132761231701
0.130742049470
0.140837960626
0.178697627461
0.132256436143
0.174154467441
0.177183240787
0.159515396265
0.186269560828
0.122665320545
0.114588591620
0.176173649672
0.205451792024
0.227662796567
0.186774356386
0.198889449773
0.141342756184
0.156991418476
0.196870267542
0.163048965169
0.199394245331
0.134780413932
0.085310449268
0.145381120646
0.184755174154
0.211004543160
0.234729934377
0.236749116608
0.143361938415
0.083291267037
0.088339222615
0.112569409389
0.139323573953
0.084300858152
0.112064613831
0.123674911661
0.111559818274
0.142352347299
0.169611307420
0.135285209490
0.171630489652
0.127713276123
0.102473498233
0.169611307420
0.178697627461
0.215547703180
0.208480565371
0.144876325088
0.135285209490
0.141342756184
0.164058556285
0.158001009591
0.123170116103
0.171630489652
0.165572942958
0.135285209490
0.088844018173
0.152953054013
0.178192831903
0.203432609793
0.213023725391
0.232710752145
0.179707218576
0.208985360929
0.156991418476
0.142352347299
0.247349823322
0.253407370015
0.267541645634
0.258960121151
0.271075214538
0.189803129732
0.153962645129
0.148409893993
0.130742049470
0.182231196365
0.164563351843
0.131751640586
0.114083796063
0.219586067643
0.206966178698
0.168096920747
0.220595658758
0.230691569914
0.279656739021
0.183240787481
0.187783947501
0.128218071681
0.113579000505
0.218071680969
0.230186774356
0.190307925290
0.156991418476
0.175668854114
0.222614840989
0.185259969712
0.206966178698
0.209490156487
0.143361938415
0.156991418476
0.121150933872
0.217062089854
0.154467440687
0.106511862696
0.249873801111
0.167592125189
0.173144876325
0.220595658758
0.102473498233
0.125694093892
0.137304391721
0.146895507320
0.158001009591
0.174154467441
0.144876325088
0.206966178698
0.171125694094
0.210499747602
0.128722867239
0.082281675921
0.106511862696
0.137809187279
0.186774356386
0.226148409894
0.256436143362
0.268046441191
0.270065623423
0.271075214538
0.262493690056
0.267036850076
0.215042907622
0.221605249874
0.267036850076
0.255931347804
0.238263503281
0.223624432105
0.267541645634
0.230186774356
0.242806663301
0.190307925290
0.081776880363
0.214033316507
0.260474507824
0.223119636547
0.212014134276
0.183745583039
0.179707218576
0.205451792024
0.213528520949
0.153457849571
0.081272084806
0.081776880363
0.081272084806
0.083796062595
0.095911155982
0.202927814235
0.248359414437
0.263503281171
0.271580010096
0.261484098940
0.219586067643
0.224634023221
0.228672387683
0.231701161030
0.240282685512
0.274103987885
0.295305401312
0.296819787986
0.300858152448
0.297324583544
0.293286219081
0.284704694599
0.160020191822
0.110550227158
0.101968702675
0.098939929329
0.078748107017
0.165572942958
0.203432609793
0.243816254417
0.278142352347
0.297324583544
0.310954063604
0.301362948006
0.226148409894
0.165572942958
0.145885916204
0.144371529531
0.137304391721
0.169611307420
0.154972236244
0.174154467441
0.221100454316
0.157496214033
0.198889449773
0.182735991923
0.151438667340
0.163553760727
0.194851085310
0.220595658758
0.199394245331
0.185764765270
0.172640080767
0.168601716305
0.171125694094
0.171125694094
0.169611307420
0.149419485109
0.155981827360
0.167592125189
0.184755174154
0.164563351843
0.236749116608
0.135285209490
0.079252902574
0.080767289248
0.089348813730
0.106007067138
0.140837960626
0.148409893993
0.145885916204
0.144876325088
0.161534578496
0.182735991923
0.146390711762
0.117617364967
0.178697627461
0.153962645129
0.143361938415
0.156991418476
0.151438667340
0.168601716305
0.132761231701
0.183240787481
0.141342756184
0.089348813730
0.143866733973
0.191822311964
0.244321049975
0.234225138819
0.241797072186
0.252397778900
0.238263503281
0.256436143362
0.253407370015
0.220090863200
0.173649671883
0.248864209995
0.183240787481
0.139828369510
0.128722867239
0.174659262998
0.127713276123
0.092377587077
0.238768298839
0.162039374054
0.152953054013
0.179707218576
0.219081272085
0.141342756184
0.143361938415
0.140837960626
0.147905098435
0.167592125189
0.138313982837
0.079252902574
0.100959111560
0.112064613831
0.182735991923
0.225643614336
0.187279151943
0.194851085310
0.206461383140
0.151438667340
0.140837960626
0.159010600707
0.147905098435
0.160524987380
0.176173649672
0.154972236244
0.152448258455
0.241797072186
0.150933871782
0.256436143362
0.138313982837
0.158505805149
0.131751640586
0.136799596164
0.181221605250
0.203937405351
0.180212014134
0.204946996466
0.155477031802
0.295810196870
0.135285209490
0.228167592125
0.154467440687
0.107521453811
0.232205956588
0.213528520949
0.161029782938
0.187783947501
0.159515396265
0.231196365472
0.151943462898
0.151438667340
0.233720343261
0.186774356386
0.159515396265
0.250883392226
0.194851085310
0.130742049470
0.144876325088
0.151943462898
0.238768298839
0.188288743059
0.194851085310
0.164563351843
0.206966178698
0.167087329631
0.206461383140
0.167087329631
0.268551236749
0.214033316507
0.179707218576
0.208985360929
0.236749116608
0.133770822817
0.119131751641
0.127208480565
0.117617364967
0.125694093892
0.116607773852
0.121150933872
0.212014134276
0.271580010096
0.275113579001
0.272589601212
0.258455325593
0.226653205452
0.205956587582
0.151943462898
0.151438667340
0.154972236244
0.123674911661
0.170620898536
0.138818778395
0.081776880363
0.194851085310
0.251388187784
0.200908632004
0.163048965169
0.161534578496
0.162544169611
0.188288743059
0.146895507320
0.216052498738
0.171125694094
0.202423018677
0.176678445230
0.232205956588
0.152448258455
0.155477031802
0.188288743059
0.120141342756
0.186774356386
0.194346289753
0.120141342756
0.183240787481
0.215042907622
0.181726400808
0.160524987380
0.168096920747
0.140333165068
0.242806663301
0.209994952044
0.189298334175
0.248359414437
0.213023725391
0.200403836446
0.159515396265
0.204946996466
0.226653205452
0.176173649672
0.172640080767
0.148914689551
0.274103987885
0.200908632004
0.204442200909
0.209490156487
0.190307925290
0.216557294296
0.181726400808
0.189298334175
0.253407370015
0.190307925290
0.258960121151
0.222110045432
0.177183240787
0.225643614336
0.155477031802
0.192831903079
0.182735991923
0.221100454316
0.245835436648
0.232205956588
0.256436143362
0.185764765270
0.182231196365
0.047955577991
0.060070671378
0.079757698132
0.106511862696
0.173144876325
0.231701161030
0.138313982837
0.176678445230
0.198384654215
0.095911155982
0.201918223120
0.217566885411
0.234225138819
0.166077738516
0.158505805149
0.177688036345
0.190307925290
0.181221605250
0.123674911661
0.235234729934
0.249369005553
0.235739525492
0.191822311964
0.192327107521
0.187279151943
0.172640080767
0.252397778900
0.175668854114
0.269056032307
0.194346289753
0.283190307925
0.195355880868
0.275618374558
0.199899040888
0.209490156487
0.297829379101
0.192327107521
0.229681978799
0.239273094397
0.233215547703
0.260979303382
0.193336698637
0.204442200909
0.223119636547
0.327107521454
0.212014134276
0.235234729934
0.198889449773
0.246340232206
0.195355880868
0.277132761232
0.229681978799
0.268551236749
0.226653205452
0.307420494700
0.233215547703
0.260979303382
0.240282685512
0.263503281171
0.245835436648
0.325088339223
0.167592125189
0.298334174659
0.220090863200
0.239777889955
0.160020191822
0.252902574457
0.216052498738
0.162544169611
0.209490156487
0.186774356386
0.288238263503
0.223624432105
0.257950530035
0.214538112065
0.267036850076
0.183240787481
0.286723876830
0.195355880868
0.213023725391
0.251892983342
0.183240787481
0.155477031802
0.201918223120
0.215042907622
0.183745583039
0.287733467945
0.275618374558
0.222110045432
0.239273094397
0.262493690056
0.235739525492
0.260979303382
0.236749116608
0.313982836951
0.195355880868
0.294800605755
0.253912165573
0.258455325593
0.246340232206
0.261988894498
0.230691569914
0.239273094397
0.229681978799
0.226653205452
0.283695103483
0.228167592125
0.305401312468
0.223624432105
0.206461383140
0.275113579001
0.296314992428
0.263503281171
0.263503281171
0.132256436143
0.231196365472
0.240282685512
0.227662796567
0.200908632004
0.194346289753
0.192831903079
0.186774356386
0.203432609793
0.099949520444
0.135790005048
0.161029782938
0.157496214033
0.139323573953
0.172640080767
0.203432609793
0.183745583039
0.186269560828
0.175668854114
0.176678445230
0.119636547198
0.171125694094
0.208985360929
0.194851085310
0.235234729934
0.284199899041
0.247854618879
0.235739525492
0.202927814235
0.189803129732
0.170116102978
0.228672387683
0.195355880868
0.191822311964
0.191317516406
0.187783947501
0.162039374054
0.268046441191
0.184755174154
0.194851085310
0.203432609793
0.172135285209
0.141847551742
0.250378596668
0.252902574457
0.183240787481
0.206461383140
0.197879858657
0.225643614336
0.185259969712
0.174154467441
0.198384654215
0.241292276628
0.204442200909
0.198384654215
0.216557294296
0.180716809692
0.195355880868
0.183240787481
0.201918223120
0.207975769813
0.170620898536
0.217566885411
0.209490156487
0.221100454316
0.174659262998
0.221100454316
0.227158001010
0.226653205452
0.153962645129
0.307420494700
0.218576476527
0.240282685512
0.186269560828
0.196365471984
0.132761231701
0.214033316507
0.197375063099
0.217062089854
0.212518929833
0.228167592125
0.162544169611
0.300353356890
0.260474507824
0.173649671883
0.187279151943
0.082786471479
0.222614840989
0.199899040888
0.181726400808
0.181726400808
0.196365471984
0.211004543160
0.202423018677
0.219081272085
0.204442200909
0.228672387683
0.185259969712
0.161029782938
0.181726400808
0.260979303382
0.234729934377
0.238263503281
0.163048965169
0.191317516406
0.274103987885
0.208985360929
0.251892983342
0.249369005553
0.253407370015
0.224634023221
0.177183240787
0.220595658758
0.242806663301
0.199899040888
0.268046441191
0.149419485109
0.223119636547
0.194346289753
0.236749116608
0.233720343261
0.208480565371
0.207470974255
0.168601716305
0.182231196365
0.218576476527
0.224634023221
0.177688036345
0.273094396769
0.183240787481
0.190812720848
0.180212014134
0.255426552246
0.238263503281
0.252397778900
0.207470974255
0.135285209490
0.191822311964
0.199394245331
0.177688036345
0.215547703180
0.216052498738
0.253407370015
0.210499747602
0.226148409894
0.204946996466
0.238263503281
0.256940938920
0.206461383140
0.241292276628
0.185259969712
0.211509338718
0.205451792024
0.252902574457
0.213023725391
0.230691569914
0.194851085310
0.273094396769
0.230186774356
0.248359414437
0.193841494195
0.190307925290
0.235739525492
0.227158001010
0.236244321050
0.281675921252
0.229681978799
0.205451792024
0.287733467945
0.285714285714
0.205956587582
0.224634023221
0.232205956588
0.269560827865
0.159515396265
0.187279151943
0.212014134276
0.171125694094
0.276627965674
0.241797072186
0.154972236244
0.241797072186
0.153457849571
0.263503281171
0.226653205452
0.224129227663
0.219081272085
0.226653205452
0.266532054518
0.187783947501
0.223119636547
0.208480565371
0.236244321050
0.260474507824
0.237758707723
0.225643614336
0.224634023221
0.266532054518
0.262998485613
0.230186774356
0.204442200909
0.224129227663
0.173144876325
0.163553760727
0.083291267037
0.263503281171
0.194851085310
0.253912165573
0.225138818778
0.236244321050
0.173144876325
0.180716809692
0.262998485613
0.265017667845
0.221605249874
0.229681978799
0.249369005553
0.246340232206
0.204442200909
0.175164058556
0.191317516406
0.278142352347
0.236244321050
0.273094396769
0.248864209995
0.271075214538
0.238263503281
0.248864209995
0.218071680969
0.235234729934
0.251892983342
0.220595658758
0.225643614336
0.226653205452
0.244321049975
0.293791014639
0.273599192327
0.197879858657
0.217062089854
0.271580010096
0.190812720848
0.266532054518
0.256940938920
0.256940938920
0.291771832408
0.206966178698
0.277637556790
0.233720343261
0.184250378597
0.264008076729
0.224129227663
0.270570418980
0.293286219081
0.193841494195
0.275113579001
0.288743059061
0.269560827865
0.253912165573
0.176678445230
0.222614840989
0.270065623423
0.268046441191
0.304391721353
0.211004543160
0.307420494700
0.313478041393
0.276123170116
0.218576476527
0.247349823322
0.295810196870
0.280666330136
0.196365471984
0.265522463402
0.204442200909
0.268551236749
0.280666330136
0.270065623423
0.283190307925
0.281171125694
0.267036850076
0.229177183241
0.317516405856
0.305401312468
0.273599192327
0.280161534578
0.207975769813
0.226148409894
0.260979303382
0.305906108026
0.281171125694
0.266532054518
0.271580010096
0.275113579001
0.215042907622
0.270065623423
0.203937405351
0.286723876830
0.232205956588
0.268551236749
0.191317516406
0.206966178698
0.204946996466
0.224634023221
0.238768298839
0.302372539122
0.213023725391
0.318525996971
0.272084805654
0.276627965674
0.285714285714
0.182735991923
0.279656739021
0.277637556790
0.304896516911
0.304391721353
0.292276627966
0.303382130237
0.238768298839
0.298838970217
0.257445734478
0.264008076729
0.275618374558
0.265522463402
0.277637556790
0.321049974760
0.311458859162
0.331650681474
0.305401312468
0.227662796567
0.294295810197
0.303886925795
0.286723876830
0.290257445734
0.151438667340
0.260979303382
0.292781423523
0.291771832408
0.287733467945
0.221605249874
0.219081272085
0.321554770318
0.296314992428
0.308934881373
0.239273094397
0.261484098940
0.248359414437
0.229681978799
0.262493690056
0.265522463402
0.243311458859
0.187279151943
0.219586067643
0.111055022716
0.239777889955
0.200403836446
0.230691569914
0.209994952044
0.250883392226
0.194851085310
0.211509338718
0.293286219081
0.227662796567
0.252902574457
0.247349823322
0.265522463402
0.298838970217
0.300858152448
0.214033316507
0.281675921252
0.277637556790
0.274103987885
0.277637556790
0.265017667845
0.317011610298
0.245835436648
0.255931347804
0.264512872287
0.295305401312
0.302372539122
0.326602725896
0.301362948006
0.285714285714
0.321049974760
0.269560827865
0.308934881373
0.241292276628
0.291771832408
0.325593134780
0.279656739021
0.284704694599
0.326097930338
0.264512872287
0.300353356890
0.261484098940
0.289752650177
0.185259969712
0.288238263503
0.270065623423
0.202423018677
0.256436143362
0.286219081272
0.304896516911
0.221605249874
0.238263503281
0.212518929833
0.246340232206
0.267541645634
0.251892983342
0.277637556790
0.256436143362
0.272084805654
0.310954063604
0.313478041393
0.278647147905
0.286723876830
0.320545179202
0.319535588087
0.304896516911
0.262998485613
0.289247854619
0.291771832408
0.327107521454
0.304896516911
0.298838970217
0.291771832408
0.325088339223
0.152448258455
0.146895507320
0.200908632004
0.207975769813
0.187783947501
0.296314992428
0.255931347804
0.231196365472
0.209994952044
0.213023725391
0.184250378597
0.228167592125
0.244825845533
0.271075214538
0.261484098940
0.261484098940
0.250378596668
0.283190307925
0.306410903584
0.305906108026
0.306410903584
0.087834427057
0.171630489652
0.253407370015
0.286723876830
0.298838970217
0.238768298839
0.109540636042
0.239777889955
0.275113579001
0.254416961131
0.236244321050
0.212518929833
0.216557294296
0.228672387683
0.221100454316
0.217566885411
0.220595658758
0.212014134276
0.097425542655
0.253912165573
0.250883392226
0.268046441191
0.289752650177
0.253912165573
0.120141342756
0.131751640586
0.156486622918
0.171630489652
0.210499747602
0.165572942958
0.133770822817
0.189803129732
0.179707218576
0.212518929833
0.161534578496
0.216052498738
0.182231196365
0.245835436648
0.208985360929
0.245835436648
0.227158001010
0.292781423523
0.166077738516
0.212518929833
0.285209490156
0.220595658758
0.219586067643
0.236244321050
0.255426552246
0.276123170116
0.252397778900
0.304896516911
0.158505805149
0.277132761232
0.261484098940
0.200908632004
0.226653205452
0.161534578496
0.223624432105
0.205956587582
0.242301867744
0.247349823322
0.241292276628
0.293286219081
0.225643614336
0.285209490156
0.269056032307
0.308430085815
0.215547703180
0.217062089854
0.237253912166
0.268046441191
0.289247854619
0.242301867744
0.198384654215
0.226653205452
0.180716809692
0.132256436143
0.165572942958
0.150429076224
0.166582534074
0.153962645129
0.154972236244
0.133770822817
0.107521453811
0.132761231701
0.186774356386
0.144876325088
0.152953054013
0.172135285209
0.156991418476
0.171630489652
0.185259969712
0.173649671883
0.128722867239
0.170116102978
0.169611307420
0.199394245331
0.161029782938
0.172135285209
0.203937405351
0.197375063099
0.203432609793
0.213528520949
0.194851085310
0.184755174154
0.187783947501
0.246340232206
0.212518929833
0.230186774356
0.244825845533
0.268551236749
0.204442200909
0.248864209995
0.230691569914
0.248359414437
0.272084805654
0.265522463402
0.194851085310
0.217062089854
0.190307925290
0.227662796567
0.188288743059
0.268046441191
0.225138818778
0.206461383140
0.251892983342
0.262998485613
0.287733467945
0.295810196870
0.273599192327
0.258455325593
0.283190307925
0.256436143362
0.282180716810
0.258455325593
0.254416961131
0.176173649672
0.255426552246
0.215547703180
0.257445734478
0.205956587582
0.285714285714
0.298838970217
0.256436143362
0.250378596668
0.262998485613
0.279151943463
0.277637556790
0.292781423523
0.191822311964
0.266027258960
0.294800605755
0.279656739021
0.301867743564
0.158001009591
0.213528520949
0.253912165573
0.306915699142
0.291267036850
0.267036850076
0.265522463402
0.273094396769
0.261988894498
0.281171125694
0.203937405351
0.265017667845
0.320040383645
0.302372539122
0.279656739021
0.243311458859
0.258455325593
0.323069156991
0.316002019182
0.199899040888
0.250883392226
0.313982836951
0.273094396769
0.236244321050
0.214538112065
0.276123170116
0.289752650177
0.336193841494
0.215547703180
0.271075214538
0.237758707723
0.269056032307
0.265017667845
0.263503281171
0.213528520949
0.192327107521
0.225138818778
0.215547703180
0.223119636547
0.200403836446
0.194346289753
0.229681978799
0.267541645634
0.273599192327
0.309944472489
0.270065623423
0.334679454821
0.241797072186
0.275113579001
0.313478041393
0.205451792024
0.304896516911
0.304896516911
0.348308934881
0.307925290257
0.179202423019
0.218576476527
0.268551236749
0.274103987885
0.314992428067
0.259969712267
0.293286219081
0.321049974760
0.296314992428
0.338213023725
0.219081272085
0.310954063604
0.298334174659
0.335184250379
0.271580010096
0.253912165573
0.265522463402
0.297829379101
0.307925290257
0.277637556790
0.269560827865
0.225138818778
0.202423018677
0.261988894498
0.288238263503
0.269056032307
0.278647147905
0.328621908127
0.303886925795
0.186774356386
0.205956587582
0.263503281171
0.271075214538
0.316002019182
0.301362948006
0.306410903584
0.316506814740
0.327612317012
0.315497223624
0.355376072691
0.314992428067
0.309439676931
0.273599192327
0.251388187784
0.306410903584
0.261988894498
0.357900050480
0.256940938920
0.309439676931
0.281171125694
0.281171125694
0.224129227663
0.260979303382
0.301867743564
0.316002019182
0.347299343766
0.196870267542
0.255931347804
0.328117112569
0.278647147905
0.260979303382
0.332660272590
0.304896516911
0.317011610298
0.294295810197
0.309439676931
0.283190307925
0.295810196870
0.315497223624
0.325593134780
0.287733467945
0.204946996466
0.120141342756
0.149419485109
0.152448258455
0.232205956588
0.266027258960
0.330136294801
0.332155477032
0.308430085815
0.199899040888
0.273094396769
0.114083796063
0.176678445230
0.101463907118
0.149924280666
0.177688036345
0.182735991923
0.192327107521
0.200403836446
0.211509338718
0.195860676426
0.233215547703
0.073195355881
0.112064613831
0.133770822817
0.174154467441
0.183240787481
0.200403836446
0.213023725391
0.231701161030
0.142857142857
0.215547703180
0.198384654215
0.237253912166
0.215547703180
0.270065623423
0.192831903079
0.273094396769
0.212014134276
0.237253912166
0.258455325593
0.271580010096
0.218576476527
0.213528520949
0.229681978799
0.205956587582
0.264512872287
0.195355880868
0.295810196870
0.266027258960
0.271075214538
0.272084805654
0.233720343261
0.241797072186
0.256436143362
0.242806663301
0.302877334679
0.290257445734
0.263503281171
0.290762241292
0.298838970217
0.239273094397
0.280666330136
0.235739525492
0.248359414437
0.226148409894
0.259464916709
0.283190307925
0.274103987885
0.304391721353
0.210499747602
0.272589601212
0.248864209995
0.255931347804
0.275113579001
0.161029782938
0.203432609793
0.245835436648
0.253407370015
0.288238263503
0.282685512367
0.213023725391
0.323573952549
0.311963654720
0.342756183746
0.275113579001
0.282685512367
0.257445734478
0.250378596668
0.295305401312
0.304391721353
0.295305401312
0.294800605755
0.332155477032
0.305401312468
0.299848561333
0.212014134276
0.294800605755
0.290762241292
0.306410903584
0.268046441191
0.301362948006
0.343260979303
0.261988894498
0.325593134780
0.333165068147
0.313478041393
0.337203432610
0.400807672892
0.348813730439
0.325593134780
0.303886925795
0.272589601212
0.267036850076
0.341241797072
0.259464916709
0.346289752650
0.267541645634
0.326602725896
0.185764765270
0.335689045936
0.358404846037
0.328117112569
0.340737001514
0.270570418980
0.361433619384
0.366481574962
0.257950530035
0.285209490156
0.297829379101
0.346289752650
0.285209490156
0.361433619384
0.278142352347
0.339727410399
0.283190307925
0.362443210500
0.364967188289
0.345784957092
0.291267036850
0.251388187784
0.252397778900
0.230691569914
0.248359414437
0.234225138819
0.297324583544
0.329126703685
0.339727410399
0.325593134780
0.360424028269
0.364967188289
0.324583543665
0.388692579505
