0.068836045056
0.061743846475
0.061743846475
0.063829787234
0.101793909053
0.176053400083
0.196495619524
0.229036295369
0.216103462662
0.229870671673
0.074259491030
0.043387567793
0.127242386316
0.127242386316
0.128076762620
0.127242386316
0.087609511890
0.062578222778
0.055486024197
0.050896954526
0.049645390071
0.049645390071
0.051314142678
0.061743846475
0.078014184397
0.099707968294
0.113892365457
0.142678347935
0.120984564038
0.145598664998
0.095118898623
0.040467250730
0.040467250730
0.040467250730
0.040467250730
0.040884438882
0.041301627034
0.042136003338
0.042970379641
0.045056320401
0.047559449312
0.048811013767
0.052982895286
0.057154776804
0.063412599082
0.068001668753
0.075511055486
0.083854818523
0.108051731331
0.101793909053
0.103462661660
0.100959532749
0.100959532749
0.101376720901
0.121401752190
0.114726741761
0.161451814768
0.127242386316
0.127242386316
0.127242386316
0.127242386316
0.127242386316
0.127242386316
0.127242386316
0.127242386316
0.127242386316
0.127242386316
0.127242386316
0.127242386316
0.127242386316
0.127242386316
0.127242386316
0.127242386316
0.127242386316
0.127242386316
0.127242386316
0.127242386316
0.128076762620
0.103045473509
0.121818940342
0.115143929912
0.126825198164
0.114309553609
0.128076762620
0.138506466416
0.134751773050
0.148936170213
0.121401752190
0.128076762620
0.136837713809
0.138923654568
0.147684605757
0.155611180642
0.167292448894
0.171464330413
0.182311222361
0.178556528995
0.153108051731
0.043387567793
0.043387567793
0.043387567793
0.045890696704
0.071339173967
0.092615769712
0.100959532749
0.104297037964
0.119732999583
0.120150187735
0.148936170213
0.103462661660
0.117647058824
0.141426783479
0.126408010013
0.174801835628
0.153942428035
0.142678347935
0.098456403838
0.131831455987
0.169795577806
0.192323738006
0.177722152691
0.183979974969
0.187317480184
0.174801835628
0.181059657906
0.163120567376
0.199833124739
0.177722152691
0.182311222361
0.179390905298
0.189403420943
0.182728410513
0.190237797247
0.156028368794
0.214434710054
0.186483103880
0.229870671673
0.158114309554
0.230705047977
0.227367542762
0.201919065499
0.144347100542
0.109303295786
0.135586149353
0.183145598665
0.223195661243
0.211097204839
0.210262828536
0.207759699625
0.204422194410
0.220692532332
0.196912807676
0.229870671673
0.232790988736
0.224030037547
0.227784730914
0.214851898206
0.176470588235
0.259908218607
0.225281602003
0.234876929495
0.245723821443
0.215269086358
0.246141009595
0.181894034209
0.190654985398
0.239465999166
0.209011264080
0.157697121402
0.153525239883
0.109303295786
0.143095536087
0.157279933250
0.045473508552
0.164789319983
0.178556528995
0.219023779725
0.276178556529
0.250730079266
0.270755110555
0.230287859825
0.236128493951
0.259073842303
0.209845640384
0.270755110555
0.210680016688
0.277430120985
0.219858156028
0.271589486859
0.226533166458
0.216103462662
0.226115978306
0.196078431373
0.206090947017
0.130997079683
0.181476846058
0.221526908636
0.172298706717
0.171047142261
0.108051731331
0.193575302461
0.221944096788
0.174801835628
0.169795577806
0.070504797664
0.189403420943
0.248226950355
0.275344180225
0.271172298707
0.254901960784
0.237797246558
0.277847309136
0.224864413851
0.261159783062
0.237797246558
0.258656654151
0.205673758865
0.204005006258
0.270337922403
0.224864413851
0.229036295369
0.198581560284
0.160200250313
0.193575302461
0.221944096788
0.196078431373
0.128076762620
0.138089278264
0.199415936587
0.189403420943
0.187734668335
0.249061326658
0.191072173550
0.221526908636
0.196912807676
0.191906549854
0.177304964539
0.208594075928
0.164789319983
0.161869002920
0.075511055486
0.225698790154
0.229453483521
0.238214434710
0.187317480184
0.214017521902
0.189820609095
0.183145598665
0.221526908636
0.172715894869
0.212348769295
0.159365874009
0.070921985816
0.224864413851
0.260325406758
0.274509803922
0.274926992073
0.251564455569
0.248226950355
0.208176887776
0.163537755528
0.227784730914
0.182311222361
0.202336253650
0.188986232791
0.160200250313
0.191489361702
0.183979974969
0.170629954109
0.143929912390
0.261994159366
0.277430120985
0.172715894869
0.184397163121
0.154776804339
0.229036295369
0.197329995828
0.206090947017
0.203587818106
0.183145598665
0.211097204839
0.173550271172
0.174384647476
0.226533166458
0.128911138924
0.117229870672
0.156028368794
0.220692532332
0.194409678765
0.237380058406
0.190654985398
0.120150187735
0.219440967877
0.234042553191
0.209428452232
0.228201919065
0.188986232791
0.122236128494
0.190654985398
0.198998748436
0.189403420943
0.219023779725
0.085523571131
0.109720483938
0.114726741761
0.147267417605
0.154359616187
0.169795577806
0.257405089695
0.188986232791
0.193575302461
0.220275344180
0.268669169796
0.181476846058
0.206090947017
0.168544013350
0.266166040884
0.233625365040
0.186065915728
0.217772215269
0.186483103880
0.192740926158
0.213183145599
0.192740926158
0.172715894869
0.076345431790
0.068001668753
0.148518982061
0.174801835628
0.221109720484
0.158114309554
0.193992490613
0.215269086358
0.245306633292
0.221109720484
0.246141009595
0.241134751773
0.152273675428
0.153525239883
0.177722152691
0.188569044639
0.184814351272
0.192740926158
0.179390905298
0.171047142261
0.184814351272
0.177722152691
0.192740926158
0.164372131831
0.186483103880
0.222361284940
0.231539424280
0.170212765957
0.248644138506
0.214851898206
0.228201919065
0.212765957447
0.213183145599
0.250730079266
0.210680016688
0.216937838965
0.205256570713
0.247392574051
0.256987901544
0.241969128077
0.234042553191
0.223612849395
0.143095536087
0.190237797247
0.187734668335
0.216937838965
0.120567375887
0.158114309554
0.191072173550
0.229036295369
0.209428452232
0.231539424280
0.200667501043
0.209011264080
0.216103462662
0.268251981644
0.194409678765
0.213600333751
0.231539424280
0.206090947017
0.213600333751
0.272423863162
0.231956612432
0.292031706300
0.227367542762
0.285356695870
0.243220692532
0.116395494368
0.111389236546
0.194409678765
0.234876929495
0.253650396329
0.266583229036
0.259908218607
0.250312891114
0.233625365040
0.158948685857
0.204839382562
0.191906549854
0.200250312891
0.235711305799
0.233208176888
0.233208176888
0.260742594910
0.251981643721
0.236962870254
0.306216103463
0.251981643721
0.238631622862
0.219023779725
0.269086357947
0.276178556529
0.234876929495
0.277847309136
0.248226950355
0.244889445140
0.177722152691
0.276178556529
0.303295786400
0.274509803922
0.212348769295
0.191072173550
0.182728410513
0.187734668335
0.177722152691
0.175219023780
0.209011264080
0.214851898206
0.200667501043
0.284939507718
0.227367542762
0.271172298707
0.255319148936
0.298706716729
0.239048811014
0.284939507718
0.277430120985
0.211514392991
0.180225281602
0.270755110555
0.260325406758
0.163537755528
0.221526908636
0.216937838965
0.232373800584
0.136837713809
0.127242386316
0.208594075928
0.231956612432
0.223612849395
0.251564455569
0.126825198164
0.204005006258
0.229036295369
0.239048811014
0.246141009595
0.260325406758
0.236962870254
0.246975385899
0.276178556529
0.264914476429
0.277012932833
0.253650396329
0.204422194410
0.120567375887
0.169795577806
0.192323738006
0.212348769295
0.229870671673
0.244472256988
0.257822277847
0.193992490613
0.077596996245
0.173967459324
0.186900292032
0.199833124739
0.204005006258
0.218189403421
0.223195661243
0.230287859825
0.230287859825
0.229453483521
0.234876929495
0.238214434710
0.199833124739
0.128493950772
0.141843971631
0.130997079683
0.121401752190
0.118481435127
0.145598664998
0.159783062161
0.176470588235
0.173967459324
0.181059657906
0.153108051731
0.156028368794
0.158531497705
0.148518982061
0.131831455987
0.145181476846
0.144764288694
0.127242386316
0.142678347935
0.144764288694
0.131414267835
0.125990821861
0.133917396746
0.135168961202
0.155611180642
0.153525239883
0.154359616187
0.181059657906
0.071756362119
0.124739257405
0.128911138924
0.134751773050
0.140592407176
0.141426783479
0.139758030872
0.135586149353
0.134334584898
0.132665832290
0.134334584898
0.136837713809
0.136837713809
0.136837713809
0.136837713809
0.136837713809
0.135586149353
0.139340842720
0.143512724239
0.143512724239
0.147267417605
0.146850229453
0.167292448894
0.045056320401
0.056320400501
0.075093867334
0.086775135586
0.088026700042
0.115978306216
0.154359616187
0.168544013350
0.206090947017
0.098039215686
0.112223612849
0.148101793909
0.201501877347
0.198581560284
0.160617438465
0.047142261160
0.044221944097
0.042970379641
0.042970379641
0.043804755945
0.042970379641
0.041718815186
0.042970379641
0.042136003338
0.040884438882
0.042970379641
0.042553191489
0.044221944097
0.045890696704
0.049645390071
0.053817271589
0.075511055486
0.080100125156
0.100959532749
0.123070504798
0.139758030872
0.129328327076
0.146015853150
0.066332916145
0.079265748853
0.088861076345
0.096370463079
0.088861076345
0.096370463079
0.063412599082
0.081768877764
0.093032957864
0.118898623279
0.086775135586
0.099290780142
0.070087609512
0.078848560701
0.109303295786
0.140592407176
0.115143929912
0.095118898623
0.078014184397
0.116395494368
0.108051731331
0.106800166875
0.105965790572
0.112223612849
0.118898623279
0.100959532749
0.110972048394
0.059657905715
0.097204839383
0.113057989153
0.144347100542
0.158948685857
0.127659574468
0.128493950772
0.092198581560
0.162703379224
0.146850229453
0.154359616187
0.131831455987
0.044221944097
0.079265748853
0.099707968294
0.110554860242
0.131831455987
0.147684605757
0.167292448894
0.039632874426
0.042136003338
0.062578222778
0.126408010013
0.055903212349
0.076762619942
0.102628285357
0.093450146016
0.100125156446
0.171464330413
0.156445556946
0.141009595327
0.126825198164
0.057154776804
0.123904881101
0.172715894869
0.187734668335
0.187317480184
0.163537755528
0.110972048394
0.146015853150
0.173967459324
0.162286191072
0.136837713809
0.185648727576
0.189820609095
0.121401752190
0.118064246975
0.178556528995
0.192740926158
0.206925323321
0.223195661243
0.226533166458
0.202336253650
0.154359616187
0.211931581143
0.126825198164
0.136003337505
0.140175219024
0.144347100542
0.142678347935
0.191072173550
0.118481435127
0.144764288694
0.167292448894
0.131831455987
0.191906549854
0.158531497705
0.179390905298
0.066750104297
0.143512724239
0.185231539424
0.191489361702
0.175636211932
0.202753441802
0.238214434710
0.206090947017
0.183145598665
0.166040884439
0.087609511890
0.177304964539
0.240717563621
0.219440967877
0.214851898206
0.159783062161
0.222361284940
0.271589486859
0.174384647476
0.258239465999
0.176053400083
0.126825198164
0.157279933250
0.190654985398
0.184397163121
0.164789319983
0.251147267418
0.211931581143
0.203170629954
0.244889445140
0.106382978723
0.093032957864
0.116812682520
0.137254901961
0.176887776387
0.181894034209
0.196078431373
0.150187734668
0.196912807676
0.186065915728
0.198998748436
0.042136003338
0.065915727993
0.092198581560
0.127659574468
0.156028368794
0.168961201502
0.174384647476
0.179390905298
0.175636211932
0.181894034209
0.168544013350
0.163954943680
0.126825198164
0.176887776387
0.185231539424
0.186065915728
0.156862745098
0.181476846058
0.174384647476
0.158114309554
0.171047142261
0.042136003338
0.144347100542
0.167292448894
0.160617438465
0.112223612849
0.162703379224
0.098873591990
0.143929912390
0.151856487276
0.166458072591
0.041301627034
0.042553191489
0.043387567793
0.047142261160
0.055903212349
0.130997079683
0.161451814768
0.181476846058
0.176887776387
0.181476846058
0.131831455987
0.131831455987
0.131831455987
0.136420525657
0.145598664998
0.187317480184
0.216937838965
0.215686274510
0.214851898206
0.210680016688
0.197747183980
0.180642469754
0.121818940342
0.086357947434
0.078014184397
0.075511055486
0.039215686275
0.172298706717
0.187734668335
0.207342511473
0.222361284940
0.232790988736
0.238631622862
0.229870671673
0.194409678765
0.164372131831
0.153942428035
0.148936170213
0.135168961202
0.151856487276
0.155611180642
0.138923654568
0.202336253650
0.173967459324
0.156028368794
0.195244055069
0.116812682520
0.173967459324
0.180225281602
0.194409678765
0.196078431373
0.200250312891
0.197747183980
0.202753441802
0.214851898206
0.222778473091
0.221109720484
0.188151856487
0.179390905298
0.195244055069
0.195244055069
0.186483103880
0.206925323321
0.141843971631
0.045473508552
0.046725073008
0.063412599082
0.098456403838
0.149353358365
0.176470588235
0.183979974969
0.189820609095
0.191906549854
0.237797246558
0.153942428035
0.179808093450
0.201084689195
0.163537755528
0.178556528995
0.173133083020
0.193158114310
0.171047142261
0.209845640384
0.179808093450
0.157279933250
0.141843971631
0.067167292449
0.091364205257
0.128076762620
0.186483103880
0.137672090113
0.139758030872
0.125990821861
0.150187734668
0.130997079683
0.112640801001
0.141426783479
0.204839382562
0.146015853150
0.088861076345
0.078848560701
0.133500208594
0.081351689612
0.085106382979
0.153108051731
0.149770546516
0.149770546516
0.173550271172
0.196912807676
0.095118898623
0.096787651231
0.094284522320
0.103045473509
0.116812682520
0.088861076345
0.065915727993
0.108886107635
0.113057989153
0.144347100542
0.180642469754
0.176053400083
0.191072173550
0.198581560284
0.107217355027
0.102628285357
0.109720483938
0.106382978723
0.113892365457
0.176470588235
0.097204839383
0.123904881101
0.180642469754
0.110972048394
0.156445556946
0.108051731331
0.126825198164
0.101376720901
0.095536086775
0.103879849812
0.171464330413
0.162286191072
0.152690863579
0.108886107635
0.213183145599
0.098039215686
0.206090947017
0.114726741761
0.113475177305
0.218189403421
0.219440967877
0.143512724239
0.145598664998
0.123070504798
0.148936170213
0.130579891531
0.147267417605
0.173550271172
0.137254901961
0.111389236546
0.211514392991
0.207759699625
0.103462661660
0.114309553609
0.103045473509
0.168126825198
0.166040884439
0.178139340843
0.146850229453
0.171464330413
0.115143929912
0.166875260743
0.124322069253
0.225281602003
0.243220692532
0.170629954109
0.181476846058
0.248644138506
0.126408010013
0.086775135586
0.133083020442
0.108886107635
0.175636211932
0.146850229453
0.217772215269
0.190654985398
0.191489361702
0.181059657906
0.168544013350
0.216103462662
0.173133083020
0.156862745098
0.132248644139
0.122236128494
0.152273675428
0.104714226116
0.180225281602
0.123487692950
0.095953274927
0.241969128077
0.292448894451
0.207759699625
0.162703379224
0.144347100542
0.206090947017
0.221109720484
0.131414267835
0.186483103880
0.158948685857
0.206508135169
0.150187734668
0.267834793492
0.118064246975
0.197329995828
0.173550271172
0.106382978723
0.199415936587
0.160617438465
0.141426783479
0.192740926158
0.236962870254
0.205673758865
0.185231539424
0.164372131831
0.192323738006
0.254901960784
0.206090947017
0.166458072591
0.267417605340
0.251147267418
0.235711305799
0.129745515227
0.223612849395
0.223612849395
0.191489361702
0.164789319983
0.163954943680
0.239465999166
0.183562786817
0.224864413851
0.217355027117
0.212765957447
0.225698790154
0.184397163121
0.199415936587
0.211097204839
0.176470588235
0.299958281185
0.194826866917
0.209845640384
0.285773884022
0.186065915728
0.130162703379
0.181894034209
0.190237797247
0.215269086358
0.233625365040
0.214017521902
0.182311222361
0.188569044639
0.050062578223
0.160617438465
0.163954943680
0.159365874009
0.159783062161
0.166458072591
0.111806424698
0.200250312891
0.217772215269
0.093867334168
0.218189403421
0.191489361702
0.193158114310
0.168544013350
0.161034626617
0.174801835628
0.203587818106
0.163954943680
0.151856487276
0.207759699625
0.241551939925
0.231539424280
0.167709637046
0.184397163121
0.176053400083
0.196495619524
0.236545682103
0.171464330413
0.246975385899
0.177722152691
0.260742594910
0.192323738006
0.199833124739
0.173967459324
0.214851898206
0.286608260325
0.173550271172
0.193575302461
0.258656654151
0.224030037547
0.234459741343
0.154359616187
0.182728410513
0.234042553191
0.294534835211
0.217355027117
0.243220692532
0.192740926158
0.228201919065
0.162703379224
0.226115978306
0.202753441802
0.232373800584
0.200667501043
0.293700458907
0.207759699625
0.234876929495
0.234042553191
0.241551939925
0.233625365040
0.277430120985
0.162703379224
0.281184814351
0.219858156028
0.261576971214
0.204005006258
0.234876929495
0.217772215269
0.154359616187
0.180642469754
0.198581560284
0.254901960784
0.201501877347
0.235294117647
0.191489361702
0.247392574051
0.140592407176
0.251564455569
0.175219023780
0.198581560284
0.193575302461
0.162286191072
0.153108051731
0.235294117647
0.211931581143
0.197747183980
0.295786399666
0.248226950355
0.215269086358
0.219858156028
0.232373800584
0.228619107217
0.246975385899
0.229870671673
0.272006675010
0.210680016688
0.281184814351
0.264914476429
0.239048811014
0.273675427618
0.248226950355
0.234459741343
0.210262828536
0.218606591573
0.231956612432
0.325406758448
0.222361284940
0.256570713392
0.229453483521
0.206090947017
0.231539424280
0.261994159366
0.275761368377
0.229453483521
0.161034626617
0.239048811014
0.261159783062
0.246558197747
0.221109720484
0.232373800584
0.239048811014
0.232373800584
0.236128493951
0.136837713809
0.136003337505
0.192323738006
0.171464330413
0.174801835628
0.196495619524
0.206508135169
0.183979974969
0.197329995828
0.183562786817
0.183562786817
0.103462661660
0.168126825198
0.208594075928
0.173550271172
0.245306633292
0.278681685440
0.229453483521
0.238214434710
0.224030037547
0.178556528995
0.202753441802
0.164372131831
0.182311222361
0.199833124739
0.198998748436
0.182728410513
0.175219023780
0.250312891114
0.182728410513
0.212348769295
0.192740926158
0.199415936587
0.144347100542
0.241134751773
0.268669169796
0.201919065499
0.218606591573
0.213600333751
0.229036295369
0.211514392991
0.176470588235
0.239883187317
0.250730079266
0.204422194410
0.247392574051
0.200250312891
0.205673758865
0.189820609095
0.182311222361
0.237797246558
0.181059657906
0.254901960784
0.155611180642
0.195661243221
0.226950354610
0.171047142261
0.209845640384
0.234876929495
0.216103462662
0.185648727576
0.274926992073
0.207759699625
0.245723821443
0.219858156028
0.175636211932
0.181894034209
0.201501877347
0.230287859825
0.213183145599
0.221944096788
0.186900292032
0.163954943680
0.196078431373
0.230705047977
0.158531497705
0.179808093450
0.117229870672
0.239465999166
0.215686274510
0.205673758865
0.209845640384
0.206508135169
0.230287859825
0.223195661243
0.239048811014
0.214017521902
0.230705047977
0.158948685857
0.194409678765
0.230287859825
0.252816020025
0.259073842303
0.211931581143
0.246141009595
0.133083020442
0.216520650814
0.220275344180
0.282436378807
0.281184814351
0.251147267418
0.203170629954
0.211931581143
0.214017521902
0.239465999166
0.226950354610
0.229453483521
0.216520650814
0.202336253650
0.221109720484
0.243220692532
0.224447225699
0.203170629954
0.232373800584
0.148518982061
0.158948685857
0.212765957447
0.193992490613
0.219858156028
0.193575302461
0.188569044639
0.177722152691
0.213600333751
0.219858156028
0.233625365040
0.252816020025
0.188569044639
0.185231539424
0.214017521902
0.230287859825
0.194409678765
0.229870671673
0.211931581143
0.234876929495
0.192740926158
0.210680016688
0.223195661243
0.237380058406
0.261994159366
0.216937838965
0.267834793492
0.115561118064
0.194826866917
0.211514392991
0.234459741343
0.289528577388
0.157279933250
0.242803504380
0.284939507718
0.242386316229
0.237797246558
0.209011264080
0.193158114310
0.295369211514
0.239465999166
0.236545682103
0.271589486859
0.207342511473
0.247809762203
0.249478514810
0.249478514810
0.184397163121
0.208176887776
0.271172298707
0.261576971214
0.226950354610
0.161451814768
0.221944096788
0.210680016688
0.280767626199
0.221109720484
0.259908218607
0.254901960784
0.171881518565
0.290362953692
0.239048811014
0.249478514810
0.250730079266
0.233625365040
0.259491030455
0.228619107217
0.221109720484
0.246975385899
0.223195661243
0.249478514810
0.321234876929
0.219440967877
0.274926992073
0.188569044639
0.307884856070
0.205256570713
0.280767626199
0.231956612432
0.191489361702
0.160617438465
0.127659574468
0.294534835211
0.260742594910
0.309136420526
0.255736337088
0.219858156028
0.177304964539
0.190237797247
0.244889445140
0.279098873592
0.232790988736
0.241551939925
0.243637880684
0.274926992073
0.142678347935
0.213183145599
0.275761368377
0.198581560284
0.275344180225
0.323738005841
0.242803504380
0.286608260325
0.228201919065
0.337505214852
0.158114309554
0.190237797247
0.214434710054
0.294117647059
0.216520650814
0.242386316229
0.248644138506
0.286191072174
0.289528577388
0.193158114310
0.198998748436
0.242803504380
0.284105131414
0.237380058406
0.255319148936
0.332916145181
0.297455152274
0.270337922403
0.229870671673
0.263662911973
0.183979974969
0.264080100125
0.238214434710
0.293283270755
0.289945765540
0.221944096788
0.274926992073
0.287859824781
0.304964539007
0.222361284940
0.258656654151
0.302878598248
0.283270755111
0.302878598248
0.282436378807
0.289945765540
0.246141009595
0.322069253233
0.319148936170
0.184814351272
0.322486441385
0.344597413433
0.272006675010
0.288277012933
0.237380058406
0.221944096788
0.307884856070
0.289111389237
0.300375469337
0.302878598248
0.331664580726
0.232790988736
0.320817688778
0.320400500626
0.316228619107
0.328744263663
0.306216103463
0.275344180225
0.199415936587
0.293283270755
0.298706716729
0.310387984981
0.293700458907
0.316228619107
0.263662911973
0.307884856070
0.291614518148
0.281602002503
0.288277012933
0.254901960784
0.269503546099
0.231539424280
0.242803504380
0.252398831873
0.201501877347
0.269086357947
0.303295786400
0.238214434710
0.302878598248
0.258656654151
0.312891113892
0.210262828536
0.172298706717
0.321234876929
0.302461410096
0.332081768878
0.313725490196
0.331247392574
0.288694201085
0.294534835211
0.267834793492
0.307884856070
0.302044221944
0.269503546099
0.300375469337
0.242803504380
0.381309970797
0.332916145181
0.339591155611
0.324155193992
0.249478514810
0.324572382144
0.287859824781
0.342094284522
0.274509803922
0.215686274510
0.268251981644
0.316645807259
0.290780141844
0.360867751356
0.212348769295
0.291614518148
0.315811430955
0.342511472674
0.261159783062
0.214851898206
0.321234876929
0.303712974552
0.287025448477
0.267000417188
0.289945765540
0.211097204839
0.233208176888
0.259908218607
0.153942428035
0.225281602003
0.216937838965
0.230287859825
0.213600333751
0.241134751773
0.194409678765
0.214434710054
0.220275344180
0.243637880684
0.250312891114
0.272006675010
0.231122236128
0.335002085941
0.272423863162
0.294534835211
0.266166040884
0.321652065081
0.291197329996
0.332081768878
0.277847309136
0.290362953692
0.300792657489
0.275344180225
0.289111389237
0.301209845640
0.332916145181
0.326658322904
0.332081768878
0.291197329996
0.325823946600
0.339591155611
0.276595744681
0.300792657489
0.340008343763
0.315811430955
0.304964539007
0.281602002503
0.327492699207
0.310387984981
0.313725490196
0.268251981644
0.254901960784
0.211514392991
0.322486441385
0.305381727159
0.235711305799
0.233208176888
0.313725490196
0.310805173133
0.251564455569
0.250730079266
0.222361284940
0.277012932833
0.264080100125
0.292031706300
0.261994159366
0.319983312474
0.305381727159
0.332081768878
0.332498957030
0.292031706300
0.280350438048
0.338339591156
0.339173967459
0.369628702545
0.245306633292
0.289111389237
0.341259908219
0.298289528577
0.324155193992
0.296203587818
0.317480183563
0.325406758448
0.186483103880
0.112223612849
0.214851898206
0.230705047977
0.210680016688
0.277847309136
0.287025448477
0.201919065499
0.255319148936
0.284105131414
0.214434710054
0.258239465999
0.285356695870
0.331247392574
0.286191072174
0.332916145181
0.255319148936
0.343763037130
0.322069253233
0.346266166041
0.272841051314
0.130162703379
0.132248644139
0.224447225699
0.265331664581
0.277430120985
0.211097204839
0.180225281602
0.156445556946
0.171881518565
0.180642469754
0.171047142261
0.165623696287
0.168126825198
0.175219023780
0.171881518565
0.176053400083
0.197747183980
0.195244055069
0.103462661660
0.249061326658
0.271172298707
0.319983312474
0.292031706300
0.327075511055
0.080100125156
0.074676679182
0.099290780142
0.117229870672
0.218189403421
0.147267417605
0.166875260743
0.133083020442
0.229036295369
0.250730079266
0.146015853150
0.181476846058
0.216520650814
0.199833124739
0.208176887776
0.223195661243
0.227367542762
0.294952023363
0.184814351272
0.205673758865
0.272841051314
0.256987901544
0.192740926158
0.283687943262
0.210680016688
0.296620775970
0.252816020025
0.277430120985
0.251564455569
0.211931581143
0.249061326658
0.183145598665
0.268669169796
0.176887776387
0.263245723821
0.246975385899
0.267000417188
0.263662911973
0.258239465999
0.295786399666
0.236545682103
0.300375469337
0.279098873592
0.339173967459
0.191489361702
0.295369211514
0.269920734251
0.328744263663
0.287025448477
0.304964539007
0.144347100542
0.244889445140
0.177304964539
0.090529828953
0.133500208594
0.153108051731
0.163120567376
0.158948685857
0.168126825198
0.145181476846
0.144347100542
0.141426783479
0.208594075928
0.215686274510
0.155193992491
0.179808093450
0.194826866917
0.191489361702
0.239883187317
0.153108051731
0.194826866917
0.192740926158
0.217355027117
0.245723821443
0.201084689195
0.236128493951
0.195244055069
0.262828535670
0.208594075928
0.250730079266
0.191489361702
0.226950354610
0.186065915728
0.238214434710
0.245723821443
0.229870671673
0.299958281185
0.235711305799
0.308719232374
0.200250312891
0.246975385899
0.263662911973
0.297037964122
0.282019190655
0.231539424280
0.219440967877
0.212348769295
0.238631622862
0.216937838965
0.250730079266
0.248226950355
0.225281602003
0.271172298707
0.317062995411
0.285773884022
0.352523988319
0.244472256988
0.315811430955
0.297455152274
0.274509803922
0.292866082603
0.277012932833
0.231539424280
0.234459741343
0.272841051314
0.216520650814
0.295786399666
0.213183145599
0.316645807259
0.310805173133
0.269503546099
0.311639549437
0.219858156028
0.262411347518
0.296203587818
0.289111389237
0.306216103463
0.224447225699
0.311222361285
0.302461410096
0.301627033792
0.198998748436
0.185231539424
0.266583229036
0.319566124322
0.311639549437
0.279098873592
0.289945765540
0.270337922403
0.315394242804
0.279933249896
0.283270755111
0.265748852733
0.353358364622
0.303295786400
0.364622444723
0.199833124739
0.260325406758
0.348352106800
0.307467667918
0.284522319566
0.208176887776
0.301627033792
0.297037964122
0.264080100125
0.270337922403
0.315811430955
0.330413016270
0.320817688778
0.310805173133
0.236128493951
0.237380058406
0.304130162703
0.299541093033
0.287859824781
0.263245723821
0.231122236128
0.228201919065
0.246975385899
0.208176887776
0.206090947017
0.218606591573
0.289111389237
0.309553608678
0.304130162703
0.329995828118
0.299958281185
0.369211514393
0.255319148936
0.335419274093
0.280350438048
0.315394242804
0.314142678348
0.317480183563
0.376303712975
0.302044221944
0.219440967877
0.236545682103
0.289528577388
0.311639549437
0.306633291615
0.300792657489
0.297455152274
0.309136420526
0.323320817689
0.344597413433
0.266583229036
0.297455152274
0.339173967459
0.332081768878
0.324572382144
0.267834793492
0.246558197747
0.326241134752
0.331664580726
0.296620775970
0.263245723821
0.296620775970
0.166040884439
0.309553608678
0.274509803922
0.292866082603
0.279933249896
0.364205256571
0.294952023363
0.231956612432
0.228619107217
0.272423863162
0.304130162703
0.340008343763
0.329578639967
0.322903629537
0.330413016270
0.333333333333
0.331247392574
0.364622444723
0.319983312474
0.329161451815
0.248226950355
0.299958281185
0.316645807259
0.248644138506
0.387984981227
0.254067584481
0.341677096370
0.346683354193
0.275344180225
0.289111389237
0.287025448477
0.290780141844
0.322903629537
0.381309970797
0.164789319983
0.249061326658
0.289111389237
0.229036295369
0.310387984981
0.299541093033
0.367125573634
0.311639549437
0.328327075511
0.298289528577
0.346266166041
0.330830204422
0.349186483104
0.284522319566
0.342511472674
0.214017521902
0.157697121402
0.108468919483
0.160200250313
0.264080100125
0.302461410096
0.343345848978
0.325823946600
0.319983312474
0.166458072591
0.267417605340
0.159783062161
0.189403420943
0.130162703379
0.199415936587
0.226950354610
0.231956612432
0.238631622862
0.274926992073
0.264914476429
0.279098873592
0.280767626199
0.130162703379
0.117647058824
0.211097204839
0.239883187317
0.269503546099
0.231539424280
0.300375469337
0.206508135169
0.168126825198
0.324989570296
0.200250312891
0.297037964122
0.290780141844
0.337505214852
0.240300375469
0.314977054652
0.246558197747
0.270755110555
0.305381727159
0.333333333333
0.240300375469
0.282019190655
0.230705047977
0.278264497288
0.260325406758
0.234459741343
0.354192740926
0.270755110555
0.342928660826
0.291197329996
0.315811430955
0.246141009595
0.281602002503
0.229870671673
0.330413016270
0.294952023363
0.278681685440
0.349603671256
0.295786399666
0.353358364622
0.254484772632
0.256153525240
0.286608260325
0.271172298707
0.271172298707
0.300792657489
0.324572382144
0.324572382144
0.270337922403
0.210680016688
0.265748852733
0.276595744681
0.297037964122
0.186065915728
0.208594075928
0.236128493951
0.260325406758
0.309970796829
0.298289528577
0.231539424280
0.353775552774
0.343345848978
0.361284939508
0.294952023363
0.317062995411
0.317897371715
0.306216103463
0.323738005841
0.360867751356
0.269920734251
0.363370880267
0.287442636629
0.357530246141
0.287859824781
0.252398831873
0.289111389237
0.325406758448
0.302044221944
0.333750521485
0.285356695870
0.320400500626
0.305798915311
0.321234876929
0.351272423863
0.270337922403
0.359616186900
0.377555277430
0.361284939508
0.317897371715
0.290780141844
0.322069253233
0.264497288277
0.355861493534
0.287025448477
0.300792657489
0.313725490196
0.345848977889
0.178139340843
0.290780141844
0.334584897789
0.322069253233
0.334167709637
0.299958281185
0.358781810597
0.356278681685
0.272841051314
0.292031706300
0.314977054652
0.307884856070
0.309970796829
0.364622444723
0.326658322904
0.330413016270
0.314977054652
0.346266166041
0.343345848978
0.381309970797
0.252398831873
0.304130162703
0.258239465999
0.232790988736
0.256570713392
0.245723821443
0.306216103463
0.351272423863
0.354609929078
0.350855235711
0.365039632874
0.347517730496
0.341259908219
0.317062995411
