0.095311695003
0.095826893354
0.095826893354
0.098402885111
0.123647604328
0.171561051005
0.178258629572
0.205048943843
0.191653786708
0.242143225142
0.110767645544
0.115919629057
0.088098918083
0.088098918083
0.089129314786
0.127253992787
0.133951571355
0.127769191139
0.126223596084
0.121586810922
0.119010819165
0.119010819165
0.123647604328
0.131375579598
0.142194744977
0.166924265842
0.185986604843
0.213292117465
0.196805770222
0.161257083977
0.146831530139
0.070066975786
0.070066975786
0.070066975786
0.070582174137
0.070582174137
0.071612570840
0.071612570840
0.072127769191
0.074188562597
0.075218959299
0.079340546110
0.081401339516
0.084492529624
0.090159711489
0.095826893354
0.099433281813
0.108191653787
0.149922720247
0.187017001546
0.190108191654
0.183410613086
0.179289026275
0.180834621329
0.184441009789
0.168469860896
0.109222050489
0.088098918083
0.088098918083
0.088098918083
0.088098918083
0.088098918083
0.088098918083
0.088098918083
0.088098918083
0.088098918083
0.088098918083
0.088098918083
0.088098918083
0.088098918083
0.088098918083
0.088098918083
0.088098918083
0.088098918083
0.088098918083
0.088098918083
0.088614116435
0.093250901597
0.088098918083
0.105100463679
0.113858835652
0.111798042246
0.114889232354
0.148892323545
0.154559505410
0.164863472437
0.161257083977
0.145801133436
0.102524471922
0.115919629057
0.128284389490
0.131375579598
0.139618753220
0.146831530139
0.148892323545
0.166409067491
0.185471406491
0.167954662545
0.115919629057
0.115919629057
0.115919629057
0.117465224111
0.117980422463
0.137557959815
0.143225141680
0.153529108707
0.159711488923
0.190108191654
0.154044307058
0.129314786193
0.148892323545
0.180834621329
0.190108191654
0.190108191654
0.175682637816
0.150953116950
0.104070066976
0.149407521896
0.198866563627
0.209685729006
0.197320968573
0.202472952087
0.187532199897
0.197320968573
0.174137042761
0.209685729006
0.203503348789
0.224626481195
0.174652241113
0.226687274601
0.165378670788
0.232869654817
0.151468315301
0.221020092736
0.178258629572
0.227717671303
0.196805770222
0.213807315817
0.165378670788
0.229778464709
0.245234415250
0.117465224111
0.133436373004
0.175167439464
0.173106646059
0.226172076249
0.205048943843
0.237506439979
0.188562596600
0.187532199897
0.227202472952
0.230808861412
0.233384853168
0.244719216899
0.232354456466
0.230808861412
0.242143225142
0.153529108707
0.243173621844
0.238536836682
0.212776919114
0.248840803709
0.238536836682
0.230808861412
0.195260175167
0.242143225142
0.181349819681
0.234415249871
0.109737248841
0.177743431221
0.176197836167
0.146316331788
0.215868109222
0.077794951056
0.110767645544
0.133951571355
0.164863472437
0.202988150438
0.252447192169
0.241628026790
0.244719216899
0.183410613086
0.211231324060
0.231324059763
0.204018547141
0.241112828439
0.201442555384
0.242658423493
0.201957753735
0.241112828439
0.157650695518
0.172591447707
0.206594538897
0.243688820196
0.111798042246
0.168469860896
0.207624935600
0.215352910871
0.235445646574
0.110767645544
0.171045852653
0.198351365276
0.213807315817
0.224626481195
0.096857290057
0.132405976301
0.181349819681
0.183925811437
0.192684183411
0.249871200412
0.251416795466
0.252962390520
0.253477588872
0.219474497682
0.260175167439
0.250901597115
0.245749613601
0.173106646059
0.241628026790
0.251931993818
0.227202472952
0.244719216899
0.132921174652
0.168985059248
0.194229778465
0.200412158681
0.178773827924
0.131375579598
0.215352910871
0.241628026790
0.179289026275
0.205564142195
0.240597630088
0.253992787223
0.238536836682
0.239052035033
0.175682637816
0.240082431736
0.202988150438
0.227202472952
0.098402885111
0.181349819681
0.211746522411
0.215868109222
0.241112828439
0.223080886141
0.231839258114
0.169500257599
0.176197836167
0.224626481195
0.209685729006
0.223080886141
0.091190108192
0.164348274086
0.207624935600
0.212261720762
0.243173621844
0.253992787223
0.191653786708
0.248325605358
0.158165893869
0.211746522411
0.243173621844
0.189592993302
0.245234415250
0.148892323545
0.195260175167
0.230293663060
0.246780010304
0.144255538382
0.202988150438
0.253477588872
0.230808861412
0.240597630088
0.163317877383
0.204018547141
0.241628026790
0.190623390005
0.245234415250
0.219989696033
0.221535291087
0.222050489438
0.174137042761
0.226687274601
0.115919629057
0.185986604843
0.214837712519
0.232869654817
0.247295208655
0.217928902628
0.232354456466
0.128799587841
0.151468315301
0.206079340546
0.216383307573
0.207109737249
0.226172076249
0.130345182895
0.193714580113
0.235960844925
0.245749613601
0.226687274601
0.167439464194
0.184441009789
0.187017001546
0.193199381762
0.212261720762
0.179804224626
0.198866563627
0.222565687790
0.243688820196
0.204018547141
0.202988150438
0.230808861412
0.244204018547
0.156620298815
0.215352910871
0.242143225142
0.202988150438
0.184956208140
0.237506439979
0.243688820196
0.240082431736
0.230293663060
0.210716125708
0.089129314786
0.100978876868
0.156105100464
0.158681092221
0.192684183411
0.140649149923
0.187532199897
0.206594538897
0.202472952087
0.213292117465
0.176197836167
0.198351365276
0.116950025760
0.195775373519
0.221020092736
0.223080886141
0.222565687790
0.230293663060
0.241628026790
0.245234415250
0.241628026790
0.216898505925
0.210716125708
0.212776919114
0.222565687790
0.255023183926
0.240082431736
0.214837712519
0.246780010304
0.261205564142
0.250901597115
0.245749613601
0.235960844925
0.253992787223
0.251931993818
0.241112828439
0.238536836682
0.227717671303
0.265842349304
0.264296754250
0.246264811953
0.259144770737
0.177743431221
0.207109737249
0.202472952087
0.213807315817
0.178258629572
0.188047398248
0.221535291087
0.234415249871
0.233384853168
0.234415249871
0.230293663060
0.197320968573
0.237506439979
0.256053580629
0.222050489438
0.193714580113
0.236991241628
0.222050489438
0.249356002061
0.251931993818
0.252962390520
0.232869654817
0.254507985574
0.253477588872
0.234415249871
0.163317877383
0.138588356517
0.196290571870
0.226687274601
0.239052035033
0.242143225142
0.225656877898
0.226172076249
0.185986604843
0.165378670788
0.188047398248
0.228232869655
0.212776919114
0.247295208655
0.251416795466
0.213292117465
0.279752704791
0.214322514168
0.244204018547
0.277176713035
0.264811952602
0.242143225142
0.137042761463
0.229263266358
0.264811952602
0.265842349304
0.291087068521
0.252447192169
0.211746522411
0.216383307573
0.267903142710
0.273055126224
0.234415249871
0.215352910871
0.160226687275
0.166924265842
0.176197836167
0.129314786193
0.198866563627
0.249356002061
0.231839258114
0.219989696033
0.268418341061
0.262235960845
0.268418341061
0.273055126224
0.228748068006
0.245234415250
0.168469860896
0.270479134467
0.260690365791
0.192168985059
0.272024729521
0.235960844925
0.187532199897
0.211231324060
0.215868109222
0.213807315817
0.166409067491
0.137042761463
0.206594538897
0.218444100979
0.230808861412
0.210200927357
0.153013910355
0.154559505410
0.183410613086
0.187017001546
0.201442555384
0.239052035033
0.245234415250
0.250901597115
0.268933539413
0.255023183926
0.262751159196
0.243688820196
0.157650695518
0.139103554869
0.177228232870
0.189592993302
0.190108191654
0.209170530654
0.242143225142
0.262751159196
0.223596084493
0.148377125193
0.125193199382
0.135497166409
0.151468315301
0.157650695518
0.165378670788
0.177743431221
0.200412158681
0.197320968573
0.200927357032
0.211231324060
0.218444100979
0.198866563627
0.090159711489
0.074188562597
0.069551777434
0.073158165894
0.096857290057
0.120041215868
0.127253992787
0.142194744977
0.136012364760
0.153529108707
0.098402885111
0.139618753220
0.122617207625
0.136012364760
0.062854198867
0.087583719732
0.112828438949
0.138588356517
0.145285935085
0.151468315301
0.140649149923
0.104070066976
0.136012364760
0.157135497166
0.154559505410
0.156620298815
0.159196290572
0.141679546625
0.107676455435
0.048428645028
0.048943843380
0.054095826893
0.058217413704
0.066975785677
0.068006182380
0.083977331273
0.091705306543
0.098918083462
0.105615662030
0.105615662030
0.107161257084
0.106646058733
0.106130860381
0.105615662030
0.105100463679
0.106646058733
0.111282843895
0.115919629057
0.116434827409
0.126738794436
0.123132405976
0.078825347759
0.082946934570
0.094796496651
0.117465224111
0.128284389490
0.153013910355
0.139103554869
0.152498712004
0.146316331788
0.099948480165
0.111282843895
0.141164348274
0.156105100464
0.139103554869
0.108706852138
0.106130860381
0.108706852138
0.112828438949
0.112313240598
0.110252447192
0.109222050489
0.109737248841
0.109222050489
0.105100463679
0.105100463679
0.102524471922
0.098402885111
0.094796496651
0.088614116435
0.086553323029
0.087583719732
0.104070066976
0.097372488408
0.107676455435
0.125193199382
0.135497166409
0.146316331788
0.133951571355
0.115404430706
0.131375579598
0.137042761463
0.143225141680
0.157650695518
0.132405976301
0.104585265327
0.121586810922
0.136012364760
0.134981968058
0.162287480680
0.145285935085
0.105100463679
0.119526017517
0.122102009274
0.129829984544
0.146316331788
0.160741885626
0.126223596084
0.125193199382
0.156620298815
0.148892323545
0.121586810922
0.163317877383
0.153013910355
0.162287480680
0.151983513653
0.080370942813
0.102524471922
0.115919629057
0.149407521896
0.135497166409
0.155589902112
0.154044307058
0.104585265327
0.195260175167
0.155589902112
0.196805770222
0.154559505410
0.071612570840
0.091705306543
0.105615662030
0.114374034003
0.124162802679
0.139618753220
0.119526017517
0.071097372488
0.072642967543
0.080370942813
0.137557959815
0.083977331273
0.110767645544
0.161772282329
0.176197836167
0.106130860381
0.146831530139
0.189077794951
0.181865018032
0.179804224626
0.086038124678
0.122102009274
0.149407521896
0.165378670788
0.184956208140
0.199381761978
0.140649149923
0.201442555384
0.156620298815
0.211231324060
0.129829984544
0.200412158681
0.201442555384
0.191138588357
0.111798042246
0.145285935085
0.152498712004
0.162802679031
0.170530654302
0.172076249356
0.204533745492
0.186501803194
0.212776919114
0.101494075219
0.110767645544
0.127253992787
0.137557959815
0.147346728490
0.176197836167
0.130860381247
0.201957753735
0.197320968573
0.179804224626
0.149922720247
0.202988150438
0.202988150438
0.096857290057
0.191653786708
0.194744976816
0.204018547141
0.146831530139
0.172076249356
0.185471406491
0.218959299330
0.205048943843
0.196290571870
0.106646058733
0.173621844410
0.211746522411
0.217413704276
0.190623390005
0.208655332303
0.176197836167
0.171045852653
0.160741885626
0.247810407007
0.201442555384
0.119526017517
0.163833075734
0.127769191139
0.156105100464
0.156105100464
0.196805770222
0.199381761978
0.207109737249
0.221535291087
0.161772282329
0.108191653787
0.126223596084
0.140649149923
0.155589902112
0.163833075734
0.155074703761
0.141679546625
0.158165893869
0.161257083977
0.144770736734
0.072642967543
0.094281298300
0.111798042246
0.129829984544
0.146316331788
0.159711488923
0.157135497166
0.167439464194
0.161772282329
0.172076249356
0.147861926842
0.158681092221
0.129829984544
0.159196290572
0.172591447707
0.157135497166
0.154559505410
0.170530654302
0.174137042761
0.165893869140
0.172591447707
0.071097372488
0.146831530139
0.167954662545
0.187017001546
0.129829984544
0.190108191654
0.117980422463
0.176197836167
0.171045852653
0.156105100464
0.070582174137
0.071612570840
0.071612570840
0.073673364245
0.080370942813
0.138588356517
0.166924265842
0.174652241113
0.165378670788
0.181349819681
0.089129314786
0.089644513138
0.090674909840
0.092735703246
0.104585265327
0.133436373004
0.147346728490
0.148892323545
0.145801133436
0.144770736734
0.142709943328
0.147861926842
0.173106646059
0.162287480680
0.154044307058
0.168469860896
0.069551777434
0.115404430706
0.123647604328
0.142709943328
0.149922720247
0.157650695518
0.160226687275
0.158165893869
0.183410613086
0.189077794951
0.190108191654
0.192168985059
0.205564142195
0.222565687790
0.218444100979
0.156620298815
0.226687274601
0.227717671303
0.160741885626
0.201442555384
0.129314786193
0.117465224111
0.121586810922
0.139103554869
0.170015455951
0.190623390005
0.199896960330
0.204018547141
0.208140133952
0.209170530654
0.206594538897
0.210200927357
0.213807315817
0.237506439979
0.237506439979
0.234930448223
0.198866563627
0.207624935600
0.073158165894
0.074703760948
0.083977331273
0.124162802679
0.157650695518
0.180834621329
0.189077794951
0.199896960330
0.204533745492
0.166409067491
0.192684183411
0.193714580113
0.216898505925
0.211746522411
0.222565687790
0.228748068006
0.236991241628
0.222565687790
0.197320968573
0.211231324060
0.191138588357
0.165378670788
0.091705306543
0.106646058733
0.125193199382
0.131890777950
0.101494075219
0.109737248841
0.116434827409
0.150953116950
0.129829984544
0.126223596084
0.148892323545
0.167954662545
0.180834621329
0.163317877383
0.163833075734
0.178258629572
0.159196290572
0.132921174652
0.125708397733
0.154044307058
0.163317877383
0.178773827924
0.218444100979
0.167439464194
0.178258629572
0.176197836167
0.182895414735
0.185986604843
0.160741885626
0.126223596084
0.138073158166
0.140649149923
0.147346728490
0.170530654302
0.179289026275
0.190108191654
0.213292117465
0.178773827924
0.175167439464
0.192168985059
0.183410613086
0.201442555384
0.200412158681
0.148892323545
0.192684183411
0.214322514168
0.190108191654
0.151468315301
0.180834621329
0.202472952087
0.171561051005
0.183925811437
0.129829984544
0.166924265842
0.190108191654
0.193199381762
0.195260175167
0.177743431221
0.182895414735
0.222565687790
0.192168985059
0.151468315301
0.171561051005
0.202988150438
0.193199381762
0.199896960330
0.198351365276
0.155589902112
0.188562596600
0.116950025760
0.165378670788
0.195260175167
0.193199381762
0.180834621329
0.212261720762
0.187017001546
0.193714580113
0.105100463679
0.131375579598
0.192684183411
0.224111282844
0.215352910871
0.231324059763
0.218444100979
0.202988150438
0.216383307573
0.142194744977
0.216898505925
0.228748068006
0.176197836167
0.175167439464
0.189077794951
0.179804224626
0.107161257084
0.116950025760
0.143740340031
0.149407521896
0.142709943328
0.157135497166
0.187017001546
0.160741885626
0.176713034518
0.147861926842
0.155074703761
0.202472952087
0.192684183411
0.204533745492
0.181865018032
0.186501803194
0.224626481195
0.191653786708
0.144255538382
0.157135497166
0.231839258114
0.236991241628
0.229263266358
0.213807315817
0.211231324060
0.216898505925
0.220504894384
0.169500257599
0.232869654817
0.254507985574
0.230293663060
0.266357547656
0.210200927357
0.187532199897
0.214322514168
0.187017001546
0.245234415250
0.224111282844
0.169500257599
0.147346728490
0.219989696033
0.213292117465
0.232354456466
0.226172076249
0.212776919114
0.184956208140
0.262751159196
0.237506439979
0.185986604843
0.241628026790
0.257083977331
0.200927357032
0.259659969088
0.252962390520
0.208140133952
0.199896960330
0.224626481195
0.214322514168
0.231324059763
0.210200927357
0.274600721278
0.236476043277
0.267387944359
0.199381761978
0.226687274601
0.183410613086
0.251931993818
0.291087068521
0.260690365791
0.203503348789
0.217928902628
0.221020092736
0.153529108707
0.152498712004
0.266357547656
0.276146316332
0.280783101494
0.231839258114
0.188562596600
0.196805770222
0.116950025760
0.111798042246
0.127253992787
0.135497166409
0.143225141680
0.177743431221
0.179289026275
0.213807315817
0.200412158681
0.160741885626
0.194744976816
0.186501803194
0.182895414735
0.213807315817
0.229263266358
0.228232869655
0.252447192169
0.163317877383
0.174652241113
0.234415249871
0.256053580629
0.247295208655
0.226687274601
0.245234415250
0.234930448223
0.230293663060
0.266357547656
0.242658423493
0.267903142710
0.258114374034
0.242143225142
0.212261720762
0.243688820196
0.246780010304
0.257083977331
0.235445646574
0.223596084493
0.249871200412
0.272539927872
0.272539927872
0.193714580113
0.232354456466
0.241628026790
0.274085522926
0.253992787223
0.235960844925
0.222050489438
0.250386398764
0.196805770222
0.223080886141
0.260175167439
0.275631117980
0.257083977331
0.270994332818
0.229263266358
0.282843894900
0.212776919114
0.259659969088
0.273055126224
0.288511076765
0.261720762494
0.210200927357
0.241628026790
0.258629572385
0.180319422978
0.148377125193
0.201442555384
0.210716125708
0.218959299330
0.201957753735
0.219989696033
0.260175167439
0.269448737764
0.276146316332
0.265842349304
0.264296754250
0.221535291087
0.226687274601
0.254507985574
0.260690365791
0.173621844410
0.217413704276
0.217413704276
0.262235960845
0.228232869655
0.235445646574
0.252962390520
0.275631117980
0.272024729521
0.280783101494
0.238536836682
0.282328696548
0.246264811953
0.285935085008
0.253992787223
0.239567233385
0.268933539413
0.294693456981
0.280267903143
0.271509531170
0.284389489954
0.257599175683
0.263781555899
0.266872746007
0.290056671819
0.236476043277
0.289026275116
0.244719216899
0.268933539413
0.213292117465
0.275631117980
0.297269448738
0.284904688305
0.244204018547
0.123647604328
0.152498712004
0.168985059248
0.199896960330
0.218444100979
0.225656877898
0.222565687790
0.228232869655
0.224111282844
0.166924265842
0.129829984544
0.122102009274
0.165378670788
0.188562596600
0.238536836682
0.244204018547
0.228748068006
0.219474497682
0.226172076249
0.177228232870
0.178258629572
0.161772282329
0.191138588357
0.167439464194
0.194744976816
0.215868109222
0.204533745492
0.193714580113
0.226172076249
0.226687274601
0.204018547141
0.173106646059
0.228232869655
0.226687274601
0.242143225142
0.213807315817
0.212776919114
0.231324059763
0.238536836682
0.222050489438
0.245749613601
0.187017001546
0.182895414735
0.207624935600
0.259144770737
0.237506439979
0.251931993818
0.237506439979
0.259659969088
0.222565687790
0.217928902628
0.206079340546
0.217928902628
0.242658423493
0.245234415250
0.245234415250
0.222050489438
0.234930448223
0.240082431736
0.227202472952
0.242658423493
0.193199381762
0.209170530654
0.258629572385
0.234930448223
0.228748068006
0.217413704276
0.267387944359
0.259144770737
0.200927357032
0.262751159196
0.276661514683
0.282843894900
0.231324059763
0.256568778980
0.167439464194
0.195260175167
0.210200927357
0.260690365791
0.267387944359
0.225656877898
0.122102009274
0.181349819681
0.216383307573
0.231324059763
0.207624935600
0.142709943328
0.188047398248
0.206079340546
0.225656877898
0.233900051520
0.243688820196
0.248325605358
0.248840803709
0.261205564142
0.267903142710
0.222565687790
0.232354456466
0.189077794951
0.206594538897
0.231324059763
0.234415249871
0.277691911386
0.190623390005
0.185471406491
0.190108191654
0.241628026790
0.255023183926
0.287995878413
0.249356002061
0.268933539413
0.188047398248
0.243688820196
0.270479134467
0.240082431736
0.272539927872
0.174652241113
0.225656877898
0.268933539413
0.210200927357
0.281298299845
0.228232869655
0.213292117465
0.200412158681
0.217928902628
0.243173621844
0.235445646574
0.207624935600
0.210716125708
0.219474497682
0.245749613601
0.256568778980
0.236991241628
0.299845440495
0.243688820196
0.268418341061
0.167439464194
0.180319422978
0.207109737249
0.245749613601
0.240597630088
0.260175167439
0.238536836682
0.223596084493
0.228748068006
0.284904688305
0.216383307573
0.285935085008
0.265842349304
0.233384853168
0.197836166924
0.210716125708
0.257083977331
0.275115919629
0.233384853168
0.205564142195
0.207109737249
0.232869654817
0.276146316332
0.218959299330
0.265842349304
0.171045852653
0.251931993818
0.285935085008
0.284389489954
0.287480680062
0.274600721278
0.250901597115
0.226172076249
0.227202472952
0.238021638331
0.225656877898
0.273055126224
0.316331787738
0.178258629572
0.225141679547
0.279752704791
0.198866563627
0.249871200412
0.282843894900
0.159711488923
0.209170530654
0.214322514168
0.240082431736
0.263266357548
0.270479134467
0.211231324060
0.208655332303
0.267387944359
0.214322514168
0.286450283359
0.209170530654
0.239052035033
0.296239052035
0.230293663060
0.268418341061
0.269963936115
0.217928902628
0.311179804225
0.255023183926
0.176713034518
0.187017001546
0.217413704276
0.187017001546
0.150953116950
0.217413704276
0.241628026790
0.274085522926
0.263781555899
0.218959299330
0.241112828439
0.173621844410
0.215352910871
0.233384853168
0.273055126224
0.279752704791
0.287480680062
0.252962390520
0.250386398764
0.190623390005
0.216383307573
0.225656877898
0.273570324575
0.312725399279
0.298815043792
0.298815043792
0.292117465224
0.292117465224
0.188047398248
0.280783101494
0.253477588872
0.216898505925
0.251931993818
0.305512622360
0.224626481195
0.267387944359
0.299330242143
0.242658423493
0.225656877898
0.288511076765
0.206594538897
0.304997424008
0.290571870170
0.253477588872
0.304482225657
0.256568778980
0.255023183926
0.293147861927
0.180834621329
0.244204018547
0.268933539413
0.315816589387
0.274085522926
0.215352910871
0.239567233385
0.326635754766
0.266872746007
0.298815043792
0.204018547141
0.222565687790
0.282843894900
0.312210200927
0.273570324575
0.245749613601
0.278722308089
0.341576506955
0.290571870170
0.261720762494
0.251931993818
0.277176713035
0.314786192684
0.195775373519
0.206594538897
0.259144770737
0.269448737764
0.307058217414
0.316331787738
0.292117465224
0.300360638846
0.289541473467
0.256053580629
0.340546110252
0.330242143225
0.257599175683
0.303967027306
0.241628026790
0.221020092736
0.253992787223
0.294693456981
0.312725399279
0.272024729521
0.317362184441
0.289541473467
0.224111282844
0.266872746007
0.253477588872
0.301906233900
0.273570324575
0.297784647089
0.196805770222
0.222565687790
0.238021638331
0.219474497682
0.289026275116
0.283359093251
0.272539927872
0.280783101494
0.297269448738
0.275115919629
0.247295208655
0.175682637816
0.275631117980
0.283874291602
0.319938176198
0.317877382792
0.305512622360
0.268418341061
0.259659969088
0.298299845440
0.265327150953
0.286965481710
0.313240597630
0.283359093251
0.268418341061
0.302421432251
0.333848531685
0.321483771252
0.309634209171
0.239052035033
0.295723853684
0.308088614116
0.311695002576
0.292117465224
0.188562596600
0.280267903143
0.300875837197
0.321998969603
0.263266357548
0.285419886656
0.240597630088
0.336939721793
0.322514167955
0.271509531170
0.232354456466
0.270479134467
0.288511076765
0.278207109737
0.265842349304
0.291087068521
0.257599175683
0.174137042761
0.200927357032
0.140649149923
0.252447192169
0.261205564142
0.281813498197
0.271509531170
0.267903142710
0.248325605358
0.216383307573
0.236991241628
0.245749613601
0.320453374549
0.246780010304
0.266872746007
0.321483771252
0.309634209171
0.214322514168
0.302936630603
0.293663060278
0.306027820711
0.262751159196
0.299845440495
0.293147861927
0.238021638331
0.274600721278
0.326120556414
0.314786192684
0.326120556414
0.309634209171
0.321998969603
0.265327150953
0.341576506955
0.283359093251
0.317877382792
0.258629572385
0.303967027306
0.326120556414
0.321998969603
0.277176713035
0.304997424008
0.275631117980
0.315301391036
0.270479134467
0.285419886656
0.196290571870
0.269448737764
0.251416795466
0.256568778980
0.286965481710
0.344667697063
0.307573415765
0.235960844925
0.240597630088
0.251931993818
0.285935085008
0.317877382792
0.307573415765
0.291087068521
0.275631117980
0.309119010819
0.342606903658
0.311179804225
0.330242143225
0.289541473467
0.342091705307
0.358578052550
0.315301391036
0.282843894900
0.295723853684
0.298815043792
0.318907779495
0.336424523442
0.303451828954
0.291087068521
0.292117465224
0.172591447707
0.160741885626
0.241112828439
0.264296754250
0.242658423493
0.298815043792
0.281813498197
0.235960844925
0.231324059763
0.235960844925
0.252962390520
0.267387944359
0.298815043792
0.301906233900
0.300875837197
0.291087068521
0.286450283359
0.304482225657
0.336424523442
0.330757341577
0.294178258630
0.108191653787
0.167439464194
0.242658423493
0.263781555899
0.278722308089
0.210716125708
0.179804224626
0.170015455951
0.191138588357
0.197320968573
0.214837712519
0.222565687790
0.217413704276
0.216383307573
0.221020092736
0.230293663060
0.244719216899
0.235445646574
0.136012364760
0.190108191654
0.227202472952
0.257083977331
0.280267903143
0.268933539413
0.167439464194
0.122102009274
0.166924265842
0.183925811437
0.228232869655
0.188047398248
0.154044307058
0.164348274086
0.184956208140
0.205048943843
0.238536836682
0.251416795466
0.246264811953
0.227717671303
0.277176713035
0.256568778980
0.280783101494
0.284389489954
0.247810407007
0.228748068006
0.246264811953
0.245749613601
0.259144770737
0.253992787223
0.287995878413
0.296239052035
0.298299845440
0.283359093251
0.187532199897
0.257083977331
0.283874291602
0.255538382277
0.224111282844
0.216383307573
0.256053580629
0.252962390520
0.274600721278
0.262235960845
0.270479134467
0.287480680062
0.259659969088
0.263266357548
0.307573415765
0.291602266873
0.275115919629
0.227202472952
0.248325605358
0.265327150953
0.314786192684
0.263266357548
0.200927357032
0.173106646059
0.161772282329
0.115404430706
0.124678001030
0.151468315301
0.173621844410
0.199896960330
0.196805770222
0.198866563627
0.136527563112
0.147861926842
0.209685729006
0.174137042761
0.180319422978
0.232354456466
0.223596084493
0.234930448223
0.211231324060
0.186501803194
0.171561051005
0.234930448223
0.206594538897
0.253992787223
0.223596084493
0.216898505925
0.240082431736
0.228232869655
0.266872746007
0.250386398764
0.266357547656
0.214322514168
0.225141679547
0.238536836682
0.254507985574
0.279237506440
0.285935085008
0.289541473467
0.229778464709
0.250386398764
0.261205564142
0.289541473467
0.318907779495
0.286965481710
0.256053580629
0.211746522411
0.205564142195
0.248325605358
0.245749613601
0.233384853168
0.244719216899
0.229263266358
0.291087068521
0.290056671819
0.316846986090
0.312210200927
0.296754250386
0.278207109737
0.307573415765
0.304482225657
0.279237506440
0.268933539413
0.270479134467
0.207109737249
0.274085522926
0.276661514683
0.273570324575
0.278207109737
0.294693456981
0.305512622360
0.303967027306
0.260175167439
0.263266357548
0.267387944359
0.307058217414
0.342091705307
0.213292117465
0.297269448738
0.320453374549
0.318907779495
0.305512622360
0.197836166924
0.227202472952
0.284389489954
0.334363730036
0.310664605873
0.308603812468
0.278207109737
0.306027820711
0.292632663575
0.338485316847
0.232869654817
0.306027820711
0.333848531685
0.337970118496
0.309634209171
0.271509531170
0.248840803709
0.300875837197
0.324059763009
0.224111282844
0.276661514683
0.324059763009
0.298815043792
0.282328696548
0.262235960845
0.309119010819
0.325090159711
0.344667697063
0.244719216899
0.280783101494
0.239052035033
0.286965481710
0.312210200927
0.314786192684
0.252447192169
0.258114374034
0.281298299845
0.278207109737
0.242143225142
0.223080886141
0.257083977331
0.297784647089
0.307573415765
0.318907779495
0.342091705307
0.319422977846
0.327150953117
0.312210200927
0.278207109737
0.352910870685
0.220504894384
0.313755795981
0.342091705307
0.342091705307
0.329726944874
0.223080886141
0.268418341061
0.307058217414
0.311695002576
0.317362184441
0.285419886656
0.264811952602
0.353426069037
0.328696548171
0.357547655848
0.243688820196
0.291602266873
0.344152498712
0.356517259145
0.275115919629
0.283359093251
0.295208655332
0.320968572901
0.325090159711
0.277176713035
0.308088614116
0.218444100979
0.245749613601
0.261720762494
0.309634209171
0.287995878413
0.332818134982
0.329726944874
0.321998969603
0.233384853168
0.231324059763
0.267387944359
0.267903142710
0.311695002576
0.329211746522
0.319938176198
0.348789283874
0.326120556414
0.350334878928
0.353941267388
0.340546110252
0.312210200927
0.306027820711
0.247295208655
0.310664605873
0.312725399279
0.319938176198
0.307058217414
0.308603812468
0.291602266873
0.335909325090
0.242143225142
0.295723853684
0.294693456981
0.343637300361
0.328696548171
0.257599175683
0.204533745492
0.248325605358
0.273055126224
0.251416795466
0.299330242143
0.300360638846
0.362699639361
0.314270994333
0.306027820711
0.291602266873
0.349304482226
0.321483771252
0.319938176198
0.257083977331
0.253992787223
0.158165893869
0.140133951571
0.184441009789
0.246264811953
0.255538382277
0.261720762494
0.263781555899
0.266357547656
0.242658423493
0.258629572385
0.162802679031
0.183925811437
0.165378670788
0.181865018032
0.200927357032
0.216898505925
0.218959299330
0.242143225142
0.233900051520
0.245234415250
0.231324059763
0.098402885111
0.190623390005
0.222050489438
0.256053580629
0.248325605358
0.260690365791
0.266872746007
0.265327150953
0.198866563627
0.228232869655
0.259144770737
0.275631117980
0.278722308089
0.302936630603
0.264296754250
0.304482225657
0.255538382277
0.290056671819
0.315816589387
0.311695002576
0.259659969088
0.272539927872
0.292632663575
0.259144770737
0.285935085008
0.273570324575
0.306543019062
0.325090159711
0.290571870170
0.334878928387
0.251931993818
0.311179804225
0.301906233900
0.289541473467
0.292632663575
0.276146316332
0.321483771252
0.341576506955
0.350334878928
0.255538382277
0.301391035549
0.297269448738
0.293147861927
0.250386398764
0.309119010819
0.319422977846
0.320453374549
0.332302936631
0.261205564142
0.266872746007
0.285419886656
0.319938176198
0.296239052035
0.136527563112
0.217928902628
0.290571870170
0.312210200927
0.336939721793
0.292632663575
0.242143225142
0.308088614116
0.329211746522
0.352910870685
0.318907779495
0.300875837197
0.249871200412
0.284904688305
0.347243688820
0.333333333333
0.314270994333
0.315816589387
0.319938176198
0.317362184441
0.318907779495
0.206079340546
0.286965481710
0.318392581144
0.317362184441
0.291602266873
0.302936630603
0.283874291602
0.296754250386
0.366306027821
0.327150953117
0.310664605873
0.314270994333
0.352910870685
0.352395672334
0.315816589387
0.319422977846
0.225141679547
0.324059763009
0.343122102009
0.299845440495
0.310149407522
0.273055126224
0.338485316847
0.234930448223
0.274085522926
0.288511076765
0.327666151468
0.327666151468
0.293663060278
0.357032457496
0.295723853684
0.323544564657
0.321998969603
0.298299845440
0.297784647089
0.320453374549
0.354971664091
0.303451828954
0.335909325090
0.290571870170
0.335909325090
0.352910870685
0.313240597630
0.310664605873
0.239567233385
0.273570324575
0.276661514683
0.276146316332
0.234930448223
0.270479134467
0.325605358063
0.340030911901
0.334363730036
0.341061308604
0.358062854199
0.331272539928
0.344667697063
