0.121290994274
0.444560124935
0.561686621551
0.705882352941
0.675689744925
0.771473191046
0.757938573660
0.780322748568
0.781363872983
0.788651743883
0.793857365955
0.796980739198
0.799062988027
0.801145236856
0.805309734513
0.808953669964
0.809994794378
0.813118167621
0.817803227486
0.818844351900
0.819364914107
0.821447162936
0.821967725143
0.824049973972
0.825611660593
0.825611660593
0.825611660593
0.825611660593
0.825611660593
0.827173347215
0.828214471629
0.829255596044
0.830296720458
0.830296720458
0.830817282665
0.830817282665
0.831858407080
0.832378969287
0.833420093701
0.834461218116
0.835502342530
0.837064029151
0.838105153566
0.839146277980
0.839146277980
0.839666840187
0.839666840187
0.839666840187
0.840187402395
0.839666840187
0.840187402395
0.840187402395
0.840707964602
0.840187402395
0.840187402395
0.840187402395
0.839666840187
0.839666840187
0.839666840187
0.839666840187
0.840187402395
0.840187402395
0.840187402395
0.840187402395
0.840187402395
0.840187402395
0.840187402395
0.841228526809
0.841228526809
0.841228526809
0.841749089016
0.842269651223
0.843310775638
0.843310775638
0.843310775638
0.843310775638
0.843310775638
0.843831337845
0.844351900052
0.844351900052
0.844872462259
0.845913586674
0.846434148881
0.846954711088
0.846954711088
0.847475273295
0.846954711088
0.847475273295
0.847475273295
0.847995835502
0.847995835502
0.847995835502
0.847995835502
0.848516397710
0.849036959917
0.849036959917
0.849036959917
0.849036959917
0.848516397710
0.848516397710
