0.105453449834
0.366978005423
0.643567339560
0.701114793613
0.756854474239
0.764386863513
0.779150346490
0.783971075625
0.792407351612
0.796926785176
0.800241036457
0.803253992166
0.806568243447
0.808074721302
0.808978608014
0.810183790298
0.812594154866
0.815004519434
0.817113588430
0.818017475143
0.818017475143
0.819523952998
0.820427839711
0.821030430853
0.821633021995
0.821934317566
0.822838204278
0.823440795420
0.823440795420
0.824645977704
0.825248568846
0.827056342272
0.827658933414
0.827658933414
0.827960228985
0.828562820127
0.828261524556
0.828562820127
0.828562820127
0.828864115697
0.829768002410
0.830069297981
0.830370593552
0.830370593552
0.830671889123
0.830370593552
0.830671889123
0.830671889123
0.830671889123
0.830973184694
0.831575775836
0.831575775836
0.831575775836
0.831575775836
0.831575775836
0.831575775836
0.831575775836
0.831877071407
0.832178366978
0.832178366978
0.831274480265
0.831575775836
0.831877071407
0.831575775836
0.831575775836
0.831877071407
0.831575775836
0.831877071407
0.831877071407
0.831877071407
0.831877071407
0.831877071407
0.831575775836
0.831274480265
0.831274480265
0.830973184694
0.831274480265
0.831274480265
0.831575775836
0.831877071407
0.832178366978
0.832479662549
0.832479662549
0.833082253691
0.833082253691
0.832780958120
0.832780958120
0.832479662549
0.832780958120
0.833082253691
0.833383549262
0.833684844833
0.833684844833
0.833082253691
0.833082253691
0.833082253691
0.833082253691
0.833383549262
0.833383549262
0.833684844833
