0.099270664506
0.099675850891
0.100891410049
0.104538087520
0.105753646677
0.106158833063
0.106158833063
0.106564019449
0.106564019449
0.106564019449
0.106564019449
0.106564019449
0.106564019449
0.106564019449
0.106564019449
0.106969205835
0.106969205835
0.107779578606
0.109400324149
0.109400324149
0.113857374392
0.118719611021
0.124797406807
0.132495948136
0.138978930308
0.145461912480
0.147893030794
0.155591572123
0.156401944895
0.160048622366
0.162884927066
0.170988654781
0.177876823339
0.175040518639
0.171393841167
0.174635332253
0.179092382496
0.175445705024
0.176256077796
0.177471636953
0.173824959481
0.173419773096
0.172204213938
0.174230145867
0.182333873582
0.181523500810
0.184764991896
0.186385737439
0.193679092382
0.196920583468
0.201782820097
0.206239870340
0.206645056726
0.206239870340
0.206239870340
0.202593192869
0.205024311183
0.207455429498
0.206239870340
0.210696920583
0.216369529984
0.221636952998
0.224473257699
0.226499189627
0.228930307942
0.230145867099
0.227714748784
0.225283630470
0.224473257699
0.222042139384
0.221636952998
0.225688816856
0.230956239870
0.229740680713
0.228525121556
0.226904376013
0.224878444084
0.222042139384
0.224878444084
0.221231766613
0.220016207455
0.220826580227
0.220826580227
0.221636952998
0.222042139384
0.223662884927
0.225283630470
0.226094003241
0.230145867099
0.231361426256
0.240275526742
0.258914100486
0.279983792545
0.279578606159
0.282009724473
0.264181523501
0.256482982172
0.253646677472
0.252836304700
0.255267423015
0.258508914100
0.257293354943
0.258508914100
0.257698541329
0.256077795786
0.258103727715
0.255672609400
0.253241491086
0.254051863857
0.257293354943
0.257293354943
0.268638573744
0.277957860616
0.282820097245
0.290113452188
0.287682333874
0.287682333874
0.290923824959
0.292139384117
0.294570502431
0.293354943274
0.294165316045
0.297001620746
0.293760129660
0.295786061588
0.293760129660
0.294165316045
0.295786061588
0.296191247974
0.297406807131
0.298622366288
0.298622366288
0.298622366288
0.304700162075
0.299027552674
0.286061588331
0.257293354943
0.256077795786
0.275931928687
0.293354943274
0.298622366288
0.301053484603
0.301458670989
0.292544570502
0.288087520259
0.290923824959
0.293354943274
0.296596434360
0.298622366288
0.302674230146
0.309967585089
0.316045380875
0.315640194489
0.314829821718
0.313614262561
0.319692058347
0.320097244733
0.322528363047
0.323338735818
0.324149108590
0.323743922204
0.324554294976
0.321717990276
0.320097244733
0.322123176661
0.321717990276
0.322528363047
0.324959481361
0.325769854133
0.328606158833
0.334683954619
0.339141004862
0.339141004862
0.342382495948
0.341977309562
0.343598055105
0.345623987034
0.346839546191
0.346029173420
0.347649918963
0.347244732577
0.347244732577
0.346434359806
0.348055105348
0.350486223663
0.350891410049
0.349270664506
0.352917341977
0.355753646677
0.356969205835
0.358184764992
0.358184764992
0.358995137763
0.361021069692
0.363857374392
0.363857374392
0.364667747164
0.365883306321
0.367098865478
0.369935170178
0.369935170178
0.370340356564
0.371961102107
0.372366288493
0.372366288493
0.373176661264
0.373987034036
0.373987034036
0.375607779579
0.376823338736
0.376012965964
0.378849270665
0.380470016207
0.380875202593
0.380875202593
0.382495948136
0.383306320908
0.386547811994
0.387358184765
0.391815235008
0.382901134522
0.386142625608
0.361426256078
0.359805510535
0.325769854133
0.375202593193
0.382495948136
0.391815235008
0.391004862237
0.391815235008
0.392220421394
0.393030794165
0.397082658023
0.400324149109
0.403970826580
0.405996758509
0.410048622366
0.410858995138
0.410453808752
0.411669367909
0.412074554295
0.412479740681
0.412074554295
0.414100486224
0.414100486224
0.416126418152
0.415721231767
0.414910858995
0.416936790924
0.418152350081
0.420583468395
0.421799027553
0.422204213938
0.423014586710
0.421393841167
0.420178282010
0.420178282010
0.423824959481
0.425850891410
0.424635332253
0.425040518639
0.425850891410
0.424635332253
0.423419773096
0.423014586710
0.426256077796
0.428687196110
0.425445705024
0.422609400324
0.420988654781
0.393030794165
0.378444084279
0.353322528363
0.404376012966
0.417747163695
0.426256077796
0.429902755267
0.428687196110
0.429092382496
0.430307941653
0.427471636953
0.423014586710
0.422204213938
0.423014586710
0.424230145867
0.424230145867
0.425040518639
0.430307941653
0.434764991896
0.440032414911
0.440842787682
0.442463533225
0.444084278768
0.444084278768
0.445705024311
0.444489465154
0.443679092382
0.445299837925
0.444489465154
0.444489465154
0.441653160454
0.444084278768
0.445705024311
0.449351701783
0.452188006483
0.451782820097
0.455024311183
0.455429497569
0.455429497569
0.455024311183
0.452593192869
0.453808752026
0.455429497569
0.457050243112
0.450567260940
0.456645056726
0.435980551053
0.450162074554
0.444084278768
0.457860615883
0.450567260940
0.449351701783
0.450972447326
0.437196110211
0.448946515397
0.460696920583
0.461507293355
0.465964343598
0.463533225284
0.466774716370
0.465964343598
0.470421393841
0.471636952998
0.473257698541
0.474068071313
0.472447325770
0.473662884927
0.472042139384
0.478525121556
0.466774716370
0.462722852512
0.443273905997
0.408833063209
0.458670988655
0.459481361426
0.474878444084
0.493111831442
0.484602917342
0.482982171799
0.482576985413
0.482576985413
0.482982171799
0.481766612642
0.484602917342
0.482982171799
0.491491085900
0.473662884927
0.489059967585
0.442463533225
0.481766612642
0.485413290113
0.496353322528
0.500810372771
0.497974068071
0.496353322528
0.493517017828
0.500000000000
0.502025931929
0.502431118314
0.500000000000
0.502836304700
0.495542949757
0.502836304700
0.493517017828
0.502431118314
0.495137763371
0.502025931929
0.500405186386
0.501215559157
0.506077795786
0.479740680713
0.491896272285
0.441653160454
0.500810372771
0.503646677472
0.524311183144
0.524311183144
0.522690437601
0.517423014587
0.511345218801
0.507698541329
0.512560777958
0.512155591572
0.516207455429
0.519448946515
0.525121555916
0.526337115073
0.529983792545
0.524716369530
0.504457050243
0.451377633712
0.480145867099
0.521474878444
0.539303079417
0.540518638574
0.539708265802
0.538897893031
0.536466774716
0.539708265802
0.537277147488
0.537682333874
0.538492706645
0.540923824959
0.543760129660
0.543760129660
0.543760129660
0.546191247974
0.544165316045
0.544165316045
0.552269043760
0.548622366288
0.551458670989
0.553889789303
0.555915721232
0.558346839546
0.548217179903
0.556320907618
0.524716369530
0.524311183144
0.501215559157
0.482576985413
0.529578606159
0.532820097245
0.551863857374
0.562803889789
0.568881685575
0.565235008104
0.564829821718
0.561588330632
0.558346839546
0.555915721232
0.558752025932
0.563209076175
0.565235008104
0.566045380875
0.574149108590
0.568476499190
0.572528363047
0.566450567261
0.573338735818
0.552269043760
0.547406807131
0.544975688817
0.574554294976
0.565235008104
0.584683954619
0.568476499190
0.586304700162
0.569692058347
0.580632090762
0.567666126418
0.585494327391
0.543760129660
0.575364667747
0.534440842788
0.587520259319
0.561588330632
0.589141004862
0.573338735818
0.589951377634
0.576985413290
0.586709886548
0.586709886548
0.587925445705
0.595623987034
0.598460291734
0.604943273906
0.604132901135
0.606564019449
0.605348460292
0.607779578606
0.602917341977
0.605753646677
0.556320907618
0.557941653160
0.462317666126
0.557536466775
0.617098865478
0.609400324149
0.617909238250
0.607779578606
0.603322528363
0.601296596434
0.600081037277
0.600486223663
0.603322528363
0.603727714749
0.603322528363
0.605753646677
0.559967585089
0.498784440843
0.540923824959
0.569692058347
0.581442463533
0.587925445705
0.626012965964
0.622366288493
0.623581847650
0.620340356564
0.617098865478
0.613857374392
0.615883306321
0.621150729335
0.621555915721
0.622771474878
0.622771474878
0.621555915721
0.625607779579
0.626012965964
0.629254457050
0.631685575365
0.631280388979
0.630875202593
0.641004862237
0.634521880065
0.642625607780
0.579821717990
0.540923824959
0.450567260940
0.536061588331
0.585089141005
0.626012965964
0.630064829822
0.621555915721
0.617098865478
0.615478119935
0.610210696921
0.609805510535
0.622771474878
0.628038897893
0.631685575365
0.632901134522
0.633711507293
0.631280388979
0.629659643436
0.634116693679
0.641815235008
0.643030794165
0.642625607780
0.643841166937
0.649108589951
0.655591572123
0.656401944895
0.659238249595
0.658833063209
0.655996758509
0.630470016207
0.600486223663
0.542139384117
0.584278768233
0.636142625608
0.627633711507
0.641410048622
0.654376012966
0.648703403566
0.658833063209
0.646677471637
0.654376012966
0.655996758509
0.662884927066
0.661264181524
0.664505672609
0.659238249595
0.664100486224
0.662074554295
0.670178282010
0.658022690438
0.657212317666
0.598055105348
0.583468395462
0.498379254457
0.630470016207
0.671393841167
0.669367909238
0.658022690438
0.659238249595
0.662479740681
0.664100486224
0.663290113452
0.667341977310
0.672204213938
0.673824959481
0.668962722853
0.669367909238
0.666531604538
0.670988654781
0.637763371151
0.591977309562
0.583873581848
0.594408427877
0.582252836305
0.629254457050
0.654781199352
0.674230145867
0.681118314425
0.677066450567
0.683954619125
0.684359805511
0.681118314425
0.684359805511
0.683144246353
0.684359805511
0.679497568882
0.679092382496
0.676256077796
0.680307941653
0.679092382496
0.685980551053
0.686790923825
0.688006482982
0.690842787682
0.692058346840
0.694489465154
0.699756888169
0.695299837925
0.650324149109
0.578606158833
0.496758508914
0.461102106969
0.516612641815
0.641815235008
0.653160453809
0.654376012966
0.656807131280
0.660858995138
0.652350081037
0.639384116694
0.628849270665
0.625607779579
0.629659643436
0.634521880065
0.636142625608
0.643030794165
0.647487844408
0.652350081037
0.651944894652
0.654376012966
0.658833063209
0.660858995138
0.663290113452
0.667747163695
0.673014586710
0.678282009724
0.681523500810
0.682333873582
0.682333873582
0.684764991896
0.685575364668
0.688411669368
0.692058346840
0.692463533225
0.692463533225
0.697325769854
0.700972447326
0.702593192869
0.700972447326
0.706239870340
0.704213938412
0.709886547812
0.707050243112
0.714748784441
0.711912479741
0.702998379254
0.662884927066
0.643435980551
0.551863857374
0.611426256078
0.641410048622
0.696110210697
0.723257698541
0.722852512156
0.720016207455
0.713938411669
0.714748784441
0.712722852512
0.712722852512
0.712317666126
0.717179902755
0.716369529984
0.716369529984
0.719611021070
0.722447325770
0.726904376013
0.726094003241
0.730551053485
0.730551053485
0.730551053485
0.730551053485
0.720421393841
0.728119935170
0.646677471637
0.611831442464
0.521069692058
0.624797406807
0.702593192869
0.716369529984
0.727309562399
0.722447325770
0.722447325770
0.723662884927
0.727309562399
0.727714748784
0.731361426256
0.735818476499
0.737034035656
0.738249594814
0.739870340357
0.740680713128
0.742706645057
0.744732576985
0.746353322528
0.746758508914
0.747163695300
0.746758508914
0.745137763371
0.747974068071
0.747568881686
0.752025931929
0.752836304700
0.750810372771
0.752025931929
0.753241491086
0.752431118314
0.755672609400
0.756077795786
0.759724473258
0.756077795786
0.758508914100
0.738654781199
0.735818476499
0.641410048622
0.533225283630
0.607374392220
0.572528363047
0.623987034036
0.732171799028
0.753646677472
0.741491085900
0.746758508914
0.743922204214
0.742706645057
0.741491085900
0.741085899514
0.738654781199
0.738654781199
0.741085899514
0.739465153971
0.739870340357
0.738654781199
0.739870340357
0.738249594814
0.740680713128
0.742706645057
0.746353322528
0.746758508914
0.749189627229
0.749594813614
0.752431118314
0.755267423015
0.757293354943
0.758508914100
0.760534846029
0.759724473258
0.764181523501
0.767017828201
0.770259319287
0.769448946515
0.765802269044
0.761750405186
0.711102106969
0.709481361426
0.634521880065
0.682333873582
0.652755267423
0.592382495948
0.683144246353
0.732576985413
0.764586709887
0.773905996759
0.768638573744
0.770664505673
0.772690437601
0.766207455429
0.766612641815
0.766612641815
0.767017828201
0.767017828201
0.771069692058
0.773905996759
0.773095623987
0.770664505673
0.774716369530
0.776742301459
0.780794165316
0.780388978930
0.780794165316
0.768233387358
0.779173419773
0.692868719611
0.690437601297
0.675850891410
0.738249594814
0.760940032415
0.750810372771
0.757293354943
0.773905996759
0.779578606159
0.778363047002
0.779173419773
0.782009724473
0.781199351702
0.782009724473
0.777552674230
0.776337115073
0.774716369530
0.777957860616
0.781199351702
0.785656401945
0.787682333874
0.786871961102
0.786871961102
0.786466774716
0.792544570502
0.797811993517
0.800648298217
0.803889789303
0.803484602917
0.804294975689
0.806320907618
0.808752025932
0.810777957861
0.804700162075
0.810372771475
0.787277147488
0.792139384117
0.703808752026
0.690842787682
0.632495948136
0.643435980551
0.689222042139
0.761750405186
0.791329011345
0.797811993517
0.788897893031
0.785656401945
0.787682333874
0.782414910859
0.780794165316
0.782820097245
0.783630470016
0.787682333874
0.792139384117
0.793760129660
0.793354943274
0.798622366288
0.803889789303
0.805510534846
0.805105348460
0.810372771475
0.811588330632
0.811993517018
0.815640194489
0.817666126418
0.819692058347
0.823743922204
0.824554294976
0.824149108590
0.823743922204
0.826580226904
0.826580226904
0.825769854133
0.831442463533
0.824959481361
0.792544570502
0.716774716370
0.483387358185
0.449351701783
0.428687196110
0.425850891410
0.442868719611
0.442463533225
0.454213938412
0.460696920583
0.466369529984
0.472042139384
0.477309562399
0.484197730956
0.484197730956
0.477714748784
0.476094003241
0.475283630470
0.478525121556
0.480956239870
0.488654781199
0.497974068071
0.498784440843
0.506482982172
0.507698541329
0.519448946515
0.527552674230
0.550243111831
0.543760129660
0.551863857374
0.461102106969
0.495137763371
0.468395461912
0.556320907618
0.571312803890
0.581037277147
0.594003241491
0.595623987034
0.595218800648
0.590356564019
0.585899513776
0.583468395462
0.585899513776
0.594003241491
0.594003241491
0.598055105348
0.599270664506
0.601296596434
0.607374392220
0.610615883306
0.611831442464
0.609400324149
0.611831442464
0.615478119935
0.618719611021
0.615883306321
0.624797406807
0.625202593193
0.621150729335
0.620745542950
0.621961102107
0.626012965964
0.624392220421
0.622366288493
0.624392220421
0.627633711507
0.629659643436
0.632495948136
0.634521880065
0.634116693679
0.639789303079
0.641410048622
0.640599675851
0.641815235008
0.645056726094
0.649918962723
0.654781199352
0.655996758509
0.656807131280
0.660048622366
0.658427876823
0.662074554295
0.656807131280
0.660048622366
0.660048622366
0.665316045381
0.659238249595
0.664505672609
0.649918962723
0.654781199352
0.627228525122
0.649513776337
0.655996758509
0.685980551053
0.677876823339
0.689627228525
0.672204213938
0.684764991896
0.671799027553
0.686790923825
0.671393841167
0.685980551053
0.674230145867
0.692463533225
0.677066450567
0.693679092382
0.690842787682
0.692463533225
0.694894651540
0.695299837925
0.696110210697
0.700162074554
0.698946515397
0.705834683955
0.702188006483
0.705024311183
0.705429497569
0.708670988655
0.706645056726
0.710696920583
0.711102106969
0.715964343598
0.712722852512
0.722852512156
0.707860615883
0.725283630470
0.699756888169
0.710696920583
0.674230145867
0.688816855754
0.647893030794
0.706239870340
0.714748784441
0.729740680713
0.726499189627
0.728119935170
0.721231766613
0.727309562399
0.726094003241
0.726499189627
0.724473257699
0.726904376013
0.725283630470
0.729740680713
0.721636952998
0.719205834684
0.700972447326
0.659238249595
0.617098865478
0.541734197731
0.697325769854
0.715559157212
0.737844408428
0.740680713128
0.735008103728
0.734197730956
0.732982171799
0.729335494327
0.726499189627
0.727309562399
0.729335494327
0.729740680713
0.730145867099
0.731766612642
0.737439222042
0.737844408428
0.734602917342
0.736628849271
0.739465153971
0.737034035656
0.737439222042
0.736223662885
0.740680713128
0.741085899514
0.743111831442
0.743922204214
0.747974068071
0.745137763371
0.745542949757
0.739465153971
0.711507293355
0.655186385737
0.591977309562
0.645056726094
0.711507293355
0.736223662885
0.749189627229
0.748379254457
0.747974068071
0.745948136143
0.743517017828
0.740275526742
0.738249594814
0.734602917342
0.737439222042
0.747163695300
0.750405186386
0.751215559157
0.755672609400
0.757698541329
0.760534846029
0.762965964344
0.765397082658
0.766612641815
0.767423014587
0.766612641815
0.767828200972
0.750810372771
0.738249594814
0.598865478120
0.580632090762
0.628849270665
0.739059967585
0.750000000000
0.752836304700
0.750000000000
0.747568881686
0.746758508914
0.745542949757
0.751215559157
0.748379254457
0.748379254457
0.747568881686
0.747974068071
0.747974068071
0.749189627229
0.750405186386
0.747568881686
0.750000000000
0.755672609400
0.754457050243
0.754862236629
0.752431118314
0.754051863857
0.753241491086
0.756077795786
0.755672609400
0.758914100486
0.760940032415
0.763371150729
0.763776337115
0.765397082658
0.764991896272
0.766612641815
0.770259319287
0.770259319287
0.774716369530
0.773095623987
0.773905996759
0.775931928687
0.774311183144
0.775526742301
0.779173419773
0.778768233387
0.780794165316
0.779173419773
0.779578606159
0.773095623987
0.775121555916
0.709886547812
0.680307941653
0.604132901135
0.617909238250
0.745542949757
0.767017828201
0.775931928687
0.774311183144
0.771474878444
0.775931928687
0.779983792545
0.782414910859
0.782820097245
0.778363047002
0.781604538088
0.779578606159
0.777957860616
0.773500810373
0.775121555916
0.767828200972
0.764586709887
0.757293354943
0.760129659643
0.757698541329
0.773905996759
0.772285251216
0.783225283630
0.783225283630
0.788897893031
0.792544570502
0.793354943274
0.793354943274
0.794165316045
0.798217179903
0.794570502431
0.796191247974
0.792139384117
0.794570502431
0.787277147488
0.792139384117
0.786871961102
0.798217179903
0.796596434360
0.814829821718
0.809157212318
0.815640194489
0.811588330632
0.817666126418
0.809157212318
0.817260940032
0.806726094003
0.813614262561
0.794975688817
0.790923824959
0.773905996759
0.785251215559
0.807536466775
0.808752025932
0.824959481361
0.803484602917
0.816045380875
0.796191247974
0.811183144246
0.797811993517
0.820502431118
0.811588330632
0.832252836305
0.827795786062
0.829416531605
0.830226904376
0.831847649919
0.835899513776
0.833468395462
0.839546191248
0.831442463533
0.841166936791
0.821312803890
0.823338735818
0.780794165316
0.773095623987
0.770259319287
0.796596434360
0.825364667747
0.823338735818
0.829416531605
0.822528363047
0.818476499190
0.807131280389
0.800648298217
0.799837925446
0.811588330632
0.828200972447
0.844813614263
0.844813614263
0.847649918963
0.846029173420
0.851701782820
0.845623987034
0.853322528363
0.821717990276
0.826175040519
0.695299837925
0.681928687196
0.627633711507
0.722042139384
0.809967585089
0.827390599676
0.835899513776
0.831442463533
0.832658022690
0.831442463533
0.833468395462
0.829821717990
0.828200972447
0.830632090762
0.826985413290
0.830226904376
0.831847649919
0.833873581848
0.831037277147
0.836709886548
0.810372771475
0.786061588331
0.626823338736
0.580632090762
0.663290113452
0.730956239870
0.778768233387
0.822123176661
0.822528363047
0.818881685575
0.809967585089
0.801053484603
0.796596434360
0.799027552674
0.801458670989
0.807941653160
0.812398703404
0.807941653160
0.812398703404
0.816450567261
0.820907617504
0.826580226904
0.829011345219
0.827390599676
0.832658022690
0.829011345219
0.830632090762
0.822933549433
0.819286871961
0.771880064830
0.681928687196
0.635332252836
0.756888168558
0.816855753647
0.806726094003
0.816450567261
0.826580226904
0.826175040519
0.825364667747
0.825364667747
0.825364667747
0.820502431118
0.818476499190
0.820907617504
0.828200972447
0.825364667747
0.829821717990
0.832658022690
0.831847649919
0.831442463533
0.833063209076
0.834278768233
0.835089141005
0.838735818476
0.837925445705
0.842787682334
0.846029173420
0.847649918963
0.853322528363
0.856564019449
0.856969205835
0.856564019449
0.858589951378
0.861426256078
0.861426256078
0.862236628849
0.855753646677
0.832252836305
0.766207455429
0.598460291734
0.549027552674
0.633711507293
0.681523500810
0.684764991896
0.699756888169
0.715964343598
0.727309562399
0.732576985413
0.732982171799
0.728119935170
0.724473257699
0.715153970827
0.714343598055
0.711912479741
0.714343598055
0.712317666126
0.713128038898
0.717179902755
0.708265802269
0.694084278768
0.687196110211
0.686790923825
0.683954619125
0.689222042139
0.702188006483
0.711102106969
0.720826580227
0.731361426256
0.737439222042
0.741896272285
0.745542949757
0.755267423015
0.755672609400
0.755267423015
0.760534846029
0.760129659643
0.758914100486
0.760534846029
0.761345218801
0.762560777958
0.764181523501
0.769448946515
0.770259319287
0.771474878444
0.773500810373
0.773905996759
0.774716369530
0.772690437601
0.774311183144
0.774311183144
0.774716369530
0.778768233387
0.780794165316
0.781199351702
0.779983792545
0.772285251216
0.763776337115
0.705024311183
0.618314424635
0.564424635332
0.526742301459
0.606564019449
0.647487844408
0.680713128039
0.707860615883
0.711102106969
0.720826580227
0.731361426256
0.738249594814
0.741896272285
0.741896272285
0.744732576985
0.746353322528
0.744732576985
0.742301458671
0.743517017828
0.739870340357
0.741896272285
0.742706645057
0.745542949757
0.748379254457
0.747974068071
0.747974068071
0.751620745543
0.752025931929
0.755267423015
0.753646677472
0.754051863857
0.758914100486
0.760534846029
0.764991896272
0.768638573744
0.771069692058
0.773905996759
0.773905996759
0.773500810373
0.773905996759
0.775526742301
0.777957860616
0.781199351702
0.781604538088
0.780794165316
0.781199351702
0.779983792545
0.781199351702
0.784035656402
0.782009724473
0.783225283630
0.782009724473
0.786061588331
0.787682333874
0.788087520259
0.786871961102
0.791734197731
0.786466774716
0.796596434360
0.780388978930
0.797406807131
0.760940032415
0.788492706645
0.711507293355
0.766207455429
0.738249594814
0.796596434360
0.796596434360
0.804700162075
0.804700162075
0.807131280389
0.805510534846
0.805510534846
0.803484602917
0.799837925446
0.801863857374
0.799432739060
0.800243111831
0.801053484603
0.803484602917
0.805105348460
0.805510534846
0.808346839546
0.809157212318
0.813614262561
0.814829821718
0.817260940032
0.817666126418
0.817666126418
0.818881685575
0.821312803890
0.822528363047
0.821717990276
0.824149108590
0.827390599676
0.824149108590
0.826580226904
0.824959481361
0.818071312804
0.791329011345
0.742706645057
0.698136142626
0.729740680713
0.813209076175
0.805915721232
0.816855753647
0.823338735818
0.829011345219
0.829416531605
0.831847649919
0.831037277147
0.829416531605
0.826985413290
0.826175040519
0.826985413290
0.829011345219
0.827390599676
0.826175040519
0.829011345219
0.825769854133
0.830632090762
0.829821717990
0.835899513776
0.827795786062
0.835899513776
0.801863857374
0.816855753647
0.723257698541
0.767828200972
0.718395461912
0.816450567261
0.823338735818
0.832658022690
0.831442463533
0.835089141005
0.832252836305
0.836304700162
0.832252836305
0.842382495948
0.837115072934
0.846839546191
0.837520259319
0.839546191248
0.802269043760
0.773905996759
0.640599675851
0.691247974068
0.818071312804
0.816045380875
0.831442463533
0.839951377634
0.840356564019
0.836709886548
0.835494327391
0.837115072934
0.838330632091
0.840356564019
0.842787682334
0.846029173420
0.848055105348
0.849675850891
0.848055105348
0.848865478120
0.852512155592
0.851701782820
0.852106969206
0.854538087520
0.854538087520
0.854943273906
0.856564019449
0.858995137763
0.859805510535
0.860615883306
0.858589951378
0.857779578606
0.859400324149
0.863452188006
0.864667747164
0.858184764992
0.831037277147
0.777552674230
0.656401944895
0.715964343598
0.789303079417
0.834278768233
0.844003241491
0.856969205835
0.861021069692
0.861021069692
0.856969205835
0.854943273906
0.857779578606
0.856969205835
0.861021069692
0.865478119935
0.864667747164
0.866693679092
0.863047001621
0.861831442464
0.861426256078
0.862641815235
0.863047001621
0.866693679092
0.869124797407
0.869935170178
0.873987034036
0.877633711507
0.880875202593
0.882495948136
0.884116693679
0.886547811994
0.882090761750
0.855753646677
0.726094003241
0.471231766613
0.423014586710
0.363452188006
0.244732576985
0.185575364668
0.177066450567
0.200567260940
0.204619124797
0.220016207455
0.235008103728
0.232576985413
0.235413290113
0.249189627229
0.241896272285
0.231766612642
0.117909238250
0.071312803890
0.077390599676
0.075769854133
0.084683954619
0.094408427877
0.098460291734
0.098460291734
0.098460291734
0.098460291734
0.098055105348
0.103322528363
0.111831442464
0.112236628849
0.113857374392
0.109400324149
0.114667747164
0.117909238250
0.123581847650
0.126823338736
0.124797406807
0.117504051864
0.115478119935
0.102512155592
0.094408427877
0.089546191248
0.090356564019
0.087520259319
0.084683954619
0.089546191248
0.090761750405
0.094813614263
0.096434359806
0.093598055105
0.094003241491
0.092382495948
0.094003241491
0.093192868720
0.094813614263
0.095218800648
0.098865478120
0.085089141005
0.101296596434
0.081847649919
0.096839546191
0.095623987034
0.094813614263
0.097649918963
0.097244732577
0.097649918963
0.097244732577
0.097649918963
0.099675850891
0.102106969206
0.083468395462
0.105753646677
0.088735818476
0.104538087520
0.092787682334
0.101296596434
0.100891410049
0.105753646677
0.100081037277
0.105348460292
0.090761750405
0.132090761750
0.135737439222
0.126823338736
0.140194489465
0.140194489465
0.141410048622
0.141410048622
0.143435980551
0.141815235008
0.147082658023
0.150729335494
0.153970826580
0.149108589951
0.133711507293
0.121555915721
0.133711507293
0.122771474878
0.098460291734
0.085089141005
0.106564019449
0.115072933549
0.083873581848
0.068881685575
0.075769854133
0.075769854133
0.075769854133
0.075769854133
0.075769854133
0.077795786062
0.071312803890
0.075769854133
0.075769854133
0.075769854133
0.075769854133
0.075769854133
0.075769854133
0.075769854133
0.075769854133
0.075769854133
0.075769854133
0.075769854133
0.075769854133
0.075769854133
0.075769854133
0.075769854133
0.075769854133
0.075769854133
0.075769854133
0.075769854133
0.075769854133
0.075769854133
0.075769854133
0.075769854133
0.075769854133
0.075769854133
0.075769854133
0.075769854133
0.075769854133
0.075769854133
0.075769854133
0.075769854133
0.075769854133
0.075769854133
0.075769854133
0.075769854133
0.075769854133
0.075769854133
0.071312803890
0.070907617504
0.075769854133
0.075769854133
0.075769854133
0.075769854133
0.075769854133
0.075769854133
0.075769854133
0.075769854133
0.083873581848
0.106564019449
0.070907617504
0.106564019449
0.075769854133
0.083873581848
0.075769854133
0.075769854133
0.075769854133
0.075769854133
0.075769854133
0.075769854133
0.075769854133
0.075769854133
0.075769854133
0.075769854133
0.075769854133
0.075769854133
0.135332252836
0.135332252836
0.135332252836
0.135332252836
0.135332252836
0.135332252836
0.135332252836
0.135332252836
0.135332252836
0.135332252836
0.135332252836
0.135332252836
0.135332252836
0.135332252836
0.135332252836
0.135332252836
0.135332252836
0.135332252836
0.135332252836
0.135332252836
0.135332252836
0.068881685575
0.068881685575
0.068881685575
0.068881685575
0.068881685575
0.068881685575
0.068881685575
0.068881685575
0.068881685575
0.083873581848
0.083873581848
0.083873581848
0.083873581848
0.083873581848
0.083873581848
0.083873581848
0.083873581848
0.083873581848
0.083873581848
0.083873581848
0.083873581848
0.083873581848
0.083873581848
0.083873581848
0.083873581848
0.083873581848
0.083873581848
0.083873581848
0.083873581848
0.083873581848
0.083873581848
0.083873581848
0.083873581848
0.083873581848
0.083873581848
0.083873581848
0.083873581848
0.083873581848
0.083873581848
0.083873581848
0.083873581848
0.083873581848
0.083873581848
0.083873581848
0.083873581848
0.083873581848
0.083873581848
0.083873581848
0.083873581848
0.083873581848
0.083873581848
0.083873581848
0.083873581848
0.083873581848
0.083873581848
0.083873581848
0.083873581848
0.083873581848
0.083873581848
0.083873581848
0.083873581848
0.083873581848
0.083873581848
0.083873581848
0.083873581848
0.083873581848
0.083873581848
0.083873581848
0.083873581848
0.083873581848
0.083873581848
0.083873581848
0.083873581848
0.083873581848
0.083873581848
0.083873581848
0.083873581848
0.083873581848
0.083873581848
0.083873581848
0.083873581848
0.083873581848
0.083873581848
0.071312803890
0.071312803890
0.071312803890
0.071312803890
0.071312803890
0.071312803890
0.071312803890
0.071312803890
0.071312803890
0.071312803890
0.071312803890
0.071312803890
0.071312803890
0.071312803890
0.071312803890
0.071312803890
0.071312803890
0.071312803890
0.071312803890
0.071312803890
0.071312803890
0.071312803890
0.071312803890
0.071312803890
0.071312803890
0.071312803890
0.071312803890
0.071312803890
0.071312803890
0.071312803890
0.075769854133
0.106564019449
0.075769854133
0.075769854133
0.075769854133
0.105348460292
0.074959481361
0.075769854133
0.106564019449
0.100081037277
0.068881685575
0.173824959481
0.079821717990
0.075769854133
0.075769854133
0.075769854133
0.075769854133
0.075769854133
0.075769854133
0.075769854133
0.075769854133
0.075769854133
0.075769854133
0.075769854133
0.075769854133
0.075769854133
0.075769854133
0.075769854133
0.075769854133
0.075769854133
0.075769854133
0.075769854133
0.075769854133
0.075769854133
0.075769854133
0.075769854133
0.075769854133
0.075769854133
0.075769854133
0.075769854133
0.075769854133
0.075769854133
0.075769854133
0.075769854133
0.075769854133
0.075769854133
0.075769854133
0.075769854133
0.075769854133
0.075769854133
0.075769854133
0.075769854133
0.075769854133
0.075769854133
0.075769854133
0.075769854133
0.075769854133
0.075769854133
0.075769854133
0.075769854133
0.075769854133
0.075769854133
0.075769854133
0.075769854133
0.075769854133
0.075769854133
0.075769854133
0.075769854133
0.075769854133
0.075769854133
0.075769854133
0.075769854133
0.075769854133
0.075769854133
0.075769854133
0.075769854133
0.075769854133
0.075769854133
0.075769854133
0.075769854133
0.075769854133
0.075769854133
0.075769854133
0.075769854133
0.075769854133
0.075769854133
0.075769854133
