0.097172236504
0.098200514139
0.095629820051
0.096143958869
0.094601542416
0.093059125964
0.092030848329
0.092544987147
0.092544987147
0.092544987147
0.092544987147
0.092544987147
0.092544987147
0.092544987147
0.092544987147
0.092544987147
0.092544987147
0.092544987147
0.092544987147
0.094601542416
0.094601542416
0.097172236504
0.102313624679
0.112082262211
0.116709511568
0.127506426735
0.132133676093
0.137275064267
0.139845758355
0.140359897172
0.155269922879
0.155269922879
0.156812339332
0.152699228792
0.156298200514
0.158868894602
0.163496143959
0.166066838046
0.166066838046
0.164524421594
0.168123393316
0.171722365039
0.170694087404
0.175835475578
0.177892030848
0.185604113111
0.189717223650
0.188688946015
0.195886889460
0.203598971722
0.211311053985
0.212853470437
0.215938303342
0.216966580977
0.221593830334
0.221593830334
0.224164524422
0.229305912596
0.232390745501
0.236503856041
0.233933161954
0.230848329049
0.228791773779
0.231362467866
0.232390745501
0.231362467866
0.230334190231
0.226735218509
0.224164524422
0.216966580977
0.215424164524
0.214910025707
0.215424164524
0.216452442159
0.216966580977
0.221079691517
0.223136246787
0.221079691517
0.220051413882
0.221593830334
0.228277634961
0.232904884319
0.231876606684
0.238560411311
0.241645244216
0.243701799486
0.248843187661
0.250899742931
0.254498714653
0.258611825193
0.259125964010
0.255012853470
0.258611825193
0.257583547558
0.255526992288
0.259640102828
0.262210796915
0.263239074550
0.264267352185
0.264781491003
0.268380462725
0.271465295630
0.267866323907
0.266323907455
0.264781491003
0.264781491003
0.264781491003
0.265809768638
0.271979434447
0.274550128535
0.277634961440
0.279177377892
0.278663239075
0.281233933162
0.281748071979
0.281233933162
0.282262210797
0.282776349614
0.280719794344
0.280719794344
0.280205655527
0.282262210797
0.284318766067
0.283290488432
0.285861182519
0.289460154242
0.288946015424
0.289460154242
0.291516709512
0.294601542416
0.295629820051
0.301285347044
0.301285347044
0.302827763496
0.297172236504
0.279177377892
0.247814910026
0.220051413882
0.254498714653
0.262724935733
0.285861182519
0.305398457584
0.296658097686
0.300771208226
0.303341902314
0.305398457584
0.304884318766
0.306426735219
0.305912596401
0.306940874036
0.306426735219
0.307969151671
0.317737789203
0.321850899743
0.323907455013
0.325964010283
0.324935732648
0.323393316195
0.321336760925
0.318251928021
0.316709511568
0.319280205656
0.317737789203
0.317223650386
0.318251928021
0.318766066838
0.320822622108
0.324421593830
0.322879177378
0.320308483290
0.323393316195
0.324421593830
0.327506426735
0.330077120823
0.330591259640
0.333676092545
0.336246786632
0.335732647815
0.335218508997
0.338817480720
0.339845758355
0.341388174807
0.338817480720
0.339845758355
0.341388174807
0.345501285347
0.349100257069
0.349614395887
0.351670951157
0.350128534704
0.353213367609
0.355269922879
0.355784061697
0.357840616967
0.358868894602
0.357840616967
0.360925449871
0.356812339332
0.354241645244
0.355269922879
0.353727506427
0.352185089974
0.351156812339
0.352699228792
0.356298200514
0.357326478149
0.357326478149
0.360925449871
0.362982005141
0.365552699229
0.366066838046
0.366580976864
0.366066838046
0.368637532134
0.370694087404
0.372750642674
0.374807197943
0.374293059126
0.377377892031
0.377377892031
0.373264781491
0.372750642674
0.353213367609
0.335732647815
0.320822622108
0.350128534704
0.368637532134
0.386632390746
0.384061696658
0.382005141388
0.382519280206
0.384061696658
0.384061696658
0.384575835476
0.383547557841
0.388688946015
0.392802056555
0.391259640103
0.390745501285
0.397943444730
0.402056555270
0.401028277635
0.403084832905
0.402056555270
0.405655526992
0.405141388175
0.407197943445
0.410282776350
0.412853470437
0.417480719794
0.417480719794
0.416452442159
0.417994858612
0.423650385604
0.426221079692
0.430334190231
0.430334190231
0.430848329049
0.434961439589
0.436503856041
0.434961439589
0.432390745501
0.434447300771
0.436503856041
0.437532133676
0.443187660668
0.441131105398
0.449357326478
0.442673521851
0.440102827763
0.415938303342
0.389717223650
0.371208226221
0.440102827763
0.433419023136
0.445758354756
0.447300771208
0.446272493573
0.455012853470
0.455526992288
0.457583547558
0.459125964010
0.459125964010
0.456041131105
0.454498714653
0.456555269923
0.456041131105
0.452442159383
0.452956298201
0.458097686375
0.459640102828
0.460668380463
0.462210796915
0.465295629820
0.464781491003
0.459125964010
0.460668380463
0.463239074550
0.462724935733
0.461182519280
0.462210796915
0.465295629820
0.465809768638
0.467352185090
0.467866323907
0.468380462725
0.468894601542
0.473521850900
0.475064267352
0.475578406170
0.480719794344
0.477120822622
0.479691516710
0.474550128535
0.476092544987
0.473007712082
0.459640102828
0.463753213368
0.468894601542
0.467352185090
0.481233933162
0.450899742931
0.469408740360
0.446786632391
0.466838046272
0.475064267352
0.477634961440
0.480205655527
0.481748071979
0.480719794344
0.485347043702
0.492030848329
0.489460154242
0.491002570694
0.488431876607
0.490488431877
0.492544987147
0.493573264781
0.493573264781
0.484832904884
0.489974293059
0.451928020566
0.453470437018
0.454498714653
0.460668380463
0.469408740360
0.484832904884
0.480205655527
0.495629820051
0.501285347044
0.504884318766
0.511568123393
0.513624678663
0.515167095116
0.509511568123
0.517737789203
0.500771208226
0.501285347044
0.476092544987
0.499228791774
0.497172236504
0.519280205656
0.507455012853
0.503856041131
0.500771208226
0.504370179949
0.500257069409
0.518766066838
0.513624678663
0.530591259640
0.524421593830
0.530077120823
0.531619537275
0.526992287918
0.540359897172
0.522879177378
0.548071979434
0.521336760925
0.537789203085
0.512596401028
0.517223650386
0.474035989717
0.482776349614
0.481748071979
0.535218508997
0.528534704370
0.541388174807
0.545501285347
0.546529562982
0.551156812339
0.549614395887
0.549614395887
0.552185089974
0.551156812339
0.550128534704
0.545501285347
0.547557840617
0.547043701799
0.538817480720
0.514138817481
0.448843187661
0.516709511568
0.511053984576
0.527506426735
0.536246786632
0.542930591260
0.547557840617
0.555784061697
0.550128534704
0.564010282776
0.565552699229
0.569151670951
0.560925449871
0.567095115681
0.551156812339
0.568637532134
0.546015424165
0.559383033419
0.543444730077
0.562982005141
0.549100257069
0.568637532134
0.558354755784
0.573778920308
0.565552699229
0.568637532134
0.556298200514
0.545501285347
0.537789203085
0.516709511568
0.519794344473
0.504884318766
0.541388174807
0.548071979434
0.567609254499
0.562467866324
0.564010282776
0.569151670951
0.574293059126
0.577377892031
0.576349614396
0.578920308483
0.584061696658
0.588174807198
0.590745501285
0.590231362468
0.586118251928
0.586632390746
0.575835475578
0.577892030848
0.561953727506
0.549100257069
0.556298200514
0.559383033419
0.587146529563
0.572750642674
0.583547557841
0.576349614396
0.583547557841
0.576863753213
0.583033419023
0.573778920308
0.580976863753
0.558354755784
0.571722365039
0.569665809769
0.577377892031
0.575835475578
0.587146529563
0.605655526992
0.607197943445
0.614910025707
0.610282776350
0.612853470437
0.615424164524
0.617994858612
0.616452442159
0.617480719794
0.622622107969
0.622622107969
0.623136246787
0.624164524422
0.609254498715
0.602056555270
0.530591259640
0.504370179949
0.566580976864
0.607197943445
0.616966580977
0.619023136247
0.623650385604
0.620051413882
0.619023136247
0.625706940874
0.624678663239
0.627249357326
0.628277634961
0.626221079692
0.607712082262
0.579434447301
0.480719794344
0.570694087404
0.550128534704
0.593316195373
0.617480719794
0.629305912596
0.629820051414
0.626221079692
0.624164524422
0.629820051414
0.633933161954
0.637017994859
0.640616966581
0.642159383033
0.642159383033
0.639588688946
0.638560411311
0.638046272494
0.645244215938
0.646786632391
0.648329048843
0.648329048843
0.647300771208
0.649357326478
0.651413881748
0.632390745501
0.632390745501
0.508483290488
0.526992287918
0.560925449871
0.612339331620
0.641131105398
0.637017994859
0.643701799486
0.647814910026
0.645758354756
0.645244215938
0.650899742931
0.655526992288
0.650899742931
0.651928020566
0.646786632391
0.649357326478
0.645244215938
0.643187660668
0.644215938303
0.649357326478
0.655012853470
0.658097686375
0.660154241645
0.662724935733
0.659125964010
0.665809768638
0.661182519280
0.665809768638
0.654498714653
0.653984575835
0.580462724936
0.573264781491
0.565552699229
0.631876606684
0.627249357326
0.652956298201
0.658097686375
0.681233933162
0.674550128535
0.682262210797
0.674550128535
0.673007712082
0.675064267352
0.675578406170
0.674035989717
0.674550128535
0.673521850900
0.680205655527
0.669922879177
0.676092544987
0.660154241645
0.644215938303
0.558354755784
0.550128534704
0.601028277635
0.663753213368
0.685861182519
0.676606683805
0.687917737789
0.688431876607
0.685861182519
0.682262210797
0.683804627249
0.689974293059
0.691002570694
0.688431876607
0.683290488432
0.684318766067
0.678663239075
0.660154241645
0.593316195373
0.590745501285
0.570179948586
0.602056555270
0.655526992288
0.691002570694
0.689460154242
0.683290488432
0.682776349614
0.687917737789
0.696658097686
0.694601542416
0.697172236504
0.696143958869
0.696143958869
0.697686375321
0.695115681234
0.694601542416
0.697172236504
0.697686375321
0.698200514139
0.701799485861
0.704884318766
0.705398457584
0.709511568123
0.708997429306
0.704884318766
0.704370179949
0.683290488432
0.600000000000
0.519280205656
0.542416452442
0.562467866324
0.630334190231
0.611311053985
0.620565552699
0.651413881748
0.667866323907
0.684832904884
0.688431876607
0.686889460154
0.677634961440
0.680719794344
0.683804627249
0.682262210797
0.678149100257
0.680719794344
0.679691516710
0.680719794344
0.676606683805
0.676606683805
0.675578406170
0.678663239075
0.677634961440
0.680719794344
0.686889460154
0.688946015424
0.693573264781
0.696658097686
0.700771208226
0.705398457584
0.709511568123
0.708483290488
0.712082262211
0.714138817481
0.715167095116
0.717223650386
0.716709511568
0.718766066838
0.722365038560
0.725964010283
0.725449871465
0.724935732648
0.728020565553
0.731619537275
0.717737789203
0.705398457584
0.626735218509
0.599485861183
0.601542416452
0.648329048843
0.722879177378
0.725449871465
0.737275064267
0.735218508997
0.732647814910
0.729562982005
0.732647814910
0.731619537275
0.736760925450
0.733161953728
0.733676092545
0.737275064267
0.738817480720
0.737789203085
0.739845758355
0.744473007712
0.742416452442
0.740874035990
0.740359897172
0.744987146530
0.745501285347
0.722365038560
0.700771208226
0.600514138817
0.575321336761
0.653984575835
0.711568123393
0.734190231362
0.750642673522
0.749614395887
0.748586118252
0.746529562982
0.749100257069
0.748586118252
0.752699228792
0.751670951157
0.753727506427
0.754755784062
0.758868894602
0.762982005141
0.767095115681
0.767095115681
0.762467866324
0.759383033419
0.761439588689
0.764524421594
0.762982005141
0.765038560411
0.768123393316
0.770694087404
0.770694087404
0.769151670951
0.769665809769
0.774293059126
0.776863753213
0.776863753213
0.776863753213
0.776863753213
0.780976863753
0.774807197943
0.777377892031
0.751156812339
0.684832904884
0.558354755784
0.601028277635
0.664267352185
0.637017994859
0.717223650386
0.757326478149
0.756812339332
0.759383033419
0.760411311054
0.759383033419
0.749614395887
0.748071979434
0.745501285347
0.743958868895
0.743444730077
0.743444730077
0.748071979434
0.754755784062
0.758868894602
0.757840616967
0.762982005141
0.764524421594
0.766066838046
0.763496143959
0.767095115681
0.766066838046
0.770179948586
0.771208226221
0.773778920308
0.777892030848
0.778920308483
0.783547557841
0.783547557841
0.789717223650
0.789203084833
0.793830334190
0.794344473008
0.780976863753
0.744987146530
0.718251928021
0.683804627249
0.694087403599
0.616966580977
0.673521850900
0.752185089974
0.785604113111
0.798971722365
0.792287917738
0.785089974293
0.790745501285
0.794344473008
0.791259640103
0.788688946015
0.787146529563
0.783547557841
0.786118251928
0.795372750643
0.796401028278
0.799485861183
0.801028277635
0.802570694087
0.807712082262
0.803084832905
0.810282776350
0.804113110540
0.813881748072
0.768123393316
0.747557840617
0.657583547558
0.632904884319
0.701285347044
0.793316195373
0.794858611825
0.796915167095
0.806169665810
0.808226221080
0.798971722365
0.799485861183
0.800000000000
0.801542416452
0.803598971722
0.805141388175
0.807197943445
0.808226221080
0.803084832905
0.805141388175
0.806683804627
0.805141388175
0.804627249357
0.807197943445
0.812339331620
0.813881748072
0.823650385604
0.823136246787
0.827249357326
0.830334190231
0.830334190231
0.834447300771
0.833933161954
0.835989717224
0.837532133676
0.834961439589
0.833933161954
0.793830334190
0.751156812339
0.675064267352
0.653984575835
0.692544987147
0.735732647815
0.767095115681
0.832904884319
0.839074550129
0.837017994859
0.834961439589
0.842159383033
0.835989717224
0.831876606684
0.827249357326
0.826735218509
0.822622107969
0.826221079692
0.828277634961
0.831876606684
0.834447300771
0.840616966581
0.841131105398
0.839074550129
0.839588688946
0.843187660668
0.842673521851
0.845758354756
0.848329048843
0.849357326478
0.852442159383
0.852956298201
0.855526992288
0.856041131105
0.860668380463
0.858097686375
0.863753213368
0.860668380463
0.857583547558
0.831876606684
0.718251928021
0.575835475578
0.418508997429
0.405655526992
0.495629820051
0.519794344473
0.508483290488
0.492544987147
0.491002570694
0.482262210797
0.479691516710
0.480205655527
0.487403598972
0.490488431877
0.497686375321
0.503856041131
0.506426735219
0.506426735219
0.515167095116
0.517223650386
0.522879177378
0.531105398458
0.534704370180
0.538817480720
0.542416452442
0.546015424165
0.562467866324
0.573778920308
0.549614395887
0.518251928021
0.461696658098
0.463239074550
0.532133676093
0.546529562982
0.575321336761
0.591259640103
0.603598971722
0.605141388175
0.609254498715
0.616966580977
0.619023136247
0.625192802057
0.622107969152
0.616452442159
0.619023136247
0.620565552699
0.625706940874
0.629820051414
0.632390745501
0.641645244216
0.640616966581
0.644215938303
0.649357326478
0.650385604113
0.649871465296
0.648843187661
0.650385604113
0.649357326478
0.650899742931
0.655526992288
0.656041131105
0.652956298201
0.655012853470
0.659125964010
0.662724935733
0.661696658098
0.664781491003
0.664267352185
0.666838046272
0.669408740360
0.670951156812
0.670951156812
0.670437017995
0.674035989717
0.673521850900
0.673521850900
0.677634961440
0.681748071979
0.685347043702
0.684318766067
0.685347043702
0.685861182519
0.685347043702
0.691002570694
0.692544987147
0.691002570694
0.684318766067
0.683290488432
0.667352185090
0.661696658098
0.663753213368
0.682776349614
0.686889460154
0.696658097686
0.704370179949
0.697686375321
0.709511568123
0.701285347044
0.701799485861
0.694601542416
0.706426735219
0.696143958869
0.707455012853
0.706426735219
0.715681233933
0.713110539846
0.716709511568
0.721850899743
0.721336760925
0.725964010283
0.729562982005
0.730077120823
0.730591259640
0.733676092545
0.730591259640
0.735732647815
0.734704370180
0.738817480720
0.741388174807
0.739331619537
0.744987146530
0.749100257069
0.744473007712
0.747557840617
0.741902313625
0.739845758355
0.729562982005
0.720308483290
0.697172236504
0.695629820051
0.719794344473
0.753213367609
0.750642673522
0.754241645244
0.752699228792
0.758354755784
0.755784061697
0.757840616967
0.754755784062
0.760925449871
0.756812339332
0.761953727506
0.755269922879
0.758868894602
0.756812339332
0.733161953728
0.698714652956
0.626735218509
0.613881748072
0.684832904884
0.720308483290
0.758868894602
0.760925449871
0.760925449871
0.757326478149
0.755784061697
0.752185089974
0.752699228792
0.750642673522
0.752699228792
0.754241645244
0.753727506427
0.750642673522
0.751156812339
0.749614395887
0.756812339332
0.757326478149
0.759383033419
0.759383033419
0.760411311054
0.762982005141
0.763496143959
0.766580976864
0.766580976864
0.770694087404
0.770179948586
0.775835475578
0.774807197943
0.770179948586
0.745501285347
0.687917737789
0.620051413882
0.661182519280
0.711053984576
0.755269922879
0.753213367609
0.765038560411
0.766580976864
0.758354755784
0.758354755784
0.758868894602
0.762982005141
0.763496143959
0.762982005141
0.765552699229
0.767609254499
0.768637532134
0.767095115681
0.770179948586
0.770179948586
0.766580976864
0.767609254499
0.770179948586
0.770694087404
0.771208226221
0.762982005141
0.779434447301
0.723907455013
0.681748071979
0.535732647815
0.649871465296
0.752185089974
0.764524421594
0.767609254499
0.766580976864
0.766580976864
0.774807197943
0.781491002571
0.780462724936
0.776349614396
0.775321336761
0.772750642674
0.772236503856
0.774293059126
0.773778920308
0.774293059126
0.777377892031
0.779434447301
0.784061696658
0.784575835476
0.785089974293
0.784061696658
0.789203084833
0.790745501285
0.794344473008
0.791259640103
0.790745501285
0.789203084833
0.791259640103
0.790745501285
0.791259640103
0.794344473008
0.795886889460
0.795886889460
0.796401028278
0.797943444730
0.800514138817
0.802056555270
0.803084832905
0.803598971722
0.804627249357
0.808740359897
0.809768637532
0.812853470437
0.813881748072
0.813881748072
0.810796915167
0.797943444730
0.757326478149
0.674035989717
0.659640102828
0.691516709512
0.779434447301
0.785089974293
0.803084832905
0.812853470437
0.816966580977
0.816452442159
0.811825192802
0.809254498715
0.806169665810
0.810796915167
0.807197943445
0.811825192802
0.807712082262
0.814910025707
0.793316195373
0.812339331620
0.789717223650
0.803084832905
0.782005141388
0.806169665810
0.800000000000
0.824164524422
0.812853470437
0.831362467866
0.824678663239
0.833933161954
0.827763496144
0.831362467866
0.829305912596
0.829305912596
0.827763496144
0.825706940874
0.824678663239
0.821079691517
0.817480719794
0.813881748072
0.816452442159
0.818508997429
0.832904884319
0.834447300771
0.844730077121
0.847300771208
0.848329048843
0.848329048843
0.847814910026
0.850385604113
0.848329048843
0.847814910026
0.826221079692
0.821079691517
0.797943444730
0.818508997429
0.817994858612
0.858611825193
0.855012853470
0.868894601542
0.847814910026
0.866323907455
0.842673521851
0.868894601542
0.849871465296
0.878663239075
0.867866323907
0.882776349614
0.870951156812
0.882262210797
0.876606683805
0.881748071979
0.877120822622
0.878663239075
0.876606683805
0.873521850900
0.866323907455
0.842673521851
0.824164524422
0.786118251928
0.792287917738
0.838046272494
0.853984575835
0.871465295630
0.867352185090
0.857583547558
0.860668380463
0.838560411311
0.848843187661
0.831876606684
0.848843187661
0.864781491003
0.882776349614
0.887403598972
0.892030848329
0.894601542416
0.889974293059
0.894087403599
0.881233933162
0.878663239075
0.829820051414
0.784575835476
0.646272493573
0.691002570694
0.801542416452
0.810282776350
0.867352185090
0.880205655527
0.877634961440
0.874035989717
0.872493573265
0.869408740360
0.864781491003
0.857583547558
0.860154241645
0.863753213368
0.866323907455
0.874550128535
0.874035989717
0.880719794344
0.869408740360
0.869922879177
0.793830334190
0.694601542416
0.648329048843
0.653984575835
0.783547557841
0.806683804627
0.849871465296
0.856041131105
0.858097686375
0.859125964010
0.855012853470
0.853470437018
0.849357326478
0.849357326478
0.848843187661
0.855526992288
0.858611825193
0.860154241645
0.865295629820
0.867866323907
0.869408740360
0.874035989717
0.878663239075
0.877120822622
0.881233933162
0.879691516710
0.885861182519
0.853470437018
0.829305912596
0.684318766067
0.649357326478
0.724421593830
0.853470437018
0.848329048843
0.855012853470
0.861696658098
0.861696658098
0.861696658098
0.864267352185
0.865809768638
0.867352185090
0.867352185090
0.868894601542
0.864267352185
0.870951156812
0.873007712082
0.871979434447
0.874550128535
0.875064267352
0.878149100257
0.882262210797
0.888946015424
0.891516709512
0.888946015424
0.891516709512
0.887917737789
0.886889460154
0.889974293059
0.891516709512
0.892030848329
0.894087403599
0.895115681234
0.899228791774
0.898200514139
0.900257069409
0.892030848329
0.873007712082
0.767095115681
0.620051413882
0.484318766067
0.553213367609
0.672493573265
0.677120822622
0.691002570694
0.706940874036
0.706426735219
0.702827763496
0.696658097686
0.701285347044
0.706940874036
0.702827763496
0.703341902314
0.698714652956
0.701285347044
0.707455012853
0.708997429306
0.712596401028
0.708483290488
0.706426735219
0.695629820051
0.689974293059
0.694087403599
0.697172236504
0.706940874036
0.717223650386
0.722365038560
0.732647814910
0.741902313625
0.752185089974
0.755784061697
0.755784061697
0.756812339332
0.755269922879
0.756812339332
0.757326478149
0.757840616967
0.758354755784
0.760925449871
0.766066838046
0.762467866324
0.760925449871
0.762982005141
0.767095115681
0.764524421594
0.764010282776
0.763496143959
0.766066838046
0.771208226221
0.773778920308
0.775835475578
0.779434447301
0.776349614396
0.780976863753
0.778920308483
0.773264781491
0.749614395887
0.727506426735
0.604627249357
0.573264781491
0.615938303342
0.637017994859
0.668894601542
0.711053984576
0.730591259640
0.739845758355
0.744987146530
0.748586118252
0.751670951157
0.752699228792
0.743958868895
0.747557840617
0.748071979434
0.747043701799
0.749100257069
0.748071979434
0.748071979434
0.749614395887
0.748071979434
0.748071979434
0.749614395887
0.748071979434
0.748586118252
0.754755784062
0.755269922879
0.757840616967
0.760925449871
0.764524421594
0.768637532134
0.771208226221
0.774807197943
0.775835475578
0.782519280206
0.787660668380
0.793316195373
0.792287917738
0.792802056555
0.794344473008
0.794858611825
0.796915167095
0.793316195373
0.795886889460
0.792802056555
0.798971722365
0.801028277635
0.802570694087
0.804113110540
0.803598971722
0.805655526992
0.809768637532
0.809768637532
0.809254498715
0.808740359897
0.810796915167
0.813881748072
0.806683804627
0.813881748072
0.805655526992
0.804113110540
0.780976863753
0.774807197943
0.761439588689
0.792287917738
0.808226221080
0.819023136247
0.824678663239
0.824678663239
0.825192802057
0.827763496144
0.830848329049
0.831362467866
0.830848329049
0.831362467866
0.829305912596
0.831362467866
0.830334190231
0.830848329049
0.832390745501
0.835475578406
0.835989717224
0.838046272494
0.840102827763
0.839074550129
0.838560411311
0.841645244216
0.840616966581
0.843187660668
0.846272493573
0.844215938303
0.846272493573
0.845244215938
0.844215938303
0.849871465296
0.849871465296
0.847300771208
0.833419023136
0.811311053985
0.725964010283
0.713110539846
0.716195372751
0.838560411311
0.837532133676
0.850899742931
0.850899742931
0.853470437018
0.856041131105
0.856041131105
0.859640102828
0.858097686375
0.861696658098
0.862210796915
0.861696658098
0.859125964010
0.857069408740
0.857583547558
0.857069408740
0.858611825193
0.859125964010
0.859125964010
0.861696658098
0.865295629820
0.855012853470
0.857583547558
0.818508997429
0.807197943445
0.723393316195
0.799485861183
0.831362467866
0.864781491003
0.865295629820
0.870437017995
0.871465295630
0.873521850900
0.871979434447
0.874035989717
0.873007712082
0.874550128535
0.869922879177
0.877120822622
0.859640102828
0.842159383033
0.783547557841
0.659125964010
0.742930591260
0.815938303342
0.837532133676
0.852442159383
0.870951156812
0.870951156812
0.869922879177
0.866323907455
0.863239074550
0.862724935733
0.866323907455
0.867866323907
0.862210796915
0.863753213368
0.863753213368
0.864267352185
0.869922879177
0.875578406170
0.877120822622
0.876092544987
0.877120822622
0.881748071979
0.885347043702
0.887917737789
0.891516709512
0.893573264781
0.890488431877
0.897686375321
0.897172236504
0.897686375321
0.894087403599
0.897172236504
0.884832904884
0.864267352185
0.798457583548
0.713110539846
0.749614395887
0.837532133676
0.870951156812
0.872493573265
0.888431876607
0.891516709512
0.893573264781
0.895629820051
0.892030848329
0.892544987147
0.886375321337
0.888431876607
0.888431876607
0.889974293059
0.889460154242
0.887403598972
0.890488431877
0.890488431877
0.891516709512
0.892544987147
0.897686375321
0.898714652956
0.902313624679
0.902827763496
0.902827763496
0.904884318766
0.906426735219
0.907969151671
0.910025706941
0.906426735219
0.865809768638
0.753213367609
0.463239074550
0.379948586118
0.288946015424
0.288431876607
0.272493573265
0.239588688946
0.258097686375
0.242673521851
0.238560411311
0.244215938303
0.242159383033
0.240616966581
0.257583547558
0.267352185090
0.212853470437
0.141388174807
0.144987146530
0.106940874036
0.099742930591
0.093059125964
0.082776349614
0.078663239075
0.077120822622
0.077120822622
0.076606683805
0.077120822622
0.082262210797
0.100257069409
0.106426735219
0.107969151671
0.104370179949
0.101799485861
0.100257069409
0.116195372751
0.118251928021
0.114652956298
0.112596401028
0.108997429306
0.112596401028
0.110539845758
0.107969151671
0.108483290488
0.106940874036
0.110539845758
0.114652956298
0.122879177378
0.124935732648
0.126992287918
0.128534704370
0.131105398458
0.132647814910
0.131105398458
0.131105398458
0.126992287918
0.126992287918
0.124935732648
0.128020565553
0.123907455013
0.127506426735
0.123393316195
0.122879177378
0.125964010283
0.125449871465
0.125449871465
0.125449871465
0.125964010283
0.127506426735
0.129048843188
0.127506426735
0.132647814910
0.129562982005
0.135218508997
0.130077120823
0.134190231362
0.131105398458
0.126992287918
0.130591259640
0.131105398458
0.130077120823
0.124935732648
0.131619537275
0.137789203085
0.119280205656
0.133676092545
0.139331619537
0.135218508997
0.141388174807
0.136760925450
0.145501285347
0.137275064267
0.147043701799
0.139845758355
0.139845758355
0.088431876607
0.102827763496
0.121336760925
0.100771208226
0.076606683805
0.093059125964
0.092544987147
0.123907455013
0.094087403599
0.121850899743
0.099742930591
0.099742930591
0.099742930591
0.099742930591
0.099742930591
0.100257069409
0.100257069409
0.099742930591
0.099742930591
0.099742930591
0.099742930591
0.099742930591
0.099742930591
0.099742930591
0.099742930591
0.099742930591
0.099742930591
0.099742930591
0.099742930591
0.099742930591
0.099742930591
0.099742930591
0.099742930591
0.099742930591
0.099742930591
0.099742930591
0.099742930591
0.099742930591
0.099742930591
0.099742930591
0.099742930591
0.099742930591
0.099742930591
0.099742930591
0.099742930591
0.099742930591
0.099742930591
0.099742930591
0.099742930591
0.099742930591
0.099742930591
0.099742930591
0.099742930591
0.099742930591
0.100257069409
0.144987146530
0.099742930591
0.099742930591
0.099742930591
0.099742930591
0.099742930591
0.099742930591
0.099742930591
0.099742930591
0.094087403599
0.092544987147
0.144987146530
0.092544987147
0.099742930591
0.094087403599
0.099742930591
0.099742930591
0.099742930591
0.099742930591
0.099742930591
0.099742930591
0.099742930591
0.099742930591
0.099742930591
0.099742930591
0.099742930591
0.099742930591
0.073007712082
0.073007712082
0.073007712082
0.073007712082
0.073007712082
0.073007712082
0.073007712082
0.073007712082
0.073007712082
0.073007712082
0.073007712082
0.073007712082
0.073007712082
0.073007712082
0.073007712082
0.073007712082
0.073007712082
0.073007712082
0.073007712082
0.073007712082
0.073007712082
0.121850899743
0.121850899743
0.121850899743
0.121850899743
0.121850899743
0.121850899743
0.121850899743
0.121850899743
0.121850899743
0.094087403599
0.094087403599
0.094087403599
0.094087403599
0.094087403599
0.094087403599
0.094087403599
0.094087403599
0.094087403599
0.094087403599
0.094087403599
0.094087403599
0.094087403599
0.094087403599
0.094087403599
0.094087403599
0.094087403599
0.094087403599
0.094087403599
0.094087403599
0.094087403599
0.094087403599
0.094087403599
0.094087403599
0.094087403599
0.094087403599
0.094087403599
0.094087403599
0.094087403599
0.094087403599
0.094087403599
0.094087403599
0.094087403599
0.094087403599
0.094087403599
0.094087403599
0.094087403599
0.094087403599
0.094087403599
0.094087403599
0.094087403599
0.094087403599
0.094087403599
0.094087403599
0.094087403599
0.094087403599
0.094087403599
0.094087403599
0.094087403599
0.094087403599
0.094087403599
0.094087403599
0.094087403599
0.094087403599
0.094087403599
0.094087403599
0.094087403599
0.094087403599
0.094087403599
0.094087403599
0.094087403599
0.094087403599
0.094087403599
0.094087403599
0.094087403599
0.094087403599
0.094087403599
0.094087403599
0.094087403599
0.094087403599
0.094087403599
0.094087403599
0.094087403599
0.094087403599
0.100257069409
0.100257069409
0.100257069409
0.100257069409
0.100257069409
0.100257069409
0.100257069409
0.100257069409
0.100257069409
0.100257069409
0.100257069409
0.100257069409
0.100257069409
0.100257069409
0.100257069409
0.100257069409
0.100257069409
0.100257069409
0.100257069409
0.100257069409
0.100257069409
0.100257069409
0.100257069409
0.100257069409
0.100257069409
0.100257069409
0.100257069409
0.100257069409
0.100257069409
0.100257069409
0.099742930591
0.092544987147
0.099742930591
0.099742930591
0.099742930591
0.110025706941
0.098714652956
0.099742930591
0.092544987147
0.078149100257
0.121850899743
0.073007712082
0.087403598972
0.099742930591
0.099742930591
0.099742930591
0.099742930591
0.099742930591
0.099742930591
0.099742930591
0.099742930591
0.099742930591
0.099742930591
0.099742930591
0.099742930591
0.099742930591
0.099742930591
0.099742930591
0.099742930591
0.099742930591
0.099742930591
0.099742930591
0.099742930591
0.099742930591
0.099742930591
0.099742930591
0.099742930591
0.099742930591
0.099742930591
0.099742930591
0.099742930591
0.099742930591
0.099742930591
0.099742930591
0.099742930591
0.099742930591
0.099742930591
0.099742930591
0.099742930591
0.099742930591
0.099742930591
0.099742930591
0.099742930591
0.099742930591
0.099742930591
0.099742930591
0.099742930591
0.099742930591
0.099742930591
0.099742930591
0.099742930591
0.099742930591
0.099742930591
0.099742930591
0.099742930591
0.099742930591
0.099742930591
0.099742930591
0.099742930591
0.099742930591
0.099742930591
0.099742930591
0.099742930591
0.099742930591
0.099742930591
0.099742930591
0.099742930591
0.099742930591
0.099742930591
0.099742930591
0.099742930591
0.099742930591
0.099742930591
0.099742930591
0.099742930591
0.099742930591
0.099742930591
