0.056529112493
0.057659694743
0.056529112493
0.055963821368
0.055398530243
0.054267947993
0.053137365743
0.053137365743
0.052572074618
0.052572074618
0.052572074618
0.052572074618
0.052572074618
0.052572074618
0.052572074618
0.052572074618
0.052572074618
0.052572074618
0.054267947993
0.055963821368
0.058224985868
0.063312605992
0.071226681741
0.078010175240
0.082532504240
0.094968908988
0.104578858112
0.107970604862
0.123233465235
0.126059920859
0.138496325608
0.148671565856
0.155455059356
0.157716223855
0.162803843980
0.170152628604
0.172413793103
0.167891464104
0.172979084228
0.178631995478
0.179762577728
0.179762577728
0.180893159977
0.183719615602
0.183719615602
0.182589033352
0.185415488977
0.191633691351
0.190503109101
0.206331260599
0.220463538722
0.230073487846
0.237987563595
0.247597512719
0.245901639344
0.247597512719
0.243640474845
0.234595816846
0.236856981345
0.241944601470
0.243075183720
0.245336348219
0.250989259469
0.260033917467
0.262295081967
0.256076879593
0.259468626343
0.252685132843
0.244771057094
0.240814019220
0.239118145845
0.237422272470
0.239118145845
0.240248728095
0.241379310345
0.241379310345
0.241944601470
0.240814019220
0.241944601470
0.245901639344
0.242509892595
0.245336348219
0.241379310345
0.245336348219
0.248728094969
0.253815715093
0.252685132843
0.252119841718
0.254946297343
0.255511588468
0.258903335218
0.261729790842
0.262295081967
0.258338044093
0.266252119842
0.271339739966
0.266252119842
0.267382702092
0.267947993217
0.269643866591
0.271339739966
0.271905031091
0.274166195591
0.273600904466
0.273600904466
0.272470322216
0.268513284341
0.266252119842
0.264556246467
0.262860373092
0.264556246467
0.268513284341
0.270774448841
0.270774448841
0.267947993217
0.267382702092
0.271339739966
0.270774448841
0.269643866591
0.267382702092
0.267947993217
0.269078575466
0.271339739966
0.273035613341
0.274731486716
0.282645562465
0.283776144715
0.286037309214
0.288298473714
0.286037309214
0.289429055964
0.289994347089
0.287733182589
0.293951384963
0.284341435839
0.285472018089
0.220463538722
0.257772752968
0.246466930469
0.237987563595
0.257772752968
0.266252119842
0.276992651215
0.286037309214
0.291124929339
0.301300169587
0.303561334087
0.309779536461
0.308648954211
0.307518371962
0.306953080837
0.308648954211
0.313171283211
0.320520067835
0.317693612210
0.317693612210
0.317693612210
0.314301865461
0.310910118711
0.312040700961
0.311475409836
0.311475409836
0.312605992086
0.313736574336
0.316563029960
0.321650650085
0.322215941210
0.325607687959
0.330695308084
0.330695308084
0.333521763708
0.335782928208
0.337478801583
0.339174674958
0.343697003957
0.346523459582
0.349349915206
0.348784624081
0.346523459582
0.347654041832
0.349915206331
0.348784624081
0.350480497456
0.352741661956
0.352741661956
0.355002826456
0.356133408705
0.352176370831
0.352741661956
0.353306953081
0.355002826456
0.356133408705
0.357263990955
0.358959864330
0.355568117581
0.355568117581
0.355568117581
0.351611079706
0.353872244206
0.353872244206
0.356698699830
0.356698699830
0.357263990955
0.357829282080
0.361221028830
0.363482193330
0.365178066704
0.369700395704
0.369700395704
0.369700395704
0.369700395704
0.373657433578
0.373092142453
0.379310344828
0.377049180328
0.382702091577
0.377049180328
0.381006218202
0.382136800452
0.381571509327
0.375353306953
0.375918598078
0.365743357829
0.362351611080
0.319389485585
0.391746749576
0.384963256077
0.384397964952
0.383832673827
0.384963256077
0.384397964952
0.382702091577
0.383267382702
0.384963256077
0.386659129452
0.394573205201
0.398530243075
0.399095534200
0.402487280950
0.405879027699
0.407009609949
0.408705483324
0.406444318824
0.403617863200
0.407009609949
0.405313736574
0.409836065574
0.412662521198
0.412097230073
0.410966647824
0.409270774449
0.409270774449
0.411531938949
0.414358394573
0.417184850198
0.420576596947
0.423403052572
0.424533634822
0.425664217072
0.423968343697
0.423968343697
0.425098925947
0.427925381572
0.429055963821
0.433013001696
0.426794799322
0.436404748445
0.422272470322
0.455059355568
0.387224420577
0.469191633691
0.299039005088
0.447145279819
0.405879027699
0.414923685698
0.429621254946
0.434708875071
0.436970039570
0.442057659695
0.439796495195
0.438100621820
0.440361786320
0.443753533070
0.445449406444
0.442622950820
0.438665912945
0.434143583946
0.433013001696
0.430186546071
0.429621254946
0.429055963821
0.433013001696
0.438665912945
0.443188241945
0.443188241945
0.444884115319
0.446014697569
0.447145279819
0.452232899943
0.452798191068
0.453928773318
0.456189937818
0.457320520068
0.458451102318
0.458451102318
0.457320520068
0.456189937818
0.457320520068
0.459016393443
0.460146975692
0.458451102318
0.457885811193
0.461842849067
0.463538722442
0.460712266817
0.461842849067
0.458451102318
0.457320520068
0.470887507066
0.456189937818
0.469756924816
0.464669304692
0.459016393443
0.474844544941
0.448841153194
0.476540418315
0.465799886942
0.469756924816
0.478236291690
0.477671000565
0.478236291690
0.478801582815
0.485585076314
0.482758620690
0.486715658564
0.481628038440
0.487846240814
0.480497456190
0.495195025438
0.470322215941
0.524024872809
0.427360090447
0.518371961560
0.426794799322
0.463538722442
0.482758620690
0.483323911815
0.487280949689
0.497456189938
0.490107405314
0.503109101187
0.498586772188
0.508196721311
0.495760316563
0.513849632561
0.490107405314
0.514980214811
0.453363482193
0.513849632561
0.431317128321
0.507066139062
0.477105709440
0.504804974562
0.489542114189
0.505370265687
0.485585076314
0.511588468061
0.496890898813
0.516676088185
0.500847936687
0.522328999435
0.508196721311
0.525155455059
0.504804974562
0.524590163934
0.503674392312
0.524590163934
0.495760316563
0.541548897682
0.465799886942
0.551158846806
0.418880723573
0.528547201809
0.418315432448
0.537026568683
0.493499152063
0.525155455059
0.522894290560
0.524590163934
0.526851328434
0.525720746184
0.522328999435
0.527416619559
0.523459581685
0.530808366309
0.526851328434
0.532504239683
0.522328999435
0.533634821933
0.485019785189
0.501413227812
0.523459581685
0.457885811193
0.539287733183
0.525720746184
0.539287733183
0.527981910684
0.544375353307
0.540418315432
0.550593555681
0.550593555681
0.552854720181
0.552289429056
0.551724137931
0.550593555681
0.551158846806
0.551724137931
0.549462973431
0.550028264556
0.555115884681
0.552854720181
0.559072922555
0.549462973431
0.564725833804
0.547767100057
0.566986998304
0.541548897682
0.568117580554
0.520633126060
0.551158846806
0.513849632561
0.511588468061
0.555681175806
0.527416619559
0.561899378180
0.562464669305
0.574335782928
0.566986998304
0.573770491803
0.572639909553
0.572639909553
0.574335782928
0.579988694178
0.581119276427
0.584511023177
0.585641605427
0.589598643301
0.571509327304
0.594120972301
0.538157150933
0.594686263426
0.487280949689
0.586772187677
0.502543810062
0.604861503674
0.533069530808
0.608818541549
0.535330695308
0.613340870548
0.543244771057
0.608818541549
0.555115884681
0.595816845676
0.548897682306
0.576031656303
0.578858111928
0.542679479932
0.596947427925
0.564160542679
0.609383832674
0.585076314302
0.609949123799
0.591859807801
0.608818541549
0.598078010175
0.611644997174
0.605426794799
0.611644997174
0.601469756925
0.618428490673
0.593555681176
0.622950819672
0.567552289429
0.613906161673
0.456189937818
0.576031656303
0.472583380441
0.591294516676
0.622385528547
0.604296212549
0.600904465800
0.603165630300
0.603730921425
0.608818541549
0.608253250424
0.616732617298
0.611644997174
0.621254946297
0.595251554551
0.600339174675
0.488976823064
0.571509327304
0.557942340305
0.568682871679
0.607687959299
0.621820237422
0.615036743923
0.609383832674
0.611644997174
0.618993781798
0.621820237422
0.625777275297
0.628038439796
0.635387224421
0.631995477671
0.633126059921
0.638213680045
0.639344262295
0.640474844545
0.649519502544
0.649519502544
0.654041831543
0.648388920294
0.655172413793
0.648388920294
0.662521198417
0.600904465800
0.565291124929
0.514414923686
0.616732617298
0.535895986433
0.611644997174
0.656868287168
0.660825325042
0.657998869418
0.655737704918
0.651215375919
0.644997173544
0.643866591295
0.641605426795
0.644997173544
0.648954211419
0.648388920294
0.646693046919
0.650084793669
0.650084793669
0.652911249293
0.656302996043
0.659694742793
0.664217071792
0.660825325042
0.662521198417
0.668174109666
0.665912945167
0.671565856416
0.664782362917
0.640474844545
0.617297908423
0.524024872809
0.611079706049
0.581684567552
0.607122668174
0.651215375919
0.660260033917
0.661955907292
0.669869983041
0.673261729791
0.663651780667
0.668739400791
0.665912945167
0.668739400791
0.666478236292
0.668739400791
0.665912945167
0.677218767665
0.669304691916
0.681175805540
0.656302996043
0.652345958168
0.541548897682
0.596947427925
0.625777275297
0.661390616167
0.677218767665
0.660260033917
0.662521198417
0.671000565291
0.676653476540
0.686828716789
0.687959299039
0.692481628038
0.696438665913
0.697569248163
0.689089881289
0.704918032787
0.678349349915
0.702091577162
0.589033352176
0.668739400791
0.514414923686
0.655172413793
0.618993781798
0.676653476540
0.691351045789
0.695308083663
0.697003957038
0.695308083663
0.694177501413
0.698699830413
0.701526286037
0.703787450537
0.702656868287
0.704352741662
0.705483323912
0.703787450537
0.707179197287
0.705483323912
0.706613906162
0.710005652911
0.712832108536
0.716223855285
0.719615602035
0.722442057660
0.719615602035
0.711701526286
0.698699830413
0.546071226682
0.611644997174
0.534765404183
0.576596947428
0.641605426795
0.629734313171
0.639344262295
0.664782362917
0.672131147541
0.677784058790
0.677218767665
0.673261729791
0.672696438666
0.678914641040
0.676653476540
0.684567552289
0.688524590164
0.689089881289
0.689089881289
0.691916336914
0.694177501413
0.692481628038
0.695873374788
0.697569248163
0.702091577162
0.705483323912
0.704352741662
0.710005652911
0.713397399661
0.715093273036
0.717354437535
0.720746184285
0.721876766535
0.722442057660
0.728094968909
0.730921424534
0.729790842284
0.729225551159
0.730921424534
0.733182589033
0.731486715659
0.729225551159
0.731486715659
0.732617297908
0.731486715659
0.729225551159
0.733747880158
0.694742792538
0.661390616167
0.593555681176
0.624646693047
0.599208592425
0.726964386659
0.725833804409
0.740531373657
0.736574335783
0.724703222159
0.726964386659
0.726399095534
0.725268513284
0.722442057660
0.721311475410
0.722442057660
0.723007348785
0.725268513284
0.725833804409
0.732052006783
0.730921424534
0.731486715659
0.733747880158
0.738270209158
0.734313171283
0.747880158282
0.713397399661
0.726964386659
0.576031656303
0.666478236292
0.602035048050
0.703787450537
0.737704918033
0.732052006783
0.744488411532
0.740531373657
0.741661955907
0.742792538157
0.746749576032
0.752967778406
0.756924816280
0.752402487281
0.751271905031
0.748445449406
0.750141322781
0.749010740531
0.749010740531
0.755794234031
0.755228942906
0.760316563030
0.759751271905
0.758620689655
0.763708309780
0.769361221029
0.773883550028
0.777840587903
0.782928208027
0.785754663652
0.788015828151
0.790842283776
0.789146410401
0.790276992651
0.794799321651
0.793668739401
0.795364612776
0.773318258903
0.770491803279
0.621254946297
0.629169022046
0.583945732052
0.661390616167
0.669869983041
0.730921424534
0.760881854155
0.756924816280
0.764838892029
0.764838892029
0.764838892029
0.763143018655
0.766534765404
0.762577727530
0.761447145280
0.760881854155
0.759185980780
0.759185980780
0.767100056529
0.777840587903
0.779536461278
0.782928208027
0.782362916902
0.784058790277
0.786319954777
0.790276992651
0.789711701526
0.791407574901
0.789146410401
0.790276992651
0.793103448276
0.795364612776
0.797060486150
0.801582815150
0.798191068400
0.800452232900
0.801582815150
0.797625777275
0.799886941775
0.766534765404
0.747314867157
0.707179197287
0.715658564161
0.669304691916
0.681175805540
0.735443753533
0.771622385529
0.794234030526
0.791972866026
0.793668739401
0.802713397400
0.802148106275
0.799321650650
0.798191068400
0.801017524025
0.799321650650
0.798756359525
0.803843979650
0.805539853024
0.807235726399
0.810627473149
0.813453928773
0.815715093273
0.816845675523
0.817410966648
0.819672131148
0.821933295647
0.788015828151
0.767665347654
0.678914641040
0.709440361786
0.667608818542
0.793668739401
0.808931599774
0.816280384398
0.815715093273
0.816845675523
0.817976257773
0.820237422272
0.820802713397
0.820802713397
0.821933295647
0.825890333522
0.821368004522
0.822498586772
0.825890333522
0.821368004522
0.824194460147
0.825325042397
0.828151498021
0.833804409271
0.833804409271
0.837196156020
0.837196156020
0.841153193895
0.838892029395
0.841153193895
0.843414358395
0.847371396269
0.842283776145
0.848501978519
0.847936687394
0.852459016393
0.842849067270
0.832673827021
0.755794234031
0.737139626908
0.671565856416
0.707179197287
0.733182589033
0.765969474279
0.840587902770
0.836630864895
0.838892029395
0.839457320520
0.837196156020
0.833239118146
0.828151498021
0.827586206897
0.829282080271
0.828716789146
0.829847371396
0.834369700396
0.837196156020
0.842849067270
0.845110231769
0.849067269644
0.854720180893
0.860373092142
0.858677218768
0.858111927643
0.860373092142
0.859242509893
0.861503674392
0.863199547767
0.868287167891
0.867156585642
0.869983041266
0.873374788016
0.872244205766
0.875070661391
0.868852459016
0.870548332391
0.812323346523
0.725268513284
0.466365178067
0.353872244206
0.500847936687
0.602035048050
0.565856416054
0.545505935557
0.540983606557
0.535330695308
0.534200113058
0.531938948559
0.542679479932
0.539853024308
0.543244771057
0.543244771057
0.548897682306
0.553420011306
0.559072922555
0.565291124929
0.574901074053
0.578292820803
0.588468061051
0.594120972301
0.602035048050
0.608818541549
0.609383832674
0.607687959299
0.609383832674
0.554550593556
0.585076314302
0.449406444319
0.550028264556
0.507631430187
0.539853024308
0.574335782928
0.598078010175
0.600904465800
0.604296212549
0.604296212549
0.611079706049
0.613340870548
0.609383832674
0.607687959299
0.611644997174
0.617863199548
0.620124364047
0.626342566422
0.627473148672
0.637083097795
0.647258338044
0.650084793669
0.655737704918
0.653476540418
0.656302996043
0.655737704918
0.656302996043
0.655737704918
0.661955907292
0.667043527417
0.667043527417
0.669304691916
0.667043527417
0.668739400791
0.667608818542
0.667043527417
0.667043527417
0.670435274166
0.674957603166
0.673827020916
0.676088185415
0.677784058790
0.681175805540
0.682871678915
0.690785754664
0.687959299039
0.693046919163
0.687959299039
0.693612210288
0.694742792538
0.699265121538
0.695308083663
0.701526286037
0.691916336914
0.702091577162
0.689089881289
0.711136235161
0.682306387790
0.710570944036
0.656302996043
0.699830412663
0.651780667044
0.713962690786
0.690785754664
0.714527981911
0.692481628038
0.713962690786
0.689655172414
0.720746184285
0.682871678915
0.717919728660
0.684567552289
0.720180893160
0.685698134539
0.724137931034
0.690785754664
0.724137931034
0.704352741662
0.723572639910
0.708875070661
0.720746184285
0.712832108536
0.724703222159
0.717919728660
0.723007348785
0.720180893160
0.726964386659
0.723572639910
0.729225551159
0.723007348785
0.733182589033
0.724137931034
0.734878462408
0.724137931034
0.735443753533
0.723007348785
0.742792538157
0.705483323912
0.724137931034
0.670435274166
0.717354437535
0.698134539288
0.756359525155
0.743357829282
0.756924816280
0.746184284907
0.749010740531
0.741096664782
0.748445449406
0.742792538157
0.749576031656
0.749010740531
0.755794234031
0.749010740531
0.760316563030
0.745618993782
0.743923120407
0.704918032787
0.667608818542
0.638778971170
0.711136235161
0.736009044658
0.762577727530
0.766534765404
0.756924816280
0.754098360656
0.751271905031
0.755794234031
0.756924816280
0.760881854155
0.764273600904
0.765969474279
0.765404183154
0.765969474279
0.762577727530
0.764273600904
0.765969474279
0.767665347654
0.767100056529
0.767665347654
0.771057094404
0.771057094404
0.773883550028
0.775014132278
0.778405879028
0.778405879028
0.776144714528
0.785754663652
0.780101752402
0.785754663652
0.750706613906
0.739966082533
0.645562464669
0.710570944036
0.733182589033
0.780101752402
0.771057094404
0.780101752402
0.781232334652
0.775579423403
0.777840587903
0.783493499152
0.782362916902
0.776144714528
0.776710005653
0.774448841153
0.779536461278
0.780101752402
0.782928208027
0.786319954777
0.788581119276
0.788015828151
0.788581119276
0.792538157151
0.795364612776
0.794799321651
0.788581119276
0.801582815150
0.734878462408
0.711701526286
0.535895986433
0.706048615037
0.721876766535
0.781797625777
0.780667043527
0.781797625777
0.777275296778
0.780101752402
0.783493499152
0.788015828151
0.788581119276
0.788581119276
0.789711701526
0.781232334652
0.783493499152
0.783493499152
0.787450537027
0.785754663652
0.786319954777
0.784624081402
0.787450537027
0.793668739401
0.797625777275
0.795929903901
0.794234030526
0.795364612776
0.793668739401
0.797060486150
0.797625777275
0.800452232900
0.802148106275
0.802148106275
0.806670435274
0.810062182024
0.812888637648
0.810062182024
0.812323346523
0.814019219898
0.817410966648
0.819106840023
0.821368004522
0.822498586772
0.825325042397
0.827586206897
0.832108535896
0.830412662521
0.832108535896
0.829847371396
0.812888637648
0.782928208027
0.699265121538
0.719615602035
0.611079706049
0.789146410401
0.804974561899
0.815149802148
0.830412662521
0.831543244771
0.830412662521
0.828716789146
0.823629169022
0.822498586772
0.827586206897
0.816280384398
0.825890333522
0.813453928773
0.827020915772
0.803278688525
0.820237422272
0.789146410401
0.811758055399
0.778971170153
0.807801017524
0.787450537027
0.816845675523
0.812323346523
0.828716789146
0.828716789146
0.831543244771
0.832673827021
0.829847371396
0.833239118146
0.834369700396
0.836630864895
0.835500282646
0.837196156020
0.830412662521
0.835500282646
0.823063877897
0.837761447145
0.832673827021
0.845675522894
0.843414358395
0.855850763143
0.853024307518
0.858111927643
0.863764838892
0.855285472018
0.862068965517
0.845675522894
0.857546636518
0.821368004522
0.844544940644
0.799321650650
0.834369700396
0.823063877897
0.861503674392
0.855850763143
0.865460712267
0.841153193895
0.864895421142
0.830412662521
0.868287167891
0.843979649520
0.877897117015
0.867156585642
0.887507066139
0.883550028265
0.890898812889
0.885245901639
0.889202939514
0.890333521764
0.886941775014
0.886941775014
0.877331825890
0.879592990390
0.849067269644
0.846806105144
0.789711701526
0.826455624647
0.794234030526
0.876201243640
0.874505370266
0.878462408140
0.872244205766
0.868287167891
0.853024307518
0.852459016393
0.847371396269
0.856981345393
0.871113623516
0.882984737140
0.895421141888
0.893725268513
0.897682306388
0.894855850763
0.899943470888
0.888072357264
0.887507066139
0.838892029395
0.812888637648
0.664782362917
0.754098360656
0.786319954777
0.819672131148
0.868287167891
0.879027699265
0.878462408140
0.872809496891
0.869983041266
0.869417750141
0.863764838892
0.858111927643
0.864895421142
0.862068965517
0.863199547767
0.868852459016
0.875070661391
0.881288863765
0.879027699265
0.863764838892
0.826455624647
0.681175805540
0.717919728660
0.564725833804
0.779536461278
0.823629169022
0.848501978519
0.866591294517
0.872809496891
0.875070661391
0.876201243640
0.873374788016
0.867721876767
0.866591294517
0.866591294517
0.864895421142
0.868852459016
0.870548332391
0.875070661391
0.882419446015
0.886376483889
0.889202939514
0.888072357264
0.884115319389
0.881288863765
0.877897117015
0.889202939514
0.866026003392
0.859807801018
0.694177501413
0.775579423403
0.800452232900
0.873374788016
0.858111927643
0.863764838892
0.881288863765
0.885245901639
0.881854154890
0.880723572640
0.879592990390
0.880723572640
0.883550028265
0.884115319389
0.882984737140
0.884680610514
0.884680610514
0.883550028265
0.885245901639
0.884680610514
0.885811192764
0.887507066139
0.890333521764
0.891464104014
0.894855850763
0.898247597513
0.899943470888
0.905596382137
0.906726964387
0.907292255512
0.908988128886
0.914075749011
0.916902204635
0.920859242510
0.917467495760
0.919728660260
0.910684002261
0.886376483889
0.778971170153
0.622950819672
0.539287733183
0.534200113058
0.697003957038
0.703222159412
0.728660260034
0.745053702657
0.746749576032
0.739966082533
0.734313171283
0.730356133409
0.734878462408
0.739400791408
0.737704918033
0.732052006783
0.730921424534
0.733747880158
0.729790842284
0.727529677784
0.717354437535
0.702091577162
0.696438665913
0.687394007914
0.691916336914
0.703222159412
0.708875070661
0.718485019785
0.729225551159
0.735443753533
0.743357829282
0.747880158282
0.754663651781
0.758620689655
0.758620689655
0.763143018655
0.762577727530
0.763708309780
0.765969474279
0.767100056529
0.771057094404
0.774448841153
0.774448841153
0.775014132278
0.780667043527
0.781232334652
0.779536461278
0.784058790277
0.782928208027
0.782362916902
0.784624081402
0.786885245902
0.788015828151
0.788015828151
0.792538157151
0.794799321651
0.791407574901
0.795364612776
0.769361221029
0.778405879028
0.612775579423
0.649519502544
0.670435274166
0.669304691916
0.725833804409
0.736009044658
0.739400791408
0.745618993782
0.752967778406
0.758055398530
0.764838892029
0.761447145280
0.771057094404
0.772752967778
0.776710005653
0.777275296778
0.777275296778
0.772187676653
0.771057094404
0.772752967778
0.771057094404
0.776144714528
0.775579423403
0.776144714528
0.777275296778
0.783493499152
0.789711701526
0.789711701526
0.791972866026
0.790842283776
0.789146410401
0.796495195025
0.799886941775
0.801017524025
0.807801017524
0.808931599774
0.811192764274
0.812888637648
0.812323346523
0.812888637648
0.811192764274
0.815149802148
0.815149802148
0.815149802148
0.816280384398
0.818541548898
0.819106840023
0.817976257773
0.819672131148
0.819672131148
0.821933295647
0.824194460147
0.825890333522
0.824194460147
0.822498586772
0.827020915772
0.827586206897
0.828716789146
0.823629169022
0.832673827021
0.811758055399
0.814584511023
0.777840587903
0.801582815150
0.790842283776
0.832673827021
0.833804409271
0.840022611645
0.844544940644
0.845110231769
0.847371396269
0.844544940644
0.846806105144
0.850763143019
0.849632560769
0.850197851894
0.849632560769
0.849632560769
0.849632560769
0.848501978519
0.849632560769
0.849632560769
0.853024307518
0.855850763143
0.856416054268
0.857546636518
0.859242509893
0.859242509893
0.856416054268
0.856981345393
0.856981345393
0.856416054268
0.863199547767
0.859242509893
0.862068965517
0.856416054268
0.862634256642
0.849632560769
0.846806105144
0.738270209158
0.803278688525
0.703787450537
0.864330130017
0.845675522894
0.859807801018
0.865460712267
0.870548332391
0.867721876767
0.868287167891
0.868852459016
0.866026003392
0.865460712267
0.866026003392
0.864895421142
0.860938383267
0.862068965517
0.867721876767
0.868287167891
0.867156585642
0.869417750141
0.869983041266
0.870548332391
0.871113623516
0.872244205766
0.861503674392
0.849632560769
0.793668739401
0.777840587903
0.771622385529
0.867156585642
0.882419446015
0.881854154890
0.882984737140
0.884115319389
0.888637648389
0.888637648389
0.890333521764
0.890333521764
0.890333521764
0.880723572640
0.885245901639
0.864895421142
0.862068965517
0.791972866026
0.723007348785
0.754663651781
0.837761447145
0.853024307518
0.860373092142
0.877331825890
0.878462408140
0.879592990390
0.875635952516
0.874505370266
0.872244205766
0.879027699265
0.882419446015
0.880723572640
0.877331825890
0.876201243640
0.873940079141
0.879027699265
0.881288863765
0.882419446015
0.881854154890
0.885811192764
0.886376483889
0.890333521764
0.893159977388
0.894855850763
0.894855850763
0.897117015263
0.898812888638
0.900508762012
0.903335217637
0.905031091012
0.902204635387
0.899943470888
0.875070661391
0.808931599774
0.747880158282
0.691351045789
0.837761447145
0.888637648389
0.866591294517
0.892594686263
0.897117015263
0.904465799887
0.902769926512
0.903900508762
0.901074053137
0.899943470888
0.899943470888
0.895986433013
0.895986433013
0.897682306388
0.898247597513
0.899378179763
0.898812888638
0.899943470888
0.903335217637
0.905031091012
0.908422837761
0.911249293386
0.910684002261
0.911249293386
0.912379875636
0.914641040136
0.912379875636
0.912945166761
0.911814584511
0.878462408140
0.825890333522
0.470322215941
0.529677784059
0.213114754098
0.233465234596
0.237987563595
0.237987563595
0.249858677219
0.255511588468
0.236291690220
0.248728094969
0.254946297343
0.247597512719
0.242509892595
0.262295081967
0.222159412097
0.119841718485
0.133408705483
0.063877897117
0.126625211984
0.166195590729
0.235161107971
0.261164499717
0.265121537592
0.265121537592
0.265686828717
0.265121537592
0.268513284341
0.267382702092
0.237987563595
0.221028829847
0.218202374223
0.219332956473
0.240814019220
0.234595816846
0.231204070096
0.229508196721
0.215941209723
0.200113058225
0.179762577728
0.148671565856
0.137365743358
0.115884680611
0.094403617863
0.084793668739
0.077444884115
0.072357263991
0.071226681741
0.069530808366
0.065008479367
0.068400226116
0.066704352742
0.068965517241
0.069530808366
0.071791972866
0.072357263991
0.079706048615
0.068965517241
0.086489542114
0.071226681741
0.083663086490
0.083663086490
0.084793668739
0.084793668739
0.085924250989
0.083663086490
0.085924250989
0.085358959864
0.080271339740
0.087620124364
0.061616732617
0.085924250989
0.062747314867
0.088185415489
0.069530808366
0.087054833239
0.076314301865
0.084793668739
0.071791972866
0.092707744488
0.062747314867
0.092707744488
0.100621820237
0.079706048615
0.088750706614
0.097795364613
0.090446579989
0.098925946863
0.088750706614
0.101187111362
0.095534200113
0.105709440362
0.105709440362
0.107970604862
0.066704352742
0.104013566987
0.087620124364
0.094968908988
0.265121537592
0.086489542114
0.052572074618
0.109101187111
0.084228377614
0.042396834370
0.126625211984
0.126625211984
0.126625211984
0.126625211984
0.126625211984
0.126059920859
0.055398530243
0.126625211984
0.126625211984
0.126625211984
0.126625211984
0.126625211984
0.126625211984
0.126625211984
0.126625211984
0.126625211984
0.126625211984
0.126625211984
0.126625211984
0.126625211984
0.126625211984
0.126625211984
0.126625211984
0.126625211984
0.126625211984
0.126625211984
0.126625211984
0.126625211984
0.126625211984
0.126625211984
0.126625211984
0.126625211984
0.126625211984
0.126625211984
0.126625211984
0.126625211984
0.126625211984
0.126625211984
0.126625211984
0.126625211984
0.126625211984
0.126625211984
0.126625211984
0.126625211984
0.055398530243
0.132843414358
0.126625211984
0.126625211984
0.126625211984
0.126625211984
0.126625211984
0.126625211984
0.126625211984
0.126625211984
0.084228377614
0.052572074618
0.132843414358
0.052572074618
0.126625211984
0.084228377614
0.126625211984
0.126625211984
0.126625211984
0.126625211984
0.126625211984
0.126625211984
0.126625211984
0.126625211984
0.126625211984
0.126625211984
0.126625211984
0.126625211984
0.069530808366
0.069530808366
0.069530808366
0.069530808366
0.069530808366
0.069530808366
0.069530808366
0.069530808366
0.069530808366
0.069530808366
0.069530808366
0.069530808366
0.069530808366
0.069530808366
0.069530808366
0.069530808366
0.069530808366
0.069530808366
0.069530808366
0.069530808366
0.069530808366
0.042396834370
0.042396834370
0.042396834370
0.042396834370
0.042396834370
0.042396834370
0.042396834370
0.042396834370
0.042396834370
0.084228377614
0.084228377614
0.084228377614
0.084228377614
0.084228377614
0.084228377614
0.084228377614
0.084228377614
0.084228377614
0.084228377614
0.084228377614
0.084228377614
0.084228377614
0.084228377614
0.084228377614
0.084228377614
0.084228377614
0.084228377614
0.084228377614
0.084228377614
0.084228377614
0.084228377614
0.084228377614
0.084228377614
0.084228377614
0.084228377614
0.084228377614
0.084228377614
0.084228377614
0.084228377614
0.084228377614
0.084228377614
0.084228377614
0.084228377614
0.084228377614
0.084228377614
0.084228377614
0.084228377614
0.084228377614
0.084228377614
0.084228377614
0.084228377614
0.084228377614
0.084228377614
0.084228377614
0.084228377614
0.084228377614
0.084228377614
0.084228377614
0.084228377614
0.084228377614
0.084228377614
0.084228377614
0.084228377614
0.084228377614
0.084228377614
0.084228377614
0.084228377614
0.084228377614
0.084228377614
0.084228377614
0.084228377614
0.084228377614
0.084228377614
0.084228377614
0.084228377614
0.084228377614
0.084228377614
0.084228377614
0.084228377614
0.084228377614
0.084228377614
0.084228377614
0.084228377614
0.055398530243
0.055398530243
0.055398530243
0.055398530243
0.055398530243
0.055398530243
0.055398530243
0.055398530243
0.055398530243
0.055398530243
0.055398530243
0.055398530243
0.055398530243
0.055398530243
0.055398530243
0.055398530243
0.055398530243
0.055398530243
0.055398530243
0.055398530243
0.055398530243
0.055398530243
0.055398530243
0.055398530243
0.055398530243
0.055398530243
0.055398530243
0.055398530243
0.055398530243
0.055398530243
0.126625211984
0.052572074618
0.126625211984
0.126625211984
0.126625211984
0.074053137366
0.124929338609
0.127190503109
0.052572074618
0.266252119842
0.042396834370
0.062182023742
0.081401921990
0.126625211984
0.126625211984
0.126625211984
0.126625211984
0.126625211984
0.126625211984
0.126625211984
0.126625211984
0.126625211984
0.126625211984
0.126625211984
0.126625211984
0.126625211984
0.126625211984
0.126625211984
0.126625211984
0.126625211984
0.126625211984
0.126625211984
0.126625211984
0.126625211984
0.126625211984
0.126625211984
0.126625211984
0.126625211984
0.126625211984
0.126625211984
0.126625211984
0.126625211984
0.126625211984
0.126625211984
0.126625211984
0.126625211984
0.126625211984
0.126625211984
0.126625211984
0.126625211984
0.126625211984
0.126625211984
0.126625211984
0.126625211984
0.126625211984
0.126625211984
0.126625211984
0.126625211984
0.126625211984
0.126625211984
0.126625211984
0.126625211984
0.126625211984
0.126625211984
0.126625211984
0.126625211984
0.126625211984
0.126625211984
0.126625211984
0.126625211984
0.126625211984
0.126625211984
0.126625211984
0.126625211984
0.126625211984
0.126625211984
0.126625211984
0.126625211984
0.126625211984
0.126625211984
0.126625211984
0.126625211984
0.126625211984
0.126625211984
0.126625211984
0.126625211984
0.126625211984
