0.115328467153
0.118248175182
0.119708029197
0.121167883212
0.117518248175
0.118248175182
0.118978102190
0.118248175182
0.118248175182
0.118248175182
0.118248175182
0.118248175182
0.118248175182
0.118248175182
0.118248175182
0.118248175182
0.118248175182
0.118248175182
0.118248175182
0.118978102190
0.118248175182
0.116058394161
0.115328467153
0.113138686131
0.110948905109
0.110948905109
0.109489051095
0.107299270073
0.108029197080
0.107299270073
0.110218978102
0.113138686131
0.117518248175
0.115328467153
0.113138686131
0.118248175182
0.117518248175
0.116058394161
0.116788321168
0.116788321168
0.113868613139
0.110948905109
0.111678832117
0.112408759124
0.116058394161
0.122627737226
0.129197080292
0.136496350365
0.147445255474
0.163503649635
0.170072992701
0.184671532847
0.192700729927
0.195620437956
0.201459854015
0.202919708029
0.200729927007
0.206569343066
0.205839416058
0.206569343066
0.213138686131
0.218978102190
0.221897810219
0.226277372263
0.232846715328
0.231386861314
0.225547445255
0.226277372263
0.224087591241
0.227007299270
0.226277372263
0.224087591241
0.225547445255
0.221897810219
0.218978102190
0.215328467153
0.213868613139
0.218248175182
0.217518248175
0.224817518248
0.229197080292
0.231386861314
0.232116788321
0.232116788321
0.234306569343
0.234306569343
0.233576642336
0.231386861314
0.232846715328
0.237956204380
0.240145985401
0.242335766423
0.239416058394
0.239416058394
0.245985401460
0.248175182482
0.249635036496
0.252554744526
0.254744525547
0.256934306569
0.259124087591
0.268613138686
0.272992700730
0.277372262774
0.274452554745
0.272992700730
0.272992700730
0.267153284672
0.274452554745
0.274452554745
0.272992700730
0.283211678832
0.288321167883
0.286861313869
0.285401459854
0.282481751825
0.282481751825
0.286131386861
0.288321167883
0.289781021898
0.286861313869
0.290510948905
0.293430656934
0.295620437956
0.298540145985
0.300000000000
0.304379562044
0.308759124088
0.308759124088
0.309489051095
0.307299270073
0.314598540146
0.308029197080
0.309489051095
0.297810218978
0.302919708029
0.243065693431
0.270072992701
0.228467153285
0.255474452555
0.282481751825
0.286861313869
0.296350364964
0.298540145985
0.304379562044
0.310218978102
0.318978102190
0.318248175182
0.308029197080
0.299270072993
0.300000000000
0.302919708029
0.305109489051
0.309489051095
0.315328467153
0.314598540146
0.315328467153
0.318248175182
0.320437956204
0.323357664234
0.323357664234
0.321897810219
0.318978102190
0.318248175182
0.318978102190
0.318978102190
0.318978102190
0.321167883212
0.321167883212
0.327007299270
0.331386861314
0.327737226277
0.326277372263
0.328467153285
0.328467153285
0.330656934307
0.329927007299
0.332116788321
0.336496350365
0.335036496350
0.335036496350
0.338686131387
0.335036496350
0.338686131387
0.342335766423
0.343795620438
0.345985401460
0.350364963504
0.356934306569
0.356934306569
0.357664233577
0.359854014599
0.362773722628
0.361313868613
0.362773722628
0.364963503650
0.364963503650
0.369343065693
0.372262773723
0.372262773723
0.375912408759
0.376642335766
0.377372262774
0.380291970803
0.383211678832
0.383941605839
0.383941605839
0.384671532847
0.388321167883
0.389051094891
0.386861313869
0.386131386861
0.387591240876
0.385401459854
0.386861313869
0.386861313869
0.390510948905
0.390510948905
0.391970802920
0.391970802920
0.400000000000
0.385401459854
0.406569343066
0.362043795620
0.362773722628
0.371532846715
0.398540145985
0.391970802920
0.396350364964
0.400000000000
0.406569343066
0.405109489051
0.403649635036
0.404379562044
0.403649635036
0.402919708029
0.407299270073
0.413138686131
0.414598540146
0.416058394161
0.416788321168
0.412408759124
0.413138686131
0.415328467153
0.417518248175
0.421167883212
0.423357664234
0.429197080292
0.427737226277
0.429197080292
0.432116788321
0.433576642336
0.433576642336
0.435766423358
0.439416058394
0.438686131387
0.439416058394
0.437226277372
0.437956204380
0.438686131387
0.437956204380
0.439416058394
0.437956204380
0.439416058394
0.440145985401
0.442335766423
0.447445255474
0.442335766423
0.453284671533
0.427007299270
0.426277372263
0.375182481752
0.404379562044
0.435036496350
0.442335766423
0.445255474453
0.449635036496
0.454744525547
0.453284671533
0.454744525547
0.451094890511
0.445985401460
0.444525547445
0.445985401460
0.445255474453
0.451094890511
0.451824817518
0.459854014599
0.459854014599
0.459124087591
0.464233576642
0.466423357664
0.469343065693
0.472992700730
0.473722627737
0.474452554745
0.476642335766
0.477372262774
0.473722627737
0.472992700730
0.473722627737
0.470802919708
0.471532846715
0.476642335766
0.483941605839
0.489781021898
0.489781021898
0.491970802920
0.489051094891
0.487591240876
0.489781021898
0.489781021898
0.495620437956
0.489051094891
0.500729927007
0.477372262774
0.481751824818
0.456934306569
0.489781021898
0.459854014599
0.500000000000
0.458394160584
0.481021897810
0.463503649635
0.475182481752
0.479562043796
0.495620437956
0.497080291971
0.500729927007
0.505109489051
0.509489051095
0.510948905109
0.513138686131
0.510948905109
0.512408759124
0.506569343066
0.508759124088
0.508029197080
0.510948905109
0.496350364964
0.508759124088
0.458394160584
0.470072992701
0.456934306569
0.478832116788
0.486861313869
0.500729927007
0.502919708029
0.511678832117
0.510948905109
0.518248175182
0.516788321168
0.526277372263
0.521167883212
0.533576642336
0.520437956204
0.532116788321
0.496350364964
0.502189781022
0.497080291971
0.519708029197
0.518978102190
0.511678832117
0.525547445255
0.517518248175
0.521167883212
0.518978102190
0.528467153285
0.523357664234
0.537226277372
0.526277372263
0.535036496350
0.532116788321
0.539416058394
0.535036496350
0.532846715328
0.540875912409
0.528467153285
0.547445255474
0.518978102190
0.537956204380
0.486131386861
0.500729927007
0.492700729927
0.538686131387
0.532846715328
0.548175182482
0.550364963504
0.551094890511
0.545255474453
0.544525547445
0.545985401460
0.548175182482
0.548175182482
0.555474452555
0.553284671533
0.556934306569
0.556934306569
0.559854014599
0.525547445255
0.491240875912
0.529927007299
0.532116788321
0.564233576642
0.551094890511
0.573722627737
0.567153284672
0.572262773723
0.571532846715
0.572262773723
0.575182481752
0.573722627737
0.570802919708
0.575912408759
0.572262773723
0.571532846715
0.584671532847
0.570072992701
0.577372262774
0.569343065693
0.576642335766
0.577372262774
0.585401459854
0.585401459854
0.589051094891
0.577372262774
0.576642335766
0.556934306569
0.551824817518
0.524817518248
0.513868613139
0.505839416058
0.547445255474
0.564963503650
0.600000000000
0.598540145985
0.600729927007
0.607299270073
0.608759124088
0.605109489051
0.609489051095
0.610218978102
0.607299270073
0.597080291971
0.600000000000
0.597080291971
0.602919708029
0.602189781022
0.610218978102
0.586131386861
0.589051094891
0.557664233577
0.574452554745
0.569343065693
0.603649635036
0.578102189781
0.607299270073
0.595620437956
0.613868613139
0.602189781022
0.609489051095
0.592700729927
0.600729927007
0.567153284672
0.600729927007
0.586861313869
0.597080291971
0.607299270073
0.621897810219
0.628467153285
0.632846715328
0.633576642336
0.630656934307
0.637226277372
0.633576642336
0.629197080292
0.631386861314
0.632846715328
0.639416058394
0.635036496350
0.637956204380
0.637226277372
0.629197080292
0.616788321168
0.539416058394
0.545985401460
0.560583941606
0.619708029197
0.645985401460
0.651824817518
0.658394160584
0.661313868613
0.656204379562
0.651824817518
0.649635036496
0.654744525547
0.648905109489
0.654014598540
0.637956204380
0.612408759124
0.509489051095
0.583941605839
0.566423357664
0.595620437956
0.646715328467
0.650364963504
0.651824817518
0.654014598540
0.652554744526
0.656204379562
0.659854014599
0.662043795620
0.659124087591
0.656934306569
0.659854014599
0.664963503650
0.670072992701
0.675182481752
0.676642335766
0.678832116788
0.683941605839
0.686861313869
0.688321167883
0.689781021898
0.687591240876
0.669343065693
0.665693430657
0.527007299270
0.578102189781
0.562043795620
0.598540145985
0.652554744526
0.667883211679
0.692700729927
0.689051094891
0.683941605839
0.678832116788
0.670072992701
0.667883211679
0.666423357664
0.670802919708
0.678832116788
0.674452554745
0.678102189781
0.678832116788
0.685401459854
0.691240875912
0.692700729927
0.695620437956
0.695620437956
0.697080291971
0.695620437956
0.697810218978
0.705839416058
0.709489051095
0.706569343066
0.673722627737
0.636496350365
0.573722627737
0.625547445255
0.665693430657
0.655474452555
0.683941605839
0.692700729927
0.697080291971
0.697810218978
0.693430656934
0.692700729927
0.690510948905
0.692700729927
0.695620437956
0.699270072993
0.705109489051
0.709489051095
0.714598540146
0.713868613139
0.716788321168
0.700000000000
0.670802919708
0.576642335766
0.589781021898
0.613868613139
0.701459854015
0.729197080292
0.721167883212
0.725547445255
0.727007299270
0.728467153285
0.719708029197
0.722627737226
0.718248175182
0.714598540146
0.711678832117
0.710218978102
0.715328467153
0.693430656934
0.694890510949
0.600729927007
0.625547445255
0.574452554745
0.640145985401
0.675912408759
0.710948905109
0.727007299270
0.724817518248
0.724087591241
0.727007299270
0.724817518248
0.728467153285
0.730656934307
0.732846715328
0.739416058394
0.738686131387
0.743065693431
0.748905109489
0.748905109489
0.743795620438
0.740145985401
0.739416058394
0.743795620438
0.742335766423
0.744525547445
0.743795620438
0.751824817518
0.748905109489
0.713868613139
0.632116788321
0.580291970803
0.570802919708
0.597810218978
0.654744525547
0.664963503650
0.656204379562
0.686131386861
0.718978102190
0.723357664234
0.720437956204
0.727007299270
0.728467153285
0.728467153285
0.720437956204
0.712408759124
0.718248175182
0.716058394161
0.717518248175
0.721167883212
0.723357664234
0.724087591241
0.719708029197
0.721167883212
0.731386861314
0.729927007299
0.735036496350
0.732846715328
0.736496350365
0.737956204380
0.739416058394
0.741605839416
0.748175182482
0.753284671533
0.756204379562
0.759124087591
0.757664233577
0.760583941606
0.763503649635
0.767153284672
0.760583941606
0.760583941606
0.760583941606
0.765693430657
0.763503649635
0.765693430657
0.755474452555
0.735766423358
0.685401459854
0.605839416058
0.654744525547
0.698540145985
0.766423357664
0.768613138686
0.774452554745
0.772992700730
0.770072992701
0.764233576642
0.766423357664
0.764963503650
0.765693430657
0.768613138686
0.775182481752
0.775182481752
0.778102189781
0.780291970803
0.784671532847
0.788321167883
0.788321167883
0.793430656934
0.797810218978
0.795620437956
0.800000000000
0.766423357664
0.759124087591
0.610218978102
0.627007299270
0.713868613139
0.770072992701
0.783941605839
0.788321167883
0.789051094891
0.791240875912
0.791970802920
0.791970802920
0.792700729927
0.792700729927
0.799270072993
0.802189781022
0.802919708029
0.802189781022
0.800729927007
0.808029197080
0.804379562044
0.801459854015
0.802919708029
0.807299270073
0.810218978102
0.817518248175
0.815328467153
0.820437956204
0.818248175182
0.818978102190
0.820437956204
0.824817518248
0.824817518248
0.827737226277
0.827007299270
0.834306569343
0.834306569343
0.835766423358
0.829197080292
0.832846715328
0.801459854015
0.723357664234
0.633576642336
0.605839416058
0.708759124088
0.667883211679
0.765693430657
0.808029197080
0.816058394161
0.818248175182
0.815328467153
0.808759124088
0.797080291971
0.791970802920
0.791970802920
0.789051094891
0.789051094891
0.790510948905
0.791240875912
0.798540145985
0.801459854015
0.806569343066
0.808759124088
0.813138686131
0.813138686131
0.815328467153
0.821167883212
0.826277372263
0.829927007299
0.832846715328
0.832846715328
0.835766423358
0.841605839416
0.837226277372
0.841605839416
0.839416058394
0.845255474453
0.845985401460
0.845985401460
0.835036496350
0.806569343066
0.759854014599
0.738686131387
0.729197080292
0.708029197080
0.710948905109
0.780291970803
0.803649635036
0.838686131387
0.839416058394
0.835036496350
0.837956204380
0.836496350365
0.840875912409
0.841605839416
0.845985401460
0.845255474453
0.848905109489
0.848905109489
0.845985401460
0.849635036496
0.856934306569
0.859124087591
0.859854014599
0.861313868613
0.865693430657
0.861313868613
0.861313868613
0.815328467153
0.778832116788
0.689051094891
0.648175182482
0.747445255474
0.848905109489
0.845985401460
0.856204379562
0.854744525547
0.856204379562
0.851094890511
0.849635036496
0.851824817518
0.858394160584
0.857664233577
0.856934306569
0.859854014599
0.864963503650
0.867883211679
0.869343065693
0.872262773723
0.872262773723
0.873722627737
0.877372262774
0.881021897810
0.877372262774
0.878102189781
0.879562043796
0.879562043796
0.888321167883
0.891240875912
0.892700729927
0.893430656934
0.887591240876
0.897080291971
0.887591240876
0.890510948905
0.834306569343
0.813868613139
0.687591240876
0.716788321168
0.743065693431
0.785401459854
0.844525547445
0.875912408759
0.875912408759
0.866423357664
0.867883211679
0.869343065693
0.867883211679
0.863503649635
0.862043795620
0.861313868613
0.855474452555
0.856934306569
0.859854014599
0.863503649635
0.872262773723
0.869343065693
0.875912408759
0.878102189781
0.881021897810
0.883211678832
0.887591240876
0.893430656934
0.897810218978
0.902189781022
0.901459854015
0.904379562044
0.905839416058
0.910948905109
0.913138686131
0.915328467153
0.918248175182
0.909489051095
0.913868613139
0.880291970803
0.804379562044
0.580291970803
0.417518248175
0.405109489051
0.534306569343
0.532846715328
0.508759124088
0.502189781022
0.496350364964
0.494160583942
0.494890510949
0.503649635036
0.508029197080
0.521897810219
0.520437956204
0.526277372263
0.528467153285
0.533576642336
0.531386861314
0.535036496350
0.539416058394
0.540875912409
0.546715328467
0.540145985401
0.543795620438
0.548905109489
0.557664233577
0.570802919708
0.553284671533
0.536496350365
0.483211678832
0.513868613139
0.549635036496
0.578832116788
0.610948905109
0.616058394161
0.618978102190
0.622627737226
0.625547445255
0.622627737226
0.626277372263
0.637226277372
0.639416058394
0.639416058394
0.635036496350
0.635036496350
0.638686131387
0.642335766423
0.643795620438
0.652554744526
0.654744525547
0.657664233577
0.659124087591
0.659124087591
0.662043795620
0.662773722628
0.664963503650
0.665693430657
0.669343065693
0.674452554745
0.675912408759
0.679562043796
0.683211678832
0.686861313869
0.688321167883
0.690510948905
0.694160583942
0.695620437956
0.695620437956
0.699270072993
0.698540145985
0.701459854015
0.702919708029
0.705839416058
0.702919708029
0.704379562044
0.701459854015
0.704379562044
0.710218978102
0.709489051095
0.714598540146
0.714598540146
0.717518248175
0.721167883212
0.718978102190
0.722627737226
0.713138686131
0.713868613139
0.686861313869
0.693430656934
0.680291970803
0.716058394161
0.718248175182
0.729927007299
0.730656934307
0.727007299270
0.731386861314
0.729927007299
0.729927007299
0.721897810219
0.730656934307
0.730656934307
0.724087591241
0.737956204380
0.725547445255
0.748175182482
0.738686131387
0.748905109489
0.743795620438
0.751094890511
0.747445255474
0.754014598540
0.748905109489
0.756204379562
0.752554744526
0.759124087591
0.751824817518
0.759854014599
0.756934306569
0.762773722628
0.756934306569
0.764963503650
0.754744525547
0.772992700730
0.754744525547
0.777372262774
0.739416058394
0.757664233577
0.693430656934
0.741605839416
0.733576642336
0.776642335766
0.771532846715
0.772992700730
0.770072992701
0.767153284672
0.774452554745
0.768613138686
0.773722627737
0.770072992701
0.769343065693
0.769343065693
0.770802919708
0.772992700730
0.769343065693
0.748905109489
0.724817518248
0.643795620438
0.653284671533
0.708029197080
0.743065693431
0.782481751825
0.800729927007
0.800000000000
0.789781021898
0.783941605839
0.777372262774
0.778102189781
0.780291970803
0.790510948905
0.787591240876
0.786861313869
0.786131386861
0.786861313869
0.786861313869
0.783941605839
0.782481751825
0.783941605839
0.782481751825
0.783941605839
0.785401459854
0.785401459854
0.789051094891
0.794160583942
0.802189781022
0.800000000000
0.805839416058
0.797810218978
0.800729927007
0.754744525547
0.735766423358
0.627737226277
0.710218978102
0.747445255474
0.781751824818
0.783941605839
0.805839416058
0.801459854015
0.796350364964
0.791240875912
0.794160583942
0.791240875912
0.797080291971
0.799270072993
0.805109489051
0.808029197080
0.811678832117
0.818978102190
0.821167883212
0.822627737226
0.819708029197
0.825547445255
0.831386861314
0.831386861314
0.832116788321
0.829927007299
0.826277372263
0.770072992701
0.716058394161
0.578832116788
0.689051094891
0.786131386861
0.822627737226
0.828467153285
0.832846715328
0.835766423358
0.830656934307
0.824817518248
0.826277372263
0.822627737226
0.824817518248
0.817518248175
0.817518248175
0.811678832117
0.812408759124
0.815328467153
0.811678832117
0.814598540146
0.818248175182
0.824817518248
0.825547445255
0.829927007299
0.829197080292
0.836496350365
0.838686131387
0.840875912409
0.837956204380
0.840145985401
0.842335766423
0.846715328467
0.848905109489
0.851824817518
0.852554744526
0.853284671533
0.856934306569
0.857664233577
0.854014598540
0.854014598540
0.855474452555
0.862043795620
0.867153284672
0.865693430657
0.866423357664
0.865693430657
0.867153284672
0.865693430657
0.870072992701
0.847445255474
0.808029197080
0.723357664234
0.700000000000
0.751824817518
0.834306569343
0.854744525547
0.862043795620
0.871532846715
0.872992700730
0.867883211679
0.863503649635
0.863503649635
0.858394160584
0.859854014599
0.862043795620
0.860583941606
0.862773722628
0.867153284672
0.858394160584
0.856204379562
0.848175182482
0.840145985401
0.835036496350
0.842335766423
0.844525547445
0.857664233577
0.862043795620
0.873722627737
0.870802919708
0.872262773723
0.871532846715
0.875182481752
0.875182481752
0.875182481752
0.876642335766
0.874452554745
0.872262773723
0.869343065693
0.861313868613
0.864233576642
0.854744525547
0.867883211679
0.875912408759
0.883211678832
0.886861313869
0.883941605839
0.897080291971
0.888321167883
0.904379562044
0.887591240876
0.891970802920
0.878832116788
0.873722627737
0.845255474453
0.832116788321
0.844525547445
0.846715328467
0.895620437956
0.878832116788
0.902919708029
0.877372262774
0.902919708029
0.873722627737
0.901459854015
0.880291970803
0.907299270073
0.902919708029
0.915328467153
0.916058394161
0.921897810219
0.916788321168
0.921167883212
0.913138686131
0.920437956204
0.913138686131
0.918248175182
0.892700729927
0.899270072993
0.851094890511
0.837226277372
0.830656934307
0.876642335766
0.925547445255
0.916788321168
0.929197080292
0.913868613139
0.908759124088
0.894160583942
0.890510948905
0.893430656934
0.895620437956
0.915328467153
0.934306569343
0.940875912409
0.946715328467
0.941605839416
0.939416058394
0.940875912409
0.927737226277
0.931386861314
0.878832116788
0.837226277372
0.659854014599
0.744525547445
0.862773722628
0.875182481752
0.916788321168
0.935766423358
0.933576642336
0.929927007299
0.924087591241
0.916788321168
0.914598540146
0.910948905109
0.911678832117
0.913868613139
0.913868613139
0.916058394161
0.914598540146
0.917518248175
0.917518248175
0.896350364964
0.846715328467
0.713868613139
0.702189781022
0.683211678832
0.813868613139
0.854744525547
0.891240875912
0.897080291971
0.898540145985
0.895620437956
0.899270072993
0.900000000000
0.897080291971
0.889781021898
0.893430656934
0.897810218978
0.897080291971
0.905839416058
0.907299270073
0.907299270073
0.906569343066
0.910218978102
0.912408759124
0.914598540146
0.915328467153
0.918248175182
0.914598540146
0.908759124088
0.849635036496
0.724817518248
0.680291970803
0.779562043796
0.895620437956
0.897810218978
0.902919708029
0.903649635036
0.907299270073
0.908029197080
0.905839416058
0.905839416058
0.906569343066
0.908029197080
0.908029197080
0.909489051095
0.913138686131
0.915328467153
0.914598540146
0.915328467153
0.918978102190
0.921167883212
0.924817518248
0.923357664234
0.924087591241
0.924817518248
0.922627737226
0.924817518248
0.924817518248
0.927007299270
0.929197080292
0.932116788321
0.931386861314
0.936496350365
0.933576642336
0.937956204380
0.935036496350
0.935036496350
0.908759124088
0.830656934307
0.634306569343
0.572992700730
0.621167883212
0.745255474453
0.743795620438
0.743065693431
0.744525547445
0.734306569343
0.730656934307
0.726277372263
0.732846715328
0.721897810219
0.717518248175
0.715328467153
0.717518248175
0.720437956204
0.734306569343
0.746715328467
0.761313868613
0.757664233577
0.753284671533
0.753284671533
0.756204379562
0.755474452555
0.754014598540
0.759854014599
0.759124087591
0.769343065693
0.779562043796
0.791240875912
0.794160583942
0.790510948905
0.785401459854
0.782481751825
0.783941605839
0.784671532847
0.787591240876
0.790510948905
0.796350364964
0.802919708029
0.804379562044
0.800729927007
0.803649635036
0.813138686131
0.810218978102
0.816788321168
0.821897810219
0.825547445255
0.828467153285
0.829197080292
0.831386861314
0.829927007299
0.835766423358
0.836496350365
0.837956204380
0.836496350365
0.832846715328
0.799270072993
0.788321167883
0.598540145985
0.640875912409
0.654014598540
0.681751824818
0.710948905109
0.733576642336
0.745985401460
0.765693430657
0.783941605839
0.796350364964
0.794890510949
0.795620437956
0.798540145985
0.796350364964
0.794160583942
0.788321167883
0.791970802920
0.794160583942
0.797080291971
0.800729927007
0.805109489051
0.802919708029
0.800000000000
0.799270072993
0.801459854015
0.800729927007
0.803649635036
0.804379562044
0.808759124088
0.812408759124
0.824817518248
0.829927007299
0.834306569343
0.836496350365
0.842335766423
0.839416058394
0.838686131387
0.840875912409
0.846715328467
0.848175182482
0.845985401460
0.848175182482
0.854744525547
0.852554744526
0.851094890511
0.853284671533
0.854014598540
0.854014598540
0.854014598540
0.854744525547
0.854744525547
0.854744525547
0.856934306569
0.855474452555
0.856934306569
0.854014598540
0.859124087591
0.850364963504
0.861313868613
0.846715328467
0.850364963504
0.821897810219
0.817518248175
0.800000000000
0.842335766423
0.848175182482
0.861313868613
0.864963503650
0.867153284672
0.869343065693
0.868613138686
0.867153284672
0.867153284672
0.865693430657
0.867153284672
0.869343065693
0.872262773723
0.870072992701
0.870802919708
0.870072992701
0.870802919708
0.871532846715
0.873722627737
0.874452554745
0.877372262774
0.878832116788
0.879562043796
0.881751824818
0.881751824818
0.878832116788
0.879562043796
0.883941605839
0.884671532847
0.886131386861
0.886131386861
0.890510948905
0.889781021898
0.885401459854
0.866423357664
0.744525547445
0.764963503650
0.714598540146
0.883211678832
0.891970802920
0.906569343066
0.907299270073
0.907299270073
0.908029197080
0.909489051095
0.906569343066
0.904379562044
0.902189781022
0.901459854015
0.900000000000
0.897080291971
0.895620437956
0.893430656934
0.891970802920
0.896350364964
0.899270072993
0.897810218978
0.905109489051
0.905109489051
0.902919708029
0.900729927007
0.859124087591
0.837226277372
0.745985401460
0.843065693431
0.896350364964
0.916058394161
0.919708029197
0.914598540146
0.918248175182
0.916058394161
0.913868613139
0.916788321168
0.921167883212
0.919708029197
0.924817518248
0.910948905109
0.914598540146
0.873722627737
0.835766423358
0.689051094891
0.775182481752
0.874452554745
0.876642335766
0.893430656934
0.917518248175
0.921167883212
0.919708029197
0.916058394161
0.908759124088
0.906569343066
0.910218978102
0.911678832117
0.912408759124
0.910218978102
0.912408759124
0.913138686131
0.912408759124
0.916058394161
0.918978102190
0.920437956204
0.921167883212
0.923357664234
0.928467153285
0.929927007299
0.929927007299
0.931386861314
0.932846715328
0.934306569343
0.936496350365
0.935036496350
0.935036496350
0.933576642336
0.929927007299
0.916058394161
0.845985401460
0.743065693431
0.778102189781
0.878832116788
0.929927007299
0.921897810219
0.937226277372
0.937226277372
0.932116788321
0.934306569343
0.934306569343
0.929197080292
0.929197080292
0.931386861314
0.934306569343
0.935036496350
0.934306569343
0.930656934307
0.932846715328
0.937226277372
0.937956204380
0.942335766423
0.944525547445
0.947445255474
0.949635036496
0.952554744526
0.953284671533
0.951824817518
0.951824817518
0.953284671533
0.951824817518
0.947445255474
0.914598540146
0.796350364964
0.468613138686
0.385401459854
0.335766423358
0.297080291971
0.258394160584
0.192700729927
0.225547445255
0.220437956204
0.208759124088
0.202189781022
0.211678832117
0.201459854015
0.215328467153
0.245255474453
0.163503649635
0.156934306569
0.163503649635
0.118248175182
0.025547445255
0.114598540146
0.129927007299
0.133576642336
0.131386861314
0.130656934307
0.130656934307
0.130656934307
0.137956204380
0.150364963504
0.149635036496
0.147445255474
0.146715328467
0.143795620438
0.148175182482
0.159124087591
0.164233576642
0.160583941606
0.158394160584
0.151094890511
0.137956204380
0.139416058394
0.128467153285
0.121897810219
0.124817518248
0.127737226277
0.129197080292
0.132116788321
0.130656934307
0.131386861314
0.132116788321
0.132116788321
0.131386861314
0.132846715328
0.134306569343
0.130656934307
0.131386861314
0.127007299270
0.132116788321
0.129927007299
0.131386861314
0.129197080292
0.129927007299
0.129927007299
0.128467153285
0.127737226277
0.129927007299
0.127007299270
0.127007299270
0.126277372263
0.127737226277
0.127007299270
0.129927007299
0.131386861314
0.129927007299
0.130656934307
0.129197080292
0.129197080292
0.129927007299
0.130656934307
0.132116788321
0.137956204380
0.159854014599
0.145985401460
0.153284671533
0.159124087591
0.151824817518
0.162773722628
0.160583941606
0.162043795620
0.164963503650
0.162773722628
0.164963503650
0.161313868613
0.156934306569
0.105109489051
0.131386861314
0.139416058394
0.108759124088
0.130656934307
0.102919708029
0.118248175182
0.081021897810
0.104379562044
0.110218978102
0.025547445255
0.025547445255
0.025547445255
0.025547445255
0.025547445255
0.024817518248
0.116788321168
0.025547445255
0.025547445255
0.025547445255
0.025547445255
0.025547445255
0.025547445255
0.025547445255
0.025547445255
0.025547445255
0.025547445255
0.025547445255
0.025547445255
0.025547445255
0.025547445255
0.025547445255
0.025547445255
0.025547445255
0.025547445255
0.025547445255
0.025547445255
0.025547445255
0.025547445255
0.025547445255
0.025547445255
0.025547445255
0.025547445255
0.025547445255
0.025547445255
0.025547445255
0.025547445255
0.025547445255
0.025547445255
0.025547445255
0.025547445255
0.025547445255
0.025547445255
0.025547445255
0.116788321168
0.163503649635
0.025547445255
0.025547445255
0.025547445255
0.025547445255
0.025547445255
0.025547445255
0.025547445255
0.025547445255
0.104379562044
0.118248175182
0.163503649635
0.118248175182
0.025547445255
0.104379562044
0.025547445255
0.025547445255
0.025547445255
0.025547445255
0.025547445255
0.025547445255
0.025547445255
0.025547445255
0.025547445255
0.025547445255
0.025547445255
0.025547445255
0.062773722628
0.062773722628
0.062773722628
0.062773722628
0.062773722628
0.062773722628
0.062773722628
0.062773722628
0.062773722628
0.062773722628
0.062773722628
0.062773722628
0.062773722628
0.062773722628
0.062773722628
0.062773722628
0.062773722628
0.062773722628
0.062773722628
0.062773722628
0.062773722628
0.110218978102
0.110218978102
0.110218978102
0.110218978102
0.110218978102
0.110218978102
0.110218978102
0.110218978102
0.110218978102
0.104379562044
0.104379562044
0.104379562044
0.104379562044
0.104379562044
0.104379562044
0.104379562044
0.104379562044
0.104379562044
0.104379562044
0.104379562044
0.104379562044
0.104379562044
0.104379562044
0.104379562044
0.104379562044
0.104379562044
0.104379562044
0.104379562044
0.104379562044
0.104379562044
0.104379562044
0.104379562044
0.104379562044
0.104379562044
0.104379562044
0.104379562044
0.104379562044
0.104379562044
0.104379562044
0.104379562044
0.104379562044
0.104379562044
0.104379562044
0.104379562044
0.104379562044
0.104379562044
0.104379562044
0.104379562044
0.104379562044
0.104379562044
0.104379562044
0.104379562044
0.104379562044
0.104379562044
0.104379562044
0.104379562044
0.104379562044
0.104379562044
0.104379562044
0.104379562044
0.104379562044
0.104379562044
0.104379562044
0.104379562044
0.104379562044
0.104379562044
0.104379562044
0.104379562044
0.104379562044
0.104379562044
0.104379562044
0.104379562044
0.104379562044
0.104379562044
0.104379562044
0.104379562044
0.104379562044
0.104379562044
0.104379562044
0.104379562044
0.104379562044
0.104379562044
0.104379562044
0.116788321168
0.116788321168
0.116788321168
0.116788321168
0.116788321168
0.116788321168
0.116788321168
0.116788321168
0.116788321168
0.116788321168
0.116788321168
0.116788321168
0.116788321168
0.116788321168
0.116788321168
0.116788321168
0.116788321168
0.116788321168
0.116788321168
0.116788321168
0.116788321168
0.116788321168
0.116788321168
0.116788321168
0.116788321168
0.116788321168
0.116788321168
0.116788321168
0.116788321168
0.116788321168
0.025547445255
0.118248175182
0.025547445255
0.025547445255
0.025547445255
0.125547445255
0.025547445255
0.025547445255
0.118248175182
0.129927007299
0.110218978102
0.086861313869
0.100729927007
0.025547445255
0.025547445255
0.025547445255
0.025547445255
0.025547445255
0.025547445255
0.025547445255
0.025547445255
0.025547445255
0.025547445255
0.025547445255
0.025547445255
0.025547445255
0.025547445255
0.025547445255
0.025547445255
0.025547445255
0.025547445255
0.025547445255
0.025547445255
0.025547445255
0.025547445255
0.025547445255
0.025547445255
0.025547445255
0.025547445255
0.025547445255
0.025547445255
0.025547445255
0.025547445255
0.025547445255
0.025547445255
0.025547445255
0.025547445255
0.025547445255
0.025547445255
0.025547445255
0.025547445255
0.025547445255
0.025547445255
0.025547445255
0.025547445255
0.025547445255
0.025547445255
0.025547445255
0.025547445255
0.025547445255
0.025547445255
0.025547445255
0.025547445255
0.025547445255
0.025547445255
0.025547445255
0.025547445255
0.025547445255
0.025547445255
0.025547445255
0.025547445255
0.025547445255
0.025547445255
0.025547445255
0.025547445255
0.025547445255
0.025547445255
0.025547445255
0.025547445255
0.025547445255
0.025547445255
0.025547445255
0.025547445255
0.025547445255
0.025547445255
0.025547445255
0.025547445255
