0.139094650206
0.141975308642
0.145679012346
0.148148148148
0.151028806584
0.151851851852
0.152263374486
0.151851851852
0.151851851852
0.151851851852
0.151851851852
0.151851851852
0.151851851852
0.151851851852
0.151851851852
0.151851851852
0.151851851852
0.151851851852
0.152674897119
0.153086419753
0.153086419753
0.156378600823
0.159670781893
0.161728395062
0.161316872428
0.159259259259
0.162139917695
0.158024691358
0.153909465021
0.151851851852
0.153909465021
0.158847736626
0.157201646091
0.158436213992
0.158847736626
0.153909465021
0.154320987654
0.148971193416
0.144855967078
0.146913580247
0.148971193416
0.149382716049
0.150205761317
0.152674897119
0.152263374486
0.155555555556
0.163374485597
0.172427983539
0.182716049383
0.186831275720
0.191769547325
0.197119341564
0.203292181070
0.211522633745
0.217283950617
0.218930041152
0.220576131687
0.220164609053
0.219753086420
0.224691358025
0.227572016461
0.229629629630
0.230041152263
0.230452674897
0.231687242798
0.227160493827
0.227160493827
0.222222222222
0.217695473251
0.215637860082
0.213580246914
0.213580246914
0.210699588477
0.209876543210
0.211522633745
0.210699588477
0.211111111111
0.214403292181
0.216049382716
0.217283950617
0.219341563786
0.218930041152
0.219753086420
0.222222222222
0.227983539095
0.231275720165
0.231275720165
0.232098765432
0.232098765432
0.239506172840
0.249794238683
0.260905349794
0.269958847737
0.275720164609
0.280246913580
0.276954732510
0.267901234568
0.264197530864
0.263786008230
0.262139917695
0.263786008230
0.265843621399
0.268312757202
0.270781893004
0.271604938272
0.275720164609
0.275308641975
0.276543209877
0.278189300412
0.281069958848
0.283539094650
0.290123456790
0.290534979424
0.295473251029
0.303292181070
0.304526748971
0.305761316872
0.309465020576
0.311934156379
0.310699588477
0.309876543210
0.309465020576
0.308230452675
0.310288065844
0.311111111111
0.312757201646
0.316049382716
0.318106995885
0.319753086420
0.325514403292
0.325514403292
0.324691358025
0.320987654321
0.327572016461
0.311522633745
0.328395061728
0.231275720165
0.294238683128
0.250617283951
0.266666666667
0.282716049383
0.302057613169
0.318930041152
0.322633744856
0.324691358025
0.320576131687
0.325514403292
0.327572016461
0.324279835391
0.318518518519
0.317695473251
0.322633744856
0.327572016461
0.328395061728
0.329218106996
0.337860082305
0.337448559671
0.336625514403
0.338271604938
0.337037037037
0.336625514403
0.336625514403
0.336625514403
0.337037037037
0.334567901235
0.334156378601
0.336625514403
0.336625514403
0.339506172840
0.344032921811
0.346090534979
0.350205761317
0.350617283951
0.353909465021
0.353086419753
0.355555555556
0.355555555556
0.355555555556
0.354732510288
0.360082304527
0.360905349794
0.359259259259
0.358847736626
0.360905349794
0.360905349794
0.363786008230
0.367901234568
0.370370370370
0.375308641975
0.374897119342
0.379835390947
0.379835390947
0.376543209877
0.377366255144
0.379423868313
0.376131687243
0.374074074074
0.374074074074
0.376543209877
0.375308641975
0.376543209877
0.379423868313
0.379835390947
0.382716049383
0.384773662551
0.387654320988
0.392592592593
0.391358024691
0.392592592593
0.395884773663
0.399588477366
0.399176954733
0.401234567901
0.398765432099
0.401234567901
0.397942386831
0.398353909465
0.402469135802
0.396707818930
0.408230452675
0.393004115226
0.409876543210
0.369958847737
0.398765432099
0.317695473251
0.408230452675
0.404115226337
0.416460905350
0.414403292181
0.415637860082
0.411111111111
0.414403292181
0.417695473251
0.417695473251
0.420576131687
0.420164609053
0.420576131687
0.416460905350
0.418518518519
0.420576131687
0.422222222222
0.427160493827
0.430041152263
0.432098765432
0.426748971193
0.428395061728
0.427572016461
0.427160493827
0.429629629630
0.432510288066
0.432098765432
0.433744855967
0.436213991770
0.436625514403
0.443209876543
0.443621399177
0.446913580247
0.448559670782
0.448971193416
0.448971193416
0.447325102881
0.448148148148
0.450617283951
0.452674897119
0.452674897119
0.450617283951
0.452674897119
0.449794238683
0.452263374486
0.437448559671
0.423045267490
0.388888888889
0.379423868313
0.446913580247
0.460082304527
0.454320987654
0.460905349794
0.459259259259
0.453086419753
0.453909465021
0.453497942387
0.455144032922
0.454320987654
0.454732510288
0.455555555556
0.461316872428
0.467078189300
0.473662551440
0.474074074074
0.472839506173
0.472427983539
0.472839506173
0.476954732510
0.480246913580
0.483950617284
0.481893004115
0.484362139918
0.483539094650
0.482304526749
0.482304526749
0.482304526749
0.484362139918
0.485185185185
0.486008230453
0.488065843621
0.490946502058
0.491769547325
0.490123456790
0.490123456790
0.489300411523
0.492592592593
0.494238683128
0.495884773663
0.497942386831
0.493415637860
0.493827160494
0.476954732510
0.491358024691
0.483950617284
0.495884773663
0.487654320988
0.502469135802
0.464197530864
0.499588477366
0.459670781893
0.504526748971
0.491358024691
0.497942386831
0.497119341564
0.498353909465
0.495884773663
0.504938271605
0.504938271605
0.506995884774
0.506584362140
0.512345679012
0.515637860082
0.514403292181
0.511934156379
0.506584362140
0.495884773663
0.480246913580
0.439506172840
0.497119341564
0.462551440329
0.520576131687
0.509876543210
0.524691358025
0.513580246914
0.516872427984
0.512345679012
0.517283950617
0.512757201646
0.518930041152
0.512345679012
0.520987654321
0.505761316872
0.494650205761
0.485596707819
0.483127572016
0.516460905350
0.506995884774
0.523456790123
0.517283950617
0.525514403292
0.514403292181
0.525925925926
0.523045267490
0.528395061728
0.527983539095
0.532921810700
0.532098765432
0.534567901235
0.530864197531
0.530452674897
0.528395061728
0.533333333333
0.531687242798
0.528806584362
0.532921810700
0.509053497942
0.510699588477
0.457201646091
0.507818930041
0.524279835391
0.551028806584
0.551028806584
0.551028806584
0.553497942387
0.551028806584
0.552263374486
0.551028806584
0.550617283951
0.551440329218
0.549794238683
0.554320987654
0.553497942387
0.554732510288
0.539094650206
0.521810699588
0.486008230453
0.486419753086
0.523868312757
0.557613168724
0.552263374486
0.558436213992
0.558847736626
0.560493827160
0.554320987654
0.559670781893
0.555967078189
0.561316872428
0.563786008230
0.568312757202
0.563374485597
0.572427983539
0.561316872428
0.569135802469
0.559670781893
0.569958847737
0.562962962963
0.572427983539
0.567078189300
0.574485596708
0.571193415638
0.569135802469
0.558847736626
0.551028806584
0.523868312757
0.545679012346
0.481893004115
0.547736625514
0.537448559671
0.574074074074
0.570370370370
0.579835390947
0.573662551440
0.577366255144
0.569547325103
0.574485596708
0.577777777778
0.582304526749
0.585596707819
0.585596707819
0.590946502058
0.591358024691
0.593004115226
0.597119341564
0.585185185185
0.590123456790
0.564197530864
0.555967078189
0.549794238683
0.576131687243
0.583539094650
0.588888888889
0.588065843621
0.586008230453
0.587242798354
0.592181069959
0.585185185185
0.590123456790
0.569958847737
0.571604938272
0.566666666667
0.587242798354
0.574485596708
0.589711934156
0.599588477366
0.604115226337
0.607407407407
0.604115226337
0.609465020576
0.606995884774
0.610288065844
0.613580246914
0.616460905350
0.614403292181
0.619341563786
0.616460905350
0.623456790123
0.613991769547
0.623456790123
0.574074074074
0.567489711934
0.474897119342
0.575720164609
0.610288065844
0.622222222222
0.630452674897
0.633333333333
0.632098765432
0.629218106996
0.629218106996
0.630452674897
0.634567901235
0.632921810700
0.635802469136
0.618106995885
0.580658436214
0.523456790123
0.564609053498
0.586831275720
0.608230452675
0.606995884774
0.629218106996
0.630041152263
0.624279835391
0.625514403292
0.622222222222
0.625102880658
0.633744855967
0.636625514403
0.637037037037
0.637860082305
0.638271604938
0.637860082305
0.640329218107
0.639917695473
0.638271604938
0.640740740741
0.641563786008
0.640329218107
0.643621399177
0.639917695473
0.648559670782
0.606172839506
0.527983539095
0.487242798354
0.548559670782
0.586419753086
0.633744855967
0.641975308642
0.641563786008
0.634979423868
0.632510288066
0.628806584362
0.632510288066
0.634567901235
0.641563786008
0.644444444444
0.645679012346
0.648559670782
0.648971193416
0.651851851852
0.651440329218
0.659259259259
0.661316872428
0.658436213992
0.662139917695
0.660905349794
0.660905349794
0.662139917695
0.658847736626
0.658847736626
0.653909465021
0.632921810700
0.617283950617
0.554732510288
0.594650205761
0.619341563786
0.646913580247
0.630864197531
0.675308641975
0.653497942387
0.676543209877
0.674897119342
0.677777777778
0.676543209877
0.677366255144
0.672016460905
0.674074074074
0.671193415638
0.676543209877
0.674074074074
0.681069958848
0.668724279835
0.675720164609
0.613991769547
0.612345679012
0.509053497942
0.633333333333
0.672427983539
0.683539094650
0.670370370370
0.679423868313
0.679835390947
0.676954732510
0.679835390947
0.677366255144
0.683127572016
0.679012345679
0.683539094650
0.677366255144
0.683539094650
0.676543209877
0.659259259259
0.609053497942
0.603292181070
0.594650205761
0.618106995885
0.649794238683
0.664197530864
0.679835390947
0.682304526749
0.683950617284
0.690123456790
0.688065843621
0.690946502058
0.693004115226
0.694650205761
0.692181069959
0.694650205761
0.693415637860
0.696707818930
0.700411522634
0.702469135802
0.702469135802
0.705761316872
0.709876543210
0.711522633745
0.714814814815
0.715226337449
0.713168724280
0.709876543210
0.659259259259
0.610699588477
0.495884773663
0.489300411523
0.562551440329
0.654732510288
0.662962962963
0.658436213992
0.664197530864
0.670781893004
0.672016460905
0.662551440329
0.654320987654
0.655144032922
0.657613168724
0.662139917695
0.668312757202
0.667489711934
0.669547325103
0.671193415638
0.673662551440
0.680658436214
0.687654320988
0.689711934156
0.693415637860
0.695061728395
0.695884773663
0.696296296296
0.697942386831
0.702469135802
0.705761316872
0.702880658436
0.703292181070
0.705349794239
0.705349794239
0.706172839506
0.706172839506
0.710288065844
0.710699588477
0.710699588477
0.711111111111
0.716049382716
0.717695473251
0.718518518519
0.720576131687
0.719753086420
0.716049382716
0.718930041152
0.679423868313
0.674485596708
0.556790123457
0.635390946502
0.639917695473
0.707818930041
0.725514403292
0.725925925926
0.723456790123
0.718518518519
0.716049382716
0.712345679012
0.715637860082
0.719753086420
0.720164609053
0.719341563786
0.717695473251
0.718106995885
0.721399176955
0.725102880658
0.727572016461
0.728395061728
0.730041152263
0.730864197531
0.733744855967
0.731275720165
0.723868312757
0.681481481481
0.613991769547
0.590123456790
0.643209876543
0.729218106996
0.717283950617
0.725514403292
0.729629629630
0.734156378601
0.733744855967
0.739917695473
0.740329218107
0.739917695473
0.735802469136
0.735390946502
0.737448559671
0.740740740741
0.743209876543
0.748148148148
0.753497942387
0.753086419753
0.757613168724
0.759259259259
0.758847736626
0.757613168724
0.759670781893
0.758847736626
0.762551440329
0.761316872428
0.761316872428
0.764609053498
0.765020576132
0.765843621399
0.769135802469
0.769547325103
0.770370370370
0.772427983539
0.772427983539
0.760082304527
0.740329218107
0.668724279835
0.525514403292
0.635802469136
0.618518518519
0.681893004115
0.752674897119
0.748148148148
0.741975308642
0.744032921811
0.749382716049
0.748148148148
0.745267489712
0.742386831276
0.742386831276
0.740329218107
0.739506172840
0.741975308642
0.744855967078
0.746502057613
0.753086419753
0.757201646091
0.755144032922
0.756378600823
0.756378600823
0.756790123457
0.760493827160
0.764197530864
0.765843621399
0.765843621399
0.765432098765
0.763374485597
0.765020576132
0.764609053498
0.765843621399
0.766666666667
0.771193415638
0.769547325103
0.772839506173
0.764609053498
0.734567901235
0.716049382716
0.667901234568
0.682716049383
0.660905349794
0.636213991770
0.723868312757
0.758847736626
0.777777777778
0.765020576132
0.758024691358
0.762551440329
0.765432098765
0.767078189300
0.770370370370
0.769547325103
0.769958847737
0.771193415638
0.772427983539
0.776543209877
0.781069958848
0.781069958848
0.786831275720
0.789300411523
0.790534979424
0.791358024691
0.797942386831
0.790946502058
0.781069958848
0.723868312757
0.715226337449
0.697942386831
0.731687242798
0.782304526749
0.775720164609
0.793415637860
0.793415637860
0.793827160494
0.789711934156
0.788477366255
0.785596707819
0.782716049383
0.784773662551
0.788888888889
0.788477366255
0.791769547325
0.792592592593
0.790946502058
0.789300411523
0.794238683128
0.797530864198
0.800000000000
0.803292181070
0.806995884774
0.809876543210
0.812757201646
0.814403292181
0.813580246914
0.816872427984
0.822633744856
0.823456790123
0.824691358025
0.822633744856
0.828806584362
0.806995884774
0.811111111111
0.725102880658
0.710288065844
0.687242798354
0.672427983539
0.713580246914
0.781069958848
0.812345679012
0.817283950617
0.823045267490
0.818930041152
0.820164609053
0.811522633745
0.809053497942
0.804938271605
0.805349794239
0.806584362140
0.808230452675
0.807407407407
0.805349794239
0.808641975309
0.811111111111
0.814403292181
0.817695473251
0.820576131687
0.822222222222
0.825514403292
0.823868312757
0.823868312757
0.825102880658
0.825514403292
0.831275720165
0.831687242798
0.835390946502
0.837860082305
0.838683127572
0.838271604938
0.838271604938
0.834567901235
0.807818930041
0.715226337449
0.502057613169
0.450205761317
0.428395061728
0.463374485597
0.474897119342
0.469958847737
0.469958847737
0.474074074074
0.469547325103
0.467901234568
0.465843621399
0.466666666667
0.461728395062
0.465843621399
0.469547325103
0.469547325103
0.471193415638
0.475720164609
0.474897119342
0.481069958848
0.487654320988
0.491358024691
0.497530864198
0.502057613169
0.511111111111
0.535802469136
0.544444444444
0.550617283951
0.483950617284
0.512757201646
0.503292181070
0.527983539095
0.545267489712
0.576543209877
0.595061728395
0.603703703704
0.602880658436
0.598353909465
0.598353909465
0.601234567901
0.599176954733
0.597942386831
0.600000000000
0.598765432099
0.599588477366
0.602469135802
0.612345679012
0.615226337449
0.614403292181
0.616049382716
0.624691358025
0.625102880658
0.628395061728
0.628395061728
0.632921810700
0.630452674897
0.632510288066
0.637037037037
0.639094650206
0.644032921811
0.644032921811
0.641563786008
0.641152263374
0.643209876543
0.646090534979
0.645267489712
0.645679012346
0.648971193416
0.651851851852
0.655144032922
0.657613168724
0.660905349794
0.663374485597
0.665843621399
0.666666666667
0.669547325103
0.669135802469
0.672016460905
0.672839506173
0.675308641975
0.676954732510
0.679423868313
0.678600823045
0.685596707819
0.674074074074
0.683950617284
0.668312757202
0.667078189300
0.648148148148
0.673662551440
0.666255144033
0.697942386831
0.700823045267
0.694650205761
0.694238683128
0.693415637860
0.691769547325
0.688065843621
0.693415637860
0.686008230453
0.695884773663
0.689711934156
0.697942386831
0.697942386831
0.709465020576
0.705761316872
0.714814814815
0.710699588477
0.715637860082
0.713991769547
0.718930041152
0.712757201646
0.716872427984
0.717695473251
0.720576131687
0.717695473251
0.724691358025
0.725925925926
0.727160493827
0.727160493827
0.730864197531
0.727160493827
0.732098765432
0.723456790123
0.732921810700
0.713991769547
0.709465020576
0.686008230453
0.685185185185
0.712345679012
0.740740740741
0.745267489712
0.739506172840
0.741563786008
0.741563786008
0.744855967078
0.744855967078
0.744855967078
0.743209876543
0.744032921811
0.746090534979
0.747736625514
0.746913580247
0.741152263374
0.732921810700
0.684773662551
0.651851851852
0.569547325103
0.728395061728
0.738683127572
0.757201646091
0.756790123457
0.754320987654
0.752674897119
0.746090534979
0.734979423868
0.732510288066
0.733333333333
0.738683127572
0.739506172840
0.741975308642
0.745679012346
0.748971193416
0.754320987654
0.758436213992
0.762962962963
0.763786008230
0.761728395062
0.759259259259
0.759670781893
0.762139917695
0.761728395062
0.761728395062
0.764197530864
0.764609053498
0.765843621399
0.764609053498
0.756378600823
0.737860082305
0.675720164609
0.634156378601
0.658024691358
0.731275720165
0.762962962963
0.755967078189
0.762139917695
0.758847736626
0.752674897119
0.746502057613
0.747736625514
0.753086419753
0.755555555556
0.758024691358
0.763786008230
0.762551440329
0.770370370370
0.774485596708
0.777777777778
0.782304526749
0.785596707819
0.787654320988
0.787654320988
0.787242798354
0.791358024691
0.783950617284
0.776543209877
0.747325102881
0.651028806584
0.578189300412
0.684773662551
0.730041152263
0.751851851852
0.759670781893
0.762139917695
0.762139917695
0.751440329218
0.751440329218
0.754732510288
0.754320987654
0.752674897119
0.753086419753
0.755967078189
0.759259259259
0.761316872428
0.762551440329
0.766255144033
0.769547325103
0.767078189300
0.770370370370
0.767489711934
0.766666666667
0.770781893004
0.773251028807
0.776543209877
0.780246913580
0.783950617284
0.787654320988
0.789711934156
0.790534979424
0.790946502058
0.789300411523
0.789300411523
0.792592592593
0.792592592593
0.791358024691
0.793004115226
0.793004115226
0.794650205761
0.795061728395
0.795061728395
0.797942386831
0.799176954733
0.803703703704
0.800411522634
0.805761316872
0.787242798354
0.798353909465
0.738271604938
0.720576131687
0.635390946502
0.666255144033
0.760493827160
0.780658436214
0.795473251029
0.801234567901
0.804526748971
0.803292181070
0.800000000000
0.804115226337
0.800411522634
0.806584362140
0.797942386831
0.805349794239
0.796707818930
0.800411522634
0.788477366255
0.798353909465
0.772839506173
0.794238683128
0.765020576132
0.790123456790
0.775308641975
0.803292181070
0.793827160494
0.814814814815
0.805349794239
0.813580246914
0.811111111111
0.820987654321
0.810699588477
0.819753086420
0.812757201646
0.816460905350
0.813168724280
0.809465020576
0.806584362140
0.805761316872
0.804115226337
0.813168724280
0.819753086420
0.825514403292
0.826337448560
0.831687242798
0.827572016461
0.836625514403
0.823868312757
0.834979423868
0.820576131687
0.824279835391
0.803292181070
0.804526748971
0.787654320988
0.801646090535
0.806172839506
0.829218106996
0.824279835391
0.830864197531
0.820987654321
0.823868312757
0.815637860082
0.821810699588
0.822633744856
0.839094650206
0.840329218107
0.849382716049
0.844855967078
0.851028806584
0.851028806584
0.851851851852
0.858024691358
0.853909465021
0.858024691358
0.851851851852
0.847736625514
0.827983539095
0.816049382716
0.782716049383
0.800000000000
0.799176954733
0.842386831276
0.848971193416
0.849794238683
0.840740740741
0.841152263374
0.827572016461
0.823868312757
0.816460905350
0.834156378601
0.843621399177
0.860493827160
0.867078189300
0.871193415638
0.870370370370
0.874074074074
0.867901234568
0.864197530864
0.851028806584
0.819753086420
0.742798353909
0.662962962963
0.678189300412
0.761316872428
0.823045267490
0.841563786008
0.848559670782
0.848148148148
0.853086419753
0.848559670782
0.844032921811
0.841975308642
0.841152263374
0.839094650206
0.840329218107
0.842386831276
0.843209876543
0.849794238683
0.852263374486
0.851851851852
0.827572016461
0.808230452675
0.634156378601
0.667901234568
0.669135802469
0.724691358025
0.763786008230
0.828395061728
0.831687242798
0.834156378601
0.830041152263
0.822633744856
0.825102880658
0.823456790123
0.823456790123
0.827572016461
0.829218106996
0.830864197531
0.832098765432
0.837860082305
0.841563786008
0.843621399177
0.846913580247
0.848971193416
0.850205761317
0.852674897119
0.853497942387
0.855967078189
0.839506172840
0.803292181070
0.726337448560
0.665020576132
0.745679012346
0.836625514403
0.833744855967
0.838271604938
0.848559670782
0.847736625514
0.853086419753
0.846090534979
0.840740740741
0.837448559671
0.837448559671
0.838683127572
0.837037037037
0.831275720165
0.832921810700
0.836625514403
0.843621399177
0.846502057613
0.848559670782
0.855144032922
0.860082304527
0.860082304527
0.866666666667
0.869135802469
0.870370370370
0.870781893004
0.873662551440
0.872427983539
0.873251028807
0.874074074074
0.873662551440
0.877366255144
0.876954732510
0.873251028807
0.869958847737
0.849382716049
0.783127572016
0.610288065844
0.540329218107
0.655555555556
0.715226337449
0.725514403292
0.740329218107
0.763374485597
0.759670781893
0.753497942387
0.754732510288
0.748971193416
0.740329218107
0.738683127572
0.735390946502
0.737037037037
0.737448559671
0.738683127572
0.737448559671
0.736625514403
0.723045267490
0.713168724280
0.704115226337
0.700000000000
0.703703703704
0.706995884774
0.714403292181
0.723045267490
0.731687242798
0.740740740741
0.749794238683
0.759259259259
0.769547325103
0.769135802469
0.772016460905
0.772839506173
0.775308641975
0.772839506173
0.774074074074
0.774485596708
0.774074074074
0.776131687243
0.781069958848
0.779835390947
0.781481481481
0.781481481481
0.783950617284
0.783950617284
0.787242798354
0.787654320988
0.786419753086
0.786008230453
0.788888888889
0.787242798354
0.788477366255
0.790946502058
0.789300411523
0.791358024691
0.768724279835
0.730452674897
0.640329218107
0.567078189300
0.599176954733
0.620987654321
0.656378600823
0.694238683128
0.725925925926
0.746090534979
0.750617283951
0.756790123457
0.762551440329
0.760082304527
0.761316872428
0.758024691358
0.758436213992
0.758024691358
0.753497942387
0.753086419753
0.751851851852
0.754320987654
0.753909465021
0.756378600823
0.757201646091
0.760493827160
0.765843621399
0.768724279835
0.767901234568
0.767078189300
0.768312757202
0.768724279835
0.770370370370
0.776543209877
0.778189300412
0.776954732510
0.779012345679
0.776131687243
0.776543209877
0.777777777778
0.778189300412
0.778600823045
0.779012345679
0.782304526749
0.783539094650
0.784362139918
0.788065843621
0.790946502058
0.792592592593
0.795473251029
0.794238683128
0.793415637860
0.797942386831
0.796707818930
0.801234567901
0.801646090535
0.802057613169
0.803703703704
0.800823045267
0.806995884774
0.793415637860
0.807818930041
0.772016460905
0.798353909465
0.723868312757
0.783950617284
0.750205761317
0.797942386831
0.802469135802
0.811522633745
0.811934156379
0.812757201646
0.813991769547
0.815637860082
0.818518518519
0.817695473251
0.816872427984
0.817695473251
0.817283950617
0.816872427984
0.817283950617
0.816460905350
0.816872427984
0.814814814815
0.817695473251
0.821399176955
0.823868312757
0.823456790123
0.825925925926
0.826748971193
0.827572016461
0.829218106996
0.829629629630
0.831275720165
0.830041152263
0.828395061728
0.832921810700
0.830864197531
0.835390946502
0.818106995885
0.802880658436
0.749382716049
0.720164609053
0.730041152263
0.826748971193
0.822633744856
0.828806584362
0.832921810700
0.833744855967
0.838683127572
0.841563786008
0.842798353909
0.846090534979
0.847325102881
0.847325102881
0.848559670782
0.848148148148
0.846090534979
0.847736625514
0.849794238683
0.849794238683
0.853497942387
0.849382716049
0.860082304527
0.847325102881
0.856378600823
0.831687242798
0.839917695473
0.753909465021
0.780658436214
0.752674897119
0.832921810700
0.849382716049
0.851440329218
0.849794238683
0.850205761317
0.849794238683
0.850205761317
0.854732510288
0.856378600823
0.860493827160
0.857201646091
0.860905349794
0.850205761317
0.826337448560
0.782304526749
0.685185185185
0.746502057613
0.817695473251
0.816872427984
0.838271604938
0.846913580247
0.852674897119
0.855144032922
0.853086419753
0.851440329218
0.853909465021
0.856790123457
0.856790123457
0.855555555556
0.855144032922
0.859259259259
0.859670781893
0.860905349794
0.864197530864
0.865020576132
0.867078189300
0.868724279835
0.872016460905
0.872427983539
0.872427983539
0.876543209877
0.874897119342
0.878189300412
0.878600823045
0.879012345679
0.881893004115
0.884362139918
0.882716049383
0.877777777778
0.838683127572
0.813991769547
0.656378600823
0.743209876543
0.804526748971
0.862551440329
0.857613168724
0.872839506173
0.868724279835
0.871604938272
0.871193415638
0.872839506173
0.873251028807
0.874074074074
0.874485596708
0.874485596708
0.874897119342
0.874897119342
0.875720164609
0.877366255144
0.877366255144
0.878600823045
0.877777777778
0.878189300412
0.881893004115
0.879423868313
0.881069958848
0.881893004115
0.882716049383
0.883950617284
0.884362139918
0.881893004115
0.887242798354
0.855555555556
0.751440329218
0.496707818930
0.438683127572
0.353909465021
0.259670781893
0.157201646091
0.169135802469
0.175720164609
0.186831275720
0.192181069959
0.204938271605
0.202880658436
0.211111111111
0.209465020576
0.202469135802
0.190946502058
0.109465020576
0.056378600823
0.044444444444
0.079012345679
0.102057613169
0.127983539095
0.144444444444
0.146090534979
0.146502057613
0.146502057613
0.146502057613
0.153086419753
0.163374485597
0.158024691358
0.151851851852
0.148148148148
0.152263374486
0.160082304527
0.159670781893
0.162139917695
0.169135802469
0.161316872428
0.155144032922
0.146090534979
0.138271604938
0.129629629630
0.124691358025
0.120164609053
0.124279835391
0.130864197531
0.131275720165
0.130452674897
0.130864197531
0.132098765432
0.132098765432
0.131687242798
0.130041152263
0.131275720165
0.131687242798
0.132098765432
0.132921810700
0.132098765432
0.133744855967
0.130041152263
0.133333333333
0.133333333333
0.133744855967
0.134979423868
0.134567901235
0.134979423868
0.134979423868
0.136213991770
0.132921810700
0.130864197531
0.126748971193
0.130864197531
0.130041152263
0.133333333333
0.129629629630
0.133333333333
0.133744855967
0.132510288066
0.130452674897
0.132098765432
0.132921810700
0.171193415638
0.158024691358
0.171604938272
0.176954732510
0.162962962963
0.181893004115
0.169958847737
0.181481481481
0.174074074074
0.178600823045
0.177777777778
0.178600823045
0.168312757202
0.139506172840
0.146502057613
0.144032921811
0.115226337449
0.146502057613
0.089711934156
0.151851851852
0.099176954733
0.088888888889
0.113991769547
0.079012345679
0.079012345679
0.079012345679
0.079012345679
0.079012345679
0.079835390947
0.038271604938
0.079012345679
0.079012345679
0.079012345679
0.079012345679
0.079012345679
0.079012345679
0.079012345679
0.079012345679
0.079012345679
0.079012345679
0.079012345679
0.079012345679
0.079012345679
0.079012345679
0.079012345679
0.079012345679
0.079012345679
0.079012345679
0.079012345679
0.079012345679
0.079012345679
0.079012345679
0.079012345679
0.079012345679
0.079012345679
0.079012345679
0.079012345679
0.079012345679
0.079012345679
0.079012345679
0.079012345679
0.079012345679
0.079012345679
0.079012345679
0.079012345679
0.079012345679
0.079012345679
0.038271604938
0.056378600823
0.079012345679
0.079012345679
0.079012345679
0.079012345679
0.079012345679
0.079012345679
0.079012345679
0.079012345679
0.088888888889
0.151851851852
0.056378600823
0.151851851852
0.079012345679
0.088888888889
0.079012345679
0.079012345679
0.079012345679
0.079012345679
0.079012345679
0.079012345679
0.079012345679
0.079012345679
0.079012345679
0.079012345679
0.079012345679
0.079012345679
0.095473251029
0.095473251029
0.095473251029
0.095473251029
0.095473251029
0.095473251029
0.095473251029
0.095473251029
0.095473251029
0.095473251029
0.095473251029
0.095473251029
0.095473251029
0.095473251029
0.095473251029
0.095473251029
0.095473251029
0.095473251029
0.095473251029
0.095473251029
0.095473251029
0.113991769547
0.113991769547
0.113991769547
0.113991769547
0.113991769547
0.113991769547
0.113991769547
0.113991769547
0.113991769547
0.088888888889
0.088888888889
0.088888888889
0.088888888889
0.088888888889
0.088888888889
0.088888888889
0.088888888889
0.088888888889
0.088888888889
0.088888888889
0.088888888889
0.088888888889
0.088888888889
0.088888888889
0.088888888889
0.088888888889
0.088888888889
0.088888888889
0.088888888889
0.088888888889
0.088888888889
0.088888888889
0.088888888889
0.088888888889
0.088888888889
0.088888888889
0.088888888889
0.088888888889
0.088888888889
0.088888888889
0.088888888889
0.088888888889
0.088888888889
0.088888888889
0.088888888889
0.088888888889
0.088888888889
0.088888888889
0.088888888889
0.088888888889
0.088888888889
0.088888888889
0.088888888889
0.088888888889
0.088888888889
0.088888888889
0.088888888889
0.088888888889
0.088888888889
0.088888888889
0.088888888889
0.088888888889
0.088888888889
0.088888888889
0.088888888889
0.088888888889
0.088888888889
0.088888888889
0.088888888889
0.088888888889
0.088888888889
0.088888888889
0.088888888889
0.088888888889
0.088888888889
0.088888888889
0.088888888889
0.088888888889
0.088888888889
0.088888888889
0.088888888889
0.088888888889
0.088888888889
0.038271604938
0.038271604938
0.038271604938
0.038271604938
0.038271604938
0.038271604938
0.038271604938
0.038271604938
0.038271604938
0.038271604938
0.038271604938
0.038271604938
0.038271604938
0.038271604938
0.038271604938
0.038271604938
0.038271604938
0.038271604938
0.038271604938
0.038271604938
0.038271604938
0.038271604938
0.038271604938
0.038271604938
0.038271604938
0.038271604938
0.038271604938
0.038271604938
0.038271604938
0.038271604938
0.079012345679
0.151851851852
0.079012345679
0.079012345679
0.079012345679
0.143209876543
0.077777777778
0.079423868313
0.151851851852
0.146502057613
0.113991769547
0.130452674897
0.083950617284
0.079012345679
0.079012345679
0.079012345679
0.079012345679
0.079012345679
0.079012345679
0.079012345679
0.079012345679
0.079012345679
0.079012345679
0.079012345679
0.079012345679
0.079012345679
0.079012345679
0.079012345679
0.079012345679
0.079012345679
0.079012345679
0.079012345679
0.079012345679
0.079012345679
0.079012345679
0.079012345679
0.079012345679
0.079012345679
0.079012345679
0.079012345679
0.079012345679
0.079012345679
0.079012345679
0.079012345679
0.079012345679
0.079012345679
0.079012345679
0.079012345679
0.079012345679
0.079012345679
0.079012345679
0.079012345679
0.079012345679
0.079012345679
0.079012345679
0.079012345679
0.079012345679
0.079012345679
0.079012345679
0.079012345679
0.079012345679
0.079012345679
0.079012345679
0.079012345679
0.079012345679
0.079012345679
0.079012345679
0.079012345679
0.079012345679
0.079012345679
0.079012345679
0.079012345679
0.079012345679
0.079012345679
0.079012345679
0.079012345679
0.079012345679
0.079012345679
0.079012345679
0.079012345679
0.079012345679
0.079012345679
0.079012345679
0.079012345679
0.079012345679
0.079012345679
0.079012345679
