0.093721565059
0.093721565059
0.093721565059
0.093721565059
0.093721565059
0.099181073703
0.113739763421
0.137397634213
0.150136487716
0.154686078253
0.154686078253
0.151046405823
0.136487716106
0.137397634213
0.131028207461
0.131938125569
0.130118289354
0.133757961783
0.134667879891
0.140127388535
0.142857142857
0.155595996360
0.164695177434
0.166515013649
0.176524112830
0.189262966333
0.196542311192
0.196542311192
0.212920837125
0.223839854413
0.230209281165
0.237488626024
0.237488626024
0.251137397634
0.246587807097
0.270245677889
0.258416742493
0.205641492266
0.146496815287
0.188353048226
0.234758871702
0.250227479527
0.116469517743
0.245677888990
0.138307552320
0.252957233849
0.154686078253
0.238398544131
0.151956323931
0.233848953594
0.209281164695
0.282984531392
0.212920837125
0.245677888990
0.252957233849
0.297543221110
0.259326660601
0.245677888990
0.259326660601
0.242948134668
0.230209281165
0.290263876251
0.275705186533
0.225659690628
0.228389444950
0.242948134668
0.191082802548
0.123748862602
0.187443130118
0.185623293904
0.121019108280
0.182893539581
0.108280254777
0.143767060965
0.067333939945
0.087352138308
0.097361237489
0.095541401274
0.106460418562
0.123748862602
0.097361237489
0.121929026388
0.101000909918
0.100090991811
0.096451319381
0.146496815287
0.141947224750
0.096451319381
0.124658780710
0.150136487716
0.076433121019
0.173794358508
0.090081892630
0.124658780710
0.068243858053
0.130118289354
0.082802547771
0.067333939945
0.105550500455
0.112829845314
