0.099591836735
0.099591836735
0.099591836735
0.099591836735
0.101224489796
0.106122448980
0.124897959184
0.137959183673
0.168979591837
0.168979591837
0.171428571429
0.172244897959
0.163265306122
0.163265306122
0.151836734694
0.155102040816
0.147755102041
0.149387755102
0.145306122449
0.151020408163
0.151020408163
0.160816326531
0.164081632653
0.171428571429
0.177959183673
0.187755102041
0.199183673469
0.197551020408
0.202448979592
0.226938775510
0.239183673469
0.247346938776
0.241632653061
0.241632653061
0.228571428571
0.244081632653
0.234285714286
0.176326530612
0.106938775510
0.148571428571
0.240000000000
0.249795918367
0.158367346939
0.180408163265
0.097142857143
0.186122448980
0.111836734694
0.172244897959
0.113469387755
0.208163265306
0.142040816327
0.230204081633
0.151836734694
0.213061224490
0.201632653061
0.233469387755
0.186938775510
0.226938775510
0.189387755102
0.199183673469
0.189387755102
0.205714285714
0.206530612245
0.191020408163
0.207346938776
0.187755102041
0.154285714286
0.128163265306
0.174693877551
0.162448979592
0.098775510204
0.151020408163
0.134693877551
0.142857142857
0.081632653061
0.103673469388
0.117551020408
0.133877551020
0.108571428571
0.115102040816
0.123265306122
0.132244897959
0.075918367347
0.106122448980
0.062857142857
0.134693877551
0.114285714286
0.106938775510
0.104489795918
0.126530612245
0.080816326531
0.139591836735
0.106938775510
0.115918367347
0.083265306122
0.116734693878
0.095510204082
0.080816326531
0.114285714286
0.118367346939
