0.053448275862
0.053448275862
0.053448275862
0.053448275862
0.052586206897
0.058620689655
0.067241379310
0.081034482759
0.108620689655
0.113793103448
0.117241379310
0.118965517241
0.121551724138
0.120689655172
0.116379310345
0.117241379310
0.113793103448
0.114655172414
0.117241379310
0.125862068966
0.131034482759
0.134482758621
0.144827586207
0.146551724138
0.161206896552
0.169827586207
0.178448275862
0.191379310345
0.201724137931
0.208620689655
0.213793103448
0.213793103448
0.218965517241
0.222413793103
0.212931034483
0.225000000000
0.200000000000
0.119827586207
0.099137931034
0.084482758621
0.191379310345
0.219827586207
0.186206896552
0.186206896552
0.103448275862
0.213793103448
0.145689655172
0.178448275862
0.114655172414
0.190517241379
0.187931034483
0.175000000000
0.154310344828
0.146551724138
0.250862068966
0.156896551724
0.160344827586
0.168103448276
0.222413793103
0.158620689655
0.174137931034
0.172413793103
0.175000000000
0.151724137931
0.200862068966
0.178448275862
0.150000000000
0.083620689655
0.162931034483
0.192241379310
0.089655172414
0.173275862069
0.123275862069
0.140517241379
0.078448275862
0.096551724138
0.111206896552
0.138793103448
0.189655172414
0.169827586207
0.132758620690
0.175000000000
0.188793103448
0.162068965517
0.183620689655
0.076724137931
0.158620689655
0.065517241379
0.172413793103
0.069827586207
0.106034482759
0.085344827586
0.154310344828
0.178448275862
0.082758620690
0.173275862069
0.115517241379
0.078448275862
0.159482758621
0.152586206897
