0.155152887882
0.155152887882
0.155152887882
0.155152887882
0.156285390713
0.163080407701
0.180067950170
0.189127972820
0.208380520951
0.208380520951
0.195922989807
0.193657984145
0.180067950170
0.178935447339
0.158550396376
0.155152887882
0.150622876557
0.147225368063
0.139297848245
0.143827859570
0.149490373726
0.154020385051
0.157417893545
0.160815402039
0.160815402039
0.160815402039
0.163080407701
0.166477916195
0.171007927520
0.186862967157
0.199320498301
0.212910532276
0.223103057758
0.223103057758
0.227633069083
0.261608154020
0.220838052095
0.198187995470
0.088335220838
0.110985277463
0.189127972820
0.229898074745
0.220838052095
0.150622876557
0.093997734994
0.173272933182
0.112117780294
0.148357870895
0.101925254813
0.204983012458
0.133635334088
0.174405436014
0.127972819932
0.154020385051
0.190260475651
0.160815402039
0.142695356738
0.147225368063
0.165345413364
0.186862967157
0.219705549264
0.212910532276
0.207248018120
0.165345413364
0.228765571914
0.158550396376
0.158550396376
0.171007927520
0.151755379388
0.197055492639
0.084937712344
0.180067950170
0.127972819932
0.139297848245
0.065685164213
0.089467723669
0.099660249151
0.124575311438
0.151755379388
0.156285390713
0.107587768969
0.148357870895
0.158550396376
0.175537938845
0.149490373726
0.110985277463
0.124575311438
0.156285390713
0.061155152888
0.135900339751
0.101925254813
0.045300113250
0.071347678369
0.207248018120
0.063420158550
0.063420158550
0.070215175538
0.063420158550
0.075877689694
0.114382785957
