0.110813226095
0.110813226095
0.110813226095
0.110813226095
0.109919571046
0.113494191242
0.117068811439
0.126899016979
0.130473637176
0.134941912422
0.123324396783
0.118856121537
0.102770330652
0.101876675603
0.090259159964
0.092046470063
0.082216264522
0.083109919571
0.075960679178
0.079535299374
0.080428954424
0.085790884718
0.092940125112
0.100983020554
0.101876675603
0.105451295800
0.115281501340
0.122430741734
0.130473637176
0.144772117962
0.150134048257
0.162645218945
0.171581769437
0.181411974978
0.189454870420
0.203753351206
0.188561215371
0.156389633601
0.106344950849
0.122430741734
0.218051831993
0.201966041108
0.156389633601
0.160857908847
0.105451295800
0.170688114388
0.119749776586
0.149240393208
0.107238605898
0.177837354781
0.146559428061
0.167113494191
0.142984807864
0.151921358356
0.164432529044
0.162645218945
0.159070598749
0.165326184093
0.158176943700
0.206434316354
0.231456657730
0.210902591600
0.201966041108
0.186773905273
0.215370866845
0.184092940125
0.132260947274
0.151027703307
0.165326184093
0.175156389634
0.105451295800
0.118856121537
0.156389633601
0.156389633601
0.120643431635
0.150134048257
0.166219839142
0.184092940125
0.171581769437
0.147453083110
0.166219839142
0.134941912422
0.120643431635
0.115281501340
0.111706881144
0.059874888293
0.131367292225
0.117962466488
0.117068811439
0.120643431635
0.131367292225
0.096514745308
0.132260947274
0.180518319929
0.117068811439
0.116175156390
0.127792672029
0.117068811439
0.134048257373
0.143878462913
