0.098000000000
0.098000000000
0.098000000000
0.098000000000
0.103000000000
0.110000000000
0.133000000000
0.139000000000
0.160000000000
0.162000000000
0.148000000000
0.146000000000
0.135000000000
0.136000000000
0.122000000000
0.121000000000
0.118000000000
0.118000000000
0.117000000000
0.122000000000
0.117000000000
0.125000000000
0.133000000000
0.144000000000
0.154000000000
0.154000000000
0.156000000000
0.168000000000
0.174000000000
0.197000000000
0.208000000000
0.227000000000
0.230000000000
0.246000000000
0.243000000000
0.243000000000
0.240000000000
0.127000000000
0.156000000000
0.070000000000
0.169000000000
0.176000000000
0.180000000000
0.223000000000
0.159000000000
0.226000000000
0.184000000000
0.209000000000
0.171000000000
0.174000000000
0.210000000000
0.206000000000
0.198000000000
0.123000000000
0.197000000000
0.179000000000
0.193000000000
0.141000000000
0.169000000000
0.142000000000
0.170000000000
0.232000000000
0.231000000000
0.133000000000
0.185000000000
0.190000000000
0.199000000000
0.112000000000
0.148000000000
0.197000000000
0.133000000000
0.195000000000
0.116000000000
0.138000000000
0.072000000000
0.089000000000
0.113000000000
0.134000000000
0.198000000000
0.173000000000
0.133000000000
0.141000000000
0.197000000000
0.162000000000
0.197000000000
0.083000000000
0.138000000000
0.103000000000
0.112000000000
0.092000000000
0.105000000000
0.039000000000
0.108000000000
0.223000000000
0.072000000000
0.121000000000
0.095000000000
0.072000000000
0.111000000000
0.126000000000
