0.140000000000
0.172941176471
0.134117647059
0.155294117647
0.138823529412
0.076470588235
0.144705882353
0.155294117647
0.102352941176
0.161176470588
0.155294117647
0.155294117647
0.076470588235
0.088235294118
0.088235294118
0.088235294118
0.088235294118
0.088235294118
0.088235294118
0.088235294118
0.088235294118
0.088235294118
0.088235294118
0.088235294118
0.088235294118
0.088235294118
0.088235294118
0.088235294118
0.088235294118
0.088235294118
0.088235294118
0.088235294118
0.088235294118
0.088235294118
0.088235294118
0.088235294118
0.088235294118
0.088235294118
0.088235294118
0.088235294118
0.088235294118
0.088235294118
0.088235294118
0.088235294118
0.088235294118
0.088235294118
0.088235294118
0.088235294118
0.088235294118
0.088235294118
0.088235294118
0.088235294118
0.088235294118
0.088235294118
0.088235294118
0.088235294118
0.088235294118
0.088235294118
0.088235294118
0.088235294118
0.088235294118
0.088235294118
0.088235294118
0.088235294118
0.088235294118
0.088235294118
0.088235294118
0.088235294118
0.088235294118
0.088235294118
0.088235294118
0.088235294118
0.088235294118
0.088235294118
0.088235294118
0.088235294118
0.088235294118
0.088235294118
0.088235294118
0.088235294118
0.088235294118
0.088235294118
0.088235294118
0.088235294118
0.088235294118
0.088235294118
0.088235294118
0.088235294118
0.088235294118
0.088235294118
0.088235294118
0.088235294118
0.088235294118
0.088235294118
0.088235294118
0.088235294118
0.088235294118
0.088235294118
0.088235294118
0.088235294118
