0.072928176796
0.152486187845
0.089502762431
0.111602209945
0.093922651934
0.078453038674
0.077348066298
0.111602209945
0.069613259669
0.110497237569
0.110497237569
0.111602209945
0.078453038674
0.066298342541
0.066298342541
0.066298342541
0.066298342541
0.066298342541
0.066298342541
0.066298342541
0.066298342541
0.066298342541
0.066298342541
0.066298342541
0.066298342541
0.066298342541
0.066298342541
0.066298342541
0.066298342541
0.066298342541
0.066298342541
0.066298342541
0.066298342541
0.066298342541
0.066298342541
0.066298342541
0.066298342541
0.066298342541
0.066298342541
0.066298342541
0.066298342541
0.066298342541
0.066298342541
0.066298342541
0.066298342541
0.066298342541
0.066298342541
0.066298342541
0.066298342541
0.066298342541
0.066298342541
0.066298342541
0.066298342541
0.066298342541
0.066298342541
0.066298342541
0.066298342541
0.066298342541
0.066298342541
0.066298342541
0.066298342541
0.066298342541
0.066298342541
0.066298342541
0.066298342541
0.066298342541
0.066298342541
0.066298342541
0.066298342541
0.066298342541
0.066298342541
0.066298342541
0.066298342541
0.066298342541
0.066298342541
0.066298342541
0.066298342541
0.066298342541
0.066298342541
0.066298342541
0.066298342541
0.066298342541
0.066298342541
0.066298342541
0.066298342541
0.066298342541
0.066298342541
0.066298342541
0.066298342541
0.066298342541
0.066298342541
0.066298342541
0.066298342541
0.066298342541
0.066298342541
0.066298342541
0.066298342541
0.066298342541
0.066298342541
0.066298342541
