0.110000000000
0.132000000000
0.124000000000
0.105000000000
0.098000000000
0.072000000000
0.111000000000
0.105000000000
0.139000000000
0.164000000000
0.126000000000
0.105000000000
0.072000000000
0.039000000000
0.039000000000
0.039000000000
0.039000000000
0.039000000000
0.039000000000
0.039000000000
0.039000000000
0.039000000000
0.039000000000
0.039000000000
0.039000000000
0.039000000000
0.039000000000
0.039000000000
0.039000000000
0.039000000000
0.039000000000
0.039000000000
0.039000000000
0.039000000000
0.039000000000
0.039000000000
0.039000000000
0.039000000000
0.039000000000
0.039000000000
0.039000000000
0.039000000000
0.039000000000
0.039000000000
0.039000000000
0.039000000000
0.039000000000
0.039000000000
0.039000000000
0.039000000000
0.039000000000
0.039000000000
0.039000000000
0.039000000000
0.039000000000
0.039000000000
0.039000000000
0.039000000000
0.039000000000
0.039000000000
0.039000000000
0.039000000000
0.039000000000
0.039000000000
0.039000000000
0.039000000000
0.039000000000
0.039000000000
0.039000000000
0.039000000000
0.039000000000
0.039000000000
0.039000000000
0.039000000000
0.039000000000
0.039000000000
0.039000000000
0.039000000000
0.039000000000
0.039000000000
0.039000000000
0.039000000000
0.039000000000
0.039000000000
0.039000000000
0.039000000000
0.039000000000
0.039000000000
0.039000000000
0.039000000000
0.039000000000
0.039000000000
0.039000000000
0.039000000000
0.039000000000
0.039000000000
0.039000000000
0.039000000000
0.039000000000
0.039000000000
