0.097560975610
0.171840354767
0.166297117517
0.144124168514
0.082039911308
0.088691796009
0.099778270510
0.144124168514
0.113082039911
0.135254988914
0.099778270510
0.144124168514
0.088691796009
0.124168514412
0.124168514412
0.124168514412
0.124168514412
0.124168514412
0.124168514412
0.124168514412
0.124168514412
0.124168514412
0.124168514412
0.124168514412
0.124168514412
0.124168514412
0.124168514412
0.124168514412
0.124168514412
0.124168514412
0.124168514412
0.124168514412
0.124168514412
0.124168514412
0.124168514412
0.124168514412
0.124168514412
0.124168514412
0.124168514412
0.124168514412
0.124168514412
0.124168514412
0.124168514412
0.124168514412
0.124168514412
0.124168514412
0.124168514412
0.124168514412
0.124168514412
0.124168514412
0.124168514412
0.124168514412
0.124168514412
0.124168514412
0.124168514412
0.124168514412
0.124168514412
0.124168514412
0.124168514412
0.124168514412
0.124168514412
0.124168514412
0.124168514412
0.124168514412
0.124168514412
0.124168514412
0.124168514412
0.124168514412
0.124168514412
0.124168514412
0.124168514412
0.124168514412
0.124168514412
0.124168514412
0.124168514412
0.124168514412
0.124168514412
0.124168514412
0.124168514412
0.124168514412
0.124168514412
0.124168514412
0.124168514412
0.124168514412
0.124168514412
0.124168514412
0.124168514412
0.124168514412
0.124168514412
0.124168514412
0.124168514412
0.124168514412
0.124168514412
0.124168514412
0.124168514412
0.124168514412
0.124168514412
0.124168514412
0.124168514412
0.124168514412
