0.139094650206
0.144444444444
0.147325102881
0.148559670782
0.151028806584
0.151028806584
0.152263374486
0.152263374486
0.151851851852
0.151851851852
0.151851851852
0.151851851852
0.151851851852
0.151851851852
0.151851851852
0.151851851852
0.151851851852
0.151851851852
0.151851851852
0.151851851852
0.152263374486
0.153086419753
0.154732510288
0.156378600823
0.161728395062
0.162962962963
0.168724279835
0.169958847737
0.165843621399
0.166255144033
0.162551440329
0.160493827160
0.150617283951
0.153909465021
0.142386831276
0.143621399177
0.138271604938
0.137860082305
0.137448559671
0.141152263374
0.137860082305
0.141152263374
0.138271604938
0.141563786008
0.143209876543
0.146090534979
0.146913580247
0.153909465021
0.158847736626
0.162139917695
0.168724279835
0.174074074074
0.179423868313
0.190123456790
0.194238683128
0.203292181070
0.203703703704
0.205761316872
0.208230452675
0.209465020576
0.210699588477
0.211522633745
0.212757201646
0.212345679012
0.216872427984
0.216460905350
0.219753086420
0.215226337449
0.220576131687
0.217695473251
0.227160493827
0.173662551440
0.212757201646
0.091769547325
0.194238683128
0.219753086420
0.173251028807
0.208230452675
0.128806584362
0.156790123457
0.153909465021
0.152263374486
0.160905349794
0.149794238683
0.182716049383
0.175308641975
0.205349794239
0.193827160494
0.211111111111
0.204938271605
0.212345679012
0.202469135802
0.218518518519
0.202469135802
0.219753086420
0.195473251029
0.221810699588
0.193415637860
0.225102880658
0.190946502058
0.226337448560
0.194238683128
0.227572016461
0.197530864198
0.229218106996
0.202057613169
0.225925925926
0.204526748971
0.225102880658
0.203292181070
0.225514403292
0.188477366255
0.230864197531
0.177366255144
0.225925925926
0.169547325103
0.211111111111
0.191358024691
0.203292181070
0.124691358025
0.173662551440
0.188888888889
0.202057613169
0.126337448560
0.173251028807
0.185185185185
0.202880658436
0.132510288066
0.199176954733
0.202880658436
0.197942386831
0.094650205761
0.127983539095
0.148559670782
0.205761316872
0.202880658436
0.198765432099
0.097942386831
0.171193415638
0.191769547325
0.201234567901
0.127572016461
0.200411522634
0.202057613169
0.184773662551
0.089300411523
0.107407407407
0.123045267490
0.179835390947
0.193827160494
0.181481481481
0.106172839506
0.199588477366
0.192181069959
0.184362139918
0.088477366255
0.122222222222
0.186419753086
0.184362139918
0.195061728395
0.177366255144
0.106172839506
0.197942386831
0.190534979424
0.186419753086
0.109053497942
0.198765432099
0.203292181070
0.189300411523
0.088888888889
0.130452674897
0.149382716049
0.135802469136
0.135802469136
0.158436213992
0.166666666667
0.185596707819
0.077777777778
0.131275720165
0.154320987654
0.165020576132
0.080658436214
0.187242798354
0.185596707819
0.178600823045
0.174485596708
0.190946502058
0.079012345679
0.038271604938
0.165432098765
0.156378600823
0.079012345679
0.088888888889
0.079012345679
0.079012345679
0.079012345679
0.079012345679
0.079012345679
0.079012345679
0.079012345679
0.079012345679
0.079012345679
0.079012345679
0.079012345679
0.079012345679
0.079012345679
0.079012345679
0.079012345679
0.079012345679
0.079012345679
0.079012345679
0.079012345679
0.079012345679
0.079012345679
0.079012345679
0.079012345679
0.079012345679
0.079012345679
0.079012345679
0.079012345679
0.079012345679
0.079012345679
0.079012345679
0.079012345679
0.079012345679
0.079012345679
0.079012345679
0.079012345679
0.079012345679
0.079012345679
0.079012345679
0.079012345679
0.079012345679
0.079012345679
0.079012345679
0.079012345679
0.079012345679
0.079012345679
0.079012345679
0.079012345679
0.079012345679
0.079012345679
0.079012345679
0.079012345679
0.079012345679
0.079012345679
0.079012345679
0.079012345679
0.079012345679
0.079012345679
0.079012345679
0.079012345679
0.079012345679
0.079012345679
0.079012345679
0.079012345679
0.079012345679
0.079012345679
0.079012345679
0.079012345679
0.079012345679
0.079012345679
0.079012345679
0.079012345679
0.079012345679
0.079012345679
0.079012345679
0.079012345679
0.079012345679
0.079012345679
0.079012345679
0.079012345679
0.079012345679
0.079012345679
0.079012345679
0.079012345679
0.079012345679
0.079012345679
0.079012345679
0.079012345679
0.079012345679
0.079012345679
0.079012345679
0.079012345679
0.079012345679
0.079012345679
0.079012345679
0.079012345679
0.079012345679
0.079012345679
0.079012345679
0.079012345679
0.079012345679
0.079012345679
0.079012345679
0.079012345679
0.079012345679
0.079012345679
0.079012345679
0.079012345679
0.079012345679
0.079012345679
0.079012345679
0.079012345679
0.079012345679
0.079012345679
0.079012345679
0.079012345679
0.079012345679
0.079012345679
0.079012345679
0.079012345679
0.079012345679
0.079012345679
0.079012345679
0.079012345679
0.079012345679
0.079012345679
0.079012345679
0.079012345679
0.079012345679
0.079012345679
0.079012345679
0.079012345679
0.079012345679
0.079012345679
0.079012345679
0.079012345679
0.079012345679
0.079012345679
0.079012345679
0.079012345679
0.079012345679
0.079012345679
0.079012345679
0.079012345679
0.079012345679
0.079012345679
0.079012345679
0.079012345679
0.079012345679
0.079012345679
0.079012345679
0.079012345679
0.079012345679
0.079012345679
0.079012345679
0.079012345679
0.079012345679
0.079012345679
0.079012345679
0.079012345679
0.079012345679
0.079012345679
0.079012345679
0.079012345679
0.079012345679
0.079012345679
0.079012345679
0.079012345679
0.079012345679
0.079012345679
0.079012345679
0.079012345679
0.079012345679
0.079012345679
0.079012345679
0.079012345679
0.079012345679
0.079012345679
0.079012345679
0.079012345679
0.079012345679
0.079012345679
0.079012345679
0.079012345679
0.079012345679
0.079012345679
0.079012345679
0.079012345679
0.079012345679
0.079012345679
0.079012345679
0.079012345679
0.079012345679
0.079012345679
0.079012345679
0.079012345679
0.079012345679
0.079012345679
0.079012345679
0.079012345679
0.079012345679
0.079012345679
0.079012345679
0.079012345679
0.079012345679
0.079012345679
0.079012345679
0.079012345679
0.079012345679
0.079012345679
0.079012345679
0.079012345679
0.079012345679
0.079012345679
0.079012345679
0.079012345679
0.079012345679
0.079012345679
0.079012345679
0.079012345679
0.079012345679
0.079012345679
0.079012345679
0.079012345679
0.079012345679
0.079012345679
0.079012345679
0.079012345679
0.079012345679
0.079012345679
0.079012345679
0.079012345679
0.079012345679
0.079012345679
0.079012345679
0.079012345679
0.079012345679
0.079012345679
0.079012345679
0.079012345679
0.079012345679
0.079012345679
0.079012345679
0.079012345679
0.079012345679
0.079012345679
0.079012345679
0.079012345679
0.079012345679
0.079012345679
0.079012345679
0.079012345679
0.079012345679
0.079012345679
0.079012345679
0.079012345679
0.079012345679
0.079012345679
0.079012345679
0.079012345679
0.079012345679
0.079012345679
0.079012345679
0.079012345679
0.079012345679
0.079012345679
0.079012345679
0.079012345679
0.079012345679
0.079012345679
0.079012345679
0.079012345679
0.079012345679
0.079012345679
0.079012345679
0.079012345679
0.079012345679
0.079012345679
0.079012345679
0.079012345679
0.079012345679
0.079012345679
0.079012345679
0.079012345679
0.079012345679
0.079012345679
0.079012345679
0.079012345679
0.079012345679
0.079012345679
0.079012345679
0.079012345679
0.079012345679
0.079012345679
0.079012345679
0.079012345679
0.079012345679
0.079012345679
0.079012345679
0.079012345679
0.079012345679
0.079012345679
0.079012345679
0.079012345679
0.079012345679
0.079012345679
0.079012345679
0.079012345679
0.079012345679
0.079012345679
0.079012345679
0.079012345679
0.079012345679
0.079012345679
0.079012345679
0.079012345679
0.079012345679
0.079012345679
0.079012345679
0.079012345679
0.079012345679
0.079012345679
0.079012345679
0.079012345679
0.079012345679
0.079012345679
0.079012345679
0.079012345679
0.079012345679
0.079012345679
0.079012345679
0.079012345679
0.079012345679
0.079012345679
0.079012345679
0.079012345679
0.079012345679
0.079012345679
0.079012345679
0.079012345679
0.079012345679
0.079012345679
0.079012345679
0.079012345679
0.079012345679
0.079012345679
0.079012345679
0.079012345679
0.079012345679
0.079012345679
0.079012345679
0.079012345679
0.079012345679
0.079012345679
0.079012345679
0.079012345679
0.079012345679
0.079012345679
0.079012345679
0.079012345679
0.079012345679
0.079012345679
0.079012345679
0.079012345679
0.079012345679
0.079012345679
0.079012345679
0.079012345679
0.079012345679
0.079012345679
0.079012345679
0.079012345679
0.079012345679
0.079012345679
0.079012345679
0.079012345679
0.079012345679
0.079012345679
0.079012345679
0.079012345679
0.079012345679
0.079012345679
0.079012345679
0.079012345679
0.079012345679
0.079012345679
0.079012345679
0.079012345679
0.079012345679
0.079012345679
0.079012345679
0.079012345679
0.079012345679
0.079012345679
0.079012345679
0.079012345679
0.079012345679
0.079012345679
0.079012345679
0.079012345679
0.079012345679
0.079012345679
0.079012345679
0.079012345679
0.079012345679
0.079012345679
0.079012345679
0.079012345679
0.079012345679
0.079012345679
0.079012345679
0.079012345679
0.079012345679
0.079012345679
0.079012345679
0.079012345679
0.079012345679
0.079012345679
0.079012345679
0.079012345679
0.079012345679
0.079012345679
0.079012345679
0.079012345679
0.079012345679
0.079012345679
0.079012345679
0.079012345679
0.079012345679
0.079012345679
0.079012345679
0.079012345679
0.079012345679
0.079012345679
0.079012345679
0.079012345679
0.079012345679
0.079012345679
0.079012345679
0.079012345679
0.079012345679
0.079012345679
0.079012345679
0.079012345679
0.079012345679
0.079012345679
0.079012345679
0.079012345679
0.079012345679
0.079012345679
0.079012345679
0.079012345679
0.079012345679
0.079012345679
0.079012345679
0.079012345679
0.079012345679
0.079012345679
0.079012345679
0.079012345679
0.079012345679
0.079012345679
0.079012345679
0.079012345679
0.079012345679
0.079012345679
0.079012345679
0.079012345679
0.079012345679
0.079012345679
0.079012345679
0.079012345679
0.079012345679
0.079012345679
0.079012345679
0.079012345679
0.079012345679
0.079012345679
0.079012345679
0.079012345679
0.079012345679
0.079012345679
0.079012345679
0.079012345679
0.079012345679
0.079012345679
0.079012345679
0.079012345679
0.079012345679
0.079012345679
0.079012345679
0.079012345679
0.079012345679
0.079012345679
0.079012345679
0.079012345679
0.079012345679
0.079012345679
0.079012345679
0.079012345679
0.079012345679
0.079012345679
0.079012345679
0.079012345679
0.079012345679
0.079012345679
0.079012345679
0.079012345679
0.079012345679
0.079012345679
0.079012345679
0.079012345679
0.079012345679
0.079012345679
0.079012345679
0.079012345679
0.079012345679
0.079012345679
0.079012345679
0.079012345679
0.079012345679
0.079012345679
0.079012345679
0.079012345679
0.079012345679
0.079012345679
0.079012345679
0.079012345679
0.079012345679
0.079012345679
0.079012345679
0.079012345679
0.079012345679
0.079012345679
0.079012345679
0.079012345679
0.079012345679
0.079012345679
0.079012345679
0.079012345679
0.079012345679
0.079012345679
0.079012345679
0.079012345679
0.079012345679
0.079012345679
0.079012345679
0.079012345679
0.079012345679
0.079012345679
0.079012345679
0.079012345679
0.079012345679
0.079012345679
0.079012345679
0.079012345679
0.079012345679
0.079012345679
0.079012345679
0.079012345679
0.079012345679
0.079012345679
0.079012345679
0.079012345679
0.079012345679
0.079012345679
0.079012345679
0.079012345679
0.079012345679
0.079012345679
0.079012345679
0.079012345679
0.079012345679
0.079012345679
0.079012345679
0.079012345679
0.079012345679
0.079012345679
0.079012345679
0.079012345679
0.079012345679
0.079012345679
0.079012345679
0.079012345679
0.079012345679
0.079012345679
0.079012345679
0.079012345679
0.079012345679
0.079012345679
0.079012345679
0.079012345679
0.079012345679
0.079012345679
0.079012345679
0.079012345679
0.079012345679
0.079012345679
0.079012345679
0.079012345679
0.079012345679
0.079012345679
0.079012345679
0.079012345679
0.079012345679
0.079012345679
0.079012345679
0.079012345679
0.079012345679
0.079012345679
0.079012345679
0.079012345679
0.079012345679
0.079012345679
0.079012345679
0.079012345679
0.079012345679
0.079012345679
0.079012345679
0.079012345679
0.079012345679
0.079012345679
0.079012345679
0.079012345679
0.079012345679
0.079012345679
0.079012345679
0.079012345679
0.079012345679
0.079012345679
0.079012345679
0.079012345679
0.079012345679
0.079012345679
0.079012345679
0.079012345679
0.079012345679
0.079012345679
0.079012345679
0.079012345679
0.079012345679
0.079012345679
0.079012345679
0.079012345679
0.079012345679
0.079012345679
0.079012345679
0.079012345679
0.079012345679
0.079012345679
0.079012345679
0.079012345679
0.079012345679
0.079012345679
0.079012345679
0.079012345679
0.079012345679
0.079012345679
0.079012345679
0.079012345679
0.079012345679
0.079012345679
0.079012345679
0.079012345679
0.079012345679
0.079012345679
0.079012345679
0.079012345679
0.079012345679
0.079012345679
0.079012345679
0.079012345679
0.079012345679
0.079012345679
0.079012345679
0.079012345679
0.079012345679
0.079012345679
0.079012345679
0.079012345679
0.079012345679
0.079012345679
0.079012345679
0.079012345679
0.079012345679
0.079012345679
0.079012345679
0.079012345679
0.079012345679
0.079012345679
0.079012345679
0.079012345679
0.079012345679
0.079012345679
0.079012345679
0.079012345679
0.079012345679
0.079012345679
0.079012345679
0.079012345679
0.079012345679
0.079012345679
0.079012345679
0.079012345679
0.079012345679
0.079012345679
0.079012345679
0.079012345679
0.079012345679
0.079012345679
0.079012345679
0.079012345679
0.079012345679
0.079012345679
0.079012345679
0.079012345679
0.079012345679
0.079012345679
0.079012345679
0.079012345679
0.079012345679
0.079012345679
0.079012345679
0.079012345679
0.079012345679
0.079012345679
0.079012345679
0.079012345679
0.079012345679
0.079012345679
0.079012345679
0.079012345679
0.079012345679
0.079012345679
0.079012345679
0.079012345679
0.079012345679
0.079012345679
0.079012345679
0.079012345679
0.079012345679
0.079012345679
0.079012345679
0.079012345679
0.079012345679
0.079012345679
0.079012345679
0.079012345679
0.079012345679
0.079012345679
0.079012345679
0.079012345679
0.079012345679
0.079012345679
0.079012345679
0.079012345679
0.079012345679
0.079012345679
0.079012345679
0.079012345679
0.079012345679
0.079012345679
0.079012345679
0.079012345679
0.079012345679
0.079012345679
0.079012345679
0.079012345679
0.079012345679
0.079012345679
0.079012345679
0.079012345679
0.079012345679
0.079012345679
0.079012345679
0.079012345679
0.079012345679
0.079012345679
0.079012345679
0.079012345679
0.079012345679
0.079012345679
0.079012345679
0.079012345679
0.079012345679
0.079012345679
0.079012345679
0.079012345679
0.079012345679
0.079012345679
0.079012345679
0.079012345679
0.079012345679
0.079012345679
0.079012345679
0.079012345679
0.079012345679
0.079012345679
0.079012345679
0.079012345679
0.079012345679
0.079012345679
0.079012345679
0.079012345679
0.079012345679
0.079012345679
0.079012345679
0.079012345679
0.079012345679
0.079012345679
0.079012345679
0.079012345679
0.079012345679
0.079012345679
0.079012345679
0.079012345679
0.079012345679
0.079012345679
0.079012345679
0.079012345679
0.079012345679
0.079012345679
0.079012345679
0.079012345679
0.079012345679
0.079012345679
0.079012345679
0.079012345679
0.079012345679
0.079012345679
0.079012345679
0.079012345679
0.079012345679
0.079012345679
0.079012345679
0.079012345679
0.079012345679
0.079012345679
0.079012345679
0.079012345679
0.079012345679
0.079012345679
0.079012345679
0.079012345679
0.079012345679
0.079012345679
0.079012345679
0.079012345679
0.079012345679
0.079012345679
0.079012345679
0.079012345679
0.079012345679
0.079012345679
0.079012345679
0.079012345679
0.079012345679
0.079012345679
0.079012345679
0.079012345679
0.079012345679
0.079012345679
0.079012345679
0.079012345679
0.079012345679
0.079012345679
0.079012345679
0.079012345679
0.079012345679
0.079012345679
0.079012345679
0.079012345679
0.079012345679
0.079012345679
0.079012345679
0.079012345679
0.079012345679
0.079012345679
0.079012345679
0.079012345679
0.079012345679
0.079012345679
0.079012345679
0.079012345679
0.079012345679
0.079012345679
0.079012345679
0.079012345679
0.079012345679
0.079012345679
0.079012345679
0.079012345679
0.079012345679
0.079012345679
0.079012345679
0.079012345679
0.079012345679
0.079012345679
0.079012345679
0.079012345679
0.079012345679
0.079012345679
0.079012345679
0.079012345679
0.079012345679
0.079012345679
0.079012345679
0.079012345679
0.079012345679
0.079012345679
0.079012345679
0.079012345679
0.079012345679
0.079012345679
0.079012345679
0.079012345679
0.079012345679
0.079012345679
0.079012345679
0.079012345679
0.079012345679
0.079012345679
0.079012345679
0.079012345679
0.079012345679
0.079012345679
0.079012345679
0.079012345679
0.079012345679
0.079012345679
0.079012345679
0.079012345679
0.079012345679
0.079012345679
0.079012345679
0.079012345679
0.079012345679
0.079012345679
0.079012345679
0.079012345679
0.079012345679
0.079012345679
0.079012345679
0.079012345679
0.079012345679
0.079012345679
0.079012345679
0.079012345679
0.079012345679
0.079012345679
0.079012345679
0.079012345679
0.079012345679
0.079012345679
0.079012345679
0.079012345679
0.079012345679
0.079012345679
0.079012345679
0.079012345679
0.079012345679
0.079012345679
0.079012345679
0.079012345679
0.079012345679
0.079012345679
0.079012345679
0.079012345679
0.079012345679
0.079012345679
0.079012345679
0.079012345679
0.079012345679
0.079012345679
0.079012345679
0.079012345679
0.079012345679
0.079012345679
0.079012345679
0.079012345679
0.079012345679
0.079012345679
0.079012345679
0.079012345679
0.079012345679
0.079012345679
0.079012345679
0.079012345679
0.079012345679
0.079012345679
0.079012345679
0.079012345679
0.079012345679
0.079012345679
0.079012345679
0.079012345679
0.079012345679
0.079012345679
0.079012345679
0.079012345679
0.079012345679
0.079012345679
0.079012345679
0.079012345679
0.079012345679
0.079012345679
0.079012345679
0.079012345679
0.079012345679
0.079012345679
0.079012345679
0.079012345679
0.079012345679
0.079012345679
0.079012345679
0.079012345679
0.079012345679
0.079012345679
0.079012345679
0.079012345679
0.079012345679
0.079012345679
0.079012345679
0.079012345679
0.079012345679
0.079012345679
0.079012345679
0.079012345679
0.079012345679
0.079012345679
0.079012345679
0.079012345679
0.079012345679
0.079012345679
0.079012345679
0.079012345679
0.079012345679
0.079012345679
0.079012345679
0.079012345679
0.079012345679
0.079012345679
0.079012345679
0.079012345679
0.079012345679
0.079012345679
0.079012345679
0.079012345679
0.079012345679
0.079012345679
0.079012345679
0.079012345679
0.079012345679
0.079012345679
0.079012345679
0.079012345679
0.079012345679
0.079012345679
0.079012345679
0.079012345679
0.079012345679
0.079012345679
0.079012345679
0.079012345679
0.079012345679
0.079012345679
0.079012345679
0.079012345679
0.079012345679
0.079012345679
0.079012345679
0.079012345679
0.079012345679
0.079012345679
0.079012345679
0.079012345679
0.079012345679
0.079012345679
0.079012345679
0.079012345679
0.079012345679
0.079012345679
0.079012345679
0.079012345679
0.079012345679
0.079012345679
0.079012345679
0.079012345679
0.079012345679
0.079012345679
0.079012345679
0.079012345679
0.079012345679
0.079012345679
0.079012345679
0.079012345679
0.079012345679
0.079012345679
0.079012345679
0.079012345679
0.079012345679
0.079012345679
0.079012345679
0.079012345679
0.079012345679
0.079012345679
0.079012345679
0.079012345679
0.079012345679
0.079012345679
0.079012345679
0.079012345679
0.079012345679
0.079012345679
0.079012345679
0.079012345679
0.079012345679
0.079012345679
0.079012345679
0.079012345679
0.079012345679
0.079012345679
0.079012345679
0.079012345679
0.079012345679
0.079012345679
0.079012345679
0.079012345679
0.079012345679
0.079012345679
0.079012345679
0.079012345679
0.079012345679
0.079012345679
0.079012345679
0.079012345679
0.079012345679
0.079012345679
0.079012345679
0.079012345679
0.079012345679
0.079012345679
0.079012345679
0.079012345679
0.079012345679
0.079012345679
0.079012345679
0.079012345679
0.079012345679
0.079012345679
0.079012345679
0.079012345679
0.079012345679
0.079012345679
0.079012345679
0.079012345679
0.079012345679
0.079012345679
0.079012345679
0.079012345679
0.079012345679
0.079012345679
0.079012345679
0.079012345679
0.079012345679
0.079012345679
0.079012345679
0.079012345679
0.079012345679
0.079012345679
0.079012345679
0.079012345679
0.079012345679
0.079012345679
0.079012345679
0.079012345679
0.079012345679
0.079012345679
0.079012345679
0.079012345679
0.079012345679
0.079012345679
0.079012345679
0.079012345679
0.079012345679
0.079012345679
0.079012345679
0.079012345679
0.079012345679
0.079012345679
0.079012345679
0.079012345679
0.079012345679
0.079012345679
0.079012345679
0.079012345679
0.079012345679
0.079012345679
0.079012345679
0.079012345679
0.079012345679
0.079012345679
0.079012345679
0.079012345679
0.079012345679
0.079012345679
0.079012345679
0.079012345679
0.079012345679
0.079012345679
0.079012345679
0.079012345679
0.079012345679
0.079012345679
0.079012345679
0.079012345679
0.079012345679
0.079012345679
0.079012345679
0.079012345679
0.079012345679
0.079012345679
0.079012345679
0.079012345679
0.079012345679
0.079012345679
0.079012345679
0.079012345679
0.079012345679
0.079012345679
0.079012345679
0.079012345679
0.079012345679
0.079012345679
0.079012345679
0.079012345679
0.079012345679
0.079012345679
0.079012345679
0.079012345679
0.079012345679
0.079012345679
0.079012345679
0.079012345679
0.079012345679
0.079012345679
0.079012345679
0.079012345679
0.079012345679
0.079012345679
0.079012345679
0.079012345679
0.079012345679
0.079012345679
0.079012345679
0.079012345679
0.079012345679
0.079012345679
0.079012345679
0.079012345679
0.079012345679
0.079012345679
0.079012345679
0.079012345679
0.079012345679
0.079012345679
0.079012345679
0.079012345679
0.079012345679
0.079012345679
0.079012345679
0.079012345679
0.079012345679
0.079012345679
0.079012345679
0.079012345679
0.079012345679
0.079012345679
0.079012345679
0.079012345679
0.079012345679
0.079012345679
0.079012345679
0.079012345679
0.079012345679
0.079012345679
0.079012345679
0.079012345679
0.079012345679
0.079012345679
0.079012345679
0.079012345679
0.079012345679
0.079012345679
0.079012345679
0.079012345679
0.079012345679
0.079012345679
0.079012345679
0.079012345679
0.079012345679
0.079012345679
0.079012345679
0.079012345679
0.079012345679
0.079012345679
0.079012345679
0.079012345679
0.079012345679
0.079012345679
0.079012345679
0.079012345679
0.079012345679
0.079012345679
0.079012345679
0.079012345679
0.079012345679
0.079012345679
0.079012345679
0.079012345679
0.079012345679
0.079012345679
0.079012345679
0.079012345679
0.079012345679
0.079012345679
0.079012345679
0.079012345679
0.079012345679
0.079012345679
0.079012345679
0.079012345679
0.079012345679
0.079012345679
0.079012345679
0.079012345679
0.079012345679
0.079012345679
0.079012345679
0.079012345679
0.079012345679
0.079012345679
0.079012345679
0.079012345679
0.079012345679
0.079012345679
0.079012345679
0.079012345679
0.079012345679
0.079012345679
0.079012345679
0.079012345679
0.079012345679
0.079012345679
0.079012345679
0.079012345679
0.079012345679
0.079012345679
0.079012345679
0.079012345679
0.079012345679
0.079012345679
0.079012345679
0.079012345679
0.079012345679
0.079012345679
0.079012345679
0.079012345679
0.079012345679
0.079012345679
0.079012345679
0.079012345679
0.079012345679
0.079012345679
0.079012345679
0.079012345679
0.079012345679
0.079012345679
0.079012345679
0.079012345679
0.079012345679
0.079012345679
0.079012345679
0.079012345679
0.079012345679
0.079012345679
0.079012345679
0.079012345679
0.079012345679
0.079012345679
0.079012345679
0.079012345679
0.079012345679
0.079012345679
0.079012345679
0.079012345679
0.079012345679
0.079012345679
0.079012345679
0.079012345679
0.079012345679
0.079012345679
0.079012345679
0.079012345679
0.079012345679
0.079012345679
0.079012345679
0.079012345679
0.079012345679
0.079012345679
0.079012345679
0.079012345679
0.079012345679
0.079012345679
0.079012345679
0.079012345679
0.079012345679
0.079012345679
0.079012345679
0.079012345679
0.079012345679
0.079012345679
0.079012345679
0.079012345679
0.079012345679
0.079012345679
0.079012345679
0.079012345679
0.079012345679
0.079012345679
0.079012345679
0.079012345679
0.079012345679
0.079012345679
0.079012345679
0.079012345679
0.079012345679
0.079012345679
0.079012345679
0.079012345679
0.079012345679
0.079012345679
0.079012345679
0.079012345679
0.079012345679
0.079012345679
0.079012345679
0.079012345679
0.079012345679
0.079012345679
0.079012345679
0.079012345679
0.079012345679
0.079012345679
0.079012345679
0.079012345679
0.079012345679
0.079012345679
0.079012345679
0.079012345679
0.079012345679
0.079012345679
0.079012345679
0.079012345679
0.079012345679
0.079012345679
0.079012345679
0.079012345679
0.079012345679
0.079012345679
0.079012345679
0.079012345679
0.079012345679
0.079012345679
0.079012345679
0.079012345679
0.079012345679
0.079012345679
0.079012345679
0.079012345679
0.079012345679
0.079012345679
0.079012345679
0.079012345679
0.079012345679
0.079012345679
0.079012345679
0.079012345679
0.079012345679
0.079012345679
0.079012345679
0.079012345679
0.079012345679
0.079012345679
0.079012345679
0.079012345679
0.079012345679
0.079012345679
0.079012345679
0.079012345679
0.079012345679
0.079012345679
0.079012345679
0.079012345679
0.079012345679
0.079012345679
0.079012345679
0.079012345679
0.079012345679
0.079012345679
0.079012345679
0.079012345679
0.079012345679
0.079012345679
0.079012345679
0.079012345679
0.079012345679
0.079012345679
0.079012345679
0.079012345679
0.079012345679
0.079012345679
0.079012345679
0.079012345679
0.079012345679
0.079012345679
0.079012345679
0.079012345679
0.079012345679
0.079012345679
0.079012345679
0.079012345679
0.079012345679
0.079012345679
0.079012345679
0.079012345679
0.079012345679
0.079012345679
0.079012345679
0.079012345679
0.079012345679
0.079012345679
0.079012345679
0.079012345679
0.079012345679
0.079012345679
0.079012345679
0.079012345679
0.079012345679
0.079012345679
0.079012345679
0.079012345679
0.079012345679
0.079012345679
0.079012345679
0.079012345679
0.079012345679
0.079012345679
0.079012345679
0.079012345679
0.079012345679
0.079012345679
0.079012345679
0.079012345679
0.079012345679
0.079012345679
0.079012345679
0.079012345679
0.079012345679
0.079012345679
0.079012345679
0.079012345679
0.079012345679
0.079012345679
0.079012345679
0.079012345679
0.079012345679
0.079012345679
0.079012345679
0.079012345679
0.079012345679
0.079012345679
0.079012345679
0.079012345679
0.079012345679
0.079012345679
0.079012345679
0.079012345679
0.079012345679
0.079012345679
0.079012345679
0.079012345679
0.079012345679
0.079012345679
0.079012345679
0.079012345679
0.079012345679
0.079012345679
0.079012345679
0.079012345679
0.079012345679
0.079012345679
0.079012345679
0.079012345679
0.079012345679
0.079012345679
0.079012345679
0.079012345679
0.079012345679
0.079012345679
0.079012345679
0.079012345679
0.079012345679
0.079012345679
0.079012345679
0.079012345679
0.079012345679
0.079012345679
0.079012345679
0.079012345679
0.079012345679
0.079012345679
0.079012345679
0.079012345679
0.079012345679
0.079012345679
0.079012345679
0.079012345679
0.079012345679
0.079012345679
0.079012345679
0.079012345679
0.079012345679
0.079012345679
0.079012345679
0.079012345679
0.079012345679
0.079012345679
0.079012345679
0.079012345679
0.079012345679
0.079012345679
0.079012345679
0.079012345679
0.079012345679
0.079012345679
0.079012345679
0.079012345679
0.079012345679
0.079012345679
0.079012345679
0.079012345679
0.079012345679
0.079012345679
0.079012345679
0.079012345679
0.079012345679
0.079012345679
0.079012345679
0.079012345679
0.079012345679
0.079012345679
0.079012345679
0.079012345679
0.079012345679
0.079012345679
0.079012345679
0.079012345679
0.079012345679
0.079012345679
0.079012345679
0.079012345679
0.079012345679
0.079012345679
0.079012345679
0.079012345679
0.079012345679
0.079012345679
0.079012345679
0.079012345679
0.079012345679
0.079012345679
0.079012345679
0.079012345679
0.079012345679
0.079012345679
0.079012345679
0.079012345679
0.079012345679
0.079012345679
0.079012345679
0.079012345679
0.079012345679
0.079012345679
0.079012345679
0.079012345679
0.079012345679
0.079012345679
0.079012345679
0.079012345679
0.079012345679
0.079012345679
0.079012345679
0.079012345679
0.079012345679
0.079012345679
0.079012345679
0.079012345679
0.079012345679
0.079012345679
0.079012345679
0.079012345679
0.079012345679
0.079012345679
0.079012345679
0.079012345679
0.079012345679
0.079012345679
0.079012345679
0.079012345679
0.079012345679
0.079012345679
0.079012345679
0.079012345679
0.079012345679
0.079012345679
0.079012345679
0.079012345679
0.079012345679
0.079012345679
0.079012345679
0.079012345679
0.079012345679
0.079012345679
0.079012345679
0.079012345679
0.079012345679
0.079012345679
0.079012345679
0.079012345679
0.079012345679
0.079012345679
0.079012345679
0.079012345679
0.079012345679
0.079012345679
0.079012345679
0.079012345679
0.079012345679
0.079012345679
0.079012345679
0.079012345679
0.079012345679
0.079012345679
0.079012345679
0.079012345679
0.079012345679
0.079012345679
0.079012345679
0.079012345679
0.079012345679
0.079012345679
0.079012345679
0.079012345679
0.079012345679
0.079012345679
0.079012345679
0.079012345679
0.079012345679
0.079012345679
0.079012345679
0.079012345679
0.079012345679
0.079012345679
0.079012345679
0.079012345679
0.079012345679
0.079012345679
0.079012345679
0.079012345679
0.079012345679
0.079012345679
0.079012345679
0.079012345679
0.079012345679
0.079012345679
0.079012345679
0.079012345679
0.079012345679
0.079012345679
0.079012345679
0.079012345679
0.079012345679
0.079012345679
0.079012345679
0.079012345679
0.079012345679
0.079012345679
0.079012345679
0.079012345679
0.079012345679
0.079012345679
0.079012345679
0.079012345679
0.079012345679
0.079012345679
0.079012345679
0.079012345679
