0.057828696127
0.056737588652
0.055100927441
0.052373158756
0.050190943808
0.050190943808
0.048554282597
0.048008728860
0.048008728860
0.047463175123
0.047463175123
0.047463175123
0.047463175123
0.047463175123
0.047463175123
0.047463175123
0.047463175123
0.047463175123
0.047463175123
0.047463175123
0.049645390071
0.051282051282
0.054555373704
0.056192034915
0.064375340971
0.065466448445
0.076377523186
0.080196399345
0.088925259138
0.088925259138
0.093835242771
0.093289689034
0.094380796508
0.093289689034
0.090016366612
0.089470812875
0.091653027823
0.093289689034
0.099290780142
0.104200763775
0.117294053464
0.123295144572
0.125477359520
0.128205128205
0.132024004364
0.136388434261
0.139661756683
0.142935079105
0.148936170213
0.159301691217
0.167484997272
0.178396072013
0.179487179487
0.189852700491
0.189307146754
0.196944899073
0.201854882706
0.208947081288
0.212765957447
0.219312602291
0.216039279869
0.222585924714
0.226950354610
0.228587015821
0.232405891980
0.235133660666
0.236224768140
0.234588106929
0.236224768140
0.242225859247
0.229132569558
0.223131478451
0.197490452810
0.144026186579
0.240043644299
0.231860338243
0.091653027823
0.229678123295
0.127659574468
0.155482815057
0.094380796508
0.127659574468
0.101472995090
0.130387343153
0.115111838516
0.141298417894
0.121658483361
0.149481723950
0.124931805783
0.150027277687
0.130387343153
0.159847244954
0.133660665576
0.166393889798
0.142389525368
0.166939443535
0.144571740316
0.172394980906
0.147845062739
0.176213857065
0.151663938898
0.183306055646
0.156028368794
0.187124931806
0.157665030005
0.194217130387
0.159847244954
0.198036006547
0.157665030005
0.206219312602
0.154937261320
0.200763775232
0.158756137480
0.189852700491
0.153846153846
0.192034915439
0.193671576650
0.202400436443
0.174031642117
0.165848336061
0.184397163121
0.187124931806
0.163666121113
0.159847244954
0.181669394435
0.185488270595
0.164211674850
0.163666121113
0.188216039280
0.191489361702
0.151118385161
0.146753955265
0.157119476268
0.160938352428
0.161483906165
0.176759410802
0.138570649209
0.147299509002
0.171849427169
0.177850518276
0.141298417894
0.156028368794
0.161483906165
0.167484997272
0.124386252046
0.144026186579
0.150572831424
0.152755046372
0.154937261320
0.170212765957
0.120567375887
0.163120567376
0.170758319694
0.184942716858
0.134206219313
0.144026186579
0.177304964539
0.186579378069
0.147845062739
0.174577195854
0.126568466994
0.165302782324
0.171303873432
0.152209492635
0.139661756683
0.197490452810
0.182760501909
0.175122749591
0.136388434261
0.180578286961
0.196399345336
0.190943807965
0.149481723950
0.226950354610
0.199672667758
0.204037097654
0.149481723950
0.192034915439
0.187124931806
0.211129296236
0.163666121113
0.194762684124
0.189852700491
0.222040370977
0.156573922531
0.208401527550
0.129841789416
0.040916530278
0.138570649209
0.090561920349
0.082924168031
0.040916530278
0.142935079105
0.040916530278
0.040916530278
0.040916530278
0.040916530278
0.040916530278
0.040916530278
0.040916530278
0.040916530278
0.040916530278
0.040916530278
0.040916530278
0.040916530278
0.040916530278
0.040916530278
0.040916530278
0.040916530278
0.040916530278
0.040916530278
0.040916530278
0.040916530278
0.040916530278
0.040916530278
0.040916530278
0.040916530278
0.040916530278
0.040916530278
0.040916530278
0.040916530278
0.040916530278
0.040916530278
0.040916530278
0.040916530278
0.040916530278
0.040916530278
0.040916530278
0.040916530278
0.040916530278
0.040916530278
0.040916530278
0.040916530278
0.040916530278
0.040916530278
0.040916530278
0.040916530278
0.040916530278
0.040916530278
0.040916530278
0.040916530278
0.040916530278
0.040916530278
0.040916530278
0.040916530278
0.040916530278
0.040916530278
0.040916530278
0.040916530278
0.040916530278
0.040916530278
0.040916530278
0.040916530278
0.040916530278
0.040916530278
0.040916530278
0.040916530278
0.040916530278
0.040916530278
0.040916530278
0.040916530278
0.040916530278
0.040916530278
0.040916530278
0.040916530278
0.040916530278
0.040916530278
0.040916530278
0.040916530278
0.040916530278
0.040916530278
0.040916530278
0.040916530278
0.040916530278
0.040916530278
0.040916530278
0.040916530278
0.040916530278
0.040916530278
0.040916530278
0.040916530278
0.040916530278
0.040916530278
0.040916530278
0.040916530278
0.040916530278
0.040916530278
0.040916530278
0.040916530278
0.040916530278
0.040916530278
0.040916530278
0.040916530278
0.040916530278
0.040916530278
0.040916530278
0.040916530278
0.040916530278
0.040916530278
0.040916530278
0.040916530278
0.040916530278
0.040916530278
0.040916530278
0.040916530278
0.040916530278
0.040916530278
0.040916530278
0.040916530278
0.040916530278
0.040916530278
0.040916530278
0.040916530278
0.040916530278
0.040916530278
0.040916530278
0.040916530278
0.040916530278
0.040916530278
0.040916530278
0.040916530278
0.040916530278
0.040916530278
0.040916530278
0.040916530278
0.040916530278
0.040916530278
0.040916530278
0.040916530278
0.040916530278
0.040916530278
0.040916530278
0.040916530278
0.040916530278
0.040916530278
0.040916530278
0.040916530278
0.040916530278
0.040916530278
0.040916530278
0.040916530278
0.040916530278
0.040916530278
0.040916530278
0.040916530278
0.040916530278
0.040916530278
0.040916530278
0.040916530278
0.040916530278
0.040916530278
0.040916530278
0.040916530278
0.040916530278
0.040916530278
0.040916530278
0.040916530278
0.040916530278
0.040916530278
0.040916530278
0.040916530278
0.040916530278
0.040916530278
0.040916530278
0.040916530278
0.040916530278
0.040916530278
0.040916530278
0.040916530278
0.040916530278
0.040916530278
0.040916530278
0.040916530278
0.040916530278
0.040916530278
0.040916530278
0.040916530278
0.040916530278
0.040916530278
0.040916530278
0.040916530278
0.040916530278
0.040916530278
0.040916530278
0.040916530278
0.040916530278
0.040916530278
0.040916530278
0.040916530278
0.040916530278
0.040916530278
0.040916530278
0.040916530278
0.040916530278
0.040916530278
0.040916530278
0.040916530278
0.040916530278
0.040916530278
0.040916530278
0.040916530278
0.040916530278
0.040916530278
0.040916530278
0.040916530278
0.040916530278
0.040916530278
0.040916530278
0.040916530278
0.040916530278
0.040916530278
0.040916530278
0.040916530278
0.040916530278
0.040916530278
0.040916530278
0.040916530278
0.040916530278
0.040916530278
0.040916530278
0.040916530278
0.040916530278
0.040916530278
0.040916530278
0.040916530278
0.040916530278
0.040916530278
0.040916530278
0.040916530278
0.040916530278
0.040916530278
0.040916530278
0.040916530278
0.040916530278
0.040916530278
0.040916530278
0.040916530278
0.040916530278
0.040916530278
0.040916530278
0.040916530278
0.040916530278
0.040916530278
0.040916530278
0.040916530278
0.040916530278
0.040916530278
0.040916530278
0.040916530278
0.040916530278
0.040916530278
0.040916530278
0.040916530278
0.040916530278
0.040916530278
0.040916530278
0.040916530278
0.040916530278
0.040916530278
0.040916530278
0.040916530278
0.040916530278
0.040916530278
0.040916530278
0.040916530278
0.040916530278
0.040916530278
0.040916530278
0.040916530278
0.040916530278
0.040916530278
0.040916530278
0.040916530278
0.040916530278
0.040916530278
0.040916530278
0.040916530278
0.040916530278
0.040916530278
0.040916530278
0.040916530278
0.040916530278
0.040916530278
0.040916530278
0.040916530278
0.040916530278
0.040916530278
0.040916530278
0.040916530278
0.040916530278
0.040916530278
0.040916530278
0.040916530278
0.040916530278
0.040916530278
0.040916530278
0.040916530278
0.040916530278
0.040916530278
0.040916530278
0.040916530278
0.040916530278
0.040916530278
0.040916530278
0.040916530278
0.040916530278
0.040916530278
0.040916530278
0.040916530278
0.040916530278
0.040916530278
0.040916530278
0.040916530278
0.040916530278
0.040916530278
0.040916530278
0.040916530278
0.040916530278
0.040916530278
0.040916530278
0.040916530278
0.040916530278
0.040916530278
0.040916530278
0.040916530278
0.040916530278
0.040916530278
0.040916530278
0.040916530278
0.040916530278
0.040916530278
0.040916530278
0.040916530278
0.040916530278
0.040916530278
0.040916530278
0.040916530278
0.040916530278
0.040916530278
0.040916530278
0.040916530278
0.040916530278
0.040916530278
0.040916530278
0.040916530278
0.040916530278
0.040916530278
0.040916530278
0.040916530278
0.040916530278
0.040916530278
0.040916530278
0.040916530278
0.040916530278
0.040916530278
0.040916530278
0.040916530278
0.040916530278
0.040916530278
0.040916530278
0.040916530278
0.040916530278
0.040916530278
0.040916530278
0.040916530278
0.040916530278
0.040916530278
0.040916530278
0.040916530278
0.040916530278
0.040916530278
0.040916530278
0.040916530278
0.040916530278
0.040916530278
0.040916530278
0.040916530278
0.040916530278
0.040916530278
0.040916530278
0.040916530278
0.040916530278
0.040916530278
0.040916530278
0.040916530278
0.040916530278
0.040916530278
0.040916530278
0.040916530278
0.040916530278
0.040916530278
0.040916530278
0.040916530278
0.040916530278
0.040916530278
0.040916530278
0.040916530278
0.040916530278
0.040916530278
0.040916530278
0.040916530278
0.040916530278
0.040916530278
0.040916530278
0.040916530278
0.040916530278
0.040916530278
0.040916530278
0.040916530278
0.040916530278
0.040916530278
0.040916530278
0.040916530278
0.040916530278
0.040916530278
0.040916530278
0.040916530278
0.040916530278
0.040916530278
0.040916530278
0.040916530278
0.040916530278
0.040916530278
0.040916530278
0.040916530278
0.040916530278
0.040916530278
0.040916530278
0.040916530278
0.040916530278
0.040916530278
0.040916530278
0.040916530278
0.040916530278
0.040916530278
0.040916530278
0.040916530278
0.040916530278
0.040916530278
0.040916530278
0.040916530278
0.040916530278
0.040916530278
0.040916530278
0.040916530278
0.040916530278
0.040916530278
0.040916530278
0.040916530278
0.040916530278
0.040916530278
0.040916530278
0.040916530278
0.040916530278
0.040916530278
0.040916530278
0.040916530278
0.040916530278
0.040916530278
0.040916530278
0.040916530278
0.040916530278
0.040916530278
0.040916530278
0.040916530278
0.040916530278
0.040916530278
0.040916530278
0.040916530278
0.040916530278
0.040916530278
0.040916530278
0.040916530278
0.040916530278
0.040916530278
0.040916530278
0.040916530278
0.040916530278
0.040916530278
0.040916530278
0.040916530278
0.040916530278
0.040916530278
0.040916530278
0.040916530278
0.040916530278
0.040916530278
0.040916530278
0.040916530278
0.040916530278
0.040916530278
0.040916530278
0.040916530278
0.040916530278
0.040916530278
0.040916530278
0.040916530278
0.040916530278
0.040916530278
0.040916530278
0.040916530278
0.040916530278
0.040916530278
0.040916530278
0.040916530278
0.040916530278
0.040916530278
0.040916530278
0.040916530278
0.040916530278
0.040916530278
0.040916530278
0.040916530278
0.040916530278
0.040916530278
0.040916530278
0.040916530278
0.040916530278
0.040916530278
0.040916530278
0.040916530278
0.040916530278
0.040916530278
0.040916530278
0.040916530278
0.040916530278
0.040916530278
0.040916530278
0.040916530278
0.040916530278
0.040916530278
0.040916530278
0.040916530278
0.040916530278
0.040916530278
0.040916530278
0.040916530278
0.040916530278
0.040916530278
0.040916530278
0.040916530278
0.040916530278
0.040916530278
0.040916530278
0.040916530278
0.040916530278
0.040916530278
0.040916530278
0.040916530278
0.040916530278
0.040916530278
0.040916530278
0.040916530278
0.040916530278
0.040916530278
0.040916530278
0.040916530278
0.040916530278
0.040916530278
0.040916530278
0.040916530278
0.040916530278
0.040916530278
0.040916530278
0.040916530278
0.040916530278
0.040916530278
0.040916530278
0.040916530278
0.040916530278
0.040916530278
0.040916530278
0.040916530278
0.040916530278
0.040916530278
0.040916530278
0.040916530278
0.040916530278
0.040916530278
0.040916530278
0.040916530278
0.040916530278
0.040916530278
0.040916530278
0.040916530278
0.040916530278
0.040916530278
0.040916530278
0.040916530278
0.040916530278
0.040916530278
0.040916530278
0.040916530278
0.040916530278
0.040916530278
0.040916530278
0.040916530278
0.040916530278
0.040916530278
0.040916530278
0.040916530278
0.040916530278
0.040916530278
0.040916530278
0.040916530278
0.040916530278
0.040916530278
0.040916530278
0.040916530278
0.040916530278
0.040916530278
0.040916530278
0.040916530278
0.040916530278
0.040916530278
0.040916530278
0.040916530278
0.040916530278
0.040916530278
0.040916530278
0.040916530278
0.040916530278
0.040916530278
0.040916530278
0.040916530278
0.040916530278
0.040916530278
0.040916530278
0.040916530278
0.040916530278
0.040916530278
0.040916530278
0.040916530278
0.040916530278
0.040916530278
0.040916530278
0.040916530278
0.040916530278
0.040916530278
0.040916530278
0.040916530278
0.040916530278
0.040916530278
0.040916530278
0.040916530278
0.040916530278
0.040916530278
0.040916530278
0.040916530278
0.040916530278
0.040916530278
0.040916530278
0.040916530278
0.040916530278
0.040916530278
0.040916530278
0.040916530278
0.040916530278
0.040916530278
0.040916530278
0.040916530278
0.040916530278
0.040916530278
0.040916530278
0.040916530278
0.040916530278
0.040916530278
0.040916530278
0.040916530278
0.040916530278
0.040916530278
0.040916530278
0.040916530278
0.040916530278
0.040916530278
0.040916530278
0.040916530278
0.040916530278
0.040916530278
0.040916530278
0.040916530278
0.040916530278
0.040916530278
0.040916530278
0.040916530278
0.040916530278
0.040916530278
0.040916530278
0.040916530278
0.040916530278
0.040916530278
0.040916530278
0.040916530278
0.040916530278
0.040916530278
0.040916530278
0.040916530278
0.040916530278
0.040916530278
0.040916530278
0.040916530278
0.040916530278
0.040916530278
0.040916530278
0.040916530278
0.040916530278
0.040916530278
0.040916530278
0.040916530278
0.040916530278
0.040916530278
0.040916530278
0.040916530278
0.040916530278
0.040916530278
0.040916530278
0.040916530278
0.040916530278
0.040916530278
0.040916530278
0.040916530278
0.040916530278
0.040916530278
0.040916530278
0.040916530278
0.040916530278
0.040916530278
0.040916530278
0.040916530278
0.040916530278
0.040916530278
0.040916530278
0.040916530278
0.040916530278
0.040916530278
0.040916530278
0.040916530278
0.040916530278
0.040916530278
0.040916530278
0.040916530278
0.040916530278
0.040916530278
0.040916530278
0.040916530278
0.040916530278
0.040916530278
0.040916530278
0.040916530278
0.040916530278
0.040916530278
0.040916530278
0.040916530278
0.040916530278
0.040916530278
0.040916530278
0.040916530278
0.040916530278
0.040916530278
0.040916530278
0.040916530278
0.040916530278
0.040916530278
0.040916530278
0.040916530278
0.040916530278
0.040916530278
0.040916530278
0.040916530278
0.040916530278
0.040916530278
0.040916530278
0.040916530278
0.040916530278
0.040916530278
0.040916530278
0.040916530278
0.040916530278
0.040916530278
0.040916530278
0.040916530278
0.040916530278
0.040916530278
0.040916530278
0.040916530278
0.040916530278
0.040916530278
0.040916530278
0.040916530278
0.040916530278
0.040916530278
0.040916530278
0.040916530278
0.040916530278
0.040916530278
0.040916530278
0.040916530278
0.040916530278
0.040916530278
0.040916530278
0.040916530278
0.040916530278
0.040916530278
0.040916530278
0.040916530278
0.040916530278
0.040916530278
0.040916530278
0.040916530278
0.040916530278
0.040916530278
0.040916530278
0.040916530278
0.040916530278
0.040916530278
0.040916530278
0.040916530278
0.040916530278
0.040916530278
0.040916530278
0.040916530278
0.040916530278
0.040916530278
0.040916530278
0.040916530278
0.040916530278
0.040916530278
0.040916530278
0.040916530278
0.040916530278
0.040916530278
0.040916530278
0.040916530278
0.040916530278
0.040916530278
0.040916530278
0.040916530278
0.040916530278
0.040916530278
0.040916530278
0.040916530278
0.040916530278
0.040916530278
0.040916530278
0.040916530278
0.040916530278
0.040916530278
0.040916530278
0.040916530278
0.040916530278
0.040916530278
0.040916530278
0.040916530278
0.040916530278
0.040916530278
0.040916530278
0.040916530278
0.040916530278
0.040916530278
0.040916530278
0.040916530278
0.040916530278
0.040916530278
0.040916530278
0.040916530278
0.040916530278
0.040916530278
0.040916530278
0.040916530278
0.040916530278
0.040916530278
0.040916530278
0.040916530278
0.040916530278
0.040916530278
0.040916530278
0.040916530278
0.040916530278
0.040916530278
0.040916530278
0.040916530278
0.040916530278
0.040916530278
0.040916530278
0.040916530278
0.040916530278
0.040916530278
0.040916530278
0.040916530278
0.040916530278
0.040916530278
0.040916530278
0.040916530278
0.040916530278
0.040916530278
0.040916530278
0.040916530278
0.040916530278
0.040916530278
0.040916530278
0.040916530278
0.040916530278
0.040916530278
0.040916530278
0.040916530278
0.040916530278
0.040916530278
0.040916530278
0.040916530278
0.040916530278
0.040916530278
0.040916530278
0.040916530278
0.040916530278
0.040916530278
0.040916530278
0.040916530278
0.040916530278
0.040916530278
0.040916530278
0.040916530278
0.040916530278
0.040916530278
0.040916530278
0.040916530278
0.040916530278
0.040916530278
0.040916530278
0.040916530278
0.040916530278
0.040916530278
0.040916530278
0.040916530278
0.040916530278
0.040916530278
0.040916530278
0.040916530278
0.040916530278
0.040916530278
0.040916530278
0.040916530278
0.040916530278
0.040916530278
0.040916530278
0.040916530278
0.040916530278
0.040916530278
0.040916530278
0.040916530278
0.040916530278
0.040916530278
0.040916530278
0.040916530278
0.040916530278
0.040916530278
0.040916530278
0.040916530278
0.040916530278
0.040916530278
0.040916530278
0.040916530278
0.040916530278
0.040916530278
0.040916530278
0.040916530278
0.040916530278
0.040916530278
0.040916530278
0.040916530278
0.040916530278
0.040916530278
0.040916530278
0.040916530278
0.040916530278
0.040916530278
0.040916530278
0.040916530278
0.040916530278
0.040916530278
0.040916530278
0.040916530278
0.040916530278
0.040916530278
0.040916530278
0.040916530278
0.040916530278
0.040916530278
0.040916530278
0.040916530278
0.040916530278
0.040916530278
0.040916530278
0.040916530278
0.040916530278
0.040916530278
0.040916530278
0.040916530278
0.040916530278
0.040916530278
0.040916530278
0.040916530278
0.040916530278
0.040916530278
0.040916530278
0.040916530278
0.040916530278
0.040916530278
0.040916530278
0.040916530278
0.040916530278
0.040916530278
0.040916530278
0.040916530278
0.040916530278
0.040916530278
0.040916530278
0.040916530278
0.040916530278
0.040916530278
0.040916530278
0.040916530278
0.040916530278
0.040916530278
0.040916530278
0.040916530278
0.040916530278
0.040916530278
0.040916530278
0.040916530278
0.040916530278
0.040916530278
0.040916530278
0.040916530278
0.040916530278
0.040916530278
0.040916530278
0.040916530278
0.040916530278
0.040916530278
0.040916530278
0.040916530278
0.040916530278
0.040916530278
0.040916530278
0.040916530278
0.040916530278
0.040916530278
0.040916530278
0.040916530278
0.040916530278
0.040916530278
0.040916530278
0.040916530278
0.040916530278
0.040916530278
0.040916530278
0.040916530278
0.040916530278
0.040916530278
0.040916530278
0.040916530278
0.040916530278
0.040916530278
0.040916530278
0.040916530278
0.040916530278
0.040916530278
0.040916530278
0.040916530278
0.040916530278
0.040916530278
0.040916530278
0.040916530278
0.040916530278
0.040916530278
0.040916530278
0.040916530278
0.040916530278
0.040916530278
0.040916530278
0.040916530278
0.040916530278
0.040916530278
0.040916530278
0.040916530278
0.040916530278
0.040916530278
0.040916530278
0.040916530278
0.040916530278
0.040916530278
0.040916530278
0.040916530278
0.040916530278
0.040916530278
0.040916530278
0.040916530278
0.040916530278
0.040916530278
0.040916530278
0.040916530278
0.040916530278
0.040916530278
0.040916530278
0.040916530278
0.040916530278
0.040916530278
0.040916530278
0.040916530278
0.040916530278
0.040916530278
0.040916530278
0.040916530278
0.040916530278
0.040916530278
0.040916530278
0.040916530278
0.040916530278
0.040916530278
0.040916530278
0.040916530278
0.040916530278
0.040916530278
0.040916530278
0.040916530278
0.040916530278
0.040916530278
0.040916530278
0.040916530278
0.040916530278
0.040916530278
0.040916530278
0.040916530278
0.040916530278
0.040916530278
0.040916530278
0.040916530278
0.040916530278
0.040916530278
0.040916530278
0.040916530278
0.040916530278
0.040916530278
0.040916530278
0.040916530278
0.040916530278
0.040916530278
0.040916530278
0.040916530278
0.040916530278
0.040916530278
0.040916530278
0.040916530278
0.040916530278
0.040916530278
0.040916530278
0.040916530278
0.040916530278
0.040916530278
0.040916530278
0.040916530278
0.040916530278
0.040916530278
0.040916530278
0.040916530278
0.040916530278
0.040916530278
0.040916530278
0.040916530278
0.040916530278
0.040916530278
0.040916530278
0.040916530278
0.040916530278
0.040916530278
0.040916530278
0.040916530278
0.040916530278
0.040916530278
0.040916530278
0.040916530278
0.040916530278
0.040916530278
0.040916530278
0.040916530278
0.040916530278
0.040916530278
0.040916530278
0.040916530278
0.040916530278
0.040916530278
0.040916530278
0.040916530278
0.040916530278
0.040916530278
0.040916530278
0.040916530278
0.040916530278
0.040916530278
0.040916530278
0.040916530278
0.040916530278
0.040916530278
0.040916530278
0.040916530278
0.040916530278
0.040916530278
0.040916530278
0.040916530278
0.040916530278
0.040916530278
0.040916530278
0.040916530278
0.040916530278
0.040916530278
0.040916530278
0.040916530278
0.040916530278
0.040916530278
0.040916530278
0.040916530278
0.040916530278
0.040916530278
0.040916530278
0.040916530278
0.040916530278
0.040916530278
0.040916530278
0.040916530278
0.040916530278
0.040916530278
0.040916530278
0.040916530278
0.040916530278
0.040916530278
0.040916530278
0.040916530278
0.040916530278
0.040916530278
0.040916530278
0.040916530278
0.040916530278
0.040916530278
0.040916530278
0.040916530278
0.040916530278
0.040916530278
0.040916530278
0.040916530278
0.040916530278
0.040916530278
0.040916530278
0.040916530278
0.040916530278
0.040916530278
0.040916530278
0.040916530278
0.040916530278
0.040916530278
0.040916530278
0.040916530278
0.040916530278
0.040916530278
0.040916530278
0.040916530278
0.040916530278
0.040916530278
0.040916530278
0.040916530278
0.040916530278
0.040916530278
0.040916530278
0.040916530278
0.040916530278
0.040916530278
0.040916530278
0.040916530278
0.040916530278
0.040916530278
0.040916530278
0.040916530278
0.040916530278
0.040916530278
0.040916530278
0.040916530278
0.040916530278
0.040916530278
0.040916530278
0.040916530278
0.040916530278
0.040916530278
0.040916530278
0.040916530278
0.040916530278
0.040916530278
0.040916530278
0.040916530278
0.040916530278
0.040916530278
0.040916530278
0.040916530278
0.040916530278
0.040916530278
0.040916530278
0.040916530278
0.040916530278
0.040916530278
0.040916530278
0.040916530278
0.040916530278
0.040916530278
0.040916530278
0.040916530278
0.040916530278
0.040916530278
0.040916530278
0.040916530278
0.040916530278
0.040916530278
0.040916530278
0.040916530278
0.040916530278
0.040916530278
0.040916530278
0.040916530278
0.040916530278
0.040916530278
0.040916530278
0.040916530278
0.040916530278
0.040916530278
0.040916530278
0.040916530278
0.040916530278
0.040916530278
0.040916530278
0.040916530278
0.040916530278
0.040916530278
0.040916530278
0.040916530278
0.040916530278
0.040916530278
0.040916530278
0.040916530278
0.040916530278
0.040916530278
0.040916530278
0.040916530278
0.040916530278
0.040916530278
0.040916530278
0.040916530278
0.040916530278
0.040916530278
0.040916530278
0.040916530278
0.040916530278
0.040916530278
0.040916530278
0.040916530278
0.040916530278
0.040916530278
0.040916530278
0.040916530278
0.040916530278
0.040916530278
0.040916530278
0.040916530278
0.040916530278
0.040916530278
0.040916530278
0.040916530278
0.040916530278
0.040916530278
0.040916530278
0.040916530278
0.040916530278
0.040916530278
0.040916530278
0.040916530278
0.040916530278
0.040916530278
0.040916530278
0.040916530278
0.040916530278
0.040916530278
0.040916530278
0.040916530278
0.040916530278
0.040916530278
0.040916530278
0.040916530278
0.040916530278
0.040916530278
0.040916530278
0.040916530278
0.040916530278
0.040916530278
0.040916530278
0.040916530278
0.040916530278
0.040916530278
0.040916530278
0.040916530278
0.040916530278
0.040916530278
0.040916530278
0.040916530278
0.040916530278
0.040916530278
0.040916530278
0.040916530278
0.040916530278
0.040916530278
0.040916530278
0.040916530278
0.040916530278
0.040916530278
0.040916530278
0.040916530278
0.040916530278
0.040916530278
0.040916530278
0.040916530278
0.040916530278
0.040916530278
0.040916530278
0.040916530278
0.040916530278
0.040916530278
0.040916530278
0.040916530278
0.040916530278
0.040916530278
0.040916530278
0.040916530278
0.040916530278
0.040916530278
0.040916530278
0.040916530278
0.040916530278
0.040916530278
0.040916530278
0.040916530278
0.040916530278
0.040916530278
0.040916530278
0.040916530278
0.040916530278
0.040916530278
0.040916530278
0.040916530278
0.040916530278
0.040916530278
0.040916530278
0.040916530278
0.040916530278
0.040916530278
0.040916530278
0.040916530278
0.040916530278
0.040916530278
0.040916530278
0.040916530278
0.040916530278
0.040916530278
0.040916530278
0.040916530278
0.040916530278
0.040916530278
0.040916530278
0.040916530278
0.040916530278
0.040916530278
0.040916530278
0.040916530278
0.040916530278
0.040916530278
0.040916530278
0.040916530278
0.040916530278
0.040916530278
0.040916530278
0.040916530278
0.040916530278
0.040916530278
0.040916530278
0.040916530278
0.040916530278
0.040916530278
0.040916530278
0.040916530278
0.040916530278
0.040916530278
0.040916530278
0.040916530278
0.040916530278
0.040916530278
0.040916530278
0.040916530278
0.040916530278
0.040916530278
0.040916530278
0.040916530278
0.040916530278
0.040916530278
0.040916530278
0.040916530278
0.040916530278
0.040916530278
0.040916530278
0.040916530278
0.040916530278
0.040916530278
0.040916530278
0.040916530278
0.040916530278
0.040916530278
0.040916530278
0.040916530278
0.040916530278
0.040916530278
0.040916530278
0.040916530278
0.040916530278
0.040916530278
0.040916530278
0.040916530278
0.040916530278
0.040916530278
0.040916530278
0.040916530278
0.040916530278
0.040916530278
0.040916530278
0.040916530278
0.040916530278
0.040916530278
0.040916530278
0.040916530278
0.040916530278
0.040916530278
0.040916530278
0.040916530278
0.040916530278
0.040916530278
0.040916530278
0.040916530278
0.040916530278
0.040916530278
0.040916530278
0.040916530278
0.040916530278
0.040916530278
0.040916530278
0.040916530278
0.040916530278
0.040916530278
0.040916530278
0.040916530278
0.040916530278
0.040916530278
0.040916530278
0.040916530278
0.040916530278
0.040916530278
0.040916530278
0.040916530278
0.040916530278
0.040916530278
0.040916530278
0.040916530278
0.040916530278
0.040916530278
0.040916530278
0.040916530278
0.040916530278
0.040916530278
0.040916530278
0.040916530278
0.040916530278
0.040916530278
0.040916530278
0.040916530278
0.040916530278
0.040916530278
0.040916530278
0.040916530278
0.040916530278
0.040916530278
0.040916530278
0.040916530278
0.040916530278
0.040916530278
0.040916530278
0.040916530278
0.040916530278
0.040916530278
0.040916530278
0.040916530278
0.040916530278
0.040916530278
0.040916530278
0.040916530278
0.040916530278
0.040916530278
0.040916530278
0.040916530278
0.040916530278
0.040916530278
0.040916530278
0.040916530278
0.040916530278
0.040916530278
0.040916530278
0.040916530278
0.040916530278
0.040916530278
0.040916530278
0.040916530278
0.040916530278
0.040916530278
0.040916530278
0.040916530278
0.040916530278
0.040916530278
0.040916530278
0.040916530278
0.040916530278
0.040916530278
0.040916530278
0.040916530278
0.040916530278
0.040916530278
0.040916530278
0.040916530278
0.040916530278
0.040916530278
0.040916530278
0.040916530278
0.040916530278
0.040916530278
0.040916530278
0.040916530278
0.040916530278
0.040916530278
0.040916530278
0.040916530278
0.040916530278
0.040916530278
0.040916530278
0.040916530278
0.040916530278
0.040916530278
0.040916530278
0.040916530278
0.040916530278
0.040916530278
0.040916530278
0.040916530278
0.040916530278
0.040916530278
0.040916530278
0.040916530278
0.040916530278
0.040916530278
0.040916530278
0.040916530278
0.040916530278
0.040916530278
0.040916530278
0.040916530278
0.040916530278
0.040916530278
0.040916530278
0.040916530278
0.040916530278
0.040916530278
0.040916530278
0.040916530278
0.040916530278
0.040916530278
0.040916530278
0.040916530278
0.040916530278
0.040916530278
0.040916530278
0.040916530278
0.040916530278
0.040916530278
0.040916530278
0.040916530278
0.040916530278
0.040916530278
0.040916530278
0.040916530278
0.040916530278
0.040916530278
0.040916530278
0.040916530278
0.040916530278
0.040916530278
0.040916530278
0.040916530278
0.040916530278
0.040916530278
0.040916530278
0.040916530278
0.040916530278
0.040916530278
0.040916530278
0.040916530278
0.040916530278
0.040916530278
0.040916530278
0.040916530278
0.040916530278
0.040916530278
0.040916530278
0.040916530278
0.040916530278
0.040916530278
0.040916530278
0.040916530278
0.040916530278
0.040916530278
0.040916530278
0.040916530278
0.040916530278
0.040916530278
0.040916530278
0.040916530278
0.040916530278
0.040916530278
0.040916530278
0.040916530278
0.040916530278
0.040916530278
0.040916530278
0.040916530278
0.040916530278
0.040916530278
0.040916530278
0.040916530278
0.040916530278
0.040916530278
0.040916530278
0.040916530278
0.040916530278
0.040916530278
0.040916530278
0.040916530278
0.040916530278
0.040916530278
0.040916530278
0.040916530278
0.040916530278
0.040916530278
0.040916530278
0.040916530278
0.040916530278
0.040916530278
0.040916530278
0.040916530278
0.040916530278
0.040916530278
0.040916530278
0.040916530278
0.040916530278
0.040916530278
0.040916530278
0.040916530278
0.040916530278
0.040916530278
0.040916530278
0.040916530278
0.040916530278
0.040916530278
0.040916530278
0.040916530278
0.040916530278
0.040916530278
0.040916530278
0.040916530278
0.040916530278
0.040916530278
0.040916530278
0.040916530278
0.040916530278
0.040916530278
0.040916530278
0.040916530278
0.040916530278
0.040916530278
0.040916530278
0.040916530278
0.040916530278
0.040916530278
0.040916530278
