0.056529112493
0.056529112493
0.056529112493
0.055963821368
0.055398530243
0.054267947993
0.054267947993
0.053702656868
0.053137365743
0.053137365743
0.052572074618
0.052572074618
0.052572074618
0.052572074618
0.052572074618
0.052572074618
0.052572074618
0.052572074618
0.052572074618
0.052572074618
0.054267947993
0.054267947993
0.060486150367
0.061616732617
0.072357263991
0.076879592990
0.091011871114
0.094968908988
0.106274731487
0.109666478236
0.130016958734
0.130582249859
0.137931034483
0.136235161108
0.138496325608
0.136800452233
0.146975692482
0.151498021481
0.154324477106
0.159977388355
0.166195590729
0.166760881854
0.170717919729
0.175240248728
0.180327868852
0.184284906727
0.187676653477
0.191633691351
0.195025438101
0.204635387224
0.214245336348
0.221594120972
0.232334652346
0.232899943471
0.239118145845
0.245336348219
0.245901639344
0.244771057094
0.248162803844
0.249293386094
0.254381006218
0.246466930469
0.256642170718
0.247597512719
0.257772752968
0.245901639344
0.256642170718
0.245336348219
0.263425664217
0.229508196721
0.280384397965
0.131712832109
0.302430751837
0.084228377614
0.188241944601
0.263990955342
0.279819106840
0.183719615602
0.166760881854
0.215941209723
0.273035613341
0.237422272470
0.292820802713
0.240814019220
0.289994347089
0.245901639344
0.303561334087
0.241944601470
0.296212549463
0.240248728095
0.298473713963
0.236856981345
0.297343131713
0.234030525721
0.292820802713
0.224985867722
0.292820802713
0.213114754098
0.292255511588
0.195590729226
0.295647258338
0.185415488977
0.299604296213
0.177501413228
0.306387789712
0.184284906727
0.302430751837
0.184850197852
0.300734878462
0.170152628604
0.293386093838
0.159412097230
0.297343131713
0.149802148106
0.292820802713
0.141888072357
0.306953080837
0.247032221594
0.308083663086
0.135104578858
0.219332956473
0.254381006218
0.304126625212
0.135104578858
0.228942905596
0.259468626343
0.301300169587
0.149236856981
0.300734878462
0.300734878462
0.305257207462
0.093273035613
0.135104578858
0.165630299604
0.304691916337
0.306387789712
0.300169587337
0.087620124364
0.224420576597
0.282645562465
0.293951384963
0.139061616733
0.291124929339
0.293951384963
0.292255511588
0.084228377614
0.109101187111
0.138496325608
0.259468626343
0.278688524590
0.287167891464
0.113058224986
0.292255511588
0.276992651215
0.293951384963
0.084793668739
0.137931034483
0.254946297343
0.282645562465
0.284341435839
0.286602600339
0.093838326738
0.267947993217
0.259468626343
0.275296777841
0.107405313737
0.280384397965
0.299039005088
0.293951384963
0.093838326738
0.135104578858
0.166760881854
0.183154324477
0.113058224986
0.165630299604
0.185980780102
0.252685132843
0.088750706614
0.157716223855
0.159412097230
0.203504804975
0.083097795365
0.273035613341
0.222724703222
0.250423968344
0.176936122103
0.294516676088
0.126625211984
0.055398530243
0.267382702092
0.232899943471
0.126625211984
0.084228377614
0.126625211984
0.126625211984
0.126625211984
0.126625211984
0.126625211984
0.126625211984
0.126625211984
0.126625211984
0.126625211984
0.126625211984
0.126625211984
0.126625211984
0.126625211984
0.126625211984
0.126625211984
0.126625211984
0.126625211984
0.126625211984
0.126625211984
0.126625211984
0.126625211984
0.126625211984
0.126625211984
0.126625211984
0.126625211984
0.126625211984
0.126625211984
0.126625211984
0.126625211984
0.126625211984
0.126625211984
0.126625211984
0.126625211984
0.126625211984
0.126625211984
0.126625211984
0.126625211984
0.126625211984
0.126625211984
0.126625211984
0.126625211984
0.126625211984
0.126625211984
0.126625211984
0.126625211984
0.126625211984
0.126625211984
0.126625211984
0.126625211984
0.126625211984
0.126625211984
0.126625211984
0.126625211984
0.126625211984
0.126625211984
0.126625211984
0.126625211984
0.126625211984
0.126625211984
0.126625211984
0.126625211984
0.126625211984
0.126625211984
0.126625211984
0.126625211984
0.126625211984
0.126625211984
0.126625211984
0.126625211984
0.126625211984
0.126625211984
0.126625211984
0.126625211984
0.126625211984
0.126625211984
0.126625211984
0.126625211984
0.126625211984
0.126625211984
0.126625211984
0.126625211984
0.126625211984
0.126625211984
0.126625211984
0.126625211984
0.126625211984
0.126625211984
0.126625211984
0.126625211984
0.126625211984
0.126625211984
0.126625211984
0.126625211984
0.126625211984
0.126625211984
0.126625211984
0.126625211984
0.126625211984
0.126625211984
0.126625211984
0.126625211984
0.126625211984
0.126625211984
0.126625211984
0.126625211984
0.126625211984
0.126625211984
0.126625211984
0.126625211984
0.126625211984
0.126625211984
0.126625211984
0.126625211984
0.126625211984
0.126625211984
0.126625211984
0.126625211984
0.126625211984
0.126625211984
0.126625211984
0.126625211984
0.126625211984
0.126625211984
0.126625211984
0.126625211984
0.126625211984
0.126625211984
0.126625211984
0.126625211984
0.126625211984
0.126625211984
0.126625211984
0.126625211984
0.126625211984
0.126625211984
0.126625211984
0.126625211984
0.126625211984
0.126625211984
0.126625211984
0.126625211984
0.126625211984
0.126625211984
0.126625211984
0.126625211984
0.126625211984
0.126625211984
0.126625211984
0.126625211984
0.126625211984
0.126625211984
0.126625211984
0.126625211984
0.126625211984
0.126625211984
0.126625211984
0.126625211984
0.126625211984
0.126625211984
0.126625211984
0.126625211984
0.126625211984
0.126625211984
0.126625211984
0.126625211984
0.126625211984
0.126625211984
0.126625211984
0.126625211984
0.126625211984
0.126625211984
0.126625211984
0.126625211984
0.126625211984
0.126625211984
0.126625211984
0.126625211984
0.126625211984
0.126625211984
0.126625211984
0.126625211984
0.126625211984
0.126625211984
0.126625211984
0.126625211984
0.126625211984
0.126625211984
0.126625211984
0.126625211984
0.126625211984
0.126625211984
0.126625211984
0.126625211984
0.126625211984
0.126625211984
0.126625211984
0.126625211984
0.126625211984
0.126625211984
0.126625211984
0.126625211984
0.126625211984
0.126625211984
0.126625211984
0.126625211984
0.126625211984
0.126625211984
0.126625211984
0.126625211984
0.126625211984
0.126625211984
0.126625211984
0.126625211984
0.126625211984
0.126625211984
0.126625211984
0.126625211984
0.126625211984
0.126625211984
0.126625211984
0.126625211984
0.126625211984
0.126625211984
0.126625211984
0.126625211984
0.126625211984
0.126625211984
0.126625211984
0.126625211984
0.126625211984
0.126625211984
0.126625211984
0.126625211984
0.126625211984
0.126625211984
0.126625211984
0.126625211984
0.126625211984
0.126625211984
0.126625211984
0.126625211984
0.126625211984
0.126625211984
0.126625211984
0.126625211984
0.126625211984
0.126625211984
0.126625211984
0.126625211984
0.126625211984
0.126625211984
0.126625211984
0.126625211984
0.126625211984
0.126625211984
0.126625211984
0.126625211984
0.126625211984
0.126625211984
0.126625211984
0.126625211984
0.126625211984
0.126625211984
0.126625211984
0.126625211984
0.126625211984
0.126625211984
0.126625211984
0.126625211984
0.126625211984
0.126625211984
0.126625211984
0.126625211984
0.126625211984
0.126625211984
0.126625211984
0.126625211984
0.126625211984
0.126625211984
0.126625211984
0.126625211984
0.126625211984
0.126625211984
0.126625211984
0.126625211984
0.126625211984
0.126625211984
0.126625211984
0.126625211984
0.126625211984
0.126625211984
0.126625211984
0.126625211984
0.126625211984
0.126625211984
0.126625211984
0.126625211984
0.126625211984
0.126625211984
0.126625211984
0.126625211984
0.126625211984
0.126625211984
0.126625211984
0.126625211984
0.126625211984
0.126625211984
0.126625211984
0.126625211984
0.126625211984
0.126625211984
0.126625211984
0.126625211984
0.126625211984
0.126625211984
0.126625211984
0.126625211984
0.126625211984
0.126625211984
0.126625211984
0.126625211984
0.126625211984
0.126625211984
0.126625211984
0.126625211984
0.126625211984
0.126625211984
0.126625211984
0.126625211984
0.126625211984
0.126625211984
0.126625211984
0.126625211984
0.126625211984
0.126625211984
0.126625211984
0.126625211984
0.126625211984
0.126625211984
0.126625211984
0.126625211984
0.126625211984
0.126625211984
0.126625211984
0.126625211984
0.126625211984
0.126625211984
0.126625211984
0.126625211984
0.126625211984
0.126625211984
0.126625211984
0.126625211984
0.126625211984
0.126625211984
0.126625211984
0.126625211984
0.126625211984
0.126625211984
0.126625211984
0.126625211984
0.126625211984
0.126625211984
0.126625211984
0.126625211984
0.126625211984
0.126625211984
0.126625211984
0.126625211984
0.126625211984
0.126625211984
0.126625211984
0.126625211984
0.126625211984
0.126625211984
0.126625211984
0.126625211984
0.126625211984
0.126625211984
0.126625211984
0.126625211984
0.126625211984
0.126625211984
0.126625211984
0.126625211984
0.126625211984
0.126625211984
0.126625211984
0.126625211984
0.126625211984
0.126625211984
0.126625211984
0.126625211984
0.126625211984
0.126625211984
0.126625211984
0.126625211984
0.126625211984
0.126625211984
0.126625211984
0.126625211984
0.126625211984
0.126625211984
0.126625211984
0.126625211984
0.126625211984
0.126625211984
0.126625211984
0.126625211984
0.126625211984
0.126625211984
0.126625211984
0.126625211984
0.126625211984
0.126625211984
0.126625211984
0.126625211984
0.126625211984
0.126625211984
0.126625211984
0.126625211984
0.126625211984
0.126625211984
0.126625211984
0.126625211984
0.126625211984
0.126625211984
0.126625211984
0.126625211984
0.126625211984
0.126625211984
0.126625211984
0.126625211984
0.126625211984
0.126625211984
0.126625211984
0.126625211984
0.126625211984
0.126625211984
0.126625211984
0.126625211984
0.126625211984
0.126625211984
0.126625211984
0.126625211984
0.126625211984
0.126625211984
0.126625211984
0.126625211984
0.126625211984
0.126625211984
0.126625211984
0.126625211984
0.126625211984
0.126625211984
0.126625211984
0.126625211984
0.126625211984
0.126625211984
0.126625211984
0.126625211984
0.126625211984
0.126625211984
0.126625211984
0.126625211984
0.126625211984
0.126625211984
0.126625211984
0.126625211984
0.126625211984
0.126625211984
0.126625211984
0.126625211984
0.126625211984
0.126625211984
0.126625211984
0.126625211984
0.126625211984
0.126625211984
0.126625211984
0.126625211984
0.126625211984
0.126625211984
0.126625211984
0.126625211984
0.126625211984
0.126625211984
0.126625211984
0.126625211984
0.126625211984
0.126625211984
0.126625211984
0.126625211984
0.126625211984
0.126625211984
0.126625211984
0.126625211984
0.126625211984
0.126625211984
0.126625211984
0.126625211984
0.126625211984
0.126625211984
0.126625211984
0.126625211984
0.126625211984
0.126625211984
0.126625211984
0.126625211984
0.126625211984
0.126625211984
0.126625211984
0.126625211984
0.126625211984
0.126625211984
0.126625211984
0.126625211984
0.126625211984
0.126625211984
0.126625211984
0.126625211984
0.126625211984
0.126625211984
0.126625211984
0.126625211984
0.126625211984
0.126625211984
0.126625211984
0.126625211984
0.126625211984
0.126625211984
0.126625211984
0.126625211984
0.126625211984
0.126625211984
0.126625211984
0.126625211984
0.126625211984
0.126625211984
0.126625211984
0.126625211984
0.126625211984
0.126625211984
0.126625211984
0.126625211984
0.126625211984
0.126625211984
0.126625211984
0.126625211984
0.126625211984
0.126625211984
0.126625211984
0.126625211984
0.126625211984
0.126625211984
0.126625211984
0.126625211984
0.126625211984
0.126625211984
0.126625211984
0.126625211984
0.126625211984
0.126625211984
0.126625211984
0.126625211984
0.126625211984
0.126625211984
0.126625211984
0.126625211984
0.126625211984
0.126625211984
0.126625211984
0.126625211984
0.126625211984
0.126625211984
0.126625211984
0.126625211984
0.126625211984
0.126625211984
0.126625211984
0.126625211984
0.126625211984
0.126625211984
0.126625211984
0.126625211984
0.126625211984
0.126625211984
0.126625211984
0.126625211984
0.126625211984
0.126625211984
0.126625211984
0.126625211984
0.126625211984
0.126625211984
0.126625211984
0.126625211984
0.126625211984
0.126625211984
0.126625211984
0.126625211984
0.126625211984
0.126625211984
0.126625211984
0.126625211984
0.126625211984
0.126625211984
0.126625211984
0.126625211984
0.126625211984
0.126625211984
0.126625211984
0.126625211984
0.126625211984
0.126625211984
0.126625211984
0.126625211984
0.126625211984
0.126625211984
0.126625211984
0.126625211984
0.126625211984
0.126625211984
0.126625211984
0.126625211984
0.126625211984
0.126625211984
0.126625211984
0.126625211984
0.126625211984
0.126625211984
0.126625211984
0.126625211984
0.126625211984
0.126625211984
0.126625211984
0.126625211984
0.126625211984
0.126625211984
0.126625211984
0.126625211984
0.126625211984
0.126625211984
0.126625211984
0.126625211984
0.126625211984
0.126625211984
0.126625211984
0.126625211984
0.126625211984
0.126625211984
0.126625211984
0.126625211984
0.126625211984
0.126625211984
0.126625211984
0.126625211984
0.126625211984
0.126625211984
0.126625211984
0.126625211984
0.126625211984
0.126625211984
0.126625211984
0.126625211984
0.126625211984
0.126625211984
0.126625211984
0.126625211984
0.126625211984
0.126625211984
0.126625211984
0.126625211984
0.126625211984
0.126625211984
0.126625211984
0.126625211984
0.126625211984
0.126625211984
0.126625211984
0.126625211984
0.126625211984
0.126625211984
0.126625211984
0.126625211984
0.126625211984
0.126625211984
0.126625211984
0.126625211984
0.126625211984
0.126625211984
0.126625211984
0.126625211984
0.126625211984
0.126625211984
0.126625211984
0.126625211984
0.126625211984
0.126625211984
0.126625211984
0.126625211984
0.126625211984
0.126625211984
0.126625211984
0.126625211984
0.126625211984
0.126625211984
0.126625211984
0.126625211984
0.126625211984
0.126625211984
0.126625211984
0.126625211984
0.126625211984
0.126625211984
0.126625211984
0.126625211984
0.126625211984
0.126625211984
0.126625211984
0.126625211984
0.126625211984
0.126625211984
0.126625211984
0.126625211984
0.126625211984
0.126625211984
0.126625211984
0.126625211984
0.126625211984
0.126625211984
0.126625211984
0.126625211984
0.126625211984
0.126625211984
0.126625211984
0.126625211984
0.126625211984
0.126625211984
0.126625211984
0.126625211984
0.126625211984
0.126625211984
0.126625211984
0.126625211984
0.126625211984
0.126625211984
0.126625211984
0.126625211984
0.126625211984
0.126625211984
0.126625211984
0.126625211984
0.126625211984
0.126625211984
0.126625211984
0.126625211984
0.126625211984
0.126625211984
0.126625211984
0.126625211984
0.126625211984
0.126625211984
0.126625211984
0.126625211984
0.126625211984
0.126625211984
0.126625211984
0.126625211984
0.126625211984
0.126625211984
0.126625211984
0.126625211984
0.126625211984
0.126625211984
0.126625211984
0.126625211984
0.126625211984
0.126625211984
0.126625211984
0.126625211984
0.126625211984
0.126625211984
0.126625211984
0.126625211984
0.126625211984
0.126625211984
0.126625211984
0.126625211984
0.126625211984
0.126625211984
0.126625211984
0.126625211984
0.126625211984
0.126625211984
0.126625211984
0.126625211984
0.126625211984
0.126625211984
0.126625211984
0.126625211984
0.126625211984
0.126625211984
0.126625211984
0.126625211984
0.126625211984
0.126625211984
0.126625211984
0.126625211984
0.126625211984
0.126625211984
0.126625211984
0.126625211984
0.126625211984
0.126625211984
0.126625211984
0.126625211984
0.126625211984
0.126625211984
0.126625211984
0.126625211984
0.126625211984
0.126625211984
0.126625211984
0.126625211984
0.126625211984
0.126625211984
0.126625211984
0.126625211984
0.126625211984
0.126625211984
0.126625211984
0.126625211984
0.126625211984
0.126625211984
0.126625211984
0.126625211984
0.126625211984
0.126625211984
0.126625211984
0.126625211984
0.126625211984
0.126625211984
0.126625211984
0.126625211984
0.126625211984
0.126625211984
0.126625211984
0.126625211984
0.126625211984
0.126625211984
0.126625211984
0.126625211984
0.126625211984
0.126625211984
0.126625211984
0.126625211984
0.126625211984
0.126625211984
0.126625211984
0.126625211984
0.126625211984
0.126625211984
0.126625211984
0.126625211984
0.126625211984
0.126625211984
0.126625211984
0.126625211984
0.126625211984
0.126625211984
0.126625211984
0.126625211984
0.126625211984
0.126625211984
0.126625211984
0.126625211984
0.126625211984
0.126625211984
0.126625211984
0.126625211984
0.126625211984
0.126625211984
0.126625211984
0.126625211984
0.126625211984
0.126625211984
0.126625211984
0.126625211984
0.126625211984
0.126625211984
0.126625211984
0.126625211984
0.126625211984
0.126625211984
0.126625211984
0.126625211984
0.126625211984
0.126625211984
0.126625211984
0.126625211984
0.126625211984
0.126625211984
0.126625211984
0.126625211984
0.126625211984
0.126625211984
0.126625211984
0.126625211984
0.126625211984
0.126625211984
0.126625211984
0.126625211984
0.126625211984
0.126625211984
0.126625211984
0.126625211984
0.126625211984
0.126625211984
0.126625211984
0.126625211984
0.126625211984
0.126625211984
0.126625211984
0.126625211984
0.126625211984
0.126625211984
0.126625211984
0.126625211984
0.126625211984
0.126625211984
0.126625211984
0.126625211984
0.126625211984
0.126625211984
0.126625211984
0.126625211984
0.126625211984
0.126625211984
0.126625211984
0.126625211984
0.126625211984
0.126625211984
0.126625211984
0.126625211984
0.126625211984
0.126625211984
0.126625211984
0.126625211984
0.126625211984
0.126625211984
0.126625211984
0.126625211984
0.126625211984
0.126625211984
0.126625211984
0.126625211984
0.126625211984
0.126625211984
0.126625211984
0.126625211984
0.126625211984
0.126625211984
0.126625211984
0.126625211984
0.126625211984
0.126625211984
0.126625211984
0.126625211984
0.126625211984
0.126625211984
0.126625211984
0.126625211984
0.126625211984
0.126625211984
0.126625211984
0.126625211984
0.126625211984
0.126625211984
0.126625211984
0.126625211984
0.126625211984
0.126625211984
0.126625211984
0.126625211984
0.126625211984
0.126625211984
0.126625211984
0.126625211984
0.126625211984
0.126625211984
0.126625211984
0.126625211984
0.126625211984
0.126625211984
0.126625211984
0.126625211984
0.126625211984
0.126625211984
0.126625211984
0.126625211984
0.126625211984
0.126625211984
0.126625211984
0.126625211984
0.126625211984
0.126625211984
0.126625211984
0.126625211984
0.126625211984
0.126625211984
0.126625211984
0.126625211984
0.126625211984
0.126625211984
0.126625211984
0.126625211984
0.126625211984
0.126625211984
0.126625211984
0.126625211984
0.126625211984
0.126625211984
0.126625211984
0.126625211984
0.126625211984
0.126625211984
0.126625211984
0.126625211984
0.126625211984
0.126625211984
0.126625211984
0.126625211984
0.126625211984
0.126625211984
0.126625211984
0.126625211984
0.126625211984
0.126625211984
0.126625211984
0.126625211984
0.126625211984
0.126625211984
0.126625211984
0.126625211984
0.126625211984
0.126625211984
0.126625211984
0.126625211984
0.126625211984
0.126625211984
0.126625211984
0.126625211984
0.126625211984
0.126625211984
0.126625211984
0.126625211984
0.126625211984
0.126625211984
0.126625211984
0.126625211984
0.126625211984
0.126625211984
0.126625211984
0.126625211984
0.126625211984
0.126625211984
0.126625211984
0.126625211984
0.126625211984
0.126625211984
0.126625211984
0.126625211984
0.126625211984
0.126625211984
0.126625211984
0.126625211984
0.126625211984
0.126625211984
0.126625211984
0.126625211984
0.126625211984
0.126625211984
0.126625211984
0.126625211984
0.126625211984
0.126625211984
0.126625211984
0.126625211984
0.126625211984
0.126625211984
0.126625211984
0.126625211984
0.126625211984
0.126625211984
0.126625211984
0.126625211984
0.126625211984
0.126625211984
0.126625211984
0.126625211984
0.126625211984
0.126625211984
0.126625211984
0.126625211984
0.126625211984
0.126625211984
0.126625211984
0.126625211984
0.126625211984
0.126625211984
0.126625211984
0.126625211984
0.126625211984
0.126625211984
0.126625211984
0.126625211984
0.126625211984
0.126625211984
0.126625211984
0.126625211984
0.126625211984
0.126625211984
0.126625211984
0.126625211984
0.126625211984
0.126625211984
0.126625211984
0.126625211984
0.126625211984
0.126625211984
0.126625211984
0.126625211984
0.126625211984
0.126625211984
0.126625211984
0.126625211984
0.126625211984
0.126625211984
0.126625211984
0.126625211984
0.126625211984
0.126625211984
0.126625211984
0.126625211984
0.126625211984
0.126625211984
0.126625211984
0.126625211984
0.126625211984
0.126625211984
0.126625211984
0.126625211984
0.126625211984
0.126625211984
0.126625211984
0.126625211984
0.126625211984
0.126625211984
0.126625211984
0.126625211984
0.126625211984
0.126625211984
0.126625211984
0.126625211984
0.126625211984
0.126625211984
0.126625211984
0.126625211984
0.126625211984
0.126625211984
0.126625211984
0.126625211984
0.126625211984
0.126625211984
0.126625211984
0.126625211984
0.126625211984
0.126625211984
0.126625211984
0.126625211984
0.126625211984
0.126625211984
0.126625211984
0.126625211984
0.126625211984
0.126625211984
0.126625211984
0.126625211984
0.126625211984
0.126625211984
0.126625211984
0.126625211984
0.126625211984
0.126625211984
0.126625211984
0.126625211984
0.126625211984
0.126625211984
0.126625211984
0.126625211984
0.126625211984
0.126625211984
0.126625211984
0.126625211984
0.126625211984
0.126625211984
0.126625211984
0.126625211984
0.126625211984
0.126625211984
0.126625211984
0.126625211984
0.126625211984
0.126625211984
0.126625211984
0.126625211984
0.126625211984
0.126625211984
0.126625211984
0.126625211984
0.126625211984
0.126625211984
0.126625211984
0.126625211984
0.126625211984
0.126625211984
0.126625211984
0.126625211984
0.126625211984
0.126625211984
0.126625211984
0.126625211984
0.126625211984
0.126625211984
0.126625211984
0.126625211984
0.126625211984
0.126625211984
0.126625211984
0.126625211984
0.126625211984
0.126625211984
0.126625211984
0.126625211984
0.126625211984
0.126625211984
0.126625211984
0.126625211984
0.126625211984
0.126625211984
0.126625211984
0.126625211984
0.126625211984
0.126625211984
0.126625211984
0.126625211984
0.126625211984
0.126625211984
0.126625211984
0.126625211984
0.126625211984
0.126625211984
0.126625211984
0.126625211984
0.126625211984
0.126625211984
0.126625211984
0.126625211984
0.126625211984
0.126625211984
0.126625211984
0.126625211984
0.126625211984
0.126625211984
0.126625211984
0.126625211984
0.126625211984
0.126625211984
0.126625211984
0.126625211984
0.126625211984
0.126625211984
0.126625211984
0.126625211984
0.126625211984
0.126625211984
0.126625211984
0.126625211984
0.126625211984
0.126625211984
0.126625211984
0.126625211984
0.126625211984
0.126625211984
0.126625211984
0.126625211984
0.126625211984
0.126625211984
0.126625211984
0.126625211984
0.126625211984
0.126625211984
0.126625211984
0.126625211984
0.126625211984
0.126625211984
0.126625211984
0.126625211984
0.126625211984
0.126625211984
0.126625211984
0.126625211984
0.126625211984
0.126625211984
0.126625211984
0.126625211984
0.126625211984
0.126625211984
0.126625211984
0.126625211984
0.126625211984
0.126625211984
0.126625211984
0.126625211984
0.126625211984
0.126625211984
0.126625211984
0.126625211984
0.126625211984
0.126625211984
0.126625211984
0.126625211984
0.126625211984
0.126625211984
0.126625211984
0.126625211984
0.126625211984
0.126625211984
0.126625211984
0.126625211984
0.126625211984
0.126625211984
0.126625211984
0.126625211984
0.126625211984
0.126625211984
0.126625211984
0.126625211984
0.126625211984
0.126625211984
0.126625211984
0.126625211984
0.126625211984
0.126625211984
0.126625211984
0.126625211984
0.126625211984
0.126625211984
0.126625211984
0.126625211984
0.126625211984
0.126625211984
0.126625211984
0.126625211984
0.126625211984
0.126625211984
0.126625211984
0.126625211984
0.126625211984
0.126625211984
0.126625211984
0.126625211984
0.126625211984
0.126625211984
0.126625211984
0.126625211984
0.126625211984
0.126625211984
0.126625211984
0.126625211984
0.126625211984
0.126625211984
0.126625211984
0.126625211984
0.126625211984
0.126625211984
0.126625211984
0.126625211984
0.126625211984
0.126625211984
0.126625211984
0.126625211984
0.126625211984
0.126625211984
0.126625211984
0.126625211984
0.126625211984
0.126625211984
0.126625211984
0.126625211984
0.126625211984
0.126625211984
0.126625211984
0.126625211984
0.126625211984
0.126625211984
0.126625211984
0.126625211984
0.126625211984
0.126625211984
0.126625211984
0.126625211984
0.126625211984
0.126625211984
0.126625211984
0.126625211984
0.126625211984
0.126625211984
0.126625211984
0.126625211984
0.126625211984
0.126625211984
0.126625211984
0.126625211984
0.126625211984
0.126625211984
0.126625211984
0.126625211984
0.126625211984
0.126625211984
0.126625211984
0.126625211984
0.126625211984
0.126625211984
0.126625211984
0.126625211984
0.126625211984
0.126625211984
0.126625211984
0.126625211984
0.126625211984
0.126625211984
0.126625211984
0.126625211984
0.126625211984
0.126625211984
0.126625211984
0.126625211984
0.126625211984
0.126625211984
0.126625211984
0.126625211984
0.126625211984
0.126625211984
0.126625211984
0.126625211984
0.126625211984
0.126625211984
0.126625211984
0.126625211984
0.126625211984
0.126625211984
0.126625211984
0.126625211984
0.126625211984
0.126625211984
0.126625211984
0.126625211984
0.126625211984
0.126625211984
0.126625211984
0.126625211984
0.126625211984
0.126625211984
0.126625211984
0.126625211984
0.126625211984
0.126625211984
0.126625211984
0.126625211984
0.126625211984
0.126625211984
0.126625211984
0.126625211984
0.126625211984
0.126625211984
0.126625211984
0.126625211984
0.126625211984
0.126625211984
0.126625211984
0.126625211984
0.126625211984
0.126625211984
0.126625211984
0.126625211984
0.126625211984
0.126625211984
0.126625211984
0.126625211984
0.126625211984
0.126625211984
0.126625211984
0.126625211984
0.126625211984
0.126625211984
0.126625211984
0.126625211984
0.126625211984
0.126625211984
0.126625211984
0.126625211984
0.126625211984
0.126625211984
0.126625211984
0.126625211984
0.126625211984
0.126625211984
0.126625211984
0.126625211984
0.126625211984
0.126625211984
0.126625211984
0.126625211984
0.126625211984
0.126625211984
0.126625211984
0.126625211984
0.126625211984
0.126625211984
0.126625211984
0.126625211984
0.126625211984
0.126625211984
0.126625211984
0.126625211984
0.126625211984
0.126625211984
0.126625211984
0.126625211984
0.126625211984
0.126625211984
0.126625211984
0.126625211984
0.126625211984
0.126625211984
0.126625211984
0.126625211984
0.126625211984
0.126625211984
0.126625211984
0.126625211984
0.126625211984
0.126625211984
0.126625211984
0.126625211984
0.126625211984
0.126625211984
0.126625211984
0.126625211984
0.126625211984
0.126625211984
0.126625211984
0.126625211984
0.126625211984
0.126625211984
0.126625211984
0.126625211984
0.126625211984
0.126625211984
0.126625211984
0.126625211984
0.126625211984
0.126625211984
0.126625211984
0.126625211984
0.126625211984
0.126625211984
0.126625211984
0.126625211984
0.126625211984
0.126625211984
0.126625211984
0.126625211984
0.126625211984
0.126625211984
0.126625211984
0.126625211984
0.126625211984
0.126625211984
0.126625211984
0.126625211984
0.126625211984
0.126625211984
0.126625211984
0.126625211984
0.126625211984
0.126625211984
0.126625211984
0.126625211984
0.126625211984
0.126625211984
0.126625211984
0.126625211984
0.126625211984
0.126625211984
0.126625211984
0.126625211984
0.126625211984
0.126625211984
0.126625211984
0.126625211984
0.126625211984
0.126625211984
0.126625211984
0.126625211984
0.126625211984
0.126625211984
0.126625211984
0.126625211984
0.126625211984
0.126625211984
0.126625211984
0.126625211984
0.126625211984
0.126625211984
0.126625211984
0.126625211984
0.126625211984
0.126625211984
0.126625211984
0.126625211984
0.126625211984
0.126625211984
0.126625211984
0.126625211984
0.126625211984
0.126625211984
0.126625211984
0.126625211984
0.126625211984
0.126625211984
0.126625211984
0.126625211984
0.126625211984
0.126625211984
0.126625211984
0.126625211984
0.126625211984
0.126625211984
0.126625211984
0.126625211984
0.126625211984
0.126625211984
0.126625211984
0.126625211984
0.126625211984
0.126625211984
0.126625211984
0.126625211984
0.126625211984
0.126625211984
0.126625211984
0.126625211984
0.126625211984
0.126625211984
0.126625211984
0.126625211984
0.126625211984
0.126625211984
0.126625211984
0.126625211984
0.126625211984
0.126625211984
0.126625211984
0.126625211984
0.126625211984
0.126625211984
0.126625211984
0.126625211984
0.126625211984
0.126625211984
0.126625211984
0.126625211984
0.126625211984
0.126625211984
0.126625211984
0.126625211984
0.126625211984
0.126625211984
0.126625211984
0.126625211984
0.126625211984
0.126625211984
0.126625211984
0.126625211984
0.126625211984
0.126625211984
0.126625211984
0.126625211984
0.126625211984
0.126625211984
0.126625211984
0.126625211984
0.126625211984
0.126625211984
0.126625211984
0.126625211984
0.126625211984
0.126625211984
0.126625211984
0.126625211984
0.126625211984
0.126625211984
0.126625211984
0.126625211984
0.126625211984
0.126625211984
0.126625211984
0.126625211984
0.126625211984
0.126625211984
0.126625211984
0.126625211984
0.126625211984
0.126625211984
0.126625211984
0.126625211984
0.126625211984
0.126625211984
0.126625211984
0.126625211984
0.126625211984
0.126625211984
0.126625211984
0.126625211984
0.126625211984
0.126625211984
0.126625211984
0.126625211984
0.126625211984
0.126625211984
0.126625211984
0.126625211984
0.126625211984
0.126625211984
0.126625211984
0.126625211984
0.126625211984
0.126625211984
0.126625211984
0.126625211984
0.126625211984
0.126625211984
0.126625211984
0.126625211984
0.126625211984
0.126625211984
0.126625211984
0.126625211984
0.126625211984
0.126625211984
0.126625211984
0.126625211984
0.126625211984
0.126625211984
0.126625211984
0.126625211984
0.126625211984
0.126625211984
0.126625211984
0.126625211984
0.126625211984
0.126625211984
0.126625211984
0.126625211984
0.126625211984
0.126625211984
0.126625211984
0.126625211984
0.126625211984
0.126625211984
0.126625211984
0.126625211984
0.126625211984
0.126625211984
0.126625211984
0.126625211984
0.126625211984
0.126625211984
0.126625211984
0.126625211984
0.126625211984
0.126625211984
0.126625211984
0.126625211984
0.126625211984
0.126625211984
0.126625211984
0.126625211984
0.126625211984
0.126625211984
0.126625211984
0.126625211984
0.126625211984
0.126625211984
