0.099270664506
0.100486223663
0.102917341977
0.104943273906
0.106158833063
0.105753646677
0.106158833063
0.106158833063
0.106564019449
0.106564019449
0.106564019449
0.106564019449
0.106564019449
0.106564019449
0.106564019449
0.106564019449
0.106564019449
0.106969205835
0.106969205835
0.107779578606
0.107779578606
0.109805510535
0.113452188006
0.117098865478
0.126012965964
0.128038897893
0.139789303079
0.143435980551
0.147487844408
0.149918962723
0.156401944895
0.155591572123
0.155186385737
0.155996758509
0.152350081037
0.151539708266
0.147487844408
0.148703403566
0.150729335494
0.153565640194
0.156807131280
0.163290113452
0.162479740681
0.164910858995
0.164505672609
0.169773095624
0.170583468395
0.174230145867
0.173419773096
0.179092382496
0.180713128039
0.191653160454
0.192868719611
0.197325769854
0.197325769854
0.203808752026
0.205429497569
0.203808752026
0.205024311183
0.206645056726
0.202593192869
0.209481361426
0.208670988655
0.209886547812
0.205834683955
0.210696920583
0.209481361426
0.213533225284
0.210291734198
0.210291734198
0.216369529984
0.166531604538
0.194489465154
0.084278768233
0.217179902755
0.222852512156
0.139384116694
0.263776337115
0.154376012966
0.188411669368
0.135737439222
0.163695299838
0.137763371151
0.166531604538
0.176256077796
0.214748784441
0.202998379254
0.223662884927
0.206239870340
0.229740680713
0.215559157212
0.236628849271
0.220826580227
0.239465153971
0.224878444084
0.245137763371
0.228525121556
0.248379254457
0.234602917342
0.247568881686
0.240680713128
0.252431118314
0.244327390600
0.251215559157
0.238249594814
0.254862236629
0.230956239870
0.251620745543
0.227714748784
0.256482982172
0.225283630470
0.249594813614
0.230551053485
0.232171799028
0.222042139384
0.203403565640
0.194084278768
0.172204213938
0.175445705024
0.121150729335
0.153160453809
0.167341977310
0.174230145867
0.113047001621
0.150324149109
0.164100486224
0.170583468395
0.123176661264
0.175040518639
0.180307941653
0.163695299838
0.091166936791
0.111426256078
0.127633711507
0.169367909238
0.174635332253
0.154781199352
0.090761750405
0.143435980551
0.163695299838
0.153565640194
0.110615883306
0.158427876823
0.158833063209
0.147082658023
0.085494327391
0.098865478120
0.112236628849
0.134116693679
0.149108589951
0.137358184765
0.097649918963
0.154781199352
0.151134521880
0.144651539708
0.084278768233
0.110210696921
0.154376012966
0.141815235008
0.150729335494
0.140599675851
0.104538087520
0.157617504052
0.155996758509
0.148703403566
0.118719611021
0.163290113452
0.166936790924
0.145056726094
0.095623987034
0.126012965964
0.161264181524
0.150324149109
0.147487844408
0.180307941653
0.183954619125
0.175040518639
0.104943273906
0.158022690438
0.185575364668
0.179092382496
0.103727714749
0.170178282010
0.186385737439
0.170988654781
0.177066450567
0.141410048622
0.075769854133
0.071312803890
0.119124797407
0.129254457050
0.075769854133
0.083873581848
0.075769854133
0.075769854133
0.075769854133
0.075769854133
0.075769854133
0.075769854133
0.075769854133
0.075769854133
0.075769854133
0.075769854133
0.075769854133
0.075769854133
0.075769854133
0.075769854133
0.075769854133
0.075769854133
0.075769854133
0.075769854133
0.075769854133
0.075769854133
0.075769854133
0.075769854133
0.075769854133
0.075769854133
0.075769854133
0.075769854133
0.075769854133
0.075769854133
0.075769854133
0.075769854133
0.075769854133
0.075769854133
0.075769854133
0.075769854133
0.075769854133
0.075769854133
0.075769854133
0.075769854133
0.075769854133
0.075769854133
0.075769854133
0.075769854133
0.075769854133
0.075769854133
0.075769854133
0.075769854133
0.075769854133
0.075769854133
0.075769854133
0.075769854133
0.075769854133
0.075769854133
0.075769854133
0.075769854133
0.075769854133
0.075769854133
0.075769854133
0.075769854133
0.075769854133
0.075769854133
0.075769854133
0.075769854133
0.075769854133
0.075769854133
0.075769854133
0.075769854133
0.075769854133
0.075769854133
0.075769854133
0.075769854133
0.075769854133
0.075769854133
0.075769854133
0.075769854133
0.075769854133
0.075769854133
0.075769854133
0.075769854133
0.075769854133
0.075769854133
0.075769854133
0.075769854133
0.075769854133
0.075769854133
0.075769854133
0.075769854133
0.075769854133
0.075769854133
0.075769854133
0.075769854133
0.075769854133
0.075769854133
0.075769854133
0.075769854133
0.075769854133
0.075769854133
0.075769854133
0.075769854133
0.075769854133
0.075769854133
0.075769854133
0.075769854133
0.075769854133
0.075769854133
0.075769854133
0.075769854133
0.075769854133
0.075769854133
0.075769854133
0.075769854133
0.075769854133
0.075769854133
0.075769854133
0.075769854133
0.075769854133
0.075769854133
0.075769854133
0.075769854133
0.075769854133
0.075769854133
0.075769854133
0.075769854133
0.075769854133
0.075769854133
0.075769854133
0.075769854133
0.075769854133
0.075769854133
0.075769854133
0.075769854133
0.075769854133
0.075769854133
0.075769854133
0.075769854133
0.075769854133
0.075769854133
0.075769854133
0.075769854133
0.075769854133
0.075769854133
0.075769854133
0.075769854133
0.075769854133
0.075769854133
0.075769854133
0.075769854133
0.075769854133
0.075769854133
0.075769854133
0.075769854133
0.075769854133
0.075769854133
0.075769854133
0.075769854133
0.075769854133
0.075769854133
0.075769854133
0.075769854133
0.075769854133
0.075769854133
0.075769854133
0.075769854133
0.075769854133
0.075769854133
0.075769854133
0.075769854133
0.075769854133
0.075769854133
0.075769854133
0.075769854133
0.075769854133
0.075769854133
0.075769854133
0.075769854133
0.075769854133
0.075769854133
0.075769854133
0.075769854133
0.075769854133
0.075769854133
0.075769854133
0.075769854133
0.075769854133
0.075769854133
0.075769854133
0.075769854133
0.075769854133
0.075769854133
0.075769854133
0.075769854133
0.075769854133
0.075769854133
0.075769854133
0.075769854133
0.075769854133
0.075769854133
0.075769854133
0.075769854133
0.075769854133
0.075769854133
0.075769854133
0.075769854133
0.075769854133
0.075769854133
0.075769854133
0.075769854133
0.075769854133
0.075769854133
0.075769854133
0.075769854133
0.075769854133
0.075769854133
0.075769854133
0.075769854133
0.075769854133
0.075769854133
0.075769854133
0.075769854133
0.075769854133
0.075769854133
0.075769854133
0.075769854133
0.075769854133
0.075769854133
0.075769854133
0.075769854133
0.075769854133
0.075769854133
0.075769854133
0.075769854133
0.075769854133
0.075769854133
0.075769854133
0.075769854133
0.075769854133
0.075769854133
0.075769854133
0.075769854133
0.075769854133
0.075769854133
0.075769854133
0.075769854133
0.075769854133
0.075769854133
0.075769854133
0.075769854133
0.075769854133
0.075769854133
0.075769854133
0.075769854133
0.075769854133
0.075769854133
0.075769854133
0.075769854133
0.075769854133
0.075769854133
0.075769854133
0.075769854133
0.075769854133
0.075769854133
0.075769854133
0.075769854133
0.075769854133
0.075769854133
0.075769854133
0.075769854133
0.075769854133
0.075769854133
0.075769854133
0.075769854133
0.075769854133
0.075769854133
0.075769854133
0.075769854133
0.075769854133
0.075769854133
0.075769854133
0.075769854133
0.075769854133
0.075769854133
0.075769854133
0.075769854133
0.075769854133
0.075769854133
0.075769854133
0.075769854133
0.075769854133
0.075769854133
0.075769854133
0.075769854133
0.075769854133
0.075769854133
0.075769854133
0.075769854133
0.075769854133
0.075769854133
0.075769854133
0.075769854133
0.075769854133
0.075769854133
0.075769854133
0.075769854133
0.075769854133
0.075769854133
0.075769854133
0.075769854133
0.075769854133
0.075769854133
0.075769854133
0.075769854133
0.075769854133
0.075769854133
0.075769854133
0.075769854133
0.075769854133
0.075769854133
0.075769854133
0.075769854133
0.075769854133
0.075769854133
0.075769854133
0.075769854133
0.075769854133
0.075769854133
0.075769854133
0.075769854133
0.075769854133
0.075769854133
0.075769854133
0.075769854133
0.075769854133
0.075769854133
0.075769854133
0.075769854133
0.075769854133
0.075769854133
0.075769854133
0.075769854133
0.075769854133
0.075769854133
0.075769854133
0.075769854133
0.075769854133
0.075769854133
0.075769854133
0.075769854133
0.075769854133
0.075769854133
0.075769854133
0.075769854133
0.075769854133
0.075769854133
0.075769854133
0.075769854133
0.075769854133
0.075769854133
0.075769854133
0.075769854133
0.075769854133
0.075769854133
0.075769854133
0.075769854133
0.075769854133
0.075769854133
0.075769854133
0.075769854133
0.075769854133
0.075769854133
0.075769854133
0.075769854133
0.075769854133
0.075769854133
0.075769854133
0.075769854133
0.075769854133
0.075769854133
0.075769854133
0.075769854133
0.075769854133
0.075769854133
0.075769854133
0.075769854133
0.075769854133
0.075769854133
0.075769854133
0.075769854133
0.075769854133
0.075769854133
0.075769854133
0.075769854133
0.075769854133
0.075769854133
0.075769854133
0.075769854133
0.075769854133
0.075769854133
0.075769854133
0.075769854133
0.075769854133
0.075769854133
0.075769854133
0.075769854133
0.075769854133
0.075769854133
0.075769854133
0.075769854133
0.075769854133
0.075769854133
0.075769854133
0.075769854133
0.075769854133
0.075769854133
0.075769854133
0.075769854133
0.075769854133
0.075769854133
0.075769854133
0.075769854133
0.075769854133
0.075769854133
0.075769854133
0.075769854133
0.075769854133
0.075769854133
0.075769854133
0.075769854133
0.075769854133
0.075769854133
0.075769854133
0.075769854133
0.075769854133
0.075769854133
0.075769854133
0.075769854133
0.075769854133
0.075769854133
0.075769854133
0.075769854133
0.075769854133
0.075769854133
0.075769854133
0.075769854133
0.075769854133
0.075769854133
0.075769854133
0.075769854133
0.075769854133
0.075769854133
0.075769854133
0.075769854133
0.075769854133
0.075769854133
0.075769854133
0.075769854133
0.075769854133
0.075769854133
0.075769854133
0.075769854133
0.075769854133
0.075769854133
0.075769854133
0.075769854133
0.075769854133
0.075769854133
0.075769854133
0.075769854133
0.075769854133
0.075769854133
0.075769854133
0.075769854133
0.075769854133
0.075769854133
0.075769854133
0.075769854133
0.075769854133
0.075769854133
0.075769854133
0.075769854133
0.075769854133
0.075769854133
0.075769854133
0.075769854133
0.075769854133
0.075769854133
0.075769854133
0.075769854133
0.075769854133
0.075769854133
0.075769854133
0.075769854133
0.075769854133
0.075769854133
0.075769854133
0.075769854133
0.075769854133
0.075769854133
0.075769854133
0.075769854133
0.075769854133
0.075769854133
0.075769854133
0.075769854133
0.075769854133
0.075769854133
0.075769854133
0.075769854133
0.075769854133
0.075769854133
0.075769854133
0.075769854133
0.075769854133
0.075769854133
0.075769854133
0.075769854133
0.075769854133
0.075769854133
0.075769854133
0.075769854133
0.075769854133
0.075769854133
0.075769854133
0.075769854133
0.075769854133
0.075769854133
0.075769854133
0.075769854133
0.075769854133
0.075769854133
0.075769854133
0.075769854133
0.075769854133
0.075769854133
0.075769854133
0.075769854133
0.075769854133
0.075769854133
0.075769854133
0.075769854133
0.075769854133
0.075769854133
0.075769854133
0.075769854133
0.075769854133
0.075769854133
0.075769854133
0.075769854133
0.075769854133
0.075769854133
0.075769854133
0.075769854133
0.075769854133
0.075769854133
0.075769854133
0.075769854133
0.075769854133
0.075769854133
0.075769854133
0.075769854133
0.075769854133
0.075769854133
0.075769854133
0.075769854133
0.075769854133
0.075769854133
0.075769854133
0.075769854133
0.075769854133
0.075769854133
0.075769854133
0.075769854133
0.075769854133
0.075769854133
0.075769854133
0.075769854133
0.075769854133
0.075769854133
0.075769854133
0.075769854133
0.075769854133
0.075769854133
0.075769854133
0.075769854133
0.075769854133
0.075769854133
0.075769854133
0.075769854133
0.075769854133
0.075769854133
0.075769854133
0.075769854133
0.075769854133
0.075769854133
0.075769854133
0.075769854133
0.075769854133
0.075769854133
0.075769854133
0.075769854133
0.075769854133
0.075769854133
0.075769854133
0.075769854133
0.075769854133
0.075769854133
0.075769854133
0.075769854133
0.075769854133
0.075769854133
0.075769854133
0.075769854133
0.075769854133
0.075769854133
0.075769854133
0.075769854133
0.075769854133
0.075769854133
0.075769854133
0.075769854133
0.075769854133
0.075769854133
0.075769854133
0.075769854133
0.075769854133
0.075769854133
0.075769854133
0.075769854133
0.075769854133
0.075769854133
0.075769854133
0.075769854133
0.075769854133
0.075769854133
0.075769854133
0.075769854133
0.075769854133
0.075769854133
0.075769854133
0.075769854133
0.075769854133
0.075769854133
0.075769854133
0.075769854133
0.075769854133
0.075769854133
0.075769854133
0.075769854133
0.075769854133
0.075769854133
0.075769854133
0.075769854133
0.075769854133
0.075769854133
0.075769854133
0.075769854133
0.075769854133
0.075769854133
0.075769854133
0.075769854133
0.075769854133
0.075769854133
0.075769854133
0.075769854133
0.075769854133
0.075769854133
0.075769854133
0.075769854133
0.075769854133
0.075769854133
0.075769854133
0.075769854133
0.075769854133
0.075769854133
0.075769854133
0.075769854133
0.075769854133
0.075769854133
0.075769854133
0.075769854133
0.075769854133
0.075769854133
0.075769854133
0.075769854133
0.075769854133
0.075769854133
0.075769854133
0.075769854133
0.075769854133
0.075769854133
0.075769854133
0.075769854133
0.075769854133
0.075769854133
0.075769854133
0.075769854133
0.075769854133
0.075769854133
0.075769854133
0.075769854133
0.075769854133
0.075769854133
0.075769854133
0.075769854133
0.075769854133
0.075769854133
0.075769854133
0.075769854133
0.075769854133
0.075769854133
0.075769854133
0.075769854133
0.075769854133
0.075769854133
0.075769854133
0.075769854133
0.075769854133
0.075769854133
0.075769854133
0.075769854133
0.075769854133
0.075769854133
0.075769854133
0.075769854133
0.075769854133
0.075769854133
0.075769854133
0.075769854133
0.075769854133
0.075769854133
0.075769854133
0.075769854133
0.075769854133
0.075769854133
0.075769854133
0.075769854133
0.075769854133
0.075769854133
0.075769854133
0.075769854133
0.075769854133
0.075769854133
0.075769854133
0.075769854133
0.075769854133
0.075769854133
0.075769854133
0.075769854133
0.075769854133
0.075769854133
0.075769854133
0.075769854133
0.075769854133
0.075769854133
0.075769854133
0.075769854133
0.075769854133
0.075769854133
0.075769854133
0.075769854133
0.075769854133
0.075769854133
0.075769854133
0.075769854133
0.075769854133
0.075769854133
0.075769854133
0.075769854133
0.075769854133
0.075769854133
0.075769854133
0.075769854133
0.075769854133
0.075769854133
0.075769854133
0.075769854133
0.075769854133
0.075769854133
0.075769854133
0.075769854133
0.075769854133
0.075769854133
0.075769854133
0.075769854133
0.075769854133
0.075769854133
0.075769854133
0.075769854133
0.075769854133
0.075769854133
0.075769854133
0.075769854133
0.075769854133
0.075769854133
0.075769854133
0.075769854133
0.075769854133
0.075769854133
0.075769854133
0.075769854133
0.075769854133
0.075769854133
0.075769854133
0.075769854133
0.075769854133
0.075769854133
0.075769854133
0.075769854133
0.075769854133
0.075769854133
0.075769854133
0.075769854133
0.075769854133
0.075769854133
0.075769854133
0.075769854133
0.075769854133
0.075769854133
0.075769854133
0.075769854133
0.075769854133
0.075769854133
0.075769854133
0.075769854133
0.075769854133
0.075769854133
0.075769854133
0.075769854133
0.075769854133
0.075769854133
0.075769854133
0.075769854133
0.075769854133
0.075769854133
0.075769854133
0.075769854133
0.075769854133
0.075769854133
0.075769854133
0.075769854133
0.075769854133
0.075769854133
0.075769854133
0.075769854133
0.075769854133
0.075769854133
0.075769854133
0.075769854133
0.075769854133
0.075769854133
0.075769854133
0.075769854133
0.075769854133
0.075769854133
0.075769854133
0.075769854133
0.075769854133
0.075769854133
0.075769854133
0.075769854133
0.075769854133
0.075769854133
0.075769854133
0.075769854133
0.075769854133
0.075769854133
0.075769854133
0.075769854133
0.075769854133
0.075769854133
0.075769854133
0.075769854133
0.075769854133
0.075769854133
0.075769854133
0.075769854133
0.075769854133
0.075769854133
0.075769854133
0.075769854133
0.075769854133
0.075769854133
0.075769854133
0.075769854133
0.075769854133
0.075769854133
0.075769854133
0.075769854133
0.075769854133
0.075769854133
0.075769854133
0.075769854133
0.075769854133
0.075769854133
0.075769854133
0.075769854133
0.075769854133
0.075769854133
0.075769854133
0.075769854133
0.075769854133
0.075769854133
0.075769854133
0.075769854133
0.075769854133
0.075769854133
0.075769854133
0.075769854133
0.075769854133
0.075769854133
0.075769854133
0.075769854133
0.075769854133
0.075769854133
0.075769854133
0.075769854133
0.075769854133
0.075769854133
0.075769854133
0.075769854133
0.075769854133
0.075769854133
0.075769854133
0.075769854133
0.075769854133
0.075769854133
0.075769854133
0.075769854133
0.075769854133
0.075769854133
0.075769854133
0.075769854133
0.075769854133
0.075769854133
0.075769854133
0.075769854133
0.075769854133
0.075769854133
0.075769854133
0.075769854133
0.075769854133
0.075769854133
0.075769854133
0.075769854133
0.075769854133
0.075769854133
0.075769854133
0.075769854133
0.075769854133
0.075769854133
0.075769854133
0.075769854133
0.075769854133
0.075769854133
0.075769854133
0.075769854133
0.075769854133
0.075769854133
0.075769854133
0.075769854133
0.075769854133
0.075769854133
0.075769854133
0.075769854133
0.075769854133
0.075769854133
0.075769854133
0.075769854133
0.075769854133
0.075769854133
0.075769854133
0.075769854133
0.075769854133
0.075769854133
0.075769854133
0.075769854133
0.075769854133
0.075769854133
0.075769854133
0.075769854133
0.075769854133
0.075769854133
0.075769854133
0.075769854133
0.075769854133
0.075769854133
0.075769854133
0.075769854133
0.075769854133
0.075769854133
0.075769854133
0.075769854133
0.075769854133
0.075769854133
0.075769854133
0.075769854133
0.075769854133
0.075769854133
0.075769854133
0.075769854133
0.075769854133
0.075769854133
0.075769854133
0.075769854133
0.075769854133
0.075769854133
0.075769854133
0.075769854133
0.075769854133
0.075769854133
0.075769854133
0.075769854133
0.075769854133
0.075769854133
0.075769854133
0.075769854133
0.075769854133
0.075769854133
0.075769854133
0.075769854133
0.075769854133
0.075769854133
0.075769854133
0.075769854133
0.075769854133
0.075769854133
0.075769854133
0.075769854133
0.075769854133
0.075769854133
0.075769854133
0.075769854133
0.075769854133
0.075769854133
0.075769854133
0.075769854133
0.075769854133
0.075769854133
0.075769854133
0.075769854133
0.075769854133
0.075769854133
0.075769854133
0.075769854133
0.075769854133
0.075769854133
0.075769854133
0.075769854133
0.075769854133
0.075769854133
0.075769854133
0.075769854133
0.075769854133
0.075769854133
0.075769854133
0.075769854133
0.075769854133
0.075769854133
0.075769854133
0.075769854133
0.075769854133
0.075769854133
0.075769854133
0.075769854133
0.075769854133
0.075769854133
0.075769854133
0.075769854133
0.075769854133
0.075769854133
0.075769854133
0.075769854133
0.075769854133
0.075769854133
0.075769854133
0.075769854133
0.075769854133
0.075769854133
0.075769854133
0.075769854133
0.075769854133
0.075769854133
0.075769854133
0.075769854133
0.075769854133
0.075769854133
0.075769854133
0.075769854133
0.075769854133
0.075769854133
0.075769854133
0.075769854133
0.075769854133
0.075769854133
0.075769854133
0.075769854133
0.075769854133
0.075769854133
0.075769854133
0.075769854133
0.075769854133
0.075769854133
0.075769854133
0.075769854133
0.075769854133
0.075769854133
0.075769854133
0.075769854133
0.075769854133
0.075769854133
0.075769854133
0.075769854133
0.075769854133
0.075769854133
0.075769854133
0.075769854133
0.075769854133
0.075769854133
0.075769854133
0.075769854133
0.075769854133
0.075769854133
0.075769854133
0.075769854133
0.075769854133
0.075769854133
0.075769854133
0.075769854133
0.075769854133
0.075769854133
0.075769854133
0.075769854133
0.075769854133
0.075769854133
0.075769854133
0.075769854133
0.075769854133
0.075769854133
0.075769854133
0.075769854133
0.075769854133
0.075769854133
0.075769854133
0.075769854133
0.075769854133
0.075769854133
0.075769854133
0.075769854133
0.075769854133
0.075769854133
0.075769854133
0.075769854133
0.075769854133
0.075769854133
0.075769854133
0.075769854133
0.075769854133
0.075769854133
0.075769854133
0.075769854133
0.075769854133
0.075769854133
0.075769854133
0.075769854133
0.075769854133
0.075769854133
0.075769854133
0.075769854133
0.075769854133
0.075769854133
0.075769854133
0.075769854133
0.075769854133
0.075769854133
0.075769854133
0.075769854133
0.075769854133
0.075769854133
0.075769854133
0.075769854133
0.075769854133
0.075769854133
0.075769854133
0.075769854133
0.075769854133
0.075769854133
0.075769854133
0.075769854133
0.075769854133
0.075769854133
0.075769854133
0.075769854133
0.075769854133
0.075769854133
0.075769854133
0.075769854133
0.075769854133
0.075769854133
0.075769854133
0.075769854133
0.075769854133
0.075769854133
0.075769854133
0.075769854133
0.075769854133
0.075769854133
0.075769854133
0.075769854133
0.075769854133
0.075769854133
0.075769854133
0.075769854133
0.075769854133
0.075769854133
0.075769854133
0.075769854133
0.075769854133
0.075769854133
0.075769854133
0.075769854133
0.075769854133
0.075769854133
0.075769854133
0.075769854133
0.075769854133
0.075769854133
0.075769854133
0.075769854133
0.075769854133
0.075769854133
0.075769854133
0.075769854133
0.075769854133
0.075769854133
0.075769854133
0.075769854133
0.075769854133
0.075769854133
0.075769854133
0.075769854133
0.075769854133
0.075769854133
0.075769854133
0.075769854133
0.075769854133
0.075769854133
0.075769854133
0.075769854133
0.075769854133
0.075769854133
0.075769854133
0.075769854133
0.075769854133
0.075769854133
0.075769854133
0.075769854133
0.075769854133
0.075769854133
0.075769854133
0.075769854133
0.075769854133
0.075769854133
0.075769854133
0.075769854133
0.075769854133
0.075769854133
0.075769854133
0.075769854133
0.075769854133
0.075769854133
0.075769854133
0.075769854133
0.075769854133
0.075769854133
0.075769854133
0.075769854133
0.075769854133
0.075769854133
0.075769854133
0.075769854133
0.075769854133
0.075769854133
0.075769854133
0.075769854133
0.075769854133
0.075769854133
0.075769854133
0.075769854133
0.075769854133
0.075769854133
0.075769854133
0.075769854133
0.075769854133
0.075769854133
0.075769854133
0.075769854133
0.075769854133
0.075769854133
0.075769854133
0.075769854133
0.075769854133
0.075769854133
0.075769854133
0.075769854133
0.075769854133
0.075769854133
0.075769854133
0.075769854133
0.075769854133
0.075769854133
0.075769854133
0.075769854133
0.075769854133
0.075769854133
0.075769854133
0.075769854133
0.075769854133
0.075769854133
0.075769854133
0.075769854133
0.075769854133
0.075769854133
0.075769854133
0.075769854133
0.075769854133
0.075769854133
0.075769854133
0.075769854133
0.075769854133
0.075769854133
0.075769854133
0.075769854133
0.075769854133
0.075769854133
0.075769854133
0.075769854133
0.075769854133
0.075769854133
0.075769854133
0.075769854133
0.075769854133
0.075769854133
0.075769854133
0.075769854133
0.075769854133
0.075769854133
0.075769854133
0.075769854133
0.075769854133
0.075769854133
0.075769854133
0.075769854133
0.075769854133
0.075769854133
0.075769854133
0.075769854133
0.075769854133
0.075769854133
0.075769854133
0.075769854133
0.075769854133
0.075769854133
0.075769854133
0.075769854133
0.075769854133
0.075769854133
0.075769854133
0.075769854133
0.075769854133
0.075769854133
0.075769854133
0.075769854133
0.075769854133
0.075769854133
0.075769854133
0.075769854133
0.075769854133
0.075769854133
0.075769854133
0.075769854133
0.075769854133
0.075769854133
0.075769854133
0.075769854133
0.075769854133
0.075769854133
0.075769854133
0.075769854133
0.075769854133
0.075769854133
0.075769854133
0.075769854133
0.075769854133
0.075769854133
0.075769854133
0.075769854133
0.075769854133
0.075769854133
0.075769854133
0.075769854133
0.075769854133
0.075769854133
0.075769854133
0.075769854133
0.075769854133
0.075769854133
0.075769854133
0.075769854133
0.075769854133
0.075769854133
0.075769854133
0.075769854133
0.075769854133
0.075769854133
0.075769854133
0.075769854133
0.075769854133
0.075769854133
0.075769854133
0.075769854133
0.075769854133
0.075769854133
0.075769854133
0.075769854133
0.075769854133
0.075769854133
0.075769854133
0.075769854133
0.075769854133
0.075769854133
0.075769854133
0.075769854133
0.075769854133
0.075769854133
0.075769854133
0.075769854133
0.075769854133
0.075769854133
0.075769854133
0.075769854133
0.075769854133
0.075769854133
0.075769854133
0.075769854133
0.075769854133
0.075769854133
0.075769854133
0.075769854133
0.075769854133
0.075769854133
0.075769854133
0.075769854133
0.075769854133
0.075769854133
0.075769854133
0.075769854133
0.075769854133
0.075769854133
0.075769854133
0.075769854133
0.075769854133
0.075769854133
0.075769854133
0.075769854133
0.075769854133
0.075769854133
0.075769854133
0.075769854133
0.075769854133
0.075769854133
0.075769854133
0.075769854133
0.075769854133
0.075769854133
0.075769854133
0.075769854133
0.075769854133
0.075769854133
0.075769854133
0.075769854133
0.075769854133
0.075769854133
0.075769854133
0.075769854133
0.075769854133
0.075769854133
0.075769854133
0.075769854133
0.075769854133
0.075769854133
0.075769854133
0.075769854133
0.075769854133
0.075769854133
0.075769854133
0.075769854133
0.075769854133
0.075769854133
0.075769854133
0.075769854133
0.075769854133
0.075769854133
0.075769854133
0.075769854133
0.075769854133
0.075769854133
0.075769854133
0.075769854133
0.075769854133
0.075769854133
0.075769854133
0.075769854133
0.075769854133
0.075769854133
0.075769854133
0.075769854133
0.075769854133
0.075769854133
0.075769854133
0.075769854133
0.075769854133
0.075769854133
0.075769854133
0.075769854133
0.075769854133
0.075769854133
0.075769854133
0.075769854133
0.075769854133
0.075769854133
0.075769854133
0.075769854133
0.075769854133
0.075769854133
0.075769854133
0.075769854133
0.075769854133
0.075769854133
0.075769854133
0.075769854133
0.075769854133
0.075769854133
0.075769854133
0.075769854133
0.075769854133
0.075769854133
0.075769854133
0.075769854133
0.075769854133
0.075769854133
0.075769854133
0.075769854133
0.075769854133
0.075769854133
0.075769854133
0.075769854133
0.075769854133
0.075769854133
0.075769854133
0.075769854133
0.075769854133
0.075769854133
0.075769854133
0.075769854133
0.075769854133
0.075769854133
0.075769854133
0.075769854133
0.075769854133
0.075769854133
0.075769854133
0.075769854133
0.075769854133
0.075769854133
0.075769854133
0.075769854133
0.075769854133
0.075769854133
0.075769854133
0.075769854133
0.075769854133
0.075769854133
0.075769854133
0.075769854133
0.075769854133
0.075769854133
0.075769854133
0.075769854133
0.075769854133
0.075769854133
0.075769854133
0.075769854133
0.075769854133
0.075769854133
0.075769854133
0.075769854133
0.075769854133
0.075769854133
0.075769854133
0.075769854133
0.075769854133
0.075769854133
0.075769854133
0.075769854133
0.075769854133
0.075769854133
0.075769854133
0.075769854133
0.075769854133
0.075769854133
0.075769854133
0.075769854133
0.075769854133
0.075769854133
0.075769854133
0.075769854133
0.075769854133
0.075769854133
0.075769854133
0.075769854133
0.075769854133
0.075769854133
0.075769854133
0.075769854133
0.075769854133
0.075769854133
0.075769854133
0.075769854133
0.075769854133
0.075769854133
0.075769854133
0.075769854133
0.075769854133
0.075769854133
0.075769854133
0.075769854133
0.075769854133
0.075769854133
0.075769854133
0.075769854133
0.075769854133
0.075769854133
0.075769854133
0.075769854133
0.075769854133
0.075769854133
0.075769854133
0.075769854133
0.075769854133
0.075769854133
0.075769854133
0.075769854133
0.075769854133
0.075769854133
0.075769854133
0.075769854133
0.075769854133
0.075769854133
0.075769854133
0.075769854133
0.075769854133
0.075769854133
0.075769854133
0.075769854133
0.075769854133
0.075769854133
0.075769854133
0.075769854133
0.075769854133
0.075769854133
0.075769854133
0.075769854133
0.075769854133
0.075769854133
0.075769854133
0.075769854133
0.075769854133
0.075769854133
0.075769854133
0.075769854133
0.075769854133
0.075769854133
0.075769854133
0.075769854133
0.075769854133
0.075769854133
0.075769854133
0.075769854133
0.075769854133
0.075769854133
0.075769854133
0.075769854133
0.075769854133
0.075769854133
0.075769854133
0.075769854133
0.075769854133
0.075769854133
0.075769854133
0.075769854133
0.075769854133
0.075769854133
0.075769854133
0.075769854133
0.075769854133
0.075769854133
0.075769854133
0.075769854133
0.075769854133
0.075769854133
0.075769854133
0.075769854133
0.075769854133
0.075769854133
0.075769854133
0.075769854133
0.075769854133
0.075769854133
0.075769854133
0.075769854133
0.075769854133
0.075769854133
0.075769854133
0.075769854133
0.075769854133
0.075769854133
0.075769854133
0.075769854133
0.075769854133
0.075769854133
0.075769854133
0.075769854133
0.075769854133
0.075769854133
0.075769854133
0.075769854133
0.075769854133
0.075769854133
0.075769854133
0.075769854133
0.075769854133
0.075769854133
0.075769854133
0.075769854133
0.075769854133
0.075769854133
0.075769854133
0.075769854133
0.075769854133
0.075769854133
0.075769854133
0.075769854133
0.075769854133
0.075769854133
0.075769854133
0.075769854133
0.075769854133
0.075769854133
0.075769854133
0.075769854133
0.075769854133
0.075769854133
0.075769854133
0.075769854133
0.075769854133
0.075769854133
0.075769854133
0.075769854133
0.075769854133
0.075769854133
0.075769854133
0.075769854133
0.075769854133
0.075769854133
0.075769854133
0.075769854133
0.075769854133
0.075769854133
0.075769854133
0.075769854133
0.075769854133
0.075769854133
0.075769854133
0.075769854133
0.075769854133
0.075769854133
0.075769854133
0.075769854133
0.075769854133
0.075769854133
0.075769854133
0.075769854133
0.075769854133
0.075769854133
0.075769854133
0.075769854133
0.075769854133
0.075769854133
0.075769854133
0.075769854133
0.075769854133
0.075769854133
0.075769854133
0.075769854133
0.075769854133
0.075769854133
0.075769854133
0.075769854133
0.075769854133
