0.050755939525
0.049676025918
0.050755939525
0.051835853132
0.050755939525
0.051295896328
0.050755939525
0.050755939525
0.050215982721
0.050215982721
0.050215982721
0.050215982721
0.050215982721
0.050215982721
0.050215982721
0.050215982721
0.050215982721
0.050215982721
0.050215982721
0.050215982721
0.050215982721
0.051295896328
0.057235421166
0.059935205184
0.078293736501
0.081533477322
0.107991360691
0.112850971922
0.134989200864
0.140388768898
0.153347732181
0.159827213823
0.166846652268
0.166846652268
0.173866090713
0.172786177106
0.178725701944
0.180885529158
0.188444924406
0.192764578834
0.200863930886
0.205183585313
0.212742980562
0.218142548596
0.221382289417
0.226781857451
0.230561555076
0.231101511879
0.232721382289
0.235961123110
0.241900647948
0.247840172786
0.250000000000
0.260259179266
0.259179265659
0.264578833693
0.264578833693
0.269438444924
0.270518358531
0.274298056156
0.276997840173
0.272678185745
0.276457883369
0.271598272138
0.276997840173
0.276457883369
0.283477321814
0.278617710583
0.287257019438
0.275377969762
0.293196544276
0.195464362851
0.273218142549
0.126349892009
0.248380129590
0.297516198704
0.198164146868
0.238660907127
0.211123110151
0.234881209503
0.196004319654
0.224622030238
0.192764578834
0.215442764579
0.199784017279
0.217062634989
0.207343412527
0.216522678186
0.204643628510
0.212203023758
0.203563714903
0.212742980562
0.201403887689
0.209503239741
0.206803455724
0.214362850972
0.210043196544
0.210043196544
0.214902807775
0.205723542117
0.220302375810
0.203563714903
0.215982721382
0.203563714903
0.211123110151
0.203563714903
0.206263498920
0.204643628510
0.207883369330
0.194924406048
0.202483801296
0.180885529158
0.208423326134
0.178185745140
0.193304535637
0.185745140389
0.264578833693
0.246760259179
0.226781857451
0.171706263499
0.224622030238
0.241360691145
0.223542116631
0.167926565875
0.207343412527
0.226241900648
0.225161987041
0.177105831533
0.227321814255
0.234881209503
0.205723542117
0.129049676026
0.144168466523
0.164686825054
0.219762419006
0.230561555076
0.196004319654
0.125269978402
0.190604751620
0.216522678186
0.202483801296
0.142008639309
0.209503239741
0.214902807775
0.190604751620
0.122030237581
0.128509719222
0.146868250540
0.195464362851
0.208963282937
0.182505399568
0.139848812095
0.216522678186
0.215982721382
0.190064794816
0.123110151188
0.160367170626
0.215442764579
0.192764578834
0.211123110151
0.180345572354
0.138768898488
0.244060475162
0.233801295896
0.225161987041
0.159287257019
0.238120950324
0.233261339093
0.212742980562
0.143628509719
0.199784017279
0.231641468683
0.219222462203
0.184125269978
0.214362850972
0.245680345572
0.227861771058
0.145788336933
0.232721382289
0.231641468683
0.229481641469
0.142548596112
0.241900647948
0.242440604752
0.213282937365
0.244060475162
0.187904967603
0.164146868251
0.102051835853
0.150647948164
0.139848812095
0.164146868251
0.122030237581
0.164146868251
0.164146868251
0.164146868251
0.164146868251
0.164146868251
0.164146868251
0.164146868251
0.164146868251
0.164146868251
0.164146868251
0.164146868251
0.164146868251
0.164146868251
0.164146868251
0.164146868251
0.164146868251
0.164146868251
0.164146868251
0.164146868251
0.164146868251
0.164146868251
0.164146868251
0.164146868251
0.164146868251
0.164146868251
0.164146868251
0.164146868251
0.164146868251
0.164146868251
0.164146868251
0.164146868251
0.164146868251
0.164146868251
0.164146868251
0.164146868251
0.164146868251
0.164146868251
0.164146868251
0.164146868251
0.164146868251
0.164146868251
0.164146868251
0.164146868251
0.164146868251
0.164146868251
0.164146868251
0.164146868251
0.164146868251
0.164146868251
0.164146868251
0.164146868251
0.164146868251
0.164146868251
0.164146868251
0.164146868251
0.164146868251
0.164146868251
0.164146868251
0.164146868251
0.164146868251
0.164146868251
0.164146868251
0.164146868251
0.164146868251
0.164146868251
0.164146868251
0.164146868251
0.164146868251
0.164146868251
0.164146868251
0.164146868251
0.164146868251
0.164146868251
0.164146868251
0.164146868251
0.164146868251
0.164146868251
0.164146868251
0.164146868251
0.164146868251
0.164146868251
0.164146868251
0.164146868251
0.164146868251
0.164146868251
0.164146868251
0.164146868251
0.164146868251
0.164146868251
0.164146868251
0.164146868251
0.164146868251
0.164146868251
0.164146868251
0.164146868251
0.164146868251
0.164146868251
0.164146868251
0.164146868251
0.164146868251
0.164146868251
0.164146868251
0.164146868251
0.164146868251
0.164146868251
0.164146868251
0.164146868251
0.164146868251
0.164146868251
0.164146868251
0.164146868251
0.164146868251
0.164146868251
0.164146868251
0.164146868251
0.164146868251
0.164146868251
0.164146868251
0.164146868251
0.164146868251
0.164146868251
0.164146868251
0.164146868251
0.164146868251
0.164146868251
0.164146868251
0.164146868251
0.164146868251
0.164146868251
0.164146868251
0.164146868251
0.164146868251
0.164146868251
0.164146868251
0.164146868251
0.164146868251
0.164146868251
0.164146868251
0.164146868251
0.164146868251
0.164146868251
0.164146868251
0.164146868251
0.164146868251
0.164146868251
0.164146868251
0.164146868251
0.164146868251
0.164146868251
0.164146868251
0.164146868251
0.164146868251
0.164146868251
0.164146868251
0.164146868251
0.164146868251
0.164146868251
0.164146868251
0.164146868251
0.164146868251
0.164146868251
0.164146868251
0.164146868251
0.164146868251
0.164146868251
0.164146868251
0.164146868251
0.164146868251
0.164146868251
0.164146868251
0.164146868251
0.164146868251
0.164146868251
0.164146868251
0.164146868251
0.164146868251
0.164146868251
0.164146868251
0.164146868251
0.164146868251
0.164146868251
0.164146868251
0.164146868251
0.164146868251
0.164146868251
0.164146868251
0.164146868251
0.164146868251
0.164146868251
0.164146868251
0.164146868251
0.164146868251
0.164146868251
0.164146868251
0.164146868251
0.164146868251
0.164146868251
0.164146868251
0.164146868251
0.164146868251
0.164146868251
0.164146868251
0.164146868251
0.164146868251
0.164146868251
0.164146868251
0.164146868251
0.164146868251
0.164146868251
0.164146868251
0.164146868251
0.164146868251
0.164146868251
0.164146868251
0.164146868251
0.164146868251
0.164146868251
0.164146868251
0.164146868251
0.164146868251
0.164146868251
0.164146868251
0.164146868251
0.164146868251
0.164146868251
0.164146868251
0.164146868251
0.164146868251
0.164146868251
0.164146868251
0.164146868251
0.164146868251
0.164146868251
0.164146868251
0.164146868251
0.164146868251
0.164146868251
0.164146868251
0.164146868251
0.164146868251
0.164146868251
0.164146868251
0.164146868251
0.164146868251
0.164146868251
0.164146868251
0.164146868251
0.164146868251
0.164146868251
0.164146868251
0.164146868251
0.164146868251
0.164146868251
0.164146868251
0.164146868251
0.164146868251
0.164146868251
0.164146868251
0.164146868251
0.164146868251
0.164146868251
0.164146868251
0.164146868251
0.164146868251
0.164146868251
0.164146868251
0.164146868251
0.164146868251
0.164146868251
0.164146868251
0.164146868251
0.164146868251
0.164146868251
0.164146868251
0.164146868251
0.164146868251
0.164146868251
0.164146868251
0.164146868251
0.164146868251
0.164146868251
0.164146868251
0.164146868251
0.164146868251
0.164146868251
0.164146868251
0.164146868251
0.164146868251
0.164146868251
0.164146868251
0.164146868251
0.164146868251
0.164146868251
0.164146868251
0.164146868251
0.164146868251
0.164146868251
0.164146868251
0.164146868251
0.164146868251
0.164146868251
0.164146868251
0.164146868251
0.164146868251
0.164146868251
0.164146868251
0.164146868251
0.164146868251
0.164146868251
0.164146868251
0.164146868251
0.164146868251
0.164146868251
0.164146868251
0.164146868251
0.164146868251
0.164146868251
0.164146868251
0.164146868251
0.164146868251
0.164146868251
0.164146868251
0.164146868251
0.164146868251
0.164146868251
0.164146868251
0.164146868251
0.164146868251
0.164146868251
0.164146868251
0.164146868251
0.164146868251
0.164146868251
0.164146868251
0.164146868251
0.164146868251
0.164146868251
0.164146868251
0.164146868251
0.164146868251
0.164146868251
0.164146868251
0.164146868251
0.164146868251
0.164146868251
0.164146868251
0.164146868251
0.164146868251
0.164146868251
0.164146868251
0.164146868251
0.164146868251
0.164146868251
0.164146868251
0.164146868251
0.164146868251
0.164146868251
0.164146868251
0.164146868251
0.164146868251
0.164146868251
0.164146868251
0.164146868251
0.164146868251
0.164146868251
0.164146868251
0.164146868251
0.164146868251
0.164146868251
0.164146868251
0.164146868251
0.164146868251
0.164146868251
0.164146868251
0.164146868251
0.164146868251
0.164146868251
0.164146868251
0.164146868251
0.164146868251
0.164146868251
0.164146868251
0.164146868251
0.164146868251
0.164146868251
0.164146868251
0.164146868251
0.164146868251
0.164146868251
0.164146868251
0.164146868251
0.164146868251
0.164146868251
0.164146868251
0.164146868251
0.164146868251
0.164146868251
0.164146868251
0.164146868251
0.164146868251
0.164146868251
0.164146868251
0.164146868251
0.164146868251
0.164146868251
0.164146868251
0.164146868251
0.164146868251
0.164146868251
0.164146868251
0.164146868251
0.164146868251
0.164146868251
0.164146868251
0.164146868251
0.164146868251
0.164146868251
0.164146868251
0.164146868251
0.164146868251
0.164146868251
0.164146868251
0.164146868251
0.164146868251
0.164146868251
0.164146868251
0.164146868251
0.164146868251
0.164146868251
0.164146868251
0.164146868251
0.164146868251
0.164146868251
0.164146868251
0.164146868251
0.164146868251
0.164146868251
0.164146868251
0.164146868251
0.164146868251
0.164146868251
0.164146868251
0.164146868251
0.164146868251
0.164146868251
0.164146868251
0.164146868251
0.164146868251
0.164146868251
0.164146868251
0.164146868251
0.164146868251
0.164146868251
0.164146868251
0.164146868251
0.164146868251
0.164146868251
0.164146868251
0.164146868251
0.164146868251
0.164146868251
0.164146868251
0.164146868251
0.164146868251
0.164146868251
0.164146868251
0.164146868251
0.164146868251
0.164146868251
0.164146868251
0.164146868251
0.164146868251
0.164146868251
0.164146868251
0.164146868251
0.164146868251
0.164146868251
0.164146868251
0.164146868251
0.164146868251
0.164146868251
0.164146868251
0.164146868251
0.164146868251
0.164146868251
0.164146868251
0.164146868251
0.164146868251
0.164146868251
0.164146868251
0.164146868251
0.164146868251
0.164146868251
0.164146868251
0.164146868251
0.164146868251
0.164146868251
0.164146868251
0.164146868251
0.164146868251
0.164146868251
0.164146868251
0.164146868251
0.164146868251
0.164146868251
0.164146868251
0.164146868251
0.164146868251
0.164146868251
0.164146868251
0.164146868251
0.164146868251
0.164146868251
0.164146868251
0.164146868251
0.164146868251
0.164146868251
0.164146868251
0.164146868251
0.164146868251
0.164146868251
0.164146868251
0.164146868251
0.164146868251
0.164146868251
0.164146868251
0.164146868251
0.164146868251
0.164146868251
0.164146868251
0.164146868251
0.164146868251
0.164146868251
0.164146868251
0.164146868251
0.164146868251
0.164146868251
0.164146868251
0.164146868251
0.164146868251
0.164146868251
0.164146868251
0.164146868251
0.164146868251
0.164146868251
0.164146868251
0.164146868251
0.164146868251
0.164146868251
0.164146868251
0.164146868251
0.164146868251
0.164146868251
0.164146868251
0.164146868251
0.164146868251
0.164146868251
0.164146868251
0.164146868251
0.164146868251
0.164146868251
0.164146868251
0.164146868251
0.164146868251
0.164146868251
0.164146868251
0.164146868251
0.164146868251
0.164146868251
0.164146868251
0.164146868251
0.164146868251
0.164146868251
0.164146868251
0.164146868251
0.164146868251
0.164146868251
0.164146868251
0.164146868251
0.164146868251
0.164146868251
0.164146868251
0.164146868251
0.164146868251
0.164146868251
0.164146868251
0.164146868251
0.164146868251
0.164146868251
0.164146868251
0.164146868251
0.164146868251
0.164146868251
0.164146868251
0.164146868251
0.164146868251
0.164146868251
0.164146868251
0.164146868251
0.164146868251
0.164146868251
0.164146868251
0.164146868251
0.164146868251
0.164146868251
0.164146868251
0.164146868251
0.164146868251
0.164146868251
0.164146868251
0.164146868251
0.164146868251
0.164146868251
0.164146868251
0.164146868251
0.164146868251
0.164146868251
0.164146868251
0.164146868251
0.164146868251
0.164146868251
0.164146868251
0.164146868251
0.164146868251
0.164146868251
0.164146868251
0.164146868251
0.164146868251
0.164146868251
0.164146868251
0.164146868251
0.164146868251
0.164146868251
0.164146868251
0.164146868251
0.164146868251
0.164146868251
0.164146868251
0.164146868251
0.164146868251
0.164146868251
0.164146868251
0.164146868251
0.164146868251
0.164146868251
0.164146868251
0.164146868251
0.164146868251
0.164146868251
0.164146868251
0.164146868251
0.164146868251
0.164146868251
0.164146868251
0.164146868251
0.164146868251
0.164146868251
0.164146868251
0.164146868251
0.164146868251
0.164146868251
0.164146868251
0.164146868251
0.164146868251
0.164146868251
0.164146868251
0.164146868251
0.164146868251
0.164146868251
0.164146868251
0.164146868251
0.164146868251
0.164146868251
0.164146868251
0.164146868251
0.164146868251
0.164146868251
0.164146868251
0.164146868251
0.164146868251
0.164146868251
0.164146868251
0.164146868251
0.164146868251
0.164146868251
0.164146868251
0.164146868251
0.164146868251
0.164146868251
0.164146868251
0.164146868251
0.164146868251
0.164146868251
0.164146868251
0.164146868251
0.164146868251
0.164146868251
0.164146868251
0.164146868251
0.164146868251
0.164146868251
0.164146868251
0.164146868251
0.164146868251
0.164146868251
0.164146868251
0.164146868251
0.164146868251
0.164146868251
0.164146868251
0.164146868251
0.164146868251
0.164146868251
0.164146868251
0.164146868251
0.164146868251
0.164146868251
0.164146868251
0.164146868251
0.164146868251
0.164146868251
0.164146868251
0.164146868251
0.164146868251
0.164146868251
0.164146868251
0.164146868251
0.164146868251
0.164146868251
0.164146868251
0.164146868251
0.164146868251
0.164146868251
0.164146868251
0.164146868251
0.164146868251
0.164146868251
0.164146868251
0.164146868251
0.164146868251
0.164146868251
0.164146868251
0.164146868251
0.164146868251
0.164146868251
0.164146868251
0.164146868251
0.164146868251
0.164146868251
0.164146868251
0.164146868251
0.164146868251
0.164146868251
0.164146868251
0.164146868251
0.164146868251
0.164146868251
0.164146868251
0.164146868251
0.164146868251
0.164146868251
0.164146868251
0.164146868251
0.164146868251
0.164146868251
0.164146868251
0.164146868251
0.164146868251
0.164146868251
0.164146868251
0.164146868251
0.164146868251
0.164146868251
0.164146868251
0.164146868251
0.164146868251
0.164146868251
0.164146868251
0.164146868251
0.164146868251
0.164146868251
0.164146868251
0.164146868251
0.164146868251
0.164146868251
0.164146868251
0.164146868251
0.164146868251
0.164146868251
0.164146868251
0.164146868251
0.164146868251
0.164146868251
0.164146868251
0.164146868251
0.164146868251
0.164146868251
0.164146868251
0.164146868251
0.164146868251
0.164146868251
0.164146868251
0.164146868251
0.164146868251
0.164146868251
0.164146868251
0.164146868251
0.164146868251
0.164146868251
0.164146868251
0.164146868251
0.164146868251
0.164146868251
0.164146868251
0.164146868251
0.164146868251
0.164146868251
0.164146868251
0.164146868251
0.164146868251
0.164146868251
0.164146868251
0.164146868251
0.164146868251
0.164146868251
0.164146868251
0.164146868251
0.164146868251
0.164146868251
0.164146868251
0.164146868251
0.164146868251
0.164146868251
0.164146868251
0.164146868251
0.164146868251
0.164146868251
0.164146868251
0.164146868251
0.164146868251
0.164146868251
0.164146868251
0.164146868251
0.164146868251
0.164146868251
0.164146868251
0.164146868251
0.164146868251
0.164146868251
0.164146868251
0.164146868251
0.164146868251
0.164146868251
0.164146868251
0.164146868251
0.164146868251
0.164146868251
0.164146868251
0.164146868251
0.164146868251
0.164146868251
0.164146868251
0.164146868251
0.164146868251
0.164146868251
0.164146868251
0.164146868251
0.164146868251
0.164146868251
0.164146868251
0.164146868251
0.164146868251
0.164146868251
0.164146868251
0.164146868251
0.164146868251
0.164146868251
0.164146868251
0.164146868251
0.164146868251
0.164146868251
0.164146868251
0.164146868251
0.164146868251
0.164146868251
0.164146868251
0.164146868251
0.164146868251
0.164146868251
0.164146868251
0.164146868251
0.164146868251
0.164146868251
0.164146868251
0.164146868251
0.164146868251
0.164146868251
0.164146868251
0.164146868251
0.164146868251
0.164146868251
0.164146868251
0.164146868251
0.164146868251
0.164146868251
0.164146868251
0.164146868251
0.164146868251
0.164146868251
0.164146868251
0.164146868251
0.164146868251
0.164146868251
0.164146868251
0.164146868251
0.164146868251
0.164146868251
0.164146868251
0.164146868251
0.164146868251
0.164146868251
0.164146868251
0.164146868251
0.164146868251
0.164146868251
0.164146868251
0.164146868251
0.164146868251
0.164146868251
0.164146868251
0.164146868251
0.164146868251
0.164146868251
0.164146868251
0.164146868251
0.164146868251
0.164146868251
0.164146868251
0.164146868251
0.164146868251
0.164146868251
0.164146868251
0.164146868251
0.164146868251
0.164146868251
0.164146868251
0.164146868251
0.164146868251
0.164146868251
0.164146868251
0.164146868251
0.164146868251
0.164146868251
0.164146868251
0.164146868251
0.164146868251
0.164146868251
0.164146868251
0.164146868251
0.164146868251
0.164146868251
0.164146868251
0.164146868251
0.164146868251
0.164146868251
0.164146868251
0.164146868251
0.164146868251
0.164146868251
0.164146868251
0.164146868251
0.164146868251
0.164146868251
0.164146868251
0.164146868251
0.164146868251
0.164146868251
0.164146868251
0.164146868251
0.164146868251
0.164146868251
0.164146868251
0.164146868251
0.164146868251
0.164146868251
0.164146868251
0.164146868251
0.164146868251
0.164146868251
0.164146868251
0.164146868251
0.164146868251
0.164146868251
0.164146868251
0.164146868251
0.164146868251
0.164146868251
0.164146868251
0.164146868251
0.164146868251
0.164146868251
0.164146868251
0.164146868251
0.164146868251
0.164146868251
0.164146868251
0.164146868251
0.164146868251
0.164146868251
0.164146868251
0.164146868251
0.164146868251
0.164146868251
0.164146868251
0.164146868251
0.164146868251
0.164146868251
0.164146868251
0.164146868251
0.164146868251
0.164146868251
0.164146868251
0.164146868251
0.164146868251
0.164146868251
0.164146868251
0.164146868251
0.164146868251
0.164146868251
0.164146868251
0.164146868251
0.164146868251
0.164146868251
0.164146868251
0.164146868251
0.164146868251
0.164146868251
0.164146868251
0.164146868251
0.164146868251
0.164146868251
0.164146868251
0.164146868251
0.164146868251
0.164146868251
0.164146868251
0.164146868251
0.164146868251
0.164146868251
0.164146868251
0.164146868251
0.164146868251
0.164146868251
0.164146868251
0.164146868251
0.164146868251
0.164146868251
0.164146868251
0.164146868251
0.164146868251
0.164146868251
0.164146868251
0.164146868251
0.164146868251
0.164146868251
0.164146868251
0.164146868251
0.164146868251
0.164146868251
0.164146868251
0.164146868251
0.164146868251
0.164146868251
0.164146868251
0.164146868251
0.164146868251
0.164146868251
0.164146868251
0.164146868251
0.164146868251
0.164146868251
0.164146868251
0.164146868251
0.164146868251
0.164146868251
0.164146868251
0.164146868251
0.164146868251
0.164146868251
0.164146868251
0.164146868251
0.164146868251
0.164146868251
0.164146868251
0.164146868251
0.164146868251
0.164146868251
0.164146868251
0.164146868251
0.164146868251
0.164146868251
0.164146868251
0.164146868251
0.164146868251
0.164146868251
0.164146868251
0.164146868251
0.164146868251
0.164146868251
0.164146868251
0.164146868251
0.164146868251
0.164146868251
0.164146868251
0.164146868251
0.164146868251
0.164146868251
0.164146868251
0.164146868251
0.164146868251
0.164146868251
0.164146868251
0.164146868251
0.164146868251
0.164146868251
0.164146868251
0.164146868251
0.164146868251
0.164146868251
0.164146868251
0.164146868251
0.164146868251
0.164146868251
0.164146868251
0.164146868251
0.164146868251
0.164146868251
0.164146868251
0.164146868251
0.164146868251
0.164146868251
0.164146868251
0.164146868251
0.164146868251
0.164146868251
0.164146868251
0.164146868251
0.164146868251
0.164146868251
0.164146868251
0.164146868251
0.164146868251
0.164146868251
0.164146868251
0.164146868251
0.164146868251
0.164146868251
0.164146868251
0.164146868251
0.164146868251
0.164146868251
0.164146868251
0.164146868251
0.164146868251
0.164146868251
0.164146868251
0.164146868251
0.164146868251
0.164146868251
0.164146868251
0.164146868251
0.164146868251
0.164146868251
0.164146868251
0.164146868251
0.164146868251
0.164146868251
0.164146868251
0.164146868251
0.164146868251
0.164146868251
0.164146868251
0.164146868251
0.164146868251
0.164146868251
0.164146868251
0.164146868251
0.164146868251
0.164146868251
0.164146868251
0.164146868251
0.164146868251
0.164146868251
0.164146868251
0.164146868251
0.164146868251
0.164146868251
0.164146868251
0.164146868251
0.164146868251
0.164146868251
0.164146868251
0.164146868251
0.164146868251
0.164146868251
0.164146868251
0.164146868251
0.164146868251
0.164146868251
0.164146868251
0.164146868251
0.164146868251
0.164146868251
0.164146868251
0.164146868251
0.164146868251
0.164146868251
0.164146868251
0.164146868251
0.164146868251
0.164146868251
0.164146868251
0.164146868251
0.164146868251
0.164146868251
0.164146868251
0.164146868251
0.164146868251
0.164146868251
0.164146868251
0.164146868251
0.164146868251
0.164146868251
0.164146868251
0.164146868251
0.164146868251
0.164146868251
0.164146868251
0.164146868251
0.164146868251
0.164146868251
0.164146868251
0.164146868251
0.164146868251
0.164146868251
0.164146868251
0.164146868251
0.164146868251
0.164146868251
0.164146868251
0.164146868251
0.164146868251
0.164146868251
0.164146868251
0.164146868251
0.164146868251
0.164146868251
0.164146868251
0.164146868251
0.164146868251
0.164146868251
0.164146868251
0.164146868251
0.164146868251
0.164146868251
0.164146868251
0.164146868251
0.164146868251
0.164146868251
0.164146868251
0.164146868251
0.164146868251
0.164146868251
0.164146868251
0.164146868251
0.164146868251
0.164146868251
0.164146868251
0.164146868251
0.164146868251
0.164146868251
0.164146868251
0.164146868251
0.164146868251
0.164146868251
0.164146868251
0.164146868251
0.164146868251
0.164146868251
0.164146868251
0.164146868251
0.164146868251
0.164146868251
0.164146868251
0.164146868251
0.164146868251
0.164146868251
0.164146868251
0.164146868251
0.164146868251
0.164146868251
0.164146868251
0.164146868251
0.164146868251
0.164146868251
0.164146868251
0.164146868251
0.164146868251
0.164146868251
0.164146868251
0.164146868251
0.164146868251
0.164146868251
0.164146868251
0.164146868251
0.164146868251
0.164146868251
0.164146868251
0.164146868251
0.164146868251
0.164146868251
0.164146868251
0.164146868251
0.164146868251
0.164146868251
0.164146868251
0.164146868251
0.164146868251
0.164146868251
0.164146868251
0.164146868251
0.164146868251
0.164146868251
0.164146868251
0.164146868251
0.164146868251
0.164146868251
0.164146868251
0.164146868251
0.164146868251
0.164146868251
0.164146868251
0.164146868251
0.164146868251
0.164146868251
0.164146868251
0.164146868251
0.164146868251
0.164146868251
0.164146868251
0.164146868251
0.164146868251
0.164146868251
0.164146868251
0.164146868251
0.164146868251
0.164146868251
0.164146868251
0.164146868251
0.164146868251
0.164146868251
0.164146868251
0.164146868251
0.164146868251
0.164146868251
0.164146868251
0.164146868251
0.164146868251
0.164146868251
0.164146868251
0.164146868251
0.164146868251
0.164146868251
0.164146868251
0.164146868251
0.164146868251
0.164146868251
0.164146868251
0.164146868251
0.164146868251
0.164146868251
0.164146868251
0.164146868251
0.164146868251
0.164146868251
0.164146868251
0.164146868251
0.164146868251
0.164146868251
0.164146868251
0.164146868251
0.164146868251
0.164146868251
0.164146868251
0.164146868251
0.164146868251
0.164146868251
0.164146868251
0.164146868251
0.164146868251
0.164146868251
0.164146868251
0.164146868251
0.164146868251
0.164146868251
0.164146868251
0.164146868251
0.164146868251
0.164146868251
0.164146868251
0.164146868251
0.164146868251
0.164146868251
0.164146868251
0.164146868251
0.164146868251
0.164146868251
0.164146868251
0.164146868251
0.164146868251
0.164146868251
0.164146868251
0.164146868251
0.164146868251
0.164146868251
0.164146868251
0.164146868251
0.164146868251
0.164146868251
0.164146868251
0.164146868251
0.164146868251
0.164146868251
0.164146868251
0.164146868251
0.164146868251
0.164146868251
0.164146868251
0.164146868251
0.164146868251
0.164146868251
0.164146868251
0.164146868251
0.164146868251
0.164146868251
0.164146868251
0.164146868251
0.164146868251
0.164146868251
0.164146868251
0.164146868251
0.164146868251
0.164146868251
0.164146868251
0.164146868251
0.164146868251
0.164146868251
0.164146868251
0.164146868251
0.164146868251
0.164146868251
0.164146868251
0.164146868251
0.164146868251
0.164146868251
0.164146868251
0.164146868251
0.164146868251
0.164146868251
0.164146868251
0.164146868251
0.164146868251
0.164146868251
0.164146868251
0.164146868251
0.164146868251
0.164146868251
0.164146868251
0.164146868251
0.164146868251
0.164146868251
0.164146868251
0.164146868251
0.164146868251
0.164146868251
0.164146868251
0.164146868251
0.164146868251
0.164146868251
0.164146868251
0.164146868251
0.164146868251
0.164146868251
0.164146868251
0.164146868251
0.164146868251
0.164146868251
0.164146868251
0.164146868251
0.164146868251
0.164146868251
0.164146868251
0.164146868251
0.164146868251
0.164146868251
0.164146868251
0.164146868251
0.164146868251
0.164146868251
0.164146868251
0.164146868251
0.164146868251
0.164146868251
0.164146868251
0.164146868251
0.164146868251
0.164146868251
0.164146868251
0.164146868251
0.164146868251
0.164146868251
0.164146868251
0.164146868251
0.164146868251
0.164146868251
0.164146868251
0.164146868251
0.164146868251
0.164146868251
0.164146868251
0.164146868251
0.164146868251
0.164146868251
0.164146868251
0.164146868251
0.164146868251
0.164146868251
0.164146868251
0.164146868251
0.164146868251
0.164146868251
0.164146868251
0.164146868251
0.164146868251
0.164146868251
0.164146868251
0.164146868251
0.164146868251
0.164146868251
0.164146868251
0.164146868251
0.164146868251
0.164146868251
0.164146868251
0.164146868251
0.164146868251
0.164146868251
0.164146868251
0.164146868251
0.164146868251
0.164146868251
0.164146868251
0.164146868251
0.164146868251
0.164146868251
0.164146868251
0.164146868251
0.164146868251
0.164146868251
0.164146868251
0.164146868251
0.164146868251
0.164146868251
0.164146868251
0.164146868251
0.164146868251
0.164146868251
0.164146868251
0.164146868251
0.164146868251
0.164146868251
0.164146868251
0.164146868251
0.164146868251
0.164146868251
0.164146868251
0.164146868251
0.164146868251
0.164146868251
0.164146868251
0.164146868251
0.164146868251
0.164146868251
0.164146868251
0.164146868251
0.164146868251
0.164146868251
0.164146868251
0.164146868251
0.164146868251
0.164146868251
0.164146868251
0.164146868251
0.164146868251
0.164146868251
0.164146868251
0.164146868251
0.164146868251
0.164146868251
0.164146868251
0.164146868251
0.164146868251
0.164146868251
0.164146868251
0.164146868251
0.164146868251
0.164146868251
0.164146868251
0.164146868251
0.164146868251
0.164146868251
0.164146868251
0.164146868251
0.164146868251
0.164146868251
0.164146868251
0.164146868251
0.164146868251
0.164146868251
0.164146868251
0.164146868251
0.164146868251
0.164146868251
0.164146868251
0.164146868251
0.164146868251
0.164146868251
0.164146868251
0.164146868251
0.164146868251
0.164146868251
0.164146868251
0.164146868251
0.164146868251
0.164146868251
0.164146868251
0.164146868251
0.164146868251
0.164146868251
0.164146868251
0.164146868251
0.164146868251
0.164146868251
0.164146868251
0.164146868251
0.164146868251
0.164146868251
0.164146868251
0.164146868251
0.164146868251
0.164146868251
0.164146868251
0.164146868251
0.164146868251
0.164146868251
0.164146868251
0.164146868251
0.164146868251
0.164146868251
0.164146868251
0.164146868251
0.164146868251
0.164146868251
0.164146868251
0.164146868251
0.164146868251
0.164146868251
0.164146868251
0.164146868251
0.164146868251
0.164146868251
0.164146868251
0.164146868251
0.164146868251
0.164146868251
0.164146868251
0.164146868251
0.164146868251
0.164146868251
0.164146868251
0.164146868251
0.164146868251
0.164146868251
0.164146868251
0.164146868251
0.164146868251
0.164146868251
0.164146868251
0.164146868251
0.164146868251
0.164146868251
0.164146868251
0.164146868251
0.164146868251
0.164146868251
0.164146868251
0.164146868251
0.164146868251
0.164146868251
0.164146868251
0.164146868251
0.164146868251
0.164146868251
0.164146868251
0.164146868251
0.164146868251
0.164146868251
0.164146868251
0.164146868251
0.164146868251
0.164146868251
0.164146868251
0.164146868251
0.164146868251
0.164146868251
0.164146868251
0.164146868251
0.164146868251
0.164146868251
0.164146868251
0.164146868251
0.164146868251
0.164146868251
0.164146868251
0.164146868251
0.164146868251
0.164146868251
0.164146868251
0.164146868251
0.164146868251
0.164146868251
0.164146868251
0.164146868251
0.164146868251
0.164146868251
0.164146868251
0.164146868251
0.164146868251
0.164146868251
0.164146868251
0.164146868251
0.164146868251
0.164146868251
0.164146868251
0.164146868251
0.164146868251
0.164146868251
0.164146868251
0.164146868251
0.164146868251
0.164146868251
0.164146868251
0.164146868251
0.164146868251
0.164146868251
0.164146868251
0.164146868251
0.164146868251
0.164146868251
0.164146868251
0.164146868251
0.164146868251
0.164146868251
0.164146868251
0.164146868251
0.164146868251
0.164146868251
0.164146868251
0.164146868251
0.164146868251
0.164146868251
0.164146868251
0.164146868251
0.164146868251
0.164146868251
0.164146868251
0.164146868251
0.164146868251
0.164146868251
0.164146868251
0.164146868251
0.164146868251
0.164146868251
0.164146868251
0.164146868251
0.164146868251
0.164146868251
0.164146868251
0.164146868251
0.164146868251
0.164146868251
0.164146868251
0.164146868251
0.164146868251
0.164146868251
0.164146868251
0.164146868251
