0.068836045056
0.067584480601
0.067584480601
0.065081351690
0.063412599082
0.062161034627
0.062578222778
0.062578222778
0.062161034627
0.062161034627
0.061743846475
0.061743846475
0.061743846475
0.061743846475
0.061743846475
0.061743846475
0.061743846475
0.061743846475
0.061743846475
0.061743846475
0.064246975386
0.065081351690
0.071339173967
0.076762619942
0.099290780142
0.107634543179
0.137254901961
0.143512724239
0.170212765957
0.173133083020
0.191072173550
0.193575302461
0.201501877347
0.203587818106
0.214017521902
0.214017521902
0.218189403421
0.217772215269
0.220692532332
0.223195661243
0.220692532332
0.224447225699
0.221944096788
0.224447225699
0.226533166458
0.227367542762
0.224864413851
0.222778473091
0.216937838965
0.220275344180
0.221109720484
0.220692532332
0.215269086358
0.221944096788
0.220692532332
0.223195661243
0.216103462662
0.216520650814
0.214851898206
0.214434710054
0.213600333751
0.216520650814
0.215686274510
0.217355027117
0.213600333751
0.219858156028
0.216103462662
0.223195661243
0.218189403421
0.218606591573
0.216520650814
0.158114309554
0.203587818106
0.045890696704
0.259908218607
0.256987901544
0.127242386316
0.316645807259
0.240300375469
0.256570713392
0.144347100542
0.207759699625
0.123487692950
0.211931581143
0.153108051731
0.222778473091
0.162286191072
0.226950354610
0.165623696287
0.235711305799
0.173967459324
0.236545682103
0.180642469754
0.247809762203
0.187317480184
0.256153525240
0.190654985398
0.261159783062
0.196912807676
0.271589486859
0.196912807676
0.278264497288
0.197329995828
0.284522319566
0.189403420943
0.287442636629
0.177722152691
0.283687943262
0.180642469754
0.267834793492
0.168961201502
0.261994159366
0.183979974969
0.246141009595
0.148101793909
0.203170629954
0.158531497705
0.142678347935
0.094284522320
0.098873591990
0.130162703379
0.134334584898
0.089695452649
0.084689194827
0.100542344597
0.112223612849
0.088026700042
0.082186065916
0.104297037964
0.115978306216
0.078431372549
0.050896954526
0.066750104297
0.086775135586
0.099707968294
0.101793909053
0.079265748853
0.047976637463
0.083020442219
0.094701710471
0.078848560701
0.064664163538
0.081768877764
0.082603254068
0.070504797664
0.043804755945
0.057571964956
0.062995410930
0.074259491030
0.086357947434
0.069670421360
0.064246975386
0.085940759282
0.090112640801
0.073842302879
0.045056320401
0.088861076345
0.099290780142
0.079682937005
0.093867334168
0.075511055486
0.068418856904
0.158531497705
0.162703379224
0.150187734668
0.108886107635
0.166040884439
0.140175219024
0.112223612849
0.080934501460
0.167292448894
0.220275344180
0.220692532332
0.172298706717
0.236128493951
0.239048811014
0.196495619524
0.130997079683
0.232790988736
0.242803504380
0.230705047977
0.119732999583
0.170629954109
0.215686274510
0.161869002920
0.221526908636
0.086357947434
0.165206508135
0.127242386316
0.063412599082
0.099290780142
0.165206508135
0.043387567793
0.165206508135
0.165206508135
0.165206508135
0.165206508135
0.165206508135
0.165206508135
0.165206508135
0.165206508135
0.165206508135
0.165206508135
0.165206508135
0.165206508135
0.165206508135
0.165206508135
0.165206508135
0.165206508135
0.165206508135
0.165206508135
0.165206508135
0.165206508135
0.165206508135
0.165206508135
0.165206508135
0.165206508135
0.165206508135
0.165206508135
0.165206508135
0.165206508135
0.165206508135
0.165206508135
0.165206508135
0.165206508135
0.165206508135
0.165206508135
0.165206508135
0.165206508135
0.165206508135
0.165206508135
0.165206508135
0.165206508135
0.165206508135
0.165206508135
0.165206508135
0.165206508135
0.165206508135
0.165206508135
0.165206508135
0.165206508135
0.165206508135
0.165206508135
0.165206508135
0.165206508135
0.165206508135
0.165206508135
0.165206508135
0.165206508135
0.165206508135
0.165206508135
0.165206508135
0.165206508135
0.165206508135
0.165206508135
0.165206508135
0.165206508135
0.165206508135
0.165206508135
0.165206508135
0.165206508135
0.165206508135
0.165206508135
0.165206508135
0.165206508135
0.165206508135
0.165206508135
0.165206508135
0.165206508135
0.165206508135
0.165206508135
0.165206508135
0.165206508135
0.165206508135
0.165206508135
0.165206508135
0.165206508135
0.165206508135
0.165206508135
0.165206508135
0.165206508135
0.165206508135
0.165206508135
0.165206508135
0.165206508135
0.165206508135
0.165206508135
0.165206508135
0.165206508135
0.165206508135
0.165206508135
0.165206508135
0.165206508135
0.165206508135
0.165206508135
0.165206508135
0.165206508135
0.165206508135
0.165206508135
0.165206508135
0.165206508135
0.165206508135
0.165206508135
0.165206508135
0.165206508135
0.165206508135
0.165206508135
0.165206508135
0.165206508135
0.165206508135
0.165206508135
0.165206508135
0.165206508135
0.165206508135
0.165206508135
0.165206508135
0.165206508135
0.165206508135
0.165206508135
0.165206508135
0.165206508135
0.165206508135
0.165206508135
0.165206508135
0.165206508135
0.165206508135
0.165206508135
0.165206508135
0.165206508135
0.165206508135
0.165206508135
0.165206508135
0.165206508135
0.165206508135
0.165206508135
0.165206508135
0.165206508135
0.165206508135
0.165206508135
0.165206508135
0.165206508135
0.165206508135
0.165206508135
0.165206508135
0.165206508135
0.165206508135
0.165206508135
0.165206508135
0.165206508135
0.165206508135
0.165206508135
0.165206508135
0.165206508135
0.165206508135
0.165206508135
0.165206508135
0.165206508135
0.165206508135
0.165206508135
0.165206508135
0.165206508135
0.165206508135
0.165206508135
0.165206508135
0.165206508135
0.165206508135
0.165206508135
0.165206508135
0.165206508135
0.165206508135
0.165206508135
0.165206508135
0.165206508135
0.165206508135
0.165206508135
0.165206508135
0.165206508135
0.165206508135
0.165206508135
0.165206508135
0.165206508135
0.165206508135
0.165206508135
0.165206508135
0.165206508135
0.165206508135
0.165206508135
0.165206508135
0.165206508135
0.165206508135
0.165206508135
0.165206508135
0.165206508135
0.165206508135
0.165206508135
0.165206508135
0.165206508135
0.165206508135
0.165206508135
0.165206508135
0.165206508135
0.165206508135
0.165206508135
0.165206508135
0.165206508135
0.165206508135
0.165206508135
0.165206508135
0.165206508135
0.165206508135
0.165206508135
0.165206508135
0.165206508135
0.165206508135
0.165206508135
0.165206508135
0.165206508135
0.165206508135
0.165206508135
0.165206508135
0.165206508135
0.165206508135
0.165206508135
0.165206508135
0.165206508135
0.165206508135
0.165206508135
0.165206508135
0.165206508135
0.165206508135
0.165206508135
0.165206508135
0.165206508135
0.165206508135
0.165206508135
0.165206508135
0.165206508135
0.165206508135
0.165206508135
0.165206508135
0.165206508135
0.165206508135
0.165206508135
0.165206508135
0.165206508135
0.165206508135
0.165206508135
0.165206508135
0.165206508135
0.165206508135
0.165206508135
0.165206508135
0.165206508135
0.165206508135
0.165206508135
0.165206508135
0.165206508135
0.165206508135
0.165206508135
0.165206508135
0.165206508135
0.165206508135
0.165206508135
0.165206508135
0.165206508135
0.165206508135
0.165206508135
0.165206508135
0.165206508135
0.165206508135
0.165206508135
0.165206508135
0.165206508135
0.165206508135
0.165206508135
0.165206508135
0.165206508135
0.165206508135
0.165206508135
0.165206508135
0.165206508135
0.165206508135
0.165206508135
0.165206508135
0.165206508135
0.165206508135
0.165206508135
0.165206508135
0.165206508135
0.165206508135
0.165206508135
0.165206508135
0.165206508135
0.165206508135
0.165206508135
0.165206508135
0.165206508135
0.165206508135
0.165206508135
0.165206508135
0.165206508135
0.165206508135
0.165206508135
0.165206508135
0.165206508135
0.165206508135
0.165206508135
0.165206508135
0.165206508135
0.165206508135
0.165206508135
0.165206508135
0.165206508135
0.165206508135
0.165206508135
0.165206508135
0.165206508135
0.165206508135
0.165206508135
0.165206508135
0.165206508135
0.165206508135
0.165206508135
0.165206508135
0.165206508135
0.165206508135
0.165206508135
0.165206508135
0.165206508135
0.165206508135
0.165206508135
0.165206508135
0.165206508135
0.165206508135
0.165206508135
0.165206508135
0.165206508135
0.165206508135
0.165206508135
0.165206508135
0.165206508135
0.165206508135
0.165206508135
0.165206508135
0.165206508135
0.165206508135
0.165206508135
0.165206508135
0.165206508135
0.165206508135
0.165206508135
0.165206508135
0.165206508135
0.165206508135
0.165206508135
0.165206508135
0.165206508135
0.165206508135
0.165206508135
0.165206508135
0.165206508135
0.165206508135
0.165206508135
0.165206508135
0.165206508135
0.165206508135
0.165206508135
0.165206508135
0.165206508135
0.165206508135
0.165206508135
0.165206508135
0.165206508135
0.165206508135
0.165206508135
0.165206508135
0.165206508135
0.165206508135
0.165206508135
0.165206508135
0.165206508135
0.165206508135
0.165206508135
0.165206508135
0.165206508135
0.165206508135
0.165206508135
0.165206508135
0.165206508135
0.165206508135
0.165206508135
0.165206508135
0.165206508135
0.165206508135
0.165206508135
0.165206508135
0.165206508135
0.165206508135
0.165206508135
0.165206508135
0.165206508135
0.165206508135
0.165206508135
0.165206508135
0.165206508135
0.165206508135
0.165206508135
0.165206508135
0.165206508135
0.165206508135
0.165206508135
0.165206508135
0.165206508135
0.165206508135
0.165206508135
0.165206508135
0.165206508135
0.165206508135
0.165206508135
0.165206508135
0.165206508135
0.165206508135
0.165206508135
0.165206508135
0.165206508135
0.165206508135
0.165206508135
0.165206508135
0.165206508135
0.165206508135
0.165206508135
0.165206508135
0.165206508135
0.165206508135
0.165206508135
0.165206508135
0.165206508135
0.165206508135
0.165206508135
0.165206508135
0.165206508135
0.165206508135
0.165206508135
0.165206508135
0.165206508135
0.165206508135
0.165206508135
0.165206508135
0.165206508135
0.165206508135
0.165206508135
0.165206508135
0.165206508135
0.165206508135
0.165206508135
0.165206508135
0.165206508135
0.165206508135
0.165206508135
0.165206508135
0.165206508135
0.165206508135
0.165206508135
0.165206508135
0.165206508135
0.165206508135
0.165206508135
0.165206508135
0.165206508135
0.165206508135
0.165206508135
0.165206508135
0.165206508135
0.165206508135
0.165206508135
0.165206508135
0.165206508135
0.165206508135
0.165206508135
0.165206508135
0.165206508135
0.165206508135
0.165206508135
0.165206508135
0.165206508135
0.165206508135
0.165206508135
0.165206508135
0.165206508135
0.165206508135
0.165206508135
0.165206508135
0.165206508135
0.165206508135
0.165206508135
0.165206508135
0.165206508135
0.165206508135
0.165206508135
0.165206508135
0.165206508135
0.165206508135
0.165206508135
0.165206508135
0.165206508135
0.165206508135
0.165206508135
0.165206508135
0.165206508135
0.165206508135
0.165206508135
0.165206508135
0.165206508135
0.165206508135
0.165206508135
0.165206508135
0.165206508135
0.165206508135
0.165206508135
0.165206508135
0.165206508135
0.165206508135
0.165206508135
0.165206508135
0.165206508135
0.165206508135
0.165206508135
0.165206508135
0.165206508135
0.165206508135
0.165206508135
0.165206508135
0.165206508135
0.165206508135
0.165206508135
0.165206508135
0.165206508135
0.165206508135
0.165206508135
0.165206508135
0.165206508135
0.165206508135
0.165206508135
0.165206508135
0.165206508135
0.165206508135
0.165206508135
0.165206508135
0.165206508135
0.165206508135
0.165206508135
0.165206508135
0.165206508135
0.165206508135
0.165206508135
0.165206508135
0.165206508135
0.165206508135
0.165206508135
0.165206508135
0.165206508135
0.165206508135
0.165206508135
0.165206508135
0.165206508135
0.165206508135
0.165206508135
0.165206508135
0.165206508135
0.165206508135
0.165206508135
0.165206508135
0.165206508135
0.165206508135
0.165206508135
0.165206508135
0.165206508135
0.165206508135
0.165206508135
0.165206508135
0.165206508135
0.165206508135
0.165206508135
0.165206508135
0.165206508135
0.165206508135
0.165206508135
0.165206508135
0.165206508135
0.165206508135
0.165206508135
0.165206508135
0.165206508135
0.165206508135
0.165206508135
0.165206508135
0.165206508135
0.165206508135
0.165206508135
0.165206508135
0.165206508135
0.165206508135
0.165206508135
0.165206508135
0.165206508135
0.165206508135
0.165206508135
0.165206508135
0.165206508135
0.165206508135
0.165206508135
0.165206508135
0.165206508135
0.165206508135
0.165206508135
0.165206508135
0.165206508135
0.165206508135
0.165206508135
0.165206508135
0.165206508135
0.165206508135
0.165206508135
0.165206508135
0.165206508135
0.165206508135
0.165206508135
0.165206508135
0.165206508135
0.165206508135
0.165206508135
0.165206508135
0.165206508135
0.165206508135
0.165206508135
0.165206508135
0.165206508135
0.165206508135
0.165206508135
0.165206508135
0.165206508135
0.165206508135
0.165206508135
0.165206508135
0.165206508135
0.165206508135
0.165206508135
0.165206508135
0.165206508135
0.165206508135
0.165206508135
0.165206508135
0.165206508135
0.165206508135
0.165206508135
0.165206508135
0.165206508135
0.165206508135
0.165206508135
0.165206508135
0.165206508135
0.165206508135
0.165206508135
0.165206508135
0.165206508135
0.165206508135
0.165206508135
0.165206508135
0.165206508135
0.165206508135
0.165206508135
0.165206508135
0.165206508135
0.165206508135
0.165206508135
0.165206508135
0.165206508135
0.165206508135
0.165206508135
0.165206508135
0.165206508135
0.165206508135
0.165206508135
0.165206508135
0.165206508135
0.165206508135
0.165206508135
0.165206508135
0.165206508135
0.165206508135
0.165206508135
0.165206508135
0.165206508135
0.165206508135
0.165206508135
0.165206508135
0.165206508135
0.165206508135
0.165206508135
0.165206508135
0.165206508135
0.165206508135
0.165206508135
0.165206508135
0.165206508135
0.165206508135
0.165206508135
0.165206508135
0.165206508135
0.165206508135
0.165206508135
0.165206508135
0.165206508135
0.165206508135
0.165206508135
0.165206508135
0.165206508135
0.165206508135
0.165206508135
0.165206508135
0.165206508135
0.165206508135
0.165206508135
0.165206508135
0.165206508135
0.165206508135
0.165206508135
0.165206508135
0.165206508135
0.165206508135
0.165206508135
0.165206508135
0.165206508135
0.165206508135
0.165206508135
0.165206508135
0.165206508135
0.165206508135
0.165206508135
0.165206508135
0.165206508135
0.165206508135
0.165206508135
0.165206508135
0.165206508135
0.165206508135
0.165206508135
0.165206508135
0.165206508135
0.165206508135
0.165206508135
0.165206508135
0.165206508135
0.165206508135
0.165206508135
0.165206508135
0.165206508135
0.165206508135
0.165206508135
0.165206508135
0.165206508135
0.165206508135
0.165206508135
0.165206508135
0.165206508135
0.165206508135
0.165206508135
0.165206508135
0.165206508135
0.165206508135
0.165206508135
0.165206508135
0.165206508135
0.165206508135
0.165206508135
0.165206508135
0.165206508135
0.165206508135
0.165206508135
0.165206508135
0.165206508135
0.165206508135
0.165206508135
0.165206508135
0.165206508135
0.165206508135
0.165206508135
0.165206508135
0.165206508135
0.165206508135
0.165206508135
0.165206508135
0.165206508135
0.165206508135
0.165206508135
0.165206508135
0.165206508135
0.165206508135
0.165206508135
0.165206508135
0.165206508135
0.165206508135
0.165206508135
0.165206508135
0.165206508135
0.165206508135
0.165206508135
0.165206508135
0.165206508135
0.165206508135
0.165206508135
0.165206508135
0.165206508135
0.165206508135
0.165206508135
0.165206508135
0.165206508135
0.165206508135
0.165206508135
0.165206508135
0.165206508135
0.165206508135
0.165206508135
0.165206508135
0.165206508135
0.165206508135
0.165206508135
0.165206508135
0.165206508135
0.165206508135
0.165206508135
0.165206508135
0.165206508135
0.165206508135
0.165206508135
0.165206508135
0.165206508135
0.165206508135
0.165206508135
0.165206508135
0.165206508135
0.165206508135
0.165206508135
0.165206508135
0.165206508135
0.165206508135
0.165206508135
0.165206508135
0.165206508135
0.165206508135
0.165206508135
0.165206508135
0.165206508135
0.165206508135
0.165206508135
0.165206508135
0.165206508135
0.165206508135
0.165206508135
0.165206508135
0.165206508135
0.165206508135
0.165206508135
0.165206508135
0.165206508135
0.165206508135
0.165206508135
0.165206508135
0.165206508135
0.165206508135
0.165206508135
0.165206508135
0.165206508135
0.165206508135
0.165206508135
0.165206508135
0.165206508135
0.165206508135
0.165206508135
0.165206508135
0.165206508135
0.165206508135
0.165206508135
0.165206508135
0.165206508135
0.165206508135
0.165206508135
0.165206508135
0.165206508135
0.165206508135
0.165206508135
0.165206508135
0.165206508135
0.165206508135
0.165206508135
0.165206508135
0.165206508135
0.165206508135
0.165206508135
0.165206508135
0.165206508135
0.165206508135
0.165206508135
0.165206508135
0.165206508135
0.165206508135
0.165206508135
0.165206508135
0.165206508135
0.165206508135
0.165206508135
0.165206508135
0.165206508135
0.165206508135
0.165206508135
0.165206508135
0.165206508135
0.165206508135
0.165206508135
0.165206508135
0.165206508135
0.165206508135
0.165206508135
0.165206508135
0.165206508135
0.165206508135
0.165206508135
0.165206508135
0.165206508135
0.165206508135
0.165206508135
0.165206508135
0.165206508135
0.165206508135
0.165206508135
0.165206508135
0.165206508135
0.165206508135
0.165206508135
0.165206508135
0.165206508135
0.165206508135
0.165206508135
0.165206508135
0.165206508135
0.165206508135
0.165206508135
0.165206508135
0.165206508135
0.165206508135
0.165206508135
0.165206508135
0.165206508135
0.165206508135
0.165206508135
0.165206508135
0.165206508135
0.165206508135
0.165206508135
0.165206508135
0.165206508135
0.165206508135
0.165206508135
0.165206508135
0.165206508135
0.165206508135
0.165206508135
0.165206508135
0.165206508135
0.165206508135
0.165206508135
0.165206508135
0.165206508135
0.165206508135
0.165206508135
0.165206508135
0.165206508135
0.165206508135
0.165206508135
0.165206508135
0.165206508135
0.165206508135
0.165206508135
0.165206508135
0.165206508135
0.165206508135
0.165206508135
0.165206508135
0.165206508135
0.165206508135
0.165206508135
0.165206508135
0.165206508135
0.165206508135
0.165206508135
0.165206508135
0.165206508135
0.165206508135
0.165206508135
0.165206508135
0.165206508135
0.165206508135
0.165206508135
0.165206508135
0.165206508135
0.165206508135
0.165206508135
0.165206508135
0.165206508135
0.165206508135
0.165206508135
0.165206508135
0.165206508135
0.165206508135
0.165206508135
0.165206508135
0.165206508135
0.165206508135
0.165206508135
0.165206508135
0.165206508135
0.165206508135
0.165206508135
0.165206508135
0.165206508135
0.165206508135
0.165206508135
0.165206508135
0.165206508135
0.165206508135
0.165206508135
0.165206508135
0.165206508135
0.165206508135
0.165206508135
0.165206508135
0.165206508135
0.165206508135
0.165206508135
0.165206508135
0.165206508135
0.165206508135
0.165206508135
0.165206508135
0.165206508135
0.165206508135
0.165206508135
0.165206508135
0.165206508135
0.165206508135
0.165206508135
0.165206508135
0.165206508135
0.165206508135
0.165206508135
0.165206508135
0.165206508135
0.165206508135
0.165206508135
0.165206508135
0.165206508135
0.165206508135
0.165206508135
0.165206508135
0.165206508135
0.165206508135
0.165206508135
0.165206508135
0.165206508135
0.165206508135
0.165206508135
0.165206508135
0.165206508135
0.165206508135
0.165206508135
0.165206508135
0.165206508135
0.165206508135
0.165206508135
0.165206508135
0.165206508135
0.165206508135
0.165206508135
0.165206508135
0.165206508135
0.165206508135
0.165206508135
0.165206508135
0.165206508135
0.165206508135
0.165206508135
0.165206508135
0.165206508135
0.165206508135
0.165206508135
0.165206508135
0.165206508135
0.165206508135
0.165206508135
0.165206508135
0.165206508135
0.165206508135
0.165206508135
0.165206508135
0.165206508135
0.165206508135
0.165206508135
0.165206508135
0.165206508135
0.165206508135
0.165206508135
0.165206508135
0.165206508135
0.165206508135
0.165206508135
0.165206508135
0.165206508135
0.165206508135
0.165206508135
0.165206508135
0.165206508135
0.165206508135
0.165206508135
0.165206508135
0.165206508135
0.165206508135
0.165206508135
0.165206508135
0.165206508135
0.165206508135
0.165206508135
0.165206508135
0.165206508135
0.165206508135
0.165206508135
0.165206508135
0.165206508135
0.165206508135
0.165206508135
0.165206508135
0.165206508135
0.165206508135
0.165206508135
0.165206508135
0.165206508135
0.165206508135
0.165206508135
0.165206508135
0.165206508135
0.165206508135
0.165206508135
0.165206508135
0.165206508135
0.165206508135
0.165206508135
0.165206508135
0.165206508135
0.165206508135
0.165206508135
0.165206508135
0.165206508135
0.165206508135
0.165206508135
0.165206508135
0.165206508135
0.165206508135
0.165206508135
0.165206508135
0.165206508135
0.165206508135
0.165206508135
0.165206508135
0.165206508135
0.165206508135
0.165206508135
0.165206508135
0.165206508135
0.165206508135
0.165206508135
0.165206508135
0.165206508135
0.165206508135
0.165206508135
0.165206508135
0.165206508135
0.165206508135
0.165206508135
0.165206508135
0.165206508135
0.165206508135
0.165206508135
0.165206508135
0.165206508135
0.165206508135
0.165206508135
0.165206508135
0.165206508135
0.165206508135
0.165206508135
0.165206508135
0.165206508135
0.165206508135
0.165206508135
0.165206508135
0.165206508135
0.165206508135
0.165206508135
0.165206508135
0.165206508135
0.165206508135
0.165206508135
0.165206508135
0.165206508135
0.165206508135
0.165206508135
0.165206508135
0.165206508135
0.165206508135
0.165206508135
0.165206508135
0.165206508135
0.165206508135
0.165206508135
0.165206508135
0.165206508135
0.165206508135
0.165206508135
0.165206508135
0.165206508135
0.165206508135
0.165206508135
0.165206508135
0.165206508135
0.165206508135
0.165206508135
0.165206508135
0.165206508135
0.165206508135
0.165206508135
0.165206508135
0.165206508135
0.165206508135
0.165206508135
0.165206508135
0.165206508135
0.165206508135
0.165206508135
0.165206508135
0.165206508135
0.165206508135
0.165206508135
0.165206508135
0.165206508135
0.165206508135
0.165206508135
0.165206508135
0.165206508135
0.165206508135
0.165206508135
0.165206508135
0.165206508135
0.165206508135
0.165206508135
0.165206508135
0.165206508135
0.165206508135
0.165206508135
0.165206508135
0.165206508135
0.165206508135
0.165206508135
0.165206508135
0.165206508135
0.165206508135
0.165206508135
0.165206508135
0.165206508135
0.165206508135
0.165206508135
0.165206508135
0.165206508135
0.165206508135
0.165206508135
0.165206508135
0.165206508135
0.165206508135
0.165206508135
0.165206508135
0.165206508135
0.165206508135
0.165206508135
0.165206508135
0.165206508135
0.165206508135
0.165206508135
0.165206508135
0.165206508135
0.165206508135
0.165206508135
0.165206508135
0.165206508135
0.165206508135
0.165206508135
0.165206508135
0.165206508135
0.165206508135
0.165206508135
0.165206508135
0.165206508135
0.165206508135
0.165206508135
0.165206508135
0.165206508135
0.165206508135
0.165206508135
0.165206508135
0.165206508135
0.165206508135
0.165206508135
0.165206508135
0.165206508135
0.165206508135
0.165206508135
0.165206508135
0.165206508135
0.165206508135
0.165206508135
0.165206508135
0.165206508135
0.165206508135
0.165206508135
0.165206508135
0.165206508135
0.165206508135
0.165206508135
0.165206508135
0.165206508135
0.165206508135
0.165206508135
0.165206508135
0.165206508135
0.165206508135
0.165206508135
0.165206508135
0.165206508135
0.165206508135
0.165206508135
0.165206508135
0.165206508135
0.165206508135
0.165206508135
0.165206508135
0.165206508135
0.165206508135
0.165206508135
0.165206508135
0.165206508135
0.165206508135
0.165206508135
0.165206508135
0.165206508135
0.165206508135
0.165206508135
0.165206508135
0.165206508135
0.165206508135
0.165206508135
0.165206508135
0.165206508135
0.165206508135
0.165206508135
0.165206508135
0.165206508135
0.165206508135
0.165206508135
0.165206508135
0.165206508135
0.165206508135
0.165206508135
0.165206508135
0.165206508135
0.165206508135
0.165206508135
0.165206508135
0.165206508135
0.165206508135
0.165206508135
0.165206508135
0.165206508135
0.165206508135
0.165206508135
0.165206508135
0.165206508135
0.165206508135
0.165206508135
0.165206508135
0.165206508135
0.165206508135
0.165206508135
0.165206508135
0.165206508135
0.165206508135
0.165206508135
0.165206508135
0.165206508135
0.165206508135
0.165206508135
0.165206508135
0.165206508135
0.165206508135
0.165206508135
0.165206508135
0.165206508135
0.165206508135
0.165206508135
0.165206508135
0.165206508135
0.165206508135
0.165206508135
0.165206508135
0.165206508135
0.165206508135
0.165206508135
0.165206508135
0.165206508135
0.165206508135
0.165206508135
0.165206508135
0.165206508135
0.165206508135
0.165206508135
0.165206508135
0.165206508135
0.165206508135
0.165206508135
0.165206508135
0.165206508135
0.165206508135
0.165206508135
0.165206508135
0.165206508135
0.165206508135
0.165206508135
0.165206508135
0.165206508135
0.165206508135
0.165206508135
0.165206508135
0.165206508135
0.165206508135
0.165206508135
0.165206508135
0.165206508135
0.165206508135
0.165206508135
0.165206508135
0.165206508135
0.165206508135
0.165206508135
0.165206508135
0.165206508135
0.165206508135
0.165206508135
0.165206508135
0.165206508135
0.165206508135
0.165206508135
0.165206508135
0.165206508135
0.165206508135
0.165206508135
0.165206508135
0.165206508135
0.165206508135
0.165206508135
0.165206508135
0.165206508135
0.165206508135
0.165206508135
0.165206508135
0.165206508135
0.165206508135
0.165206508135
0.165206508135
0.165206508135
0.165206508135
0.165206508135
0.165206508135
0.165206508135
0.165206508135
0.165206508135
0.165206508135
0.165206508135
0.165206508135
0.165206508135
0.165206508135
0.165206508135
0.165206508135
0.165206508135
0.165206508135
0.165206508135
0.165206508135
0.165206508135
0.165206508135
0.165206508135
0.165206508135
0.165206508135
0.165206508135
0.165206508135
0.165206508135
0.165206508135
0.165206508135
0.165206508135
0.165206508135
0.165206508135
0.165206508135
0.165206508135
0.165206508135
0.165206508135
0.165206508135
0.165206508135
0.165206508135
0.165206508135
0.165206508135
0.165206508135
0.165206508135
0.165206508135
0.165206508135
0.165206508135
0.165206508135
0.165206508135
0.165206508135
0.165206508135
0.165206508135
0.165206508135
0.165206508135
0.165206508135
0.165206508135
0.165206508135
0.165206508135
0.165206508135
0.165206508135
0.165206508135
0.165206508135
0.165206508135
0.165206508135
0.165206508135
0.165206508135
0.165206508135
0.165206508135
0.165206508135
0.165206508135
0.165206508135
0.165206508135
0.165206508135
0.165206508135
0.165206508135
0.165206508135
0.165206508135
0.165206508135
0.165206508135
0.165206508135
0.165206508135
0.165206508135
0.165206508135
0.165206508135
0.165206508135
0.165206508135
0.165206508135
0.165206508135
0.165206508135
0.165206508135
0.165206508135
0.165206508135
0.165206508135
0.165206508135
0.165206508135
0.165206508135
0.165206508135
0.165206508135
0.165206508135
0.165206508135
0.165206508135
0.165206508135
0.165206508135
0.165206508135
0.165206508135
0.165206508135
0.165206508135
0.165206508135
0.165206508135
0.165206508135
0.165206508135
0.165206508135
0.165206508135
0.165206508135
0.165206508135
0.165206508135
0.165206508135
0.165206508135
0.165206508135
0.165206508135
0.165206508135
0.165206508135
0.165206508135
0.165206508135
0.165206508135
0.165206508135
0.165206508135
0.165206508135
0.165206508135
0.165206508135
0.165206508135
0.165206508135
0.165206508135
0.165206508135
0.165206508135
0.165206508135
0.165206508135
0.165206508135
0.165206508135
0.165206508135
0.165206508135
0.165206508135
0.165206508135
0.165206508135
0.165206508135
0.165206508135
0.165206508135
0.165206508135
0.165206508135
0.165206508135
0.165206508135
0.165206508135
0.165206508135
0.165206508135
0.165206508135
0.165206508135
0.165206508135
0.165206508135
0.165206508135
0.165206508135
0.165206508135
0.165206508135
0.165206508135
0.165206508135
0.165206508135
0.165206508135
0.165206508135
0.165206508135
0.165206508135
0.165206508135
0.165206508135
0.165206508135
0.165206508135
0.165206508135
0.165206508135
0.165206508135
0.165206508135
0.165206508135
0.165206508135
0.165206508135
0.165206508135
0.165206508135
0.165206508135
0.165206508135
0.165206508135
0.165206508135
0.165206508135
0.165206508135
0.165206508135
0.165206508135
0.165206508135
0.165206508135
0.165206508135
0.165206508135
0.165206508135
0.165206508135
0.165206508135
0.165206508135
0.165206508135
0.165206508135
0.165206508135
0.165206508135
0.165206508135
0.165206508135
0.165206508135
0.165206508135
0.165206508135
0.165206508135
0.165206508135
0.165206508135
0.165206508135
0.165206508135
0.165206508135
0.165206508135
0.165206508135
0.165206508135
0.165206508135
0.165206508135
0.165206508135
0.165206508135
0.165206508135
0.165206508135
0.165206508135
0.165206508135
0.165206508135
0.165206508135
0.165206508135
0.165206508135
0.165206508135
0.165206508135
0.165206508135
0.165206508135
0.165206508135
0.165206508135
0.165206508135
0.165206508135
0.165206508135
0.165206508135
0.165206508135
0.165206508135
0.165206508135
0.165206508135
0.165206508135
0.165206508135
0.165206508135
0.165206508135
0.165206508135
0.165206508135
0.165206508135
0.165206508135
0.165206508135
0.165206508135
0.165206508135
0.165206508135
0.165206508135
0.165206508135
0.165206508135
0.165206508135
0.165206508135
0.165206508135
0.165206508135
0.165206508135
0.165206508135
0.165206508135
0.165206508135
0.165206508135
0.165206508135
0.165206508135
0.165206508135
0.165206508135
0.165206508135
0.165206508135
0.165206508135
0.165206508135
0.165206508135
0.165206508135
0.165206508135
0.165206508135
0.165206508135
0.165206508135
0.165206508135
0.165206508135
0.165206508135
0.165206508135
0.165206508135
0.165206508135
0.165206508135
0.165206508135
0.165206508135
0.165206508135
0.165206508135
0.165206508135
0.165206508135
0.165206508135
0.165206508135
0.165206508135
0.165206508135
0.165206508135
0.165206508135
0.165206508135
0.165206508135
0.165206508135
0.165206508135
0.165206508135
0.165206508135
0.165206508135
0.165206508135
0.165206508135
0.165206508135
0.165206508135
0.165206508135
0.165206508135
0.165206508135
0.165206508135
0.165206508135
0.165206508135
0.165206508135
0.165206508135
