0.072186836518
0.073248407643
0.072717622081
0.069532908705
0.069002123142
0.068471337580
0.069002123142
0.069532908705
0.069002123142
0.069002123142
0.069002123142
0.069002123142
0.069002123142
0.069002123142
0.069002123142
0.069002123142
0.068471337580
0.069002123142
0.070594479830
0.076963906582
0.088110403397
0.107218683652
0.135350318471
0.150743099788
0.168789808917
0.175690021231
0.180467091295
0.190021231423
0.186305732484
0.189490445860
0.194267515924
0.194798301486
0.202229299363
0.210721868365
0.219214437367
0.221337579618
0.224522292994
0.228237791932
0.232484076433
0.234607218684
0.235138004246
0.230360934183
0.234607218684
0.228768577495
0.219745222930
0.216560509554
0.214437367304
0.215498938429
0.215498938429
0.214437367304
0.215498938429
0.217091295117
0.225053078556
0.226114649682
0.228768577495
0.233545647558
0.240445859873
0.239384288747
0.243099787686
0.242038216561
0.241507430998
0.242038216561
0.241507430998
0.235668789809
0.245753715499
0.243630573248
0.246284501062
0.243630573248
0.247346072187
0.253715498938
0.253184713376
0.261146496815
0.263269639066
0.264331210191
0.217622080679
0.231953290870
0.231422505308
0.199575371550
0.186305732484
0.286624203822
0.278662420382
0.262738853503
0.268046709130
0.273885350318
0.276539278132
0.278131634820
0.273885350318
0.272292993631
0.271762208068
0.265923566879
0.265392781316
0.263269639066
0.266985138004
0.267515923567
0.269108280255
0.267515923567
0.266454352442
0.265392781316
0.265923566879
0.266985138004
0.267515923567
0.273885350318
0.272823779193
0.278662420382
0.286624203822
0.287154989384
0.291932059448
0.290339702760
0.290870488323
0.290870488323
0.295647558386
0.300955414013
0.306794055202
0.308386411890
0.309978768577
0.315817409766
0.319002123142
0.322186836518
0.322717622081
0.328556263270
0.324840764331
0.339171974522
0.306263269639
0.300955414013
0.116242038217
0.185774946921
0.315817409766
0.307324840764
0.286624203822
0.234607218684
0.210721868365
0.205414012739
0.205414012739
0.203821656051
0.191613588110
0.186305732484
0.175690021231
0.169851380042
0.165605095541
0.157643312102
0.147027600849
0.142781316348
0.151804670913
0.170912951168
0.192675159236
0.207006369427
0.209660297240
0.215498938429
0.216560509554
0.219745222930
0.219214437367
0.223991507431
0.231953290870
0.235668789809
0.234607218684
0.237261146497
0.236730360934
0.240445859873
0.226114649682
0.217622080679
0.218152866242
0.213375796178
0.213375796178
0.214437367304
0.220276008493
0.229830148620
0.231953290870
0.232484076433
0.231422505308
0.234607218684
0.237261146497
0.239384288747
0.237791932059
0.248938428875
0.252653927813
0.252653927813
0.255307855626
0.255838641189
0.250000000000
0.255838641189
0.257430997877
0.260084925690
0.259023354565
0.257961783439
0.268577494692
0.272292993631
0.275477707006
0.278662420382
0.282377919321
0.280785562633
0.287685774947
0.292462845011
0.295647558386
0.299893842887
0.298832271762
0.296709129512
0.243099787686
0.225583864119
0.197452229299
0.213375796178
0.229299363057
0.227176220807
0.220276008493
0.216560509554
0.210721868365
0.204352441614
0.197452229299
0.198513800425
0.193205944798
0.196390658174
0.208598726115
0.208598726115
0.226645435244
0.244161358811
0.243099787686
0.248407643312
0.254777070064
0.263269639066
0.263269639066
0.263269639066
0.273885350318
0.298832271762
0.306263269639
0.311040339703
0.315286624204
0.319532908705
0.318471337580
0.315286624204
0.317940552017
0.319002123142
0.321656050955
0.322186836518
0.324309978769
0.334925690021
0.339171974522
0.343418259023
0.339702760085
0.337579617834
0.338641188960
0.335456475584
0.330679405520
0.324840764331
0.324309978769
0.326433121019
0.327494692144
0.331740976645
0.334925690021
0.338110403397
0.341295116773
0.341825902335
0.343418259023
0.348726114650
0.347664543524
0.347664543524
0.347133757962
0.348195329087
0.348726114650
0.347664543524
0.346072186837
0.350849256900
0.349256900212
0.350849256900
0.351910828025
0.356687898089
0.356157112527
0.354564755839
0.355626326964
0.359872611465
0.361995753715
0.363057324841
0.365711252654
0.366242038217
0.365180467091
0.360934182590
0.362526539278
0.363057324841
0.365180467091
0.368365180467
0.365711252654
0.367303609342
0.371549893843
0.374203821656
0.380042462845
0.377388535032
0.381104033970
0.374734607219
0.386411889597
0.354033970276
0.341295116773
0.255307855626
0.217622080679
0.321125265393
0.343949044586
0.320594479830
0.284501061571
0.280254777070
0.289278131635
0.285562632696
0.292462845011
0.295116772824
0.288216560510
0.285031847134
0.289278131635
0.308386411890
0.334925690021
0.367303609342
0.374734607219
0.378980891720
0.378980891720
0.382696390658
0.375796178344
0.364649681529
0.349787685775
0.345541401274
0.344479830149
0.337048832272
0.330679405520
0.323779193206
0.322186836518
0.319002123142
0.317409766454
0.315286624204
0.313694267516
0.318471337580
0.322717622081
0.329087048832
0.342356687898
0.350849256900
0.360403397028
0.362526539278
0.370488322718
0.371549893843
0.377388535032
0.380042462845
0.380042462845
0.381634819533
0.386411889597
0.388535031847
0.388535031847
0.388535031847
0.383757961783
0.380573248408
0.379511677282
0.374734607219
0.376857749469
0.376326963907
0.376857749469
0.373673036093
0.377388535032
0.378980891720
0.384288747346
0.390658174098
0.397558386412
0.403397027601
0.406050955414
0.410297239915
0.416135881104
0.418789808917
0.423566878981
0.418789808917
0.425159235669
0.416666666667
0.432059447983
0.400743099788
0.418789808917
0.286624203822
0.350318471338
0.378980891720
0.380042462845
0.381104033970
0.391188959660
0.395966029724
0.393842887473
0.394373673036
0.390658174098
0.394904458599
0.401273885350
0.405520169851
0.413481953291
0.419851380042
0.428343949045
0.429936305732
0.435774946921
0.432059447983
0.432059447983
0.432059447983
0.428874734607
0.427282377919
0.426751592357
0.426751592357
0.421443736730
0.422505307856
0.423036093418
0.426751592357
0.428343949045
0.432590233546
0.432059447983
0.432590233546
0.436305732484
0.437898089172
0.442144373673
0.440552016985
0.440021231423
0.437898089172
0.436836518047
0.437367303609
0.433121019108
0.441082802548
0.372080679406
0.254777070064
0.297239915074
0.297770700637
0.307324840764
0.314225053079
0.318471337580
0.339702760085
0.356157112527
0.369957537155
0.385881104034
0.385350318471
0.388004246285
0.383227176221
0.388004246285
0.381104033970
0.380042462845
0.382696390658
0.388535031847
0.393842887473
0.400743099788
0.406050955414
0.416135881104
0.418259023355
0.402866242038
0.406050955414
0.400212314225
0.398089171975
0.392250530786
0.393842887473
0.392250530786
0.396496815287
0.398089171975
0.404989384289
0.403397027601
0.412420382166
0.412420382166
0.414012738854
0.415605095541
0.419851380042
0.426220806794
0.432590233546
0.429936305732
0.436836518047
0.438428874735
0.440021231423
0.437898089172
0.440021231423
0.439490445860
0.439490445860
0.438959660297
0.442675159236
0.443736730361
0.447983014862
0.450106157113
0.450636942675
0.453821656051
0.456475583864
0.459129511677
0.458598726115
0.459660297240
0.459129511677
0.460721868365
0.456475583864
0.457537154989
0.463375796178
0.470276008493
0.477176220807
0.476645435244
0.472399150743
0.473460721868
0.470276008493
0.466560509554
0.467622080679
0.485668789809
0.404458598726
0.417197452229
0.243630573248
0.265392781316
0.257961783439
0.325902335456
0.340233545648
0.349256900212
0.368895966030
0.391188959660
0.397027600849
0.394373673036
0.376326963907
0.358811040340
0.347664543524
0.339171974522
0.334394904459
0.340764331210
0.351910828025
0.357749469214
0.359341825902
0.369426751592
0.382696390658
0.386942675159
0.392250530786
0.392250530786
0.399681528662
0.394904458599
0.383757961783
0.390658174098
0.397027600849
0.393842887473
0.391719745223
0.392250530786
0.394373673036
0.397558386412
0.398089171975
0.397558386412
0.399150743100
0.402335456476
0.408704883227
0.416135881104
0.421443736730
0.424097664544
0.423566878981
0.427282377919
0.433651804671
0.433651804671
0.435774946921
0.436836518047
0.437898089172
0.439490445860
0.434182590234
0.433651804671
0.429936305732
0.430997876858
0.433121019108
0.431528662420
0.432590233546
0.434182590234
0.433651804671
0.438428874735
0.438959660297
0.443736730361
0.446390658174
0.446921443737
0.418789808917
0.360934182590
0.275477707006
0.290870488323
0.313694267516
0.306794055202
0.299363057325
0.307324840764
0.325371549894
0.336518046709
0.318471337580
0.308917197452
0.312101910828
0.308917197452
0.317409766454
0.337048832272
0.354033970276
0.377388535032
0.403397027601
0.418789808917
0.427282377919
0.434713375796
0.440021231423
0.436836518047
0.432059447983
0.433121019108
0.430467091295
0.423566878981
0.416666666667
0.417728237792
0.408174097665
0.399681528662
0.394373673036
0.402866242038
0.411358811040
0.418789808917
0.426751592357
0.430467091295
0.438959660297
0.445859872611
0.446921443737
0.452229299363
0.457537154989
0.458067940552
0.460191082803
0.459660297240
0.466029723992
0.469214437367
0.469214437367
0.473991507431
0.475053078556
0.480891719745
0.485668789809
0.488853503185
0.492038216561
0.492569002123
0.494692144374
0.493630573248
0.491507430998
0.492569002123
0.494692144374
0.498407643312
0.500530785563
0.504777070064
0.497876857749
0.497876857749
0.446390658174
0.483014861996
0.503184713376
0.510615711253
0.511677282378
0.505838641189
0.513800424628
0.514861995754
0.510615711253
0.515392781316
0.507430997877
0.505838641189
0.507430997877
0.510084925690
0.510615711253
0.516985138004
0.515923566879
0.515923566879
0.518577494692
0.519108280255
0.524416135881
0.526008492569
0.530254777070
0.533970276008
0.538747346072
0.542462845011
0.541401273885
0.545647558386
0.546178343949
0.545647558386
0.540870488323
0.544055201699
0.520169851380
0.505838641189
0.506900212314
0.529723991507
0.552547770701
0.549363057325
0.553078556263
0.547770700637
0.553078556263
0.551486199575
0.557324840764
0.550424628450
0.563694267516
0.556794055202
0.567940552017
0.556794055202
0.563163481953
0.546178343949
0.562101910828
0.529723991507
0.541932059448
0.506369426752
0.531847133758
0.510084925690
0.565286624204
0.546709129512
0.557855626327
0.563694267516
0.531316348195
0.550955414013
0.493099787686
0.552547770701
0.548301486200
0.569532908705
0.566348195329
0.576433121019
0.575371549894
0.580148619958
0.579617834395
0.579617834395
0.583333333333
0.589171974522
0.583864118896
0.584925690021
0.588641188960
0.578556263270
0.586518046709
0.566878980892
0.570063694268
0.527600849257
0.548832271762
0.518577494692
0.542993630573
0.555201698514
0.574840764331
0.580148619958
0.586518046709
0.587579617834
0.587048832272
0.591295116773
0.588110403397
0.592887473461
0.587579617834
0.589702760085
0.572186836518
0.585987261146
0.557324840764
0.579087048832
0.555201698514
0.579087048832
0.576963906582
0.566878980892
0.597133757962
0.561571125265
0.597133757962
0.568471337580
0.608811040340
0.590764331210
0.612526539278
0.598726114650
0.617834394904
0.605095541401
0.618365180467
0.614118895966
0.621019108280
0.617303609342
0.627388535032
0.622611464968
0.631104033970
0.627388535032
0.628980891720
0.626326963907
0.628450106157
0.607218683652
0.618365180467
0.488322717622
0.570594479830
0.504246284501
0.616242038217
0.607749469214
0.607749469214
0.605095541401
0.596602972399
0.623673036093
0.625796178344
0.624203821656
0.633757961783
0.625796178344
0.633227176221
0.624734607219
0.635350318471
0.625265392781
0.635350318471
0.616772823779
0.639596602972
0.607749469214
0.620488322718
0.553609341826
0.585456475584
0.548832271762
0.623142250531
0.620488322718
0.642250530786
0.637473460722
0.643312101911
0.635881104034
0.649150743100
0.638535031847
0.638535031847
0.643312101911
0.630573248408
0.638004246285
0.624734607219
0.633227176221
0.619426751592
0.645435244161
0.627388535032
0.657112526539
0.633227176221
0.660828025478
0.633227176221
0.666135881104
0.628450106157
0.670382165605
0.631104033970
0.670912951168
0.627388535032
0.671974522293
0.624734607219
0.673566878981
0.631634819533
0.673036093418
0.636942675159
0.667197452229
0.641719745223
0.656581740977
0.634819532909
0.651804670913
0.626326963907
0.642250530786
0.618365180467
0.624203821656
0.587048832272
0.549893842887
0.556794055202
0.650212314225
0.645435244161
0.651804670913
0.663481953291
0.663481953291
0.662420382166
0.662951167728
0.666666666667
0.667728237792
0.668789808917
0.668789808917
0.670382165605
0.674628450106
0.673566878981
0.673036093418
0.671974522293
0.671974522293
0.675690021231
0.674628450106
0.674628450106
0.669320594480
0.682590233546
0.622080679406
0.615180467091
0.455944798301
0.475583864119
0.399681528662
0.387473460722
0.526539278132
0.588110403397
0.587579617834
0.589702760085
0.597133757962
0.605626326964
0.608280254777
0.602441613588
0.583333333333
0.578025477707
0.571656050955
0.576433121019
0.578025477707
0.589702760085
0.604033970276
0.604564755839
0.601910828025
0.598726114650
0.594479830149
0.604033970276
0.605626326964
0.604033970276
0.604564755839
0.604033970276
0.604033970276
0.611995753715
0.610934182590
0.617834394904
0.617303609342
0.619957537155
0.622080679406
0.621549893843
0.624203821656
0.621549893843
0.621019108280
0.621549893843
0.626326963907
0.628980891720
0.633757961783
0.636411889597
0.630042462845
0.633757961783
0.633757961783
0.638004246285
0.636411889597
0.644904458599
0.630573248408
0.652866242038
0.585456475584
0.565817409766
0.386942675159
0.507430997877
0.566348195329
0.634819532909
0.654458598726
0.656581740977
0.654458598726
0.652866242038
0.656581740977
0.661889596603
0.660297239915
0.661889596603
0.657112526539
0.662951167728
0.657112526539
0.652335456476
0.659235668790
0.656050955414
0.657112526539
0.656581740977
0.659766454352
0.662951167728
0.662420382166
0.663481953291
0.659766454352
0.658704883227
0.659766454352
0.661889596603
0.659235668790
0.661358811040
0.659235668790
0.660828025478
0.663481953291
0.658704883227
0.657112526539
0.655520169851
0.657643312102
0.656581740977
0.663481953291
0.659766454352
0.672505307856
0.651804670913
0.667197452229
0.616772823779
0.628980891720
0.570063694268
0.662951167728
0.649150743100
0.668259023355
0.662420382166
0.679405520170
0.670912951168
0.675159235669
0.672505307856
0.677282377919
0.677813163482
0.678343949045
0.674097664544
0.677813163482
0.677282377919
0.683651804671
0.685244161359
0.685774946921
0.688428874735
0.691082802548
0.680467091295
0.687898089172
0.652335456476
0.673566878981
0.574840764331
0.666135881104
0.628980891720
0.673036093418
0.652866242038
0.675690021231
0.665605095541
0.681528662420
0.674628450106
0.683651804671
0.682059447983
0.683651804671
0.688959660297
0.689490445860
0.694798301486
0.691082802548
0.696390658174
0.691613588110
0.697452229299
0.690552016985
0.697983014862
0.681528662420
0.684713375796
0.607218683652
0.625796178344
0.532377919321
0.685244161359
0.699575371550
0.691082802548
0.692675159236
0.693205944798
0.693736730361
0.695329087049
0.695329087049
0.698513800425
0.695859872611
0.696390658174
0.699575371550
0.702760084926
0.705944798301
0.706475583864
0.709660297240
0.709660297240
0.709660297240
0.713906581741
0.716560509554
0.717091295117
0.720806794055
0.719745222930
0.719214437367
0.720276008493
0.722399150743
0.720806794055
0.721337579618
0.724522292994
0.722929936306
0.721868365180
0.726114649682
0.722399150743
0.726645435244
0.710191082803
0.688959660297
0.636411889597
0.622611464968
0.606157112527
0.635881104034
0.549363057325
0.591295116773
0.665074309979
0.691613588110
0.696390658174
0.692675159236
0.696921443737
0.704883227176
0.707537154989
0.705414012739
0.707537154989
0.709660297240
0.712845010616
0.716029723992
0.712845010616
0.709660297240
0.708598726115
0.704883227176
0.707537154989
0.705414012739
0.708598726115
0.705944798301
0.705944798301
0.704883227176
0.704352441614
0.708067940552
0.709129511677
0.711252653928
0.717091295117
0.716560509554
0.721868365180
0.704352441614
0.710191082803
0.611464968153
0.595541401274
0.472399150743
0.597664543524
0.641188959660
0.687367303609
0.703821656051
0.712845010616
0.709660297240
0.709129511677
0.705414012739
0.704883227176
0.702760084926
0.701167728238
0.706475583864
0.702229299363
0.702760084926
0.705414012739
0.707537154989
0.709129511677
0.712845010616
0.716029723992
0.715498938429
0.719745222930
0.720806794055
0.720806794055
0.718683651805
0.717622080679
0.718683651805
0.720276008493
0.720806794055
0.723991507431
0.725053078556
0.723991507431
0.723991507431
0.720276008493
0.705414012739
0.678874734607
0.569002123142
0.576963906582
0.553609341826
0.652866242038
0.678874734607
0.716029723992
0.701698513800
0.688959660297
0.690021231423
0.696390658174
0.703290870488
0.711783439490
0.707006369427
0.706475583864
0.711252653928
0.707006369427
0.715498938429
0.717622080679
0.717622080679
0.718152866242
0.718152866242
0.722929936306
0.720806794055
0.718152866242
0.720276008493
0.720806794055
0.721337579618
0.717091295117
0.718152866242
0.719745222930
0.716029723992
0.716560509554
0.717622080679
0.722929936306
0.718152866242
0.726645435244
0.720276008493
0.726114649682
0.701698513800
0.683121019108
0.614649681529
0.560509554140
0.591295116773
0.434713375796
0.562632696391
0.600318471338
0.670912951168
0.697452229299
0.680467091295
0.665074309979
0.651804670913
0.650743099788
0.657643312102
0.666666666667
0.672505307856
0.681528662420
0.688428874735
0.692675159236
0.695859872611
0.696390658174
0.693205944798
0.689490445860
0.688428874735
0.691082802548
0.686836518047
0.687367303609
0.685244161359
0.688959660297
0.693205944798
0.692675159236
0.696921443737
0.700636942675
0.714968152866
0.717091295117
0.716029723992
0.716560509554
0.716560509554
0.718152866242
0.721337579618
0.719745222930
0.716029723992
0.713375796178
0.713906581741
0.713906581741
0.713906581741
0.714437367304
0.711252653928
0.710191082803
0.711252653928
0.711252653928
0.713375796178
0.716560509554
0.715498938429
0.718152866242
0.721868365180
0.719745222930
0.707537154989
0.671443736730
0.562101910828
0.523885350318
0.469214437367
0.614118895966
0.607218683652
0.615711252654
0.636411889597
0.666135881104
0.688428874735
0.698513800425
0.695859872611
0.686305732484
0.683651804671
0.680467091295
0.683121019108
0.690552016985
0.696921443737
0.696921443737
0.697452229299
0.700106157113
0.700636942675
0.705414012739
0.704352441614
0.703821656051
0.697452229299
0.709660297240
0.701167728238
0.709660297240
0.697983014862
0.709129511677
0.701698513800
0.711783439490
0.707006369427
0.718683651805
0.712314225053
0.722399150743
0.713906581741
0.721868365180
0.717091295117
0.722929936306
0.707537154989
0.720276008493
0.690552016985
0.722399150743
0.693736730361
0.723460721868
0.713906581741
0.728237791932
0.723991507431
0.728768577495
0.729830148620
0.736199575372
0.730891719745
0.737261146497
0.735138004246
0.735138004246
0.713375796178
0.705414012739
0.592356687898
0.676751592357
0.633227176221
0.733014861996
0.733545647558
0.740445859873
0.740445859873
0.738853503185
0.739384288747
0.741507430998
0.734076433121
0.735668789809
0.735138004246
0.736199575372
0.739384288747
0.739915074310
0.736199575372
0.740445859873
0.739384288747
0.739915074310
0.718152866242
0.722399150743
0.619957537155
0.674628450106
0.683121019108
0.728237791932
0.759023354565
0.756369426752
0.761146496815
0.756369426752
0.755307855626
0.754246284501
0.750530785563
0.754246284501
0.750000000000
0.751592356688
0.751592356688
0.752123142251
0.752123142251
0.751592356688
0.751592356688
0.748938428875
0.747346072187
0.747346072187
0.752123142251
0.756369426752
0.757430997877
0.756369426752
0.759023354565
0.760084925690
0.760084925690
0.764861995754
0.766454352442
0.765923566879
0.768577494692
0.768046709130
0.771762208068
0.767515923567
0.772823779193
0.753184713376
0.753715498938
0.684713375796
0.656581740977
0.668789808917
0.721868365180
0.758492569002
0.753184713376
0.766454352442
0.759023354565
0.767515923567
0.759554140127
0.772292993631
0.762738853503
0.772823779193
0.756369426752
0.772292993631
0.761146496815
0.771231422505
0.757961783439
0.770169851380
0.752653927813
0.765923566879
0.748938428875
0.757430997877
0.731422505308
0.737261146497
0.710721868365
0.729830148620
0.721337579618
0.757430997877
0.755307855626
0.765923566879
0.766985138004
0.765923566879
0.768046709130
0.761677282378
0.767515923567
0.761677282378
0.765923566879
0.760615711253
0.758492569002
0.754246284501
0.759023354565
0.754246284501
0.762208067941
0.757430997877
0.772823779193
0.758492569002
0.780785562633
0.748407643312
0.769108280255
0.707537154989
0.744161358811
0.662420382166
0.753715498938
0.758492569002
0.788747346072
0.789278131635
0.791932059448
0.792462845011
0.796178343949
0.794055201699
0.794055201699
0.795116772824
0.794585987261
0.795647558386
0.794055201699
0.795116772824
0.795647558386
0.795647558386
0.796709129512
0.798301486200
0.803609341826
0.804140127389
0.808386411890
0.803609341826
0.809447983015
0.799363057325
0.799363057325
0.784501061571
0.735668789809
0.666666666667
0.582271762208
0.684713375796
0.694267515924
0.725583864119
0.770700636943
0.779193205945
0.792993630573
0.778662420382
0.779193205945
0.775477707006
0.778662420382
0.780254777070
0.778662420382
0.778131634820
0.782377919321
0.787154989384
0.788747346072
0.791401273885
0.790870488323
0.789808917197
0.789808917197
0.791401273885
0.791932059448
0.794055201699
0.794055201699
0.793524416136
0.790870488323
0.790870488323
0.788747346072
0.794055201699
0.779723991507
0.760084925690
0.593418259023
0.418789808917
0.248407643312
0.208598726115
0.196921443737
0.108280254777
0.126326963907
0.138004246285
0.136411889597
0.148089171975
0.148619957537
0.142250530786
0.121549893843
0.114649681529
0.118365180467
0.122080679406
0.131104033970
0.127388535032
0.128450106157
0.130573248408
0.126326963907
0.102972399151
0.081210191083
0.108280254777
0.113057324841
0.123673036093
0.115711252654
0.106157112527
0.121019108280
0.131634819533
0.136942675159
0.129511677282
0.104564755839
0.132165605096
0.061040339703
0.075371549894
0.083864118896
0.081740976645
0.084925690021
0.083864118896
0.083333333333
0.075371549894
0.075371549894
0.059447983015
0.118895966030
0.101380042463
0.063163481953
0.116242038217
0.076963906582
0.096602972399
0.124734607219
0.113588110403
0.136411889597
0.132696390658
0.116772823779
0.116772823779
0.122080679406
0.123673036093
0.129511677282
0.124203821656
0.116242038217
0.109872611465
0.114118895966
0.115711252654
0.113057324841
0.101910828025
0.074840764331
0.078556263270
0.101380042463
0.116772823779
0.116772823779
0.116772823779
0.126326963907
0.131634819533
0.114649681529
0.101910828025
0.105095541401
0.102972399151
0.102441613588
0.107749469214
0.117834394904
0.114649681529
0.115711252654
0.114118895966
0.128450106157
0.116772823779
0.116772823779
0.116772823779
0.116772823779
0.116772823779
0.116772823779
0.125796178344
0.155520169851
0.170912951168
0.171974522293
0.168789808917
0.161358811040
0.145435244161
0.137473460722
0.135881104034
0.158704883227
0.167728237792
0.166666666667
0.168789808917
0.167728237792
0.169851380042
0.149150743100
0.151804670913
0.117303609342
0.116772823779
0.116772823779
0.116772823779
0.116772823779
0.161889596603
0.182059447983
0.179405520170
0.181528662420
0.168259023355
0.165605095541
0.158174097665
0.151804670913
0.089702760085
0.116772823779
0.116772823779
0.116772823779
0.116772823779
0.116772823779
0.116772823779
0.116772823779
0.116772823779
0.116772823779
0.116772823779
0.116772823779
0.116772823779
0.116772823779
0.116772823779
0.116772823779
0.116772823779
0.116772823779
0.116772823779
0.116772823779
0.116772823779
0.116772823779
0.061571125265
0.058917197452
0.058917197452
0.058917197452
0.058917197452
0.058917197452
0.058917197452
0.058917197452
0.058917197452
0.058917197452
0.058917197452
0.058917197452
0.058917197452
0.058917197452
0.058917197452
0.058917197452
0.058917197452
0.058917197452
0.058917197452
0.058917197452
0.058917197452
0.058917197452
0.058917197452
0.058917197452
0.058917197452
0.058917197452
0.058917197452
0.058917197452
0.058917197452
0.058917197452
0.058917197452
0.058917197452
0.058917197452
0.058917197452
0.058917197452
0.058917197452
0.058917197452
0.058917197452
0.058917197452
0.058917197452
0.058917197452
0.058917197452
0.058917197452
0.058917197452
0.058917197452
0.058917197452
0.058917197452
0.058917197452
0.058917197452
0.058917197452
0.058917197452
0.058917197452
0.058917197452
0.058917197452
0.058917197452
0.058917197452
0.058917197452
0.058917197452
0.058917197452
0.058917197452
0.058917197452
0.058917197452
0.058917197452
0.058917197452
0.058917197452
0.058917197452
0.058917197452
0.058917197452
0.058917197452
0.058917197452
0.058917197452
0.058917197452
0.058917197452
0.058917197452
0.058917197452
0.058917197452
0.058917197452
0.058917197452
0.058917197452
0.058917197452
0.058917197452
0.058917197452
0.058917197452
0.133227176221
0.133227176221
0.133227176221
0.133227176221
0.133227176221
0.133227176221
0.133227176221
0.133227176221
0.133227176221
0.133227176221
0.133227176221
0.133227176221
0.133227176221
0.133227176221
0.133227176221
0.133227176221
0.133227176221
0.133227176221
0.133227176221
0.133227176221
0.133227176221
0.133227176221
0.114649681529
0.114649681529
0.114649681529
0.114649681529
0.114649681529
0.114649681529
0.114649681529
0.114649681529
0.114649681529
0.114649681529
0.114649681529
0.116772823779
0.116772823779
0.116772823779
0.116772823779
0.116772823779
0.116772823779
0.116772823779
0.116772823779
0.116772823779
0.116772823779
0.116772823779
0.116772823779
0.116772823779
0.116772823779
0.116772823779
0.116772823779
0.116772823779
0.116772823779
0.116772823779
0.116772823779
0.116772823779
0.116772823779
0.116772823779
0.116772823779
0.116772823779
0.116772823779
0.116772823779
0.116772823779
0.116772823779
0.116772823779
0.116772823779
0.116772823779
0.116772823779
0.116772823779
0.116772823779
0.116772823779
0.116772823779
0.116772823779
0.116772823779
0.116772823779
0.116772823779
0.116772823779
0.116772823779
0.116772823779
0.116772823779
0.116772823779
0.116772823779
0.116772823779
0.116772823779
0.116772823779
0.116772823779
0.116772823779
0.116772823779
0.116772823779
0.116772823779
0.116772823779
0.116772823779
0.116772823779
0.116772823779
0.116772823779
0.116772823779
0.061571125265
0.061571125265
0.061571125265
0.061571125265
0.061571125265
0.061571125265
0.061571125265
0.061571125265
0.061571125265
0.058917197452
0.058917197452
0.058917197452
0.058917197452
0.058917197452
0.058917197452
0.058917197452
0.058917197452
0.058917197452
0.058917197452
0.058917197452
0.058917197452
0.058917197452
0.058917197452
0.058917197452
0.058917197452
0.058917197452
0.058917197452
0.058917197452
0.058917197452
0.058917197452
0.058917197452
0.058917197452
0.058917197452
0.058917197452
0.058917197452
0.058917197452
0.058917197452
0.058917197452
0.058917197452
0.058917197452
0.058917197452
0.058917197452
0.058917197452
0.058917197452
0.058917197452
0.058917197452
0.058917197452
0.058917197452
0.058917197452
0.058917197452
0.058917197452
0.058917197452
0.058917197452
0.058917197452
0.058917197452
0.058917197452
0.058917197452
0.058917197452
0.058917197452
0.058917197452
0.058917197452
0.058917197452
0.058917197452
0.058917197452
0.058917197452
0.058917197452
0.058917197452
0.067409766454
0.085456475584
0.082271762208
0.076433121019
0.075371549894
0.075371549894
0.075371549894
0.075371549894
0.075371549894
0.075371549894
0.080679405520
0.133227176221
0.133227176221
0.133227176221
0.133227176221
0.133227176221
0.133227176221
0.133227176221
0.132165605096
0.115711252654
0.115711252654
0.115711252654
0.115180467091
0.114649681529
0.114649681529
0.116242038217
0.079087048832
0.079617834395
0.077494692144
0.081740976645
0.083333333333
0.108811040340
0.122611464968
0.126857749469
0.135350318471
0.133227176221
0.133227176221
0.133227176221
0.133227176221
0.133757961783
0.137473460722
0.137473460722
0.140658174098
0.126326963907
0.118365180467
0.106157112527
0.087579617834
0.072717622081
0.083333333333
0.069532908705
0.070063694268
0.105626326964
0.087048832272
0.089702760085
0.090233545648
0.088110403397
0.089702760085
0.096072186837
0.102441613588
0.195859872611
0.063163481953
0.182590233546
0.087048832272
0.060509554140
0.102972399151
0.087048832272
0.087048832272
0.088110403397
0.091295116773
0.083864118896
0.083333333333
0.089702760085
0.122611464968
0.139065817410
0.139596602972
0.105095541401
0.088641188960
0.119426751592
0.069002123142
0.115711252654
0.123673036093
0.131634819533
0.128450106157
0.127919320594
0.130042462845
0.134288747346
0.157643312102
0.193736730361
0.211783439490
0.216560509554
0.205944798301
0.207537154989
0.224522292994
0.062101910828
0.135350318471
0.164543524416
0.183651804671
0.195859872611
0.199044585987
0.199044585987
0.204352441614
0.201698513800
0.208598726115
0.200106157113
0.199044585987
0.199575371550
0.200636942675
0.206475583864
0.201698513800
0.147027600849
0.147558386412
0.132696390658
0.076963906582
0.110403397028
0.108280254777
0.099787685775
0.127919320594
0.126857749469
0.122611464968
0.126326963907
0.125265392781
0.127388535032
0.134288747346
0.138004246285
0.141719745223
0.143312101911
0.140658174098
0.139065817410
0.138535031847
0.138535031847
0.136411889597
0.135350318471
0.140127388535
0.138535031847
0.131104033970
0.131104033970
0.136411889597
0.142250530786
0.148089171975
0.151804670913
0.155520169851
0.133227176221
0.118895966030
0.151804670913
0.066348195329
0.073779193206
0.109872611465
0.158174097665
0.161358811040
0.162420382166
0.161889596603
0.162951167728
0.158174097665
0.158174097665
0.131104033970
0.065286624204
0.064755838641
0.071125265393
0.076433121019
0.082271762208
0.091295116773
0.096602972399
0.104033970276
0.104033970276
0.118895966030
0.166135881104
0.192144373673
0.200636942675
0.212314225053
0.219214437367
0.221868365180
0.216560509554
0.205414012739
0.202229299363
0.188959660297
0.175159235669
0.199044585987
0.133227176221
0.149150743100
0.139065817410
0.197452229299
0.209660297240
0.204883227176
0.205944798301
0.204352441614
0.211252653928
0.220276008493
