0.097172236504
0.098200514139
0.096143958869
0.096143958869
0.096658097686
0.092544987147
0.092544987147
0.092030848329
0.092544987147
0.092544987147
0.092544987147
0.092544987147
0.092544987147
0.092544987147
0.092544987147
0.092544987147
0.092544987147
0.093059125964
0.094601542416
0.096143958869
0.102827763496
0.111053984576
0.120822622108
0.128020565553
0.135732647815
0.138303341902
0.143444730077
0.137789203085
0.135732647815
0.133676092545
0.127506426735
0.123393316195
0.129562982005
0.136760925450
0.137789203085
0.140359897172
0.146529562982
0.151156812339
0.159897172237
0.165552699229
0.169151670951
0.170694087404
0.178920308483
0.185604113111
0.194344473008
0.198971722365
0.202570694087
0.207197943445
0.211825192802
0.212853470437
0.219023136247
0.221079691517
0.223650385604
0.224678663239
0.227763496144
0.230848329049
0.237017994859
0.239074550129
0.237017994859
0.237017994859
0.231876606684
0.231362467866
0.233933161954
0.230848329049
0.230848329049
0.228791773779
0.225192802057
0.219537275064
0.222107969152
0.225706940874
0.229820051414
0.232904884319
0.234447300771
0.229820051414
0.216966580977
0.221593830334
0.198457583548
0.197429305913
0.203084832905
0.241131105398
0.247300771208
0.247814910026
0.258097686375
0.260154241645
0.263753213368
0.260154241645
0.262210796915
0.262210796915
0.263239074550
0.266838046272
0.266323907455
0.265295629820
0.264267352185
0.263753213368
0.260154241645
0.260154241645
0.258097686375
0.256041131105
0.262724935733
0.261696658098
0.265809768638
0.268380462725
0.267866323907
0.270437017995
0.274035989717
0.271465295630
0.275064267352
0.274035989717
0.271979434447
0.276092544987
0.273007712082
0.271979434447
0.269408740360
0.269922879177
0.268380462725
0.269922879177
0.273521850900
0.273521850900
0.280205655527
0.280205655527
0.278149100257
0.279177377892
0.271465295630
0.243187660668
0.137789203085
0.147043701799
0.224164524422
0.224678663239
0.228277634961
0.216966580977
0.202056555270
0.198971722365
0.193830334190
0.194344473008
0.190231362468
0.182519280206
0.178920308483
0.176863753213
0.174293059126
0.170179948586
0.170694087404
0.174293059126
0.181491002571
0.182519280206
0.188174807198
0.192287917738
0.187660668380
0.187660668380
0.186632390746
0.191259640103
0.189717223650
0.191773778920
0.192287917738
0.192802056555
0.194858611825
0.200514138817
0.206169665810
0.208226221080
0.209768637532
0.208740359897
0.208226221080
0.206169665810
0.200000000000
0.205141388175
0.206683804627
0.196401028278
0.188688946015
0.194344473008
0.191259640103
0.191259640103
0.191259640103
0.193316195373
0.199485861183
0.208226221080
0.212853470437
0.217480719794
0.227249357326
0.239074550129
0.243187660668
0.246786632391
0.248843187661
0.247814910026
0.242673521851
0.244215938303
0.247814910026
0.246786632391
0.248843187661
0.251413881748
0.252956298201
0.250385604113
0.250899742931
0.250899742931
0.246272493573
0.251413881748
0.246786632391
0.249871465296
0.213367609254
0.186118251928
0.157840616967
0.177377892031
0.183547557841
0.198971722365
0.206169665810
0.201542416452
0.203598971722
0.196915167095
0.196915167095
0.202056555270
0.208740359897
0.217480719794
0.227249357326
0.233933161954
0.247814910026
0.250899742931
0.239588688946
0.232390745501
0.232390745501
0.240102827763
0.241645244216
0.247814910026
0.252442159383
0.248329048843
0.247300771208
0.251413881748
0.257069408740
0.259640102828
0.259640102828
0.260668380463
0.257583547558
0.263239074550
0.264267352185
0.268894601542
0.269922879177
0.277120822622
0.275578406170
0.275064267352
0.274550128535
0.273521850900
0.269408740360
0.268380462725
0.274035989717
0.276092544987
0.283804627249
0.290488431877
0.295629820051
0.296658097686
0.302313624679
0.299742930591
0.300771208226
0.304370179949
0.304884318766
0.312596401028
0.315167095116
0.316709511568
0.322365038560
0.320822622108
0.326478149100
0.324421593830
0.327506426735
0.332647814910
0.332647814910
0.330077120823
0.331619537275
0.332133676093
0.331619537275
0.332133676093
0.331619537275
0.331105398458
0.334190231362
0.338303341902
0.337275064267
0.340359897172
0.340874035990
0.344473007712
0.344987146530
0.341388174807
0.341388174807
0.342930591260
0.346529562982
0.346529562982
0.348071979434
0.348586118252
0.349100257069
0.348586118252
0.350642673522
0.354241645244
0.357840616967
0.344473007712
0.309511568123
0.257583547558
0.222107969152
0.287403598972
0.310025706941
0.318766066838
0.299228791774
0.302827763496
0.313110539846
0.316195372751
0.318251928021
0.311568123393
0.296143958869
0.289974293059
0.299228791774
0.305398457584
0.315681233933
0.322879177378
0.314652956298
0.308997429306
0.301799485861
0.303341902314
0.301799485861
0.305912596401
0.315681233933
0.321336760925
0.317223650386
0.317223650386
0.316709511568
0.319280205656
0.325964010283
0.328534704370
0.329048843188
0.332133676093
0.339845758355
0.339845758355
0.340874035990
0.342930591260
0.341388174807
0.344473007712
0.341902313625
0.344987146530
0.345501285347
0.340359897172
0.334190231362
0.337275064267
0.340359897172
0.338817480720
0.341388174807
0.340874035990
0.341902313625
0.340359897172
0.343958868895
0.347557840617
0.351156812339
0.356298200514
0.361439588689
0.372236503856
0.373264781491
0.377892030848
0.381491002571
0.383033419023
0.382519280206
0.384061696658
0.385089974293
0.390231362468
0.393830334190
0.393830334190
0.393316195373
0.392287917738
0.384575835476
0.390745501285
0.389717223650
0.388688946015
0.392802056555
0.379434447301
0.350642673522
0.251928020566
0.286889460154
0.382005141388
0.372236503856
0.363496143959
0.372236503856
0.374807197943
0.385089974293
0.398971722365
0.400514138817
0.406169665810
0.400514138817
0.398971722365
0.401028277635
0.398971722365
0.396401028278
0.395372750643
0.400514138817
0.403084832905
0.412339331620
0.415938303342
0.416966580977
0.419023136247
0.422107969152
0.419537275064
0.421593830334
0.420051413882
0.422622107969
0.424164524422
0.424678663239
0.428277634961
0.427763496144
0.425706940874
0.424678663239
0.425192802057
0.425706940874
0.426221079692
0.430848329049
0.441645244216
0.440102827763
0.438046272494
0.438046272494
0.422107969152
0.348071979434
0.245244215938
0.317737789203
0.312596401028
0.308997429306
0.303856041131
0.313624678663
0.348586118252
0.359897172237
0.366066838046
0.371208226221
0.373778920308
0.373778920308
0.376863753213
0.375321336761
0.372236503856
0.379948586118
0.383547557841
0.382005141388
0.382519280206
0.385089974293
0.386632390746
0.392802056555
0.395372750643
0.399485861183
0.407197943445
0.405655526992
0.413881748072
0.412339331620
0.409768637532
0.412339331620
0.412339331620
0.412339331620
0.416966580977
0.417480719794
0.415938303342
0.419023136247
0.416966580977
0.412853470437
0.413367609254
0.409254498715
0.412339331620
0.411825192802
0.415938303342
0.417480719794
0.415938303342
0.417994858612
0.417994858612
0.421593830334
0.421079691517
0.423136246787
0.426221079692
0.425192802057
0.429305912596
0.431876606684
0.430334190231
0.434447300771
0.440102827763
0.438046272494
0.438560411311
0.441131105398
0.443187660668
0.445758354756
0.447814910026
0.445758354756
0.445758354756
0.446786632391
0.451413881748
0.449357326478
0.446786632391
0.448843187661
0.449357326478
0.453470437018
0.451928020566
0.455526992288
0.424164524422
0.355784061697
0.290488431877
0.277120822622
0.305912596401
0.325964010283
0.320822622108
0.322879177378
0.344987146530
0.353213367609
0.365038560411
0.368637532134
0.360411311054
0.353213367609
0.349614395887
0.354241645244
0.350642673522
0.353727506427
0.354755784062
0.357326478149
0.359383033419
0.370694087404
0.376349614396
0.375835475578
0.383033419023
0.388688946015
0.380976863753
0.385604113111
0.395372750643
0.401028277635
0.403598971722
0.404113110540
0.406169665810
0.409254498715
0.410796915167
0.412339331620
0.415424164524
0.417480719794
0.420051413882
0.419023136247
0.415938303342
0.415424164524
0.418508997429
0.415424164524
0.413881748072
0.417994858612
0.415938303342
0.414910025707
0.417480719794
0.422107969152
0.424678663239
0.427763496144
0.430848329049
0.433419023136
0.438560411311
0.444215938303
0.445244215938
0.447814910026
0.453984575835
0.452442159383
0.451928020566
0.453984575835
0.456555269923
0.455526992288
0.459640102828
0.443701799486
0.429820051414
0.340359897172
0.302827763496
0.288431876607
0.343958868895
0.357326478149
0.343958868895
0.347557840617
0.364524421594
0.371722365039
0.373778920308
0.362982005141
0.359383033419
0.357840616967
0.369665809769
0.379948586118
0.385604113111
0.394858611825
0.387146529563
0.384575835476
0.382005141388
0.385604113111
0.384575835476
0.399485861183
0.405655526992
0.404113110540
0.413881748072
0.421593830334
0.428277634961
0.443701799486
0.445758354756
0.442673521851
0.443187660668
0.439074550129
0.443187660668
0.447300771208
0.444730077121
0.446786632391
0.449871465296
0.446786632391
0.449357326478
0.447814910026
0.446786632391
0.454498714653
0.455012853470
0.462210796915
0.463753213368
0.464781491003
0.469408740360
0.469408740360
0.471465295630
0.474550128535
0.475578406170
0.474550128535
0.478149100257
0.481233933162
0.485347043702
0.487403598972
0.488431876607
0.485861182519
0.488431876607
0.489974293059
0.489974293059
0.492030848329
0.488431876607
0.491002570694
0.420051413882
0.476606683805
0.497172236504
0.485861182519
0.501799485861
0.488946015424
0.509511568123
0.510539845758
0.515167095116
0.511053984576
0.518766066838
0.522879177378
0.524935732648
0.532133676093
0.535218508997
0.540359897172
0.539845758355
0.541388174807
0.546015424165
0.548071979434
0.550642673522
0.553727506427
0.551670951157
0.552185089974
0.553213367609
0.556298200514
0.554755784062
0.556298200514
0.553213367609
0.558868894602
0.552185089974
0.536760925450
0.533676092545
0.468894601542
0.511053984576
0.536760925450
0.549614395887
0.551670951157
0.556298200514
0.561439588689
0.556298200514
0.553727506427
0.557326478149
0.556812339332
0.562982005141
0.553727506427
0.562467866324
0.558354755784
0.561953727506
0.551670951157
0.559383033419
0.535218508997
0.539331619537
0.517737789203
0.522365038560
0.533161953728
0.548071979434
0.566066838046
0.573264781491
0.572236503856
0.560411311054
0.541902313625
0.528534704370
0.550642673522
0.557326478149
0.568637532134
0.566066838046
0.568637532134
0.571208226221
0.573778920308
0.574293059126
0.572750642674
0.580462724936
0.588174807198
0.590745501285
0.591773778920
0.594858611825
0.591259640103
0.585604113111
0.572750642674
0.553727506427
0.552699228792
0.527506426735
0.526478149100
0.542416452442
0.552699228792
0.600000000000
0.573778920308
0.591259640103
0.586632390746
0.589717223650
0.591259640103
0.589717223650
0.588174807198
0.590231362468
0.588174807198
0.580462724936
0.578406169666
0.573264781491
0.563496143959
0.572750642674
0.560411311054
0.584061696658
0.574807197943
0.584575835476
0.572236503856
0.588174807198
0.588174807198
0.597943444730
0.603598971722
0.602056555270
0.605655526992
0.608226221080
0.612853470437
0.611311053985
0.609768637532
0.608226221080
0.610282776350
0.607712082262
0.611311053985
0.610796915167
0.614910025707
0.615938303342
0.613367609254
0.615938303342
0.616452442159
0.587660668380
0.546015424165
0.527506426735
0.552185089974
0.592287917738
0.604113110540
0.606169665810
0.603598971722
0.600000000000
0.622622107969
0.630334190231
0.631876606684
0.638046272494
0.638046272494
0.640102827763
0.638046272494
0.637017994859
0.635989717224
0.639588688946
0.632904884319
0.634447300771
0.617994858612
0.619537275064
0.570694087404
0.580976863753
0.564524421594
0.618508997429
0.623650385604
0.649871465296
0.641645244216
0.644730077121
0.641645244216
0.640616966581
0.632904884319
0.631362467866
0.632904884319
0.621079691517
0.627249357326
0.614910025707
0.626735218509
0.618508997429
0.634447300771
0.635475578406
0.648329048843
0.654498714653
0.646786632391
0.653984575835
0.646272493573
0.647814910026
0.643187660668
0.644215938303
0.645244215938
0.642159383033
0.646786632391
0.647814910026
0.648329048843
0.654498714653
0.651413881748
0.654498714653
0.650899742931
0.652956298201
0.646272493573
0.651928020566
0.631362467866
0.643187660668
0.626735218509
0.635989717224
0.616966580977
0.598457583548
0.554755784062
0.557326478149
0.654498714653
0.653470437018
0.660154241645
0.659640102828
0.663753213368
0.660668380463
0.663239074550
0.664267352185
0.664267352185
0.665809768638
0.667866323907
0.666323907455
0.661696658098
0.662210796915
0.660668380463
0.659125964010
0.663753213368
0.666323907455
0.666838046272
0.665295629820
0.663753213368
0.665295629820
0.645758354756
0.572236503856
0.503341902314
0.423650385604
0.350128534704
0.421079691517
0.495115681234
0.578920308483
0.586632390746
0.582005141388
0.584575835476
0.589717223650
0.584061696658
0.578920308483
0.567609254499
0.561953727506
0.563496143959
0.566580976864
0.565552699229
0.577377892031
0.578920308483
0.573778920308
0.576349614396
0.575321336761
0.579948586118
0.581491002571
0.584575835476
0.589717223650
0.592287917738
0.593830334190
0.600000000000
0.596915167095
0.596915167095
0.598971722365
0.604113110540
0.602056555270
0.608740359897
0.606683804627
0.615938303342
0.613367609254
0.618508997429
0.616966580977
0.613367609254
0.615938303342
0.619023136247
0.626221079692
0.625706940874
0.626735218509
0.631362467866
0.631362467866
0.631362467866
0.633419023136
0.632904884319
0.634961439589
0.589717223650
0.555269922879
0.418508997429
0.516195372751
0.559897172237
0.623136246787
0.627249357326
0.637532133676
0.647814910026
0.650899742931
0.643701799486
0.648843187661
0.649357326478
0.648843187661
0.647300771208
0.644730077121
0.643701799486
0.643701799486
0.646786632391
0.642673521851
0.644215938303
0.643187660668
0.646786632391
0.644730077121
0.647814910026
0.650899742931
0.648329048843
0.646786632391
0.644215938303
0.645758354756
0.651413881748
0.651413881748
0.654498714653
0.652956298201
0.655526992288
0.655526992288
0.658097686375
0.655526992288
0.656555269923
0.657069408740
0.655526992288
0.656041131105
0.659125964010
0.657069408740
0.654498714653
0.643701799486
0.594858611825
0.613881748072
0.630334190231
0.643701799486
0.646272493573
0.659640102828
0.664781491003
0.667352185090
0.677634961440
0.674550128535
0.676092544987
0.676606683805
0.677120822622
0.673007712082
0.671465295630
0.671465295630
0.673007712082
0.674035989717
0.674550128535
0.674550128535
0.674035989717
0.673007712082
0.674550128535
0.665809768638
0.650899742931
0.625192802057
0.648843187661
0.654498714653
0.659640102828
0.667866323907
0.664781491003
0.684832904884
0.686375321337
0.692544987147
0.694601542416
0.696658097686
0.697686375321
0.700257069409
0.700771208226
0.702313624679
0.703341902314
0.701799485861
0.704884318766
0.703341902314
0.706940874036
0.704370179949
0.696658097686
0.686889460154
0.639074550129
0.582005141388
0.575835475578
0.652442159383
0.673521850900
0.684318766067
0.691002570694
0.700257069409
0.695629820051
0.699228791774
0.701285347044
0.698714652956
0.696143958869
0.694601542416
0.694087403599
0.693059125964
0.698200514139
0.698714652956
0.702313624679
0.702313624679
0.703341902314
0.703341902314
0.702827763496
0.702313624679
0.702313624679
0.704884318766
0.705912596401
0.705912596401
0.708997429306
0.712596401028
0.712596401028
0.711568123393
0.711053984576
0.715167095116
0.712596401028
0.715681233933
0.710539845758
0.710025706941
0.686889460154
0.628791773779
0.604113110540
0.636503856041
0.636503856041
0.534190231362
0.565552699229
0.644730077121
0.700771208226
0.700257069409
0.699228791774
0.698714652956
0.693059125964
0.692544987147
0.692030848329
0.688431876607
0.694087403599
0.694087403599
0.699742930591
0.697172236504
0.695115681234
0.689974293059
0.692030848329
0.695115681234
0.698200514139
0.700771208226
0.701799485861
0.702313624679
0.701799485861
0.700257069409
0.703341902314
0.710539845758
0.711053984576
0.713624678663
0.720308483290
0.718766066838
0.713624678663
0.703341902314
0.640102827763
0.515681233933
0.538817480720
0.604113110540
0.630334190231
0.647300771208
0.689460154242
0.677634961440
0.695629820051
0.698200514139
0.705398457584
0.716709511568
0.710539845758
0.712082262211
0.712596401028
0.714138817481
0.714138817481
0.716195372751
0.715681233933
0.710025706941
0.705912596401
0.703856041131
0.703856041131
0.705398457584
0.704370179949
0.709511568123
0.710539845758
0.712082262211
0.713110539846
0.713110539846
0.715681233933
0.714652956298
0.714138817481
0.718766066838
0.719280205656
0.717737789203
0.712082262211
0.671465295630
0.595372750643
0.563496143959
0.550128534704
0.630848329049
0.643187660668
0.684832904884
0.688431876607
0.682262210797
0.688431876607
0.695115681234
0.700257069409
0.704370179949
0.702827763496
0.703856041131
0.701799485861
0.699742930591
0.705912596401
0.709511568123
0.711053984576
0.711568123393
0.710025706941
0.710025706941
0.710025706941
0.710025706941
0.708483290488
0.711053984576
0.711053984576
0.713624678663
0.717737789203
0.721850899743
0.723907455013
0.723907455013
0.722879177378
0.721850899743
0.721336760925
0.723907455013
0.723907455013
0.717223650386
0.706426735219
0.649357326478
0.611311053985
0.533676092545
0.534190231362
0.466838046272
0.549614395887
0.608226221080
0.646272493573
0.673007712082
0.673007712082
0.646786632391
0.636503856041
0.639074550129
0.643701799486
0.654498714653
0.660668380463
0.656555269923
0.655526992288
0.652956298201
0.652442159383
0.658611825193
0.662210796915
0.670951156812
0.675578406170
0.673521850900
0.677120822622
0.681233933162
0.687403598972
0.686375321337
0.685347043702
0.682262210797
0.682262210797
0.680719794344
0.682776349614
0.686375321337
0.685347043702
0.693573264781
0.696143958869
0.699228791774
0.699742930591
0.702313624679
0.703856041131
0.708483290488
0.713110539846
0.712082262211
0.708997429306
0.708997429306
0.713624678663
0.715681233933
0.713110539846
0.715167095116
0.718766066838
0.715167095116
0.715167095116
0.714138817481
0.718766066838
0.708483290488
0.709511568123
0.648329048843
0.524421593830
0.492544987147
0.501799485861
0.604627249357
0.646786632391
0.646786632391
0.663753213368
0.680719794344
0.677634961440
0.682262210797
0.683290488432
0.675064267352
0.673007712082
0.671979434447
0.669408740360
0.676606683805
0.684318766067
0.692544987147
0.695115681234
0.696143958869
0.698200514139
0.699228791774
0.692030848329
0.687403598972
0.687917737789
0.692544987147
0.691002570694
0.687403598972
0.684832904884
0.688431876607
0.691002570694
0.695629820051
0.696143958869
0.698714652956
0.701799485861
0.702827763496
0.702827763496
0.708997429306
0.708483290488
0.701285347044
0.703856041131
0.694601542416
0.695629820051
0.689460154242
0.697172236504
0.696658097686
0.711568123393
0.705398457584
0.715681233933
0.705912596401
0.712082262211
0.716195372751
0.710539845758
0.716709511568
0.715681233933
0.715167095116
0.698200514139
0.688946015424
0.596915167095
0.646272493573
0.639588688946
0.707969151671
0.716709511568
0.715681233933
0.723393316195
0.723907455013
0.735732647815
0.735732647815
0.740874035990
0.740359897172
0.737789203085
0.737789203085
0.738817480720
0.736760925450
0.743444730077
0.740359897172
0.747557840617
0.729048843188
0.728020565553
0.688946015424
0.660154241645
0.617480719794
0.677634961440
0.712082262211
0.734704370180
0.741388174807
0.749100257069
0.753213367609
0.751670951157
0.749100257069
0.748586118252
0.749614395887
0.752699228792
0.750642673522
0.753727506427
0.754755784062
0.753727506427
0.756298200514
0.754755784062
0.756298200514
0.756812339332
0.754241645244
0.755269922879
0.756812339332
0.756298200514
0.757326478149
0.756812339332
0.754755784062
0.753727506427
0.757840616967
0.759897172237
0.759383033419
0.761439588689
0.765038560411
0.764524421594
0.768123393316
0.761439588689
0.759897172237
0.737275064267
0.709511568123
0.632904884319
0.683290488432
0.699228791774
0.754755784062
0.754755784062
0.751670951157
0.754241645244
0.747557840617
0.761953727506
0.753213367609
0.764524421594
0.760411311054
0.767609254499
0.764010282776
0.766580976864
0.761953727506
0.764010282776
0.761439588689
0.763496143959
0.754241645244
0.758354755784
0.741902313625
0.734190231362
0.719794344473
0.715167095116
0.722365038560
0.724421593830
0.755269922879
0.757326478149
0.774293059126
0.765038560411
0.775835475578
0.762467866324
0.775835475578
0.762982005141
0.772750642674
0.754241645244
0.771208226221
0.749614395887
0.767095115681
0.748586118252
0.761953727506
0.753213367609
0.767609254499
0.753213367609
0.763496143959
0.756812339332
0.748586118252
0.741902313625
0.718251928021
0.722365038560
0.682776349614
0.737789203085
0.755784061697
0.778406169666
0.780462724936
0.780976863753
0.783547557841
0.782519280206
0.786118251928
0.787660668380
0.789203084833
0.789203084833
0.793316195373
0.789717223650
0.790231362468
0.789203084833
0.788688946015
0.787146529563
0.786118251928
0.786632390746
0.785604113111
0.785089974293
0.789203084833
0.787660668380
0.786118251928
0.784061696658
0.767609254499
0.734190231362
0.662724935733
0.597943444730
0.685861182519
0.652442159383
0.733676092545
0.757326478149
0.766580976864
0.768123393316
0.775835475578
0.780462724936
0.783547557841
0.780976863753
0.778920308483
0.782519280206
0.783033419023
0.776349614396
0.777892030848
0.776863753213
0.776863753213
0.777377892031
0.776349614396
0.778920308483
0.781491002571
0.783547557841
0.787660668380
0.791773778920
0.791773778920
0.793316195373
0.796401028278
0.796915167095
0.794344473008
0.790745501285
0.739331619537
0.617994858612
0.372750642674
0.244730077121
0.193830334190
0.135218508997
0.153213367609
0.172236503856
0.139331619537
0.118766066838
0.134190231362
0.143958868895
0.150642673522
0.152185089974
0.150128534704
0.150642673522
0.148586118252
0.152185089974
0.151670951157
0.155784061697
0.159383033419
0.150128534704
0.114138817481
0.087403598972
0.080205655527
0.078149100257
0.085347043702
0.094601542416
0.090488431877
0.114138817481
0.131105398458
0.134190231362
0.130591259640
0.121850899743
0.125964010283
0.080205655527
0.098714652956
0.114652956298
0.106940874036
0.120308483290
0.109511568123
0.114652956298
0.097172236504
0.102827763496
0.077120822622
0.083290488432
0.086889460154
0.080205655527
0.087917737789
0.083804627249
0.103856041131
0.126478149100
0.117737789203
0.134704370180
0.136760925450
0.141902313625
0.146529562982
0.150128534704
0.154755784062
0.148071979434
0.160411311054
0.160411311054
0.158868894602
0.161439588689
0.159383033419
0.158868894602
0.150642673522
0.124935732648
0.130077120823
0.099742930591
0.121850899743
0.121850899743
0.121850899743
0.081748071979
0.078663239075
0.082776349614
0.079691516710
0.088431876607
0.091002570694
0.084318766067
0.082776349614
0.085861182519
0.088946015424
0.094087403599
0.092030848329
0.094601542416
0.121850899743
0.121850899743
0.121850899743
0.121850899743
0.121850899743
0.121850899743
0.122365038560
0.102313624679
0.095629820051
0.096143958869
0.094601542416
0.102827763496
0.113110539846
0.118766066838
0.114138817481
0.099228791774
0.098714652956
0.099228791774
0.101285347044
0.105912596401
0.101285347044
0.119280205656
0.110025706941
0.121850899743
0.121850899743
0.121850899743
0.121850899743
0.121850899743
0.107455012853
0.096143958869
0.094601542416
0.096143958869
0.110539845758
0.111053984576
0.104370179949
0.114138817481
0.104884318766
0.121850899743
0.121850899743
0.121850899743
0.121850899743
0.121850899743
0.121850899743
0.121850899743
0.121850899743
0.121850899743
0.121850899743
0.121850899743
0.121850899743
0.121850899743
0.121850899743
0.121850899743
0.121850899743
0.121850899743
0.121850899743
0.121850899743
0.121850899743
0.121850899743
0.094087403599
0.076606683805
0.076606683805
0.076606683805
0.076606683805
0.076606683805
0.076606683805
0.076606683805
0.076606683805
0.076606683805
0.076606683805
0.076606683805
0.076606683805
0.076606683805
0.076606683805
0.076606683805
0.076606683805
0.076606683805
0.076606683805
0.076606683805
0.076606683805
0.076606683805
0.076606683805
0.076606683805
0.076606683805
0.076606683805
0.076606683805
0.076606683805
0.076606683805
0.076606683805
0.076606683805
0.076606683805
0.076606683805
0.076606683805
0.076606683805
0.076606683805
0.076606683805
0.076606683805
0.076606683805
0.076606683805
0.076606683805
0.076606683805
0.076606683805
0.076606683805
0.076606683805
0.076606683805
0.076606683805
0.076606683805
0.076606683805
0.076606683805
0.076606683805
0.076606683805
0.076606683805
0.076606683805
0.076606683805
0.076606683805
0.076606683805
0.076606683805
0.076606683805
0.076606683805
0.076606683805
0.076606683805
0.076606683805
0.076606683805
0.076606683805
0.076606683805
0.076606683805
0.076606683805
0.076606683805
0.076606683805
0.076606683805
0.076606683805
0.076606683805
0.076606683805
0.076606683805
0.076606683805
0.076606683805
0.076606683805
0.076606683805
0.076606683805
0.076606683805
0.076606683805
0.076606683805
0.100257069409
0.100257069409
0.100257069409
0.100257069409
0.100257069409
0.100257069409
0.100257069409
0.100257069409
0.100257069409
0.100257069409
0.100257069409
0.100257069409
0.100257069409
0.100257069409
0.100257069409
0.100257069409
0.100257069409
0.100257069409
0.100257069409
0.100257069409
0.100257069409
0.100257069409
0.073007712082
0.073007712082
0.073007712082
0.073007712082
0.073007712082
0.073007712082
0.073007712082
0.073007712082
0.073007712082
0.073007712082
0.073007712082
0.121850899743
0.121850899743
0.121850899743
0.121850899743
0.121850899743
0.121850899743
0.121850899743
0.121850899743
0.121850899743
0.121850899743
0.121850899743
0.121850899743
0.121850899743
0.121850899743
0.121850899743
0.121850899743
0.121850899743
0.121850899743
0.121850899743
0.121850899743
0.121850899743
0.121850899743
0.121850899743
0.121850899743
0.121850899743
0.121850899743
0.121850899743
0.121850899743
0.121850899743
0.121850899743
0.121850899743
0.121850899743
0.121850899743
0.121850899743
0.121850899743
0.121850899743
0.121850899743
0.121850899743
0.121850899743
0.121850899743
0.121850899743
0.121850899743
0.121850899743
0.121850899743
0.121850899743
0.121850899743
0.121850899743
0.121850899743
0.121850899743
0.121850899743
0.121850899743
0.121850899743
0.121850899743
0.121850899743
0.121850899743
0.121850899743
0.121850899743
0.121850899743
0.121850899743
0.121850899743
0.121850899743
0.094087403599
0.094087403599
0.094087403599
0.094087403599
0.094087403599
0.094087403599
0.094087403599
0.094087403599
0.094087403599
0.076606683805
0.076606683805
0.076606683805
0.076606683805
0.076606683805
0.076606683805
0.076606683805
0.076606683805
0.076606683805
0.076606683805
0.076606683805
0.076606683805
0.076606683805
0.076606683805
0.076606683805
0.076606683805
0.076606683805
0.076606683805
0.076606683805
0.076606683805
0.076606683805
0.076606683805
0.076606683805
0.076606683805
0.076606683805
0.076606683805
0.076606683805
0.076606683805
0.076606683805
0.076606683805
0.076606683805
0.076606683805
0.076606683805
0.076606683805
0.076606683805
0.076606683805
0.076606683805
0.076606683805
0.076606683805
0.076606683805
0.076606683805
0.076606683805
0.076606683805
0.076606683805
0.076606683805
0.076606683805
0.076606683805
0.076606683805
0.076606683805
0.076606683805
0.076606683805
0.076606683805
0.076606683805
0.076606683805
0.076606683805
0.076606683805
0.076606683805
0.076606683805
0.087917737789
0.115167095116
0.125964010283
0.124421593830
0.123907455013
0.123907455013
0.123907455013
0.123907455013
0.123907455013
0.123907455013
0.126478149100
0.100257069409
0.100257069409
0.100257069409
0.100257069409
0.100257069409
0.100257069409
0.100257069409
0.100257069409
0.073521850900
0.074035989717
0.074035989717
0.073007712082
0.073007712082
0.073007712082
0.097686375321
0.120822622108
0.122879177378
0.120308483290
0.121850899743
0.128020565553
0.128534704370
0.112082262211
0.109511568123
0.104884318766
0.100771208226
0.100771208226
0.100771208226
0.100771208226
0.102827763496
0.102827763496
0.109511568123
0.112082262211
0.126478149100
0.123907455013
0.131105398458
0.121336760925
0.119280205656
0.106940874036
0.092544987147
0.091002570694
0.120822622108
0.113110539846
0.109511568123
0.131619537275
0.135732647815
0.137789203085
0.149614395887
0.147557840617
0.168123393316
0.095115681234
0.099742930591
0.144987146530
0.076606683805
0.162467866324
0.144987146530
0.144987146530
0.145501285347
0.144473007712
0.131105398458
0.129048843188
0.118766066838
0.113624678663
0.111053984576
0.130591259640
0.125449871465
0.120822622108
0.123907455013
0.102313624679
0.125449871465
0.121850899743
0.140359897172
0.140874035990
0.143444730077
0.141902313625
0.143444730077
0.166580976864
0.178920308483
0.187660668380
0.187660668380
0.193830334190
0.182519280206
0.161439588689
0.094601542416
0.116195372751
0.144987146530
0.161439588689
0.157840616967
0.150642673522
0.155784061697
0.161439588689
0.165038560411
0.165552699229
0.170179948586
0.176349614396
0.173264781491
0.176863753213
0.176349614396
0.175321336761
0.156812339332
0.168637532134
0.150642673522
0.100771208226
0.116195372751
0.115681233933
0.142416452442
0.160411311054
0.162467866324
0.145501285347
0.155269922879
0.152699228792
0.146015424165
0.147557840617
0.147043701799
0.141388174807
0.147043701799
0.153213367609
0.148586118252
0.156812339332
0.153213367609
0.142930591260
0.142416452442
0.168123393316
0.180976863753
0.188688946015
0.190745501285
0.183033419023
0.188174807198
0.182519280206
0.193316195373
0.189717223650
0.174293059126
0.159897172237
0.152699228792
0.075578406170
0.076092544987
0.086375321337
0.094087403599
0.094601542416
0.092544987147
0.092544987147
0.093059125964
0.096143958869
0.096658097686
0.094087403599
0.081233933162
0.089460154242
0.097172236504
0.107969151671
0.118251928021
0.118766066838
0.120822622108
0.123907455013
0.131105398458
0.143958868895
0.152185089974
0.150642673522
0.165038560411
0.168123393316
0.168637532134
0.168123393316
0.164524421594
0.172236503856
0.180976863753
0.177377892031
0.173778920308
0.187146529563
0.149614395887
0.142930591260
0.141388174807
0.171722365039
0.172750642674
0.175321336761
0.173778920308
0.169151670951
0.168637532134
0.159897172237
