4.124022483826
4.105484008789
4.096305847168
4.077494621277
4.059647560120
4.040097236633
4.012590885162
3.989358901978
3.948543548584
3.916058063507
3.845638275146
3.949124336243
3.970751047134
3.859972238541
3.815084695816
3.797637939453
3.749717712402
3.728180408478
3.669467449188
3.633594512939
3.544456481934
3.513809204102
3.432944774628
3.565762519836
3.514356851578
3.440969467163
3.342646598816
3.329123973846
3.404458999634
3.351052522659
3.293568134308
3.280719280243
3.222846031189
3.210658550262
3.147480487823
3.125376701355
3.018572807312
2.950935125351
3.237079143524
3.042266368866
2.988850593567
2.981318950653
2.930590152740
2.923639297485
2.873837947845
2.864836454391
2.806128978729
2.804104804993
2.706690311432
2.715782642365
2.912872791290
2.756837606430
2.716621398926
2.711589574814
2.675013542175
2.670228719711
2.638236999512
2.623445749283
2.606724977493
2.577831745148
2.513967037201
2.503364801407
2.530144691467
2.627904176712
2.508669137955
2.413954496384
2.448154926300
2.522258043289
2.454929590225
2.680679798126
2.524281263351
2.520751237869
2.552382230759
2.539304494858
2.606492042542
2.591482639313
2.668549299240
2.678529262543
2.767185688019
3.346533536911
3.286677837372
3.053213596344
3.414628744125
3.555290222168
306.671325683594
2609.183593750000
554316032.000000000000
6460931759564109213859840.000000000000
nan
nan
nan
nan
nan
nan
nan
nan
nan
nan
nan
nan
