4.144289493561
4.123142719269
4.113400459290
4.093257904053
4.074160575867
4.053593635559
4.025462150574
4.003330230713
3.965188026428
3.930923700333
3.893467903137
3.846650600433
4.225459098816
3.847275972366
3.809154987335
3.793616294861
3.747769355774
3.732416152954
3.683795690536
3.667094230652
3.650244474411
3.589494705200
3.699194431305
3.523503780365
3.469150066376
3.439171314240
3.401480674744
3.362708568573
3.823794841766
3.319976329803
3.263346672058
3.254677295685
3.199870824814
3.191356897354
3.136289119720
3.125261783600
3.083918333054
3.060678482056
3.710875272751
3.011305332184
2.960319042206
2.954613924026
2.907110691071
2.901701927185
2.862415790558
2.853169441223
2.835098266602
2.801832199097
2.801201820374
2.739097118378
3.378891706467
2.726891994476
2.690650939941
2.687574148178
2.654129743576
2.651072025299
2.615709066391
2.615421772003
2.605619668961
2.590604543686
2.570987701416
2.611113309860
2.688599109650
2.620032787323
2.528858900070
2.551342725754
2.579939842224
2.508096694946
2.500334501266
3.227660894394
2.494867563248
2.493412494659
2.516502141953
2.509663105011
2.608676433563
2.575127124786
2.704970359802
2.625290870667
2.714369535446
3.628609895706
2.951514720917
3.005545854568
3.317964792252
3.568470954895
186.154174804688
2877.372070312500
1276834560.000000000000
4581796816650831547858944.000000000000
nan
nan
nan
nan
nan
nan
nan
nan
nan
nan
nan
nan
