4.132836341858
4.111524105072
4.101740837097
4.081570148468
4.062581539154
4.042239665985
4.013683319092
3.990543603897
3.949712753296
3.916513204575
3.859121322632
3.899332046509
4.087503433228
3.852945804596
3.811121225357
3.794363975525
3.745362281799
3.726851940155
3.667409658432
3.640589237213
3.574241638184
3.559407234192
3.568281650543
3.535710334778
3.473379850388
3.438748359680
3.359247207642
3.339483737946
3.549061775208
3.338038444519
3.280504226685
3.269102096558
3.211656093597
3.200674772263
3.138159751892
3.118903160095
3.026476144791
2.996860027313
3.424431085587
3.026805639267
2.974312782288
2.967467546463
2.917882680893
2.911505222321
2.864945888519
2.855846643448
2.805665493011
2.800331592560
2.718898534775
2.723036766052
3.044566631317
2.744273900986
2.705654144287
2.701185703278
2.665800809860
2.661411762238
2.628717660904
2.616471529007
2.598428964615
2.578546524048
2.521536588669
2.525071859360
2.557583332062
2.615944862366
2.518314838409
2.461800813675
2.527861118317
2.522102594376
2.482930421829
2.900548219681
2.512310504913
2.509397029877
2.537228822708
2.525266885757
2.593945026398
2.585036277771
2.684967756271
2.653357744217
2.735483884811
3.441571474075
3.124196052551
3.030887126923
3.356946706772
3.537264823914
248.375167846680
2724.159179687500
825426496.000000000000
5692044949377289145024512.000000000000
nan
nan
nan
nan
nan
nan
nan
nan
nan
nan
nan
nan
