0.093922651934
0.112707182320
0.131491712707
0.141436464088
0.148066298343
0.148066298343
0.148066298343
0.156906077348
0.167955801105
0.173480662983
0.182320441989
0.118232044199
0.150276243094
0.059668508287
0.101657458564
0.138121546961
0.064088397790
0.087292817680
0.089502762431
0.127071823204
0.119337016575
0.103867403315
0.107182320442
0.098342541436
0.171270718232
0.208839779006
0.183425414365
0.119337016575
0.128176795580
0.067403314917
0.132596685083
0.172375690608
0.187845303867
0.138121546961
0.166850828729
0.146961325967
0.170165745856
0.059668508287
0.066298342541
0.079558011050
0.145856353591
0.169060773481
0.164640883978
0.137016574586
0.170165745856
0.064088397790
0.163535911602
0.193370165746
0.207734806630
0.083977900552
0.134806629834
0.095027624309
0.204419889503
0.187845303867
0.134806629834
0.059668508287
0.057458563536
0.057458563536
0.091712707182
0.138121546961
0.187845303867
0.180110497238
0.185635359116
0.173480662983
0.184530386740
0.176795580110
0.195580110497
0.134806629834
0.151381215470
0.161325966851
0.183425414365
0.137016574586
0.184530386740
0.174585635359
0.164640883978
0.132596685083
0.216574585635
0.237569060773
0.226519337017
0.239779005525
0.187845303867
0.172375690608
0.225414364641
0.253038674033
0.187845303867
0.146961325967
0.182320441989
0.241988950276
0.149171270718
0.233149171271
0.144751381215
0.237569060773
0.193370165746
0.220994475138
0.152486187845
0.184530386740
0.182320441989
0.207734806630
0.139226519337
0.134806629834
