0.089211618257
0.116182572614
0.134854771784
0.151452282158
0.154564315353
0.140041493776
0.147302904564
0.142116182573
0.156639004149
0.156639004149
0.181535269710
0.164937759336
0.134854771784
0.112033195021
0.134854771784
0.147302904564
0.078838174274
0.106846473029
0.100622406639
0.145228215768
0.127593360996
0.119294605809
0.118257261411
0.142116182573
0.210580912863
0.250000000000
0.212655601660
0.185684647303
0.184647302905
0.127593360996
0.197095435685
0.218879668050
0.210580912863
0.213692946058
0.240663900415
0.233402489627
0.213692946058
0.112033195021
0.116182572614
0.132780082988
0.193983402490
0.202282157676
0.186721991701
0.202282157676
0.230290456432
0.114107883817
0.193983402490
0.207468879668
0.235477178423
0.139004149378
0.193983402490
0.132780082988
0.230290456432
0.236514522822
0.201244813278
0.112033195021
0.113070539419
0.115145228216
0.124481327801
0.171161825726
0.157676348548
0.198132780083
0.172199170124
0.223029045643
0.205394190871
0.211618257261
0.198132780083
0.192946058091
0.206431535270
0.200207468880
0.217842323651
0.195020746888
0.214730290456
0.228215767635
0.164937759336
0.158713692946
0.149377593361
0.148340248963
0.202282157676
0.227178423237
0.195020746888
0.180497925311
0.199170124481
0.220954356846
0.221991701245
0.172199170124
0.189834024896
0.248962655602
0.158713692946
0.246887966805
0.172199170124
0.232365145228
0.206431535270
0.252074688797
0.192946058091
0.201244813278
0.181535269710
0.215767634855
0.144190871369
0.169087136929
