0.062806673209
0.071638861629
0.079489695780
0.098135426889
0.093228655545
0.088321884200
0.091265947007
0.101079489696
0.120706575074
0.148184494603
0.140333660451
0.158979391560
0.079489695780
0.080471050049
0.082433758587
0.104023552502
0.060843964671
0.065750736016
0.067713444553
0.096172718351
0.092247301276
0.085377821394
0.088321884200
0.153091265947
0.165848871443
0.178606476938
0.147203140334
0.136408243376
0.129538763494
0.106967615309
0.152109911678
0.163886162905
0.137389597645
0.147203140334
0.142296368989
0.160942100098
0.150147203140
0.080471050049
0.090284592738
0.093228655545
0.140333660451
0.142296368989
0.115799803729
0.145240431796
0.157016683023
0.082433758587
0.139352306183
0.156035328754
0.146221786065
0.101079489696
0.140333660451
0.112855740922
0.157998037291
0.147203140334
0.122669283611
0.080471050049
0.080471050049
0.080471050049
0.104023552502
0.144259077527
0.113837095191
0.137389597645
0.113837095191
0.129538763494
0.140333660451
0.134445534838
0.135426889107
0.121687929342
0.151128557409
0.148184494603
0.154072620216
0.150147203140
0.160942100098
0.145240431796
0.111874386654
0.171736997056
0.138370951914
0.152109911678
0.142296368989
0.179587831207
0.145240431796
0.194308145240
0.168792934249
0.204121687929
0.202158979392
0.144259077527
0.129538763494
0.172718351325
0.107948969578
0.150147203140
0.105004906771
0.147203140334
0.133464180569
0.171736997056
0.123650637880
0.136408243376
0.120706575074
0.130520117763
0.090284592738
0.094210009814
