0.082002129925
0.096911608094
0.111821086262
0.137380191693
0.136315228967
0.122470713525
0.126730564430
0.139510117146
0.169329073482
0.155484558040
0.210862619808
0.117145899894
0.157614483493
0.070287539936
0.062832800852
0.110756123536
0.035143769968
0.073482428115
0.074547390841
0.150159744409
0.127795527157
0.110756123536
0.111821086262
0.183173588924
0.237486687966
0.268370607029
0.238551650692
0.139510117146
0.166134185304
0.094781682641
0.174653887114
0.215122470714
0.239616613419
0.143769968051
0.187433439830
0.198083067093
0.202342917998
0.070287539936
0.077742279020
0.096911608094
0.141640042599
0.143769968051
0.119275825346
0.155484558040
0.210862619808
0.072417465389
0.195953141640
0.206602768903
0.221512247071
0.092651757188
0.122470713525
0.111821086262
0.219382321619
0.181043663472
0.148029818956
0.070287539936
0.071352502662
0.072417465389
0.111821086262
0.160809371672
0.197018104366
0.218317358892
0.214057507987
0.205537806177
0.219382321619
0.173588924388
0.208732694356
0.168264110756
0.173588924388
0.166134185304
0.184238551651
0.158679446219
0.169329073482
0.178913738019
0.128860489883
0.195953141640
0.161874334398
0.168264110756
0.211927582535
0.228966986155
0.202342917998
0.190628328009
0.161874334398
0.230031948882
0.216187433440
0.138445154420
0.187433439830
0.236421725240
0.170394036209
0.234291799787
0.143769968051
0.210862619808
0.203407880724
0.183173588924
0.124600638978
0.169329073482
0.188498402556
0.224707135250
0.136315228967
0.135250266241
