0.077217125382
0.108562691131
0.131498470948
0.185015290520
0.187308868502
0.181192660550
0.188073394495
0.185779816514
0.187308868502
0.198012232416
0.198012232416
0.155963302752
0.126911314985
0.094036697248
0.128440366972
0.170489296636
0.085626911315
0.101681957187
0.095565749235
0.146024464832
0.127675840979
0.115443425076
0.103975535168
0.063455657492
0.170489296636
0.207951070336
0.199541284404
0.146788990826
0.139143730887
0.107798165138
0.175840978593
0.217125382263
0.201070336391
0.219418960245
0.224770642202
0.224770642202
0.208715596330
0.094036697248
0.102446483180
0.113914373089
0.218654434251
0.228593272171
0.210244648318
0.198012232416
0.227064220183
0.097859327217
0.202599388379
0.229357798165
0.224006116208
0.133792048930
0.172782874618
0.137614678899
0.227064220183
0.223241590214
0.162844036697
0.094036697248
0.094801223242
0.099388379205
0.131498470948
0.179663608563
0.185779816514
0.224770642202
0.196483180428
0.237003058104
0.222477064220
0.226299694190
0.219418960245
0.181957186544
0.188073394495
0.185779816514
0.190366972477
0.204892966361
0.217889908257
0.243883792049
0.150611620795
0.110091743119
0.160550458716
0.188073394495
0.231651376147
0.231651376147
0.204128440367
0.160550458716
0.208715596330
0.243883792049
0.174311926606
0.185015290520
0.170489296636
0.257645259939
0.131498470948
0.270642201835
0.149082568807
0.254587155963
0.181192660550
0.271406727829
0.163608562691
0.216360856269
0.170489296636
0.214831804281
0.115443425076
0.157492354740
