0.152284263959
0.174619289340
0.198984771574
0.232487309645
0.226395939086
0.219289340102
0.229441624365
0.233502538071
0.259898477157
0.234517766497
0.303553299492
0.122842639594
0.247715736041
0.023350253807
0.110659898477
0.164467005076
0.053807106599
0.122842639594
0.137055837563
0.236548223350
0.192893401015
0.160406091371
0.180710659898
0.108629441624
0.209137055838
0.304568527919
0.289340101523
0.105583756345
0.197969543147
0.052791878173
0.202030456853
0.270050761421
0.312690355330
0.143147208122
0.248730964467
0.189847715736
0.271065989848
0.023350253807
0.028426395939
0.042639593909
0.141116751269
0.155329949239
0.157360406091
0.171573604061
0.253807106599
0.033502538071
0.218274111675
0.256852791878
0.306598984772
0.047715736041
0.086294416244
0.092385786802
0.285279187817
0.206091370558
0.150253807107
0.023350253807
0.024365482234
0.024365482234
0.102538071066
0.162436548223
0.279187817259
0.287309644670
0.303553299492
0.219289340102
0.271065989848
0.204060913706
0.275126903553
0.152284263959
0.172588832487
0.186802030457
0.215228426396
0.106598984772
0.167512690355
0.190862944162
0.205076142132
0.140101522843
0.144162436548
0.203045685279
0.297461928934
0.287309644670
0.271065989848
0.127918781726
0.189847715736
0.254822335025
0.209137055838
0.117766497462
0.259898477157
0.296446700508
0.216243654822
0.289340101523
0.144162436548
0.261928934010
0.241624365482
0.238578680203
0.123857868020
0.169543147208
0.249746192893
0.287309644670
0.204060913706
0.145177664975
