0.108042242080
0.114541023558
0.119415109667
0.113728675873
0.106417546710
0.095857026807
0.095044679123
0.097481722177
0.116165718928
0.120227457352
0.138099106418
0.195775792039
0.129975629569
0.176279447604
0.072298943948
0.107229894395
0.043866774980
0.095857026807
0.110479285134
0.121852152721
0.123476848091
0.099106417547
0.119415109667
0.083671811535
0.152721364744
0.165718927701
0.144597887896
0.186839967506
0.198212835093
0.177091795288
0.214459788790
0.216896831844
0.199025182778
0.229894394801
0.223395613323
0.268074735987
0.232331437855
0.176279447604
0.185215272136
0.186027619821
0.206336311942
0.198212835093
0.165718927701
0.243704305443
0.256701868400
0.177904142973
0.229082047116
0.205523964257
0.251827782291
0.193338748985
0.217709179529
0.199025182778
0.264825345248
0.273761169781
0.196588139724
0.176279447604
0.175467099919
0.174654752234
0.194963444354
0.225020308692
0.169780666125
0.220146222583
0.172217709180
0.258326563769
0.233143785540
0.247766043867
0.208773354996
0.280259951259
0.276198212835
0.278635255890
0.268887083672
0.241267262388
0.219333874898
0.257514216084
0.114541023558
0.125913891145
0.158407798538
0.155970755483
0.176279447604
0.186027619821
0.168155970755
0.121039805037
0.139723801787
0.156783103168
0.158407798538
0.217709179529
0.207961007311
0.262388302193
0.184402924452
0.251827782291
0.142160844842
0.245329000812
0.256701868400
0.260763606824
0.192526401300
0.232331437855
0.214459788790
0.220958570268
0.189277010561
0.171405361495
