4.127273082733
4.122929573059
4.121066570282
4.116802692413
4.113389492035
4.109237194061
4.104560852051
4.100495338440
4.094747543335
4.090718269348
4.084059715271
4.080033302307
4.072568893433
4.068531990051
4.060360908508
4.056272029877
4.047410964966
4.043229579926
4.033718109131
4.029411315918
4.019231319427
4.014734745026
4.003822803497
3.999037742615
3.987265586853
3.982085227966
3.969273805618
3.963517189026
3.949415683746
3.942852973938
3.927011489868
3.919211387634
3.901014804840
3.891455173492
3.870121479034
3.858225345612
3.833255767822
3.819138050079
3.791224241257
3.775844097137
3.749040603638
3.732837677002
3.718165874481
3.701580047607
3.849395513535
4.381318092346
3.801779747009
3.765234231949
3.882099628448
3.840446949005
3.870219707489
3.840300559998
3.852152347565
3.828390598297
3.833498954773
3.813708305359
3.814623832703
3.797647953033
3.795564413071
3.781142473221
3.776796340942
3.764770507812
3.758751869202
3.748677253723
3.741583824158
3.732857227325
3.725023031235
3.716953277588
3.708514213562
3.700762748718
3.691645145416
3.683991909027
3.674112558365
3.666385173798
3.655669212341
3.647832632065
3.636246204376
3.628184318542
3.615640640259
3.607146501541
3.593534231186
3.584380865097
3.569448947906
3.559192657471
3.542607784271
3.530632019043
3.512043952942
3.498186588287
3.478260517120
3.463243484497
3.445240020752
3.430665016174
3.420074224472
3.402371883392
3.408033370972
3.374017715454
3.432227134705
3.401163578033
3.565653800964
3.572728395462
