4.130991935730
4.126503944397
4.124591350555
4.120206832886
4.116688728333
4.112387657166
4.107535362244
4.103324890137
4.097355842590
4.093172073364
4.086211681366
4.082003593445
4.074177742004
4.069973945618
4.061402320862
4.057148456573
4.047877788544
4.043534278870
4.033583641052
4.029106140137
4.018447399139
4.013785362244
4.002358913422
3.997417688370
3.985125541687
3.979810237885
3.966483592987
3.960597515106
3.945969581604
3.939244747162
3.922850608826
3.915041923523
3.896358966827
3.887145042419
3.865532875061
3.854620456696
3.829769611359
3.817573785782
3.790408611298
3.778730869293
3.752621650696
3.743766784668
3.723320960999
3.739170551300
3.811836719513
4.585288047791
3.789715290070
3.760737657547
3.840521335602
3.813253164291
3.828635215759
3.809793949127
3.811292171478
3.796644210815
3.792808055878
3.780951023102
3.773886680603
3.764098167419
3.754992723465
3.746878385544
3.736342430115
3.729716777802
3.718300342560
3.712777137756
3.700952053070
3.696025371552
3.683969020844
3.679296731949
3.667009830475
3.662453174591
3.649860382080
3.645330905914
3.632347345352
3.627818107605
3.614335060120
3.609872102737
3.595862388611
3.591507434845
3.576951980591
3.572647809982
3.557451248169
3.553083896637
3.537104606628
3.532539844513
3.515535354614
3.510575056076
3.492432594299
3.487106323242
3.468264579773
3.463203907013
3.445111751556
3.439903259277
3.422913789749
3.417314052582
3.400381088257
3.407516956329
3.392186641693
3.521122932434
3.464900016785
3.779141426086
