4.130918502808
4.126872062683
4.125127315521
4.121140003204
4.117935180664
4.113996505737
4.109579086304
4.105678558350
4.100223064423
4.096341133118
4.090001106262
4.086100101471
4.078989505768
4.075013160706
4.067187309265
4.063124179840
4.054610729218
4.050452232361
4.041269779205
4.036978721619
4.027113914490
4.022622108459
4.012023448944
4.007256507874
3.995813369751
3.990668773651
3.978219985962
3.972557067871
3.958848953247
3.952382564545
3.936963081360
3.929272651672
3.911504268646
3.902118206024
3.881212711334
3.869813442230
3.845130205154
3.831918001175
3.803823471069
3.790606975555
3.761507987976
3.751869201660
3.724536418915
3.744797229767
3.787650108337
4.595171928406
3.792519092560
3.769703388214
3.833152770996
3.812572717667
3.819446563721
3.804917335510
3.801843643188
3.790445327759
3.784435272217
3.774838685989
3.767046928406
3.758397579193
3.749284267426
3.741560459137
3.731292247772
3.724609136581
3.713570594788
3.707828044891
3.696438312531
3.691418409348
3.679949045181
3.675415992737
3.663997173309
3.659727573395
3.648343563080
3.644134998322
3.632664203644
3.628317356110
3.616574764252
3.611920833588
3.599756717682
3.594670772552
3.581860065460
3.576198339462
3.562459468842
3.556056261063
3.540979862213
3.533597469330
3.516696691513
3.507951021194
3.488553524017
3.478306770325
3.456372261047
3.445481061935
3.422585725784
3.413185596466
3.391867160797
3.384601831436
3.367126941681
3.368127346039
3.365392684937
3.459073066711
3.447333812714
3.688976049423
