4.137690544128
4.133916854858
4.132259368896
4.128439426422
4.125342845917
4.121479988098
4.117161750793
4.113292694092
4.107947349548
4.104051589966
4.097791671753
4.093842983246
4.086751461029
4.082747936249
4.074920654297
4.070887565613
4.062405586243
4.058323860168
4.049225330353
4.045074939728
4.035386562347
4.031131267548
4.020832538605
4.016369819641
4.005393028259
4.000619888306
3.988806247711
3.983530044556
3.970629692078
3.964613437653
3.950267553329
3.943204402924
3.926877498627
3.918353557587
3.899427413940
3.889022350311
3.866925477982
3.854527473450
3.829532384872
3.816053867340
3.790128469467
3.777890682220
3.753641605377
3.766242027283
3.805979251862
4.581933975220
3.785309314728
3.769157171249
3.822349548340
3.807505607605
3.812034606934
3.801196098328
3.797944545746
3.788903236389
3.783708095551
3.775659561157
3.769529342651
3.761715412140
3.754809856415
3.747146844864
3.739368438721
3.731946468353
3.723328590393
3.716215610504
3.706986427307
3.700116157532
3.690297603607
3.683560848236
3.673149108887
3.666566848755
3.655508041382
3.649149417877
3.637488126755
3.631390571594
3.619165420532
3.613368034363
3.600620269775
3.595061302185
3.581792593002
3.576322793961
3.562446355820
3.556769371033
3.542063236237
3.535773277283
3.519846677780
3.512600898743
3.495107889175
3.486716747284
3.467787981033
3.459025382996
3.440279006958
3.432424545288
3.415043354034
3.409206151962
3.391775608063
3.399588108063
3.381592035294
3.504887580872
3.428580760956
3.737987995148
