4.136871337891
4.132994651794
4.131311416626
4.127447605133
4.124323844910
4.120439529419
4.116080284119
4.112195491791
4.106807708740
4.102903366089
4.096590518951
4.092645645142
4.085515499115
4.081554412842
4.073730945587
4.069741725922
4.061277389526
4.057226657867
4.048155784607
4.044021606445
4.034358024597
4.030086517334
4.019794464111
4.015303134918
4.004315853119
3.999508380890
3.987681150436
3.982386589050
3.969476222992
3.963397979736
3.948971986771
3.941800117493
3.925270557404
3.916508197784
3.897134780884
3.886313676834
3.863442420959
3.850523233414
3.824385643005
3.810862064362
3.783818244934
3.773369312286
3.748693466187
3.767984390259
3.810736894608
4.613107681274
3.797446727753
3.774335622787
3.831763267517
3.812035560608
3.818087100983
3.804438114166
3.802315235138
3.791279792786
3.786581993103
3.777112960815
3.770964622498
3.762253761292
3.755149126053
3.746978998184
3.738929271698
3.731255054474
3.722309112549
3.715163707733
3.705562591553
3.698875427246
3.688721895218
3.682292938232
3.671583652496
3.665364742279
3.654041767120
3.648034334183
3.636081933975
3.630267620087
3.617675781250
3.612153053284
3.599005222321
3.593734741211
3.580035209656
3.574877500534
3.560568332672
3.555249691010
3.540127038956
3.534334659576
3.518079042435
3.511568069458
3.493884801865
3.486668109894
3.467826128006
3.460655450821
3.442152261734
3.436480998993
3.419414997101
3.416915893555
3.400813102722
3.411936759949
3.398017644882
3.520931243896
3.458754539490
3.747820615768
