4.146702766418
4.142798423767
4.141104698181
4.137214183807
4.134057521820
4.130130767822
4.125716209412
4.121755123138
4.116241931915
4.112252712250
4.105788230896
4.101780891418
4.094482421875
4.090441703796
4.082392692566
4.078350067139
4.069661617279
4.065623283386
4.056361198425
4.052317619324
4.042533874512
4.038442611694
4.028126239777
4.023886680603
4.012998104095
4.008503437042
3.996901035309
3.991967201233
3.979409694672
3.973818302155
3.960016250610
3.953648567200
3.938188076019
3.930761337280
3.913171768188
3.904618740082
3.884508132935
3.874851465225
3.852353096008
3.843170166016
3.818425178528
3.815523624420
3.780221939087
3.846202373505
3.753554105759
4.858157157898
3.760132312775
3.758386850357
3.770292282104
3.772700548172
3.765118598938
3.766681194305
3.755610466003
3.756189346313
3.744890689850
3.744809150696
3.733459949493
3.732671737671
3.721645355225
3.720038890839
3.709300994873
3.706828594208
3.696202278137
3.692961215973
3.682369709015
3.678556203842
3.667777538300
3.663555145264
3.652413845062
3.648033618927
3.636382102966
3.632043361664
3.619834899902
3.615747928619
3.603048324585
3.599476814270
3.586419582367
3.583393096924
3.570132493973
3.567651510239
3.554350852966
3.552279472351
3.539041996002
3.537206172943
3.524089336395
3.522506952286
3.509860992432
3.508704662323
3.497312784195
3.496910810471
3.487985610962
3.487237453461
3.480021476746
3.480993986130
3.469709396362
3.493459224701
3.457503318787
3.643065929413
3.468671321869
3.911882638931
