4.136039733887
4.115871429443
4.096150398254
4.075989723206
4.054992198944
4.033155441284
4.008790016174
3.982037067413
3.945290088654
3.930479049683
3.978657722473
3.917881250381
3.894835233688
3.862122535706
3.875873565674
3.880789756775
3.848982334137
3.813411951065
3.769208431244
3.715328216553
3.662245035172
3.691661834717
4.070643901825
3.771267890930
3.729622840881
3.690866947174
3.675336360931
3.708806276321
3.719313144684
3.703565120697
3.688055992126
3.672557592392
3.656810760498
3.640481948853
3.622906684875
3.602931022644
3.578835487366
3.547295331955
3.500767707825
3.469901084900
3.511273622513
3.537959098816
3.508030653000
3.473968029022
3.422914505005
3.391937732697
3.384362220764
3.485941171646
3.469302415848
3.456035614014
3.442870616913
3.429709911346
3.416494607925
3.403072118759
3.389310598373
3.374972820282
3.359847068787
3.343693256378
3.326300144196
3.307417392731
3.286231040955
3.261021375656
3.230488061905
3.202097177505
3.186610698700
3.169246912003
3.157864570618
3.142586231232
3.190438747406
3.259274482727
3.234109401703
3.202867746353
3.163937568665
3.119159698486
3.077098131180
3.065215110779
3.051837444305
3.164705038071
3.194850206375
3.182109832764
3.169401645660
3.156546831131
3.143297195435
3.129218101501
3.113425254822
3.094695329666
3.071561098099
3.043836593628
3.013248920441
2.982052564621
2.964997291565
3.036333084106
3.094374179840
3.053802490234
3.029860019684
2.984693050385
2.970174789429
2.944074153900
3.004778862000
3.033206224442
