4.141108036041
4.117713928223
4.096343994141
4.075332164764
4.053924560547
4.030952453613
4.005887031555
3.975734710693
3.941205501556
3.907245635986
4.044037342072
3.891281843185
3.860059022903
3.851661682129
3.842378139496
3.889665126801
3.851690292358
3.818177461624
3.780515670776
3.733776092529
3.675949573517
3.623170852661
4.261128425598
3.744803190231
3.694677829742
3.653712272644
3.645297527313
3.655632257462
3.713924884796
3.698794364929
3.683784008026
3.668633699417
3.653014659882
3.636464595795
3.618118762970
3.596312761307
3.567510604858
3.524511337280
3.462507486343
3.442027091980
3.460435390472
3.545943975449
3.517553806305
3.480875492096
3.418888807297
3.369068622589
3.363936424255
3.411967039108
3.485992431641
3.472451210022
3.459077835083
3.445842742920
3.432635545731
3.419431686401
3.406091213226
3.392451047897
3.378316402435
3.363399744034
3.347348451614
3.329639434814
3.309134960175
3.283863067627
3.251841068268
3.218229055405
3.192306995392
3.169332265854
3.149343967438
3.135324954987
3.165327072144
3.264422416687
3.242069959641
3.212555408478
3.175754070282
3.132441759109
3.079887390137
3.049176454544
3.044605493546
3.123470067978
3.209036588669
3.196058034897
3.183344841003
3.170737266541
3.158007860184
3.144791841507
3.130504369736
3.114105939865
3.094194889069
3.068844318390
3.036606311798
3.002918481827
2.975155591965
3.044019699097
3.061857223511
3.043730974197
2.992006301880
2.969038248062
2.926965475082
2.937915086746
2.941892623901
3.050846338272
