4.134289741516
4.111388683319
4.089526176453
4.068107128143
4.046044349670
4.021450042725
3.993167400360
3.956016540527
3.916289091110
3.857307434082
4.111321449280
3.863373517990
3.788315534592
3.842957973480
3.749111652374
3.917630195618
3.874292373657
3.837405204773
3.795617103577
3.740571498871
3.660395860672
3.579004764557
4.375300407410
3.708332061768
3.641526222229
3.602375984192
3.566238403320
3.586601257324
3.722227096558
3.705544471741
3.688609600067
3.670905351639
3.651671409607
3.629781723022
3.603058815002
3.567573070526
3.516735076904
3.444980859756
3.380336523056
3.382665634155
3.332657337189
3.606109142303
3.562328577042
3.524667739868
3.460668563843
3.347217321396
3.287662982941
3.298463582993
3.516181468964
3.501230716705
3.486482620239
3.471852302551
3.457253694534
3.442612648010
3.427776575089
3.412487983704
3.396417617798
3.379035234451
3.359680175781
3.337234973907
3.309848308563
3.274274587631
3.225909709930
3.166045188904
3.118147850037
3.096809864044
3.066206932068
3.073357105255
3.063330650330
3.286076784134
3.257464408875
3.220360040665
3.172295570374
3.110150098801
3.023557901382
2.967289924622
2.991466045380
2.998399019241
3.242715120316
3.227956771851
3.213513851166
3.199158430099
3.184654235840
3.169608592987
3.153177738190
3.134149789810
3.110692977905
3.080402851105
3.041245937347
2.993052244186
2.938085079193
2.955006599426
3.076268434525
3.050910234451
2.987411022186
2.956249237061
2.893150806427
2.921001434326
2.880198955536
3.075946569443
