4.132342815399
4.114449024200
4.095391273499
4.075632095337
4.054368495941
4.031763076782
4.004692077637
3.972513198853
3.931800365448
3.888875007629
4.045523643494
3.903528451920
3.833169221878
3.866675376892
3.794297218323
3.888912677765
3.871654987335
3.841371536255
3.798737049103
3.739317893982
3.635555505753
3.630095958710
3.955703258514
3.720601081848
3.677699089050
3.671769142151
3.615716457367
3.688404083252
3.711937427521
3.696040630341
3.679800987244
3.662830591202
3.644485950470
3.623736858368
3.598646163940
3.565931081772
3.520503520966
3.462853431702
3.442130565643
3.453326702118
3.367593765259
3.616537094116
3.572289228439
3.548569679260
3.516246557236
3.423187494278
3.333435535431
3.411033153534
3.477195262909
3.464294433594
3.451525211334
3.438847541809
3.426215410233
3.413524150848
3.400665044785
3.387497425079
3.373876571655
3.359503507614
3.343976974487
3.326337814331
3.304489135742
3.275106191635
3.234629631042
3.187163114548
3.149539947510
3.136389017105
3.111772537231
3.119983673096
3.113241672516
3.271818876266
3.249470472336
3.224632740021
3.191843986511
3.139651060104
3.069320678711
3.025433301926
3.030902624130
3.098268032074
3.193582057953
3.181998491287
3.170622348785
3.159333705902
3.147981166840
3.136212825775
3.123498916626
3.109194755554
3.092538833618
3.072141647339
3.043589591980
3.008050441742
2.956275701523
3.008183956146
3.091227769852
3.052677869797
3.036417484283
2.984936237335
2.964798212051
2.917338371277
2.939621448517
3.022203445435
