0.067005076142
0.178680203046
0.222335025381
0.230456852792
0.204060913706
0.247715736041
0.135025380711
0.258883248731
0.071065989848
0.156345177665
0.135025380711
0.101522842640
0.102538071066
0.124873096447
0.142131979695
0.164467005076
0.172588832487
0.176649746193
0.163451776650
0.105583756345
0.151269035533
0.094416243655
0.156345177665
0.148223350254
0.139086294416
0.079187817259
0.151269035533
0.267005076142
0.271065989848
0.274111675127
0.249746192893
0.244670050761
0.165482233503
0.268020304569
0.045685279188
0.045685279188
0.072081218274
0.154314720812
0.150253807107
0.160406091371
0.131979695431
0.148223350254
0.171573604061
0.145177664975
0.156345177665
0.160406091371
0.023350253807
0.023350253807
0.023350253807
0.046700507614
0.100507614213
0.154314720812
0.206091370558
0.121827411168
0.283248730964
0.283248730964
0.279187817259
0.188832487310
0.119796954315
0.183756345178
0.106598984772
0.144162436548
0.138071065990
0.235532994924
0.274111675127
0.274111675127
0.265989847716
0.211167512690
0.208121827411
0.155329949239
0.289340101523
0.146192893401
0.128934010152
0.114720812183
0.149238578680
0.192893401015
0.162436548223
0.154314720812
0.240609137056
0.171573604061
0.151269035533
0.195939086294
0.254822335025
0.257868020305
0.174619289340
0.175634517766
0.143147208122
0.190862944162
0.193908629442
0.187817258883
0.147208121827
0.224365482234
0.129949238579
0.189847715736
0.045685279188
0.047715736041
0.050761421320
0.058883248731
0.065989847716
0.083248730964
