0.089358245329
0.101543460601
0.117790414297
0.127538586515
0.125913891145
0.198212835093
0.181153533712
0.221770917953
0.107229894395
0.111291632819
0.099918765232
0.082859463851
0.082047116166
0.099106417547
0.138911454102
0.142973192526
0.140536149472
0.140536149472
0.143785540211
0.115353371243
0.122664500406
0.108854589764
0.132412672624
0.129975629569
0.119415109667
0.094232331438
0.108042242080
0.112916328188
0.109666937449
0.109666937449
0.110479285134
0.136474411048
0.151096669374
0.176279447604
0.044679122665
0.044679122665
0.062550771730
0.149471974005
0.160844841592
0.185215272136
0.161657189277
0.124289195776
0.225020308692
0.211210398050
0.216896831844
0.179528838343
0.176279447604
0.176279447604
0.176279447604
0.184402924452
0.196588139724
0.177904142973
0.175467099919
0.116978066613
0.087733549959
0.088545897644
0.127538586515
0.206336311942
0.206336311942
0.214459788790
0.203899268887
0.073923639318
0.073111291633
0.087733549959
0.099106417547
0.099106417547
0.100731112916
0.103168155971
0.134037367994
0.154346060114
0.093419983753
0.173842404549
0.156783103168
0.140536149472
0.117790414297
0.154346060114
0.129163281885
0.124289195776
0.166531275386
0.148659626320
0.108042242080
0.110479285134
0.138099106418
0.164094232331
0.124289195776
0.123476848091
0.166531275386
0.207148659626
0.158407798538
0.181153533712
0.116165718928
0.214459788790
0.241267262388
0.232331437855
0.044679122665
0.047928513404
0.055239642567
0.073111291633
0.096669374492
0.111291632819
