0.057868020305
0.123857868020
0.112690355330
0.112690355330
0.108629441624
0.155329949239
0.218274111675
0.159390862944
0.084263959391
0.075126903553
0.075126903553
0.064974619289
0.063959390863
0.073096446701
0.080203045685
0.104568527919
0.099492385787
0.104568527919
0.101522842640
0.076142131980
0.078172588832
0.075126903553
0.101522842640
0.088324873096
0.076142131980
0.054822335025
0.069035532995
0.115736040609
0.124873096447
0.123857868020
0.122842639594
0.127918781726
0.118781725888
0.169543147208
0.202030456853
0.202030456853
0.187817258883
0.174619289340
0.143147208122
0.109644670051
0.087309644670
0.079187817259
0.124873096447
0.113705583756
0.118781725888
0.106598984772
0.081218274112
0.081218274112
0.081218274112
0.096446700508
0.106598984772
0.124873096447
0.144162436548
0.090355329949
0.125888324873
0.129949238579
0.178680203046
0.180710659898
0.160406091371
0.178680203046
0.132994923858
0.211167512690
0.211167512690
0.206091370558
0.189847715736
0.182741116751
0.169543147208
0.161421319797
0.172588832487
0.130964467005
0.145177664975
0.091370558376
0.126903553299
0.089340101523
0.075126903553
0.117766497462
0.109644670051
0.084263959391
0.150253807107
0.115736040609
0.070050761421
0.094416243655
0.146192893401
0.158375634518
0.129949238579
0.108629441624
0.172588832487
0.158375634518
0.142131979695
0.136040609137
0.124873096447
0.147208121827
0.171573604061
0.140101522843
0.202030456853
0.197969543147
0.202030456853
0.196954314721
0.205076142132
0.216243654822
