0.120267260579
0.119153674833
0.093541202673
0.096881959911
0.090200445434
0.158129175947
0.248329621381
0.150334075724
0.104677060134
0.065701559020
0.105790645880
0.154788418708
0.155902004454
0.151447661470
0.150334075724
0.136971046771
0.126948775056
0.122494432071
0.101336302895
0.126948775056
0.077951002227
0.129175946548
0.118040089087
0.141425389755
0.093541202673
0.125835189310
0.050111358575
0.091314031180
0.094654788419
0.089086859688
0.104677060134
0.122494432071
0.121380846325
0.132516703786
0.195991091314
0.197104677060
0.183741648107
0.178173719376
0.173719376392
0.130289532294
0.146993318486
0.060133630290
0.130289532294
0.109131403118
0.146993318486
0.110244988864
0.115812917595
0.115812917595
0.115812917595
0.121380846325
0.128062360802
0.134743875278
0.131403118040
0.126948775056
0.075723830735
0.075723830735
0.126948775056
0.171492204900
0.164810690423
0.169265033408
0.157015590200
0.206013363029
0.203786191537
0.179287305122
0.154788418708
0.135857461024
0.113585746102
0.104677060134
0.123608017817
0.125835189310
0.089086859688
0.157015590200
0.113585746102
0.142538975501
0.071269487751
0.122494432071
0.148106904232
0.075723830735
0.136971046771
0.144766146993
0.050111358575
0.062360801782
0.109131403118
0.145879732739
0.121380846325
0.085746102450
0.183741648107
0.146993318486
0.152561247216
0.202672605791
0.114699331849
0.124721603563
0.202672605791
0.129175946548
0.197104677060
0.200445434298
0.194877505568
0.208240534521
0.217149220490
0.248329621381
