0.123857868020
0.100507614213
0.105583756345
0.113705583756
0.112690355330
0.193908629442
0.196954314721
0.175634517766
0.135025380711
0.092385786802
0.090355329949
0.090355329949
0.090355329949
0.099492385787
0.117766497462
0.145177664975
0.144162436548
0.130964467005
0.123857868020
0.123857868020
0.099492385787
0.121827411168
0.119796954315
0.141116751269
0.108629441624
0.122842639594
0.087309644670
0.102538071066
0.100507614213
0.098477157360
0.106598984772
0.121827411168
0.123857868020
0.142131979695
0.085279187817
0.085279187817
0.100507614213
0.146192893401
0.156345177665
0.147208121827
0.160406091371
0.097461928934
0.183756345178
0.165482233503
0.191878172589
0.146192893401
0.149238578680
0.149238578680
0.149238578680
0.153299492386
0.164467005076
0.155329949239
0.148223350254
0.129949238579
0.075126903553
0.076142131980
0.118781725888
0.181725888325
0.176649746193
0.191878172589
0.169543147208
0.101522842640
0.100507614213
0.106598984772
0.106598984772
0.107614213198
0.103553299492
0.105583756345
0.119796954315
0.157360406091
0.083248730964
0.170558375635
0.152284263959
0.147208121827
0.095431472081
0.132994923858
0.142131979695
0.109644670051
0.142131979695
0.143147208122
0.086294416244
0.098477157360
0.121827411168
0.147208121827
0.121827411168
0.117766497462
0.175634517766
0.173604060914
0.140101522843
0.186802030457
0.103553299492
0.181725888325
0.213197969543
0.201015228426
0.085279187817
0.087309644670
0.091370558376
0.102538071066
0.129949238579
0.143147208122
