0.117775354417
0.178844056707
0.178844056707
0.130861504907
0.131952017448
0.078516902944
0.117775354417
0.130861504907
0.100327153762
0.177753544166
0.154852780807
0.130861504907
0.078516902944
0.136314067612
0.136314067612
0.136314067612
0.136314067612
0.136314067612
0.136314067612
0.136314067612
0.136314067612
0.136314067612
0.136314067612
0.136314067612
0.136314067612
0.136314067612
0.136314067612
0.136314067612
0.136314067612
0.136314067612
0.136314067612
0.136314067612
0.136314067612
0.136314067612
0.136314067612
0.136314067612
0.136314067612
0.136314067612
0.136314067612
0.136314067612
0.136314067612
0.136314067612
0.136314067612
0.136314067612
0.136314067612
0.136314067612
0.136314067612
0.136314067612
0.136314067612
0.136314067612
0.136314067612
0.136314067612
0.136314067612
0.136314067612
0.136314067612
0.136314067612
0.136314067612
0.136314067612
0.136314067612
0.136314067612
0.136314067612
0.136314067612
0.136314067612
0.136314067612
0.136314067612
0.136314067612
0.136314067612
0.136314067612
0.136314067612
0.136314067612
0.136314067612
0.136314067612
0.136314067612
0.136314067612
0.136314067612
0.136314067612
0.136314067612
0.136314067612
0.136314067612
0.136314067612
0.136314067612
0.136314067612
0.136314067612
0.136314067612
0.136314067612
0.136314067612
0.136314067612
0.136314067612
0.136314067612
0.136314067612
0.136314067612
0.136314067612
0.136314067612
0.136314067612
0.136314067612
0.136314067612
0.136314067612
0.136314067612
0.136314067612
0.136314067612
