0.043035107588
0.169875424689
0.090600226501
0.117780294451
0.155152887882
0.063420158550
0.043035107588
0.117780294451
0.074745186863
0.151755379388
0.171007927520
0.117780294451
0.063420158550
0.045300113250
0.045300113250
0.045300113250
0.045300113250
0.045300113250
0.045300113250
0.045300113250
0.045300113250
0.045300113250
0.045300113250
0.045300113250
0.045300113250
0.045300113250
0.045300113250
0.045300113250
0.045300113250
0.045300113250
0.045300113250
0.045300113250
0.045300113250
0.045300113250
0.045300113250
0.045300113250
0.045300113250
0.045300113250
0.045300113250
0.045300113250
0.045300113250
0.045300113250
0.045300113250
0.045300113250
0.045300113250
0.045300113250
0.045300113250
0.045300113250
0.045300113250
0.045300113250
0.045300113250
0.045300113250
0.045300113250
0.045300113250
0.045300113250
0.045300113250
0.045300113250
0.045300113250
0.045300113250
0.045300113250
0.045300113250
0.045300113250
0.045300113250
0.045300113250
0.045300113250
0.045300113250
0.045300113250
0.045300113250
0.045300113250
0.045300113250
0.045300113250
0.045300113250
0.045300113250
0.045300113250
0.045300113250
0.045300113250
0.045300113250
0.045300113250
0.045300113250
0.045300113250
0.045300113250
0.045300113250
0.045300113250
0.045300113250
0.045300113250
0.045300113250
0.045300113250
0.045300113250
0.045300113250
0.045300113250
0.045300113250
0.045300113250
0.045300113250
0.045300113250
0.045300113250
0.045300113250
0.045300113250
0.045300113250
0.045300113250
0.045300113250
