0.175862068966
0.117241379310
0.121551724138
0.100862068966
0.053448275862
0.076724137931
0.180172413793
0.100862068966
0.087931034483
0.087068965517
0.072413793103
0.100862068966
0.076724137931
0.085344827586
0.085344827586
0.085344827586
0.085344827586
0.085344827586
0.085344827586
0.085344827586
0.085344827586
0.085344827586
0.085344827586
0.085344827586
0.085344827586
0.085344827586
0.085344827586
0.085344827586
0.085344827586
0.085344827586
0.085344827586
0.085344827586
0.085344827586
0.085344827586
0.085344827586
0.085344827586
0.085344827586
0.085344827586
0.085344827586
0.085344827586
0.085344827586
0.085344827586
0.085344827586
0.085344827586
0.085344827586
0.085344827586
0.085344827586
0.085344827586
0.085344827586
0.085344827586
0.085344827586
0.085344827586
0.085344827586
0.085344827586
0.085344827586
0.085344827586
0.085344827586
0.085344827586
0.085344827586
0.085344827586
0.085344827586
0.085344827586
0.085344827586
0.085344827586
0.085344827586
0.085344827586
0.085344827586
0.085344827586
0.085344827586
0.085344827586
0.085344827586
0.085344827586
0.085344827586
0.085344827586
0.085344827586
0.085344827586
0.085344827586
0.085344827586
0.085344827586
0.085344827586
0.085344827586
0.085344827586
0.085344827586
0.085344827586
0.085344827586
0.085344827586
0.085344827586
0.085344827586
0.085344827586
0.085344827586
0.085344827586
0.085344827586
0.085344827586
0.085344827586
0.085344827586
0.085344827586
0.085344827586
0.085344827586
0.085344827586
0.085344827586
