4.133440017700
4.128887653351
4.126682758331
4.122241020203
4.117933273315
4.113605976105
4.107324600220
4.103115081787
4.094961166382
4.090823173523
4.080841064453
4.076712131500
4.064889907837
4.060705184937
4.046990394592
4.042722702026
4.027066230774
4.022662639618
4.004914760590
4.000299453735
3.980180025101
3.975189685822
3.952308177948
3.946720361710
3.920481681824
3.914025306702
3.883546352386
3.875739097595
3.839785575867
3.830090284348
3.787657260895
3.776266574860
3.728770494461
3.717320919037
3.674449205399
3.661107540131
3.652713775635
3.818165302277
4.256636619568
3.760567665100
3.645051002502
3.625570774078
3.702263116837
3.650298357010
3.781289577484
3.630026340485
3.685641288757
3.607365369797
3.689524173737
3.568310260773
3.607203245163
3.555523157120
3.665427446365
3.520108938217
3.546932697296
3.580934047699
3.673651695251
3.471712350845
3.562119960785
3.416250705719
3.489247322083
3.375973463058
3.610389709473
3.382879972458
3.359451770782
3.402332305908
3.775698661804
3.505345821381
3.316036224365
3.434818983078
3.767277717590
3.821414947510
3.348924636841
3.334212064743
3.358994007111
3.336683750153
3.334976196289
3.320281505585
3.320832490921
3.300686836243
3.319005489349
3.289514064789
3.290324211121
3.272505283356
3.330828666687
3.268813610077
3.322401523590
3.266582012177
3.420928001404
3.305492162704
3.362467765808
3.364233255386
3.365923881531
3.337957859039
3.405418395996
3.376994132996
3.399676561356
3.394456863403
3.406243801117
3.382850408554
