4.131266593933
4.126908302307
4.124794483185
4.120535850525
4.116424560547
4.112261772156
4.106225013733
4.102098941803
4.094235420227
4.090100288391
4.080396652222
4.076238632202
4.064737319946
4.060550689697
4.047239303589
4.042967319489
4.027783870697
4.023357391357
4.006125450134
4.001408100128
3.981855869293
3.976695299149
3.954377174377
3.948507070541
3.922752141953
3.915836811066
3.885671138763
3.877154827118
3.841120719910
3.830407381058
3.786867141724
3.774016380310
3.723304986954
3.711087226868
3.659622669220
3.655835628510
3.614224672318
3.872913837433
4.078791618347
3.768138885498
3.655639648438
3.627754211426
3.683478832245
3.619238615036
3.693668842316
3.618206024170
3.630233764648
3.585240364075
3.602096080780
3.570166110992
3.548856735229
3.534913778305
3.536293983459
3.558673381805
3.536888599396
3.520295619965
3.472971439362
3.468363761902
3.536614418030
3.376112937927
3.380846500397
3.309257507324
3.420989990234
3.327528953552
3.290688514709
3.301828384399
3.558969497681
3.484252452850
3.354674816132
3.324784755707
3.594431400299
3.755945682526
3.362763404846
3.342889070511
3.345893859863
3.334626197815
3.320122718811
3.320045948029
3.302879571915
3.303255319595
3.304401874542
3.307870149612
3.285163879395
3.277488708496
3.281348228455
3.322836637497
3.277779579163
3.290283203125
3.377855539322
3.305726528168
3.339064121246
3.326118230820
3.347334384918
3.316299438477
3.379270553589
3.361190080643
3.384791374207
3.368124961853
3.386994361877
3.374567508698
