0.109460128777
0.113917781080
0.113422486379
0.113422486379
0.117880138683
0.117384843982
0.117384843982
0.116889549282
0.116394254581
0.116394254581
0.116394254581
0.116394254581
0.116394254581
0.116394254581
0.116394254581
0.116394254581
0.116394254581
0.116394254581
0.115403665181
0.115403665181
0.116394254581
0.119366022784
0.124318969787
0.129767211491
0.132738979693
0.135710747895
0.133729569094
0.131748390292
0.126300148588
0.120851906885
0.119861317484
0.122337790986
0.122833085686
0.121842496285
0.123823675087
0.121842496285
0.119861317484
0.118375433383
0.117384843982
0.117880138683
0.117880138683
0.119366022784
0.122337790986
0.121842496285
0.120851906885
0.123328380386
0.125804853888
0.139673105498
0.143635463101
0.162951956414
0.175334323923
0.190193164933
0.193660227836
0.197127290738
0.201584943041
0.207033184745
0.209014363546
0.213967310550
0.217434373452
0.219415552254
0.228330856860
0.233779098564
0.236750866766
0.238732045567
0.237741456166
0.238732045567
0.236255572065
0.234274393264
0.228330856860
0.224863793957
0.226844972759
0.226349678058
0.223873204557
0.226844972759
0.227340267459
0.229816740961
0.231797919762
0.228826151560
0.229816740961
0.241703813769
0.229321446261
0.252600297177
0.237246161466
0.260029717682
0.238236750867
0.273402674591
0.226349678058
0.285289747400
0.236255572065
0.253095591877
0.236255572065
0.189697870233
0.298167409609
0.301634472511
0.270926201090
0.264487369985
0.263496780584
0.271916790490
0.273897969292
0.278850916295
0.279346210996
0.279841505696
0.280336800396
0.280336800396
0.281327389797
0.281822684497
0.285289747400
0.286280336800
0.289252105002
0.289747399703
0.295690936107
0.297176820208
0.302625061912
0.300643883110
0.303615651313
0.305596830114
0.307578008915
0.310549777117
0.319465081724
0.321941555225
0.326894502229
0.332342743933
0.330361565131
0.329370975731
0.326399207528
0.330856859832
0.328875681030
0.326894502229
0.327885091630
0.328875681030
0.328875681030
0.327885091630
0.327885091630
0.331352154532
0.336305101535
0.338781575037
0.339276869737
0.338286280337
0.338781575037
0.340267459138
0.345220406142
0.339772164438
0.341258048539
0.340762753839
0.341258048539
0.339772164438
0.343734522041
0.344725111441
0.348687469044
0.350173353145
0.350173353145
0.352649826647
0.355621594849
0.358098068351
0.361069836553
0.363051015354
0.365527488856
0.366022783556
0.366518078257
0.367508667657
0.367508667657
0.367508667657
0.365527488856
0.365527488856
0.363546310054
0.358593363051
0.260029717682
0.126795443289
0.096582466568
0.185240217930
0.206042595344
0.237246161466
0.258048538881
0.241703813769
0.191183754334
0.152550767707
0.132738979693
0.121842496285
0.110450718177
0.099554234770
0.101535413571
0.102526002972
0.105002476474
0.104011887073
0.109955423477
0.120851906885
0.140168400198
0.161961367013
0.173848439822
0.175829618623
0.176820208024
0.176820208024
0.177810797424
0.183754333829
0.189697870233
0.195641406637
0.195146111937
0.188707280832
0.184249628529
0.181773155027
0.186726102031
0.189202575532
0.190193164933
0.180782565627
0.149083704804
0.125804853888
0.122833085686
0.134720158494
0.155522535909
0.159980188212
0.162456661714
0.161961367013
0.158989598811
0.157999009411
0.157503714710
0.162456661714
0.161466072313
0.163942545815
0.170381376919
0.166914314017
0.155522535909
0.145121347202
0.136701337296
0.139177810797
0.131253095592
0.132243684993
0.080733036157
0.119366022784
0.122337790986
0.125309559188
0.093115403665
0.085685983160
0.078751857355
0.077761267954
0.090638930163
0.122833085686
0.151560178306
0.152550767707
0.154036651808
0.152055473006
0.146607231303
0.150074294205
0.149083704804
0.151064883606
0.148093115404
0.149083704804
0.140168400198
0.140663694898
0.135710747895
0.133234274393
0.129767211491
0.132243684993
0.089648340763
0.084695393759
0.079742446756
0.085190688460
0.087171867261
0.097077761268
0.100544824170
0.099058940069
0.100049529470
0.091134224864
0.085190688460
0.087667161961
0.087667161961
0.085685983160
0.089153046062
0.097077761268
0.127786032689
0.146111936602
0.148588410104
0.154036651808
0.157999009411
0.157999009411
0.157999009411
0.151560178306
0.154036651808
0.154036651808
0.159484893512
0.156017830609
0.157503714710
0.157008420010
0.150569588905
0.151560178306
0.152550767707
0.159484893512
0.161961367013
0.165923724616
0.166914314017
0.168895492818
0.172362555721
0.167904903418
0.171371966320
0.164933135215
0.137196631996
0.109955423477
0.093115403665
0.087171867261
0.091134224864
0.091134224864
0.125309559188
0.167409608717
0.182268449728
0.161961367013
0.185735512630
0.181277860327
0.190193164933
0.180782565627
0.170381376919
0.161466072313
0.150074294205
0.142149579000
0.141654284299
0.145616641902
0.149083704804
0.150074294205
0.151560178306
0.160475482912
0.170876671620
0.159980188212
0.173353145121
0.173848439822
0.180287270926
0.193164933135
0.188211986132
0.187221396731
0.188707280832
0.185735512630
0.185240217930
0.184249628529
0.186726102031
0.188707280832
0.189202575532
0.190193164933
0.192669638435
0.187221396731
0.183259039128
0.183259039128
0.185240217930
0.183259039128
0.182763744428
0.182268449728
0.184744923229
0.185735512630
0.186230807330
0.186230807330
0.185735512630
0.187716691431
0.192174343735
0.193660227836
0.196631996038
0.201089648341
0.202080237741
0.176820208024
0.175334323923
0.156017830609
0.151064883606
0.157503714710
0.167409608717
0.170381376919
0.167904903418
0.169390787519
0.182268449728
0.183259039128
0.180287270926
0.171867261020
0.171371966320
0.165923724616
0.172857850421
0.171867261020
0.179296681526
0.176324913323
0.185240217930
0.180782565627
0.181277860327
0.181277860327
0.185240217930
0.187716691431
0.188211986132
0.188707280832
0.189202575532
0.186726102031
0.186230807330
0.189697870233
0.189697870233
0.189697870233
0.186726102031
0.189202575532
0.192669638435
0.191679049034
0.191679049034
0.191183754334
0.192174343735
0.187716691431
0.188707280832
0.186726102031
0.187221396731
0.186230807330
0.184249628529
0.183754333829
0.184249628529
0.183754333829
0.182763744428
0.180287270926
0.181773155027
0.183259039128
0.186726102031
0.187221396731
0.189202575532
0.188707280832
0.189697870233
0.191183754334
0.192669638435
0.193660227836
0.194650817236
0.194650817236
0.196136701337
0.200594353640
0.200099058940
0.200594353640
0.201089648341
0.201584943041
0.205052005944
0.204556711243
0.207528479445
0.211490837048
0.213967310550
0.216939078752
0.217929668153
0.215453194651
0.214957899950
0.214957899950
0.214957899950
0.215948489351
0.218920257553
0.220406141654
0.216939078752
0.216939078752
0.216939078752
0.221892025755
0.223873204557
0.223873204557
0.224863793957
0.224368499257
0.225854383358
0.226844972759
0.225359088658
0.227835562159
0.229816740961
0.229816740961
0.230807330362
0.234274393264
0.237741456166
0.237246161466
0.240217929668
0.240713224368
0.243189697870
0.247647350173
0.246656760773
0.248142644874
0.249628528975
0.249133234274
0.249628528975
0.250619118375
0.252105002476
0.255572065379
0.254086181278
0.257057949480
0.256067360079
0.257553244180
0.256067360079
0.253590886578
0.254581475978
0.253095591877
0.251114413076
0.253095591877
0.256067360079
0.256562654780
0.260029717682
0.260525012382
0.264982664685
0.264982664685
0.264982664685
0.266468548787
0.265477959386
0.268449727588
0.266963843487
0.265973254086
0.266963843487
0.266963843487
0.266468548787
0.266963843487
0.267459138187
0.268449727588
0.268449727588
0.268449727588
0.270430906389
0.268945022288
0.269440316989
0.267954432888
0.268945022288
0.266468548787
0.265973254086
0.266963843487
0.264487369985
0.265973254086
0.266963843487
0.270430906389
0.270926201090
0.272907379891
0.271916790490
0.274888558692
0.274393263992
0.276374442793
0.279841505696
0.281327389797
0.282813273898
0.282813273898
0.283308568598
0.284299157999
0.287270926201
0.289252105002
0.285289747400
0.283308568598
0.282317979198
0.281822684497
0.283803863299
0.282317979198
0.283803863299
0.285289747400
0.284299157999
0.285289747400
0.284794452699
0.280336800396
0.278355621595
0.277860326895
0.280832095097
0.280336800396
0.283803863299
0.280336800396
0.284794452699
0.283803863299
0.287270926201
0.288261515602
0.290242694403
0.288261515602
0.289252105002
0.284794452699
0.290737989104
0.285785042100
0.292223873205
0.288756810302
0.296186230807
0.295195641407
0.301139177811
0.296186230807
0.304110946013
0.289252105002
0.311045071818
0.225854383358
0.228330856860
0.184249628529
0.188211986132
0.153046062407
0.125804853888
0.108964834076
0.100544824170
0.098068350669
0.096582466568
0.094105993066
0.098068350669
0.101040118871
0.108964834076
0.127290737989
0.130757800892
0.136206042595
0.140168400198
0.141654284299
0.131253095592
0.139673105498
0.151560178306
0.159980188212
0.165923724616
0.170381376919
0.176324913323
0.174839029222
0.169390787519
0.167409608717
0.167904903418
0.166914314017
0.173353145121
0.220406141654
0.222882615156
0.223873204557
0.223377909856
0.226844972759
0.226349678058
0.228826151560
0.230312035661
0.232788509163
0.232788509163
0.233779098564
0.238236750867
0.244180287271
0.244180287271
0.243684992571
0.242694403170
0.240217929668
0.242694403170
0.241208519069
0.242694403170
0.247152055473
0.251609707776
0.222882615156
0.195641406637
0.188707280832
0.187221396731
0.181773155027
0.180287270926
0.179296681526
0.173848439822
0.170876671620
0.173353145121
0.180287270926
0.187221396731
0.202575532442
0.222882615156
0.234769687964
0.235264982665
0.235264982665
0.233779098564
0.233283803863
0.236255572065
0.240713224368
0.240217929668
0.240217929668
0.236255572065
0.235760277365
0.226349678058
0.225359088658
0.212976721149
0.196631996038
0.186230807330
0.183259039128
0.159980188212
0.150074294205
0.157008420010
0.132243684993
0.158494304111
0.165428429916
0.166419019316
0.179296681526
0.200099058940
0.230807330362
0.231797919762
0.244675581971
0.248637939574
0.256562654780
0.261515601783
0.267954432888
0.272907379891
0.271916790490
0.277365032194
0.278355621595
0.279346210996
0.279841505696
0.283803863299
0.285785042100
0.289252105002
0.276374442793
0.263001485884
0.234274393264
0.224863793957
0.226844972759
0.231302625062
0.233283803863
0.232788509163
0.235760277365
0.240713224368
0.250619118375
0.259039128281
0.254086181278
0.261515601783
0.205547300644
0.200099058940
0.093115403665
0.090143635463
0.090638930163
0.085190688460
0.087171867261
0.084200099059
0.093115403665
0.134224863794
0.190688459633
0.195641406637
0.187221396731
0.153046062407
0.134720158494
0.126795443289
0.115898959881
0.115403665181
0.115898959881
0.119861317484
0.130262506191
0.143635463101
0.156513125310
0.161466072313
0.165428429916
0.164437840515
0.166914314017
0.165428429916
0.164933135215
0.166914314017
0.166419019316
0.163447251114
0.176324913323
0.196631996038
0.197127290738
0.200594353640
0.202080237741
0.202080237741
0.203566121842
0.203070827142
0.201584943041
0.203070827142
0.197622585438
0.194650817236
0.185735512630
0.176324913323
0.154531946508
0.126795443289
0.107974244676
0.095096582467
0.089153046062
0.083209509658
0.090638930163
0.095591877167
0.097077761268
0.097077761268
0.108469539376
0.120851906885
0.126300148588
0.136206042595
0.157008420010
0.178801386825
0.184249628529
0.191679049034
0.202575532442
0.203566121842
0.210500247647
0.222882615156
0.238236750867
0.242199108470
0.240713224368
0.238236750867
0.231797919762
0.226349678058
0.216443784052
0.213967310550
0.211986131748
0.227835562159
0.230807330362
0.230312035661
0.231797919762
0.235264982665
0.232788509163
0.233283803863
0.237741456166
0.247152055473
0.252600297177
0.251609707776
0.252600297177
0.183754333829
0.101040118871
0.166419019316
0.149578999505
0.150569588905
0.139673105498
0.138682516097
0.138187221397
0.139177810797
0.143635463101
0.148093115404
0.152550767707
0.156513125310
0.157503714710
0.158989598811
0.165923724616
0.193660227836
0.208519068846
0.202080237741
0.198117880139
0.189202575532
0.184744923229
0.184744923229
0.183259039128
0.185735512630
0.187221396731
0.184249628529
0.183259039128
0.181277860327
0.181277860327
0.184249628529
0.182268449728
0.183754333829
0.185240217930
0.181277860327
0.184744923229
0.188707280832
0.187221396731
0.188707280832
0.190688459633
0.191679049034
0.194650817236
0.192669638435
0.193164933135
0.197127290738
0.195641406637
0.196631996038
0.199603764240
0.205052005944
0.209509658247
0.216443784052
0.222882615156
0.224863793957
0.231302625062
0.234769687964
0.235760277365
0.242199108470
0.242199108470
0.247152055473
0.247647350173
0.251114413076
0.248637939574
0.255572065379
0.257553244180
0.256562654780
0.255076770679
0.254581475978
0.256067360079
0.257553244180
0.257553244180
0.257553244180
0.255076770679
0.252105002476
0.256067360079
0.254581475978
0.251609707776
0.253590886578
0.252105002476
0.249133234274
0.251114413076
0.250123823675
0.255076770679
0.256067360079
0.259039128281
0.261020307083
0.260525012382
0.260525012382
0.261515601783
0.265973254086
0.269935611689
0.275383853393
0.278850916295
0.279346210996
0.280832095097
0.284299157999
0.283308568598
0.283803863299
0.286280336800
0.284299157999
0.284794452699
0.281327389797
0.278850916295
0.278355621595
0.279346210996
0.277365032194
0.277860326895
0.281327389797
0.279841505696
0.281822684497
0.282813273898
0.285785042100
0.291728578504
0.297176820208
0.301139177811
0.304110946013
0.303120356612
0.306092124814
0.308073303616
0.312530955919
0.315502724121
0.320455671124
0.327885091630
0.329866270431
0.331847449232
0.330856859832
0.336800396236
0.335809806835
0.339276869737
0.339276869737
0.340267459138
0.340762753839
0.341753343239
0.338781575037
0.335314512135
0.337295690936
0.340267459138
0.344725111441
0.348192174344
0.352649826647
0.349678058445
0.350668647845
0.354631005448
0.357107478950
0.355126300149
0.352154531947
0.350668647845
0.350173353145
0.350668647845
0.345715700842
0.343239227340
0.345715700842
0.350173353145
0.351163942546
0.348192174344
0.348687469044
0.349678058445
0.353640416048
0.351163942546
0.353145121347
0.353640416048
0.354135710748
0.356116889549
0.356612184250
0.357602773650
0.360079247152
0.360574541852
0.362555720654
0.367013372957
0.370975730560
0.370975730560
0.372956909361
0.373947498762
0.376423972263
0.376919266964
0.373947498762
0.372956909361
0.374442793462
0.373947498762
0.376423972263
0.378405151065
0.379395740466
0.383358098068
0.377414561664
0.376919266964
0.378900445765
0.378405151065
0.378405151065
0.380386329866
0.377414561664
0.381872213967
0.381376919267
0.381376919267
0.382862803368
0.387320455671
0.387320455671
0.390787518574
0.392273402675
0.392273402675
0.393759286776
0.395245170877
0.398216939079
0.399207528479
0.395740465577
0.397226349678
0.395245170877
0.397721644378
0.396235760277
0.398216939079
0.401188707281
0.401684001981
0.401684001981
0.400198117880
0.399207528479
0.397721644378
0.397721644378
0.399207528479
0.398712233779
0.395245170877
0.400693412580
0.402674591382
0.403665180783
0.397721644378
0.286280336800
0.211490837048
0.140168400198
0.146111936602
0.165428429916
0.156513125310
0.147102526003
0.134224863794
0.127786032689
0.130262506191
0.126795443289
0.137691926696
0.139177810797
0.141158989599
0.139673105498
0.141158989599
0.136206042595
0.137691926696
0.135215453195
0.135215453195
0.136206042595
0.140168400198
0.145616641902
0.156017830609
0.167409608717
0.175829618623
0.182268449728
0.181277860327
0.172857850421
0.164437840515
0.151560178306
0.140168400198
0.139177810797
0.127290737989
0.123823675087
0.118870728083
0.119861317484
0.130262506191
0.138682516097
0.153541357107
0.160475482912
0.185240217930
0.161466072313
0.205547300644
0.200099058940
0.216443784052
0.219415552254
0.212481426449
0.207033184745
0.206537890045
0.196136701337
0.195146111937
0.193660227836
0.194155522536
0.197127290738
0.203070827142
0.206537890045
0.205547300644
0.214462605250
0.220406141654
0.222882615156
0.221892025755
0.224863793957
0.230807330362
0.237246161466
0.246656760773
0.259534422982
0.265973254086
0.265973254086
0.279346210996
0.287766220901
0.301139177811
0.240713224368
0.090143635463
0.180782565627
0.175829618623
0.146111936602
0.143635463101
0.133234274393
0.132243684993
0.132243684993
0.130757800892
0.131253095592
0.132738979693
0.134224863794
0.136206042595
0.134224863794
0.134224863794
0.132738979693
0.132243684993
0.133234274393
0.130262506191
0.130262506191
0.134224863794
0.135215453195
0.138682516097
0.138187221397
0.124814264487
0.103516592372
0.099058940069
0.100049529470
0.122833085686
0.131253095592
0.121347201585
0.151560178306
0.153541357107
0.153541357107
0.148588410104
0.109955423477
0.080733036157
0.076275383853
0.085685983160
0.092124814264
0.097573055968
0.098563645369
0.101535413571
0.102030708271
0.102526002972
0.118375433383
0.123328380386
0.127290737989
0.131748390292
0.128281327390
0.122337790986
0.125804853888
0.131253095592
0.136701337296
0.140663694898
0.150569588905
0.151560178306
0.160475482912
0.165923724616
0.163942545815
0.164437840515
0.164437840515
0.161961367013
0.169390787519
0.173353145121
0.171867261020
0.171867261020
0.170876671620
0.172857850421
0.173353145121
0.176324913323
0.176820208024
0.175334323923
0.173848439822
0.173848439822
0.169886082219
0.173848439822
0.176324913323
0.177810797424
0.176324913323
0.173353145121
0.168895492818
0.162951956414
0.164933135215
0.163447251114
0.164933135215
0.168400198118
0.171371966320
0.177810797424
0.177810797424
0.178801386825
0.167904903418
0.144130757801
0.069836552749
0.069836552749
0.069836552749
0.069836552749
0.069836552749
0.069836552749
0.069836552749
0.069836552749
0.069836552749
0.069836552749
0.098563645369
0.069836552749
0.102030708271
0.108469539376
0.129767211491
0.091629519564
0.128776622090
0.131253095592
0.146607231303
0.156513125310
0.142149579000
0.142149579000
0.143635463101
0.142644873700
0.153541357107
0.162456661714
0.167409608717
0.168895492818
0.173353145121
0.166419019316
0.168895492818
0.082218920258
0.148588410104
0.134224863794
0.080733036157
0.080733036157
0.080733036157
0.168895492818
0.200594353640
0.193660227836
0.197622585438
0.196631996038
0.190688459633
0.184744923229
0.177810797424
0.178801386825
0.173848439822
0.176324913323
0.171371966320
0.168895492818
0.081228330857
0.164933135215
0.133729569094
0.150074294205
0.111936602278
0.162456661714
0.107478949975
0.148093115404
0.139177810797
0.172857850421
0.159980188212
0.172362555721
0.174839029222
0.174839029222
0.175334323923
0.150569588905
0.148093115404
0.187221396731
0.202575532442
0.208023774146
0.212976721149
0.213472015849
0.224368499257
0.232293214463
0.233779098564
0.227835562159
0.229321446261
0.231302625062
0.231302625062
0.220901436355
0.202575532442
0.106983655275
0.209509658247
0.105497771174
0.121842496285
0.120356612184
0.153541357107
0.181277860327
0.224863793957
0.233283803863
0.234769687964
0.241703813769
0.229321446261
0.227835562159
0.217929668153
0.243684992571
0.113917781080
0.174343734522
0.153046062407
0.185240217930
0.190688459633
0.186230807330
0.166914314017
0.150074294205
0.148093115404
0.164933135215
0.175334323923
0.188707280832
0.210004952947
0.217929668153
0.217434373452
0.223873204557
0.222387320456
0.225359088658
0.218424962853
0.223873204557
0.225359088658
0.228330856860
0.232788509163
0.239227340267
0.250619118375
0.255572065379
0.248142644874
0.232293214463
0.222387320456
0.236750866766
0.243684992571
0.256067360079
0.267459138187
0.271421495790
0.274393263992
0.296186230807
0.128776622090
0.186230807330
0.223377909856
0.228826151560
0.217929668153
0.210004952947
0.210995542348
0.219910846954
0.226349678058
0.236750866766
0.240713224368
0.245666171372
0.252600297177
0.260525012382
0.270430906389
0.270926201090
0.269440316989
0.269440316989
0.273897969292
0.278850916295
0.290242694403
0.294700346706
0.297176820208
0.297672114908
0.296186230807
0.294205052006
0.289747399703
0.283308568598
0.280336800396
0.279841505696
0.282317979198
0.284299157999
0.287766220901
0.283803863299
0.283803863299
0.280336800396
0.282813273898
0.281327389797
0.285289747400
0.287270926201
0.288756810302
0.287766220901
0.290737989104
0.285785042100
0.290737989104
0.287766220901
0.284794452699
0.282813273898
0.280832095097
0.281822684497
0.282813273898
0.282317979198
0.284299157999
0.286775631501
0.286280336800
0.286280336800
0.287766220901
0.290737989104
0.292719167905
0.292719167905
0.292223873205
0.294205052006
0.294205052006
0.294700346706
0.293214462605
0.293214462605
0.296186230807
0.299157999009
0.306587419515
0.310549777117
0.315007429421
0.320455671124
0.325903912828
0.329866270431
0.331352154532
0.333333333333
0.331847449232
0.330856859832
0.331352154532
0.328380386330
0.330856859832
0.326894502229
0.333828628034
0.327885091630
0.331352154532
0.330856859832
0.334819217434
0.334819217434
0.334819217434
0.325903912828
0.336800396236
0.291233283804
0.252600297177
0.235760277365
0.233779098564
0.250619118375
0.279841505696
0.305596830114
0.332838038633
0.345220406142
0.353640416048
0.359088657751
0.356612184250
0.354135710748
0.343734522041
0.338286280337
0.330361565131
0.327389796929
0.321941555225
0.322436849926
0.328380386330
0.333828628034
0.331847449232
0.337790985636
0.342248637940
0.344229816741
0.345220406142
0.347696879643
0.350173353145
0.353145121347
0.353145121347
0.353145121347
0.356116889549
0.356612184250
0.356612184250
0.357107478950
0.359088657751
0.359583952452
0.356116889549
0.354631005448
0.353640416048
0.351659237246
0.357602773650
0.356116889549
0.357602773650
0.352649826647
0.352649826647
0.357602773650
0.361069836553
0.363546310054
0.365527488856
0.366518078257
0.365032194156
0.366022783556
0.364536899455
0.366022783556
0.365032194156
0.366518078257
0.360574541852
0.367013372957
0.364536899455
0.366518078257
0.363051015354
0.367508667657
0.351163942546
0.244675581971
0.157503714710
0.223377909856
0.262010896483
0.281822684497
0.290737989104
0.295195641407
0.301139177811
0.300148588410
0.303615651313
0.302625061912
0.304110946013
0.308073303616
0.307082714215
0.303615651313
0.304606240713
0.304606240713
0.296681525508
0.292223873205
0.284794452699
0.276374442793
0.274888558692
0.282813273898
0.285785042100
0.289252105002
0.294700346706
0.300148588410
0.304606240713
0.306587419515
0.312035661218
0.314016840020
0.315502724121
0.311540366518
0.313026250619
0.311540366518
0.312035661218
0.307082714215
0.304110946013
0.309063893016
0.310549777117
0.314016840020
0.317979197623
0.321446260525
0.319465081724
0.325903912828
0.326894502229
0.327885091630
0.331847449232
0.324418028727
0.331352154532
0.307082714215
0.331352154532
0.176324913323
0.268449727588
0.284299157999
0.307578008915
0.307578008915
0.296186230807
0.297672114908
0.309063893016
0.324913323427
0.338286280337
0.335314512135
0.327389796929
0.330856859832
0.321446260525
0.332342743933
0.305101535414
0.336305101535
0.299653293710
0.327885091630
0.297672114908
0.312035661218
0.314512134720
0.313521545319
0.329866270431
0.329370975731
0.339276869737
0.338781575037
0.354135710748
0.339772164438
0.362060425953
0.314016840020
0.332838038633
0.195146111937
0.289747399703
0.310054482417
0.302129767211
0.295195641407
0.297176820208
0.300148588410
0.306092124814
0.315007429421
0.320950965825
0.330361565131
0.337790985636
0.345220406142
0.341753343239
0.339276869737
0.335809806835
0.334323922734
0.335809806835
0.338781575037
0.340762753839
0.345220406142
0.349182763744
0.347201584943
0.345715700842
0.335809806835
0.339276869737
0.335809806835
0.334819217434
0.335314512135
0.330856859832
0.328380386330
0.330856859832
0.333333333333
0.334323922734
0.342743932640
0.348192174344
0.351163942546
0.348687469044
0.354631005448
0.361565131253
0.361565131253
0.360079247152
0.362060425953
0.363051015354
0.366022783556
0.368994551758
0.369489846459
0.370975730560
0.368003962358
0.362060425953
0.361069836553
0.365527488856
0.362060425953
0.366518078257
0.366518078257
0.367013372957
0.369985141159
0.373452204061
0.373947498762
0.376919266964
0.378405151065
0.377414561664
0.375928677563
0.369985141159
0.370975730560
0.375433382863
0.374442793462
0.377909856365
0.376423972263
0.377909856365
0.378405151065
0.384843982169
0.387320455671
0.386825160971
0.386825160971
0.395740465577
0.395245170877
0.396731054978
0.402179296682
0.404160475483
0.411094601288
0.413571074789
0.415552253591
0.414066369490
0.410599306587
0.410104011887
0.409113422486
0.412580485389
0.411094601288
0.409113422486
0.414066369490
0.410599306587
0.411094601288
0.413075780089
0.411589895988
0.413075780089
0.411589895988
0.415056958891
0.414561664190
0.415056958891
0.413075780089
0.413075780089
0.412085190688
0.342743932640
0.151560178306
0.261515601783
0.306587419515
0.323427439326
0.319960376424
0.318474492323
0.304110946013
0.307082714215
0.308568598316
0.312530955919
0.313521545319
0.304110946013
0.307082714215
0.310054482417
0.317979197623
0.319960376424
0.335314512135
0.346706290243
0.354631005448
0.361069836553
0.364041604755
0.361069836553
0.360079247152
0.358593363051
0.359088657751
0.354631005448
0.353145121347
0.338286280337
0.320455671124
0.315502724121
0.311540366518
0.313521545319
0.315502724121
0.318474492323
0.323922734027
0.329370975731
0.339276869737
0.343239227340
0.350173353145
0.356116889549
0.354135710748
0.357602773650
0.352649826647
0.355126300149
0.344725111441
0.239722634968
0.134720158494
0.258048538881
0.163942545815
0.132243684993
0.120851906885
0.112927191679
0.124814264487
0.134224863794
0.140663694898
0.144626052501
0.156513125310
0.171371966320
0.168895492818
0.167409608717
0.170876671620
0.176324913323
0.183259039128
0.186726102031
0.196136701337
0.199603764240
0.199603764240
0.203070827142
0.205547300644
0.208023774146
0.211986131748
0.206537890045
0.201089648341
0.206042595344
0.206537890045
0.208023774146
0.171371966320
0.132738979693
0.125804853888
0.125804853888
0.138682516097
0.146607231303
0.157008420010
0.168895492818
0.177810797424
0.202080237741
0.224863793957
0.243684992571
0.258543833581
0.262010896483
0.259039128281
0.266468548787
0.270926201090
0.266468548787
0.251114413076
0.250619118375
0.262506191184
0.267459138187
0.268945022288
0.292223873205
0.238732045567
0.210995542348
0.188211986132
0.143140168400
0.138187221397
0.144626052501
0.145121347202
0.149578999505
0.165428429916
0.182763744428
0.210500247647
0.235264982665
0.250123823675
0.267459138187
0.240713224368
0.228330856860
0.244180287271
0.262506191184
0.280832095097
0.308568598316
0.316493313522
0.306587419515
0.301634472511
0.290242694403
0.284299157999
0.279346210996
0.276869737494
0.270430906389
0.262010896483
0.259039128281
0.254581475978
0.245666171372
0.243684992571
0.247647350173
0.251609707776
0.262010896483
0.268449727588
0.272907379891
0.280336800396
0.285289747400
0.287270926201
0.285785042100
0.286280336800
0.285785042100
0.287270926201
0.285289747400
0.286280336800
0.288756810302
0.286280336800
0.284299157999
0.287270926201
0.291233283804
0.292223873205
0.284794452699
0.269440316989
0.199108469539
0.155522535909
0.131748390292
0.158494304111
0.166914314017
0.164933135215
0.161961367013
0.157503714710
0.160970777613
0.164437840515
0.172362555721
0.193660227836
0.208023774146
0.218424962853
0.211490837048
0.185240217930
0.165923724616
0.156513125310
0.155522535909
0.155522535909
0.129271916790
0.125309559188
0.114908370480
0.107478949975
0.100049529470
0.095591877167
0.095096582467
0.094601287766
0.093115403665
0.095096582467
0.099554234770
0.103516592372
0.118375433383
0.147102526003
0.170381376919
0.177810797424
0.179791976226
0.182763744428
0.186230807330
0.192174343735
0.189202575532
0.189697870233
0.196631996038
0.198613174839
0.203566121842
0.205052005944
0.203566121842
0.204061416543
0.202575532442
0.203070827142
0.207033184745
0.210500247647
0.209014363546
0.213967310550
0.216939078752
0.216443784052
0.217929668153
0.223873204557
0.210500247647
0.202080237741
0.151064883606
0.173848439822
0.160970777613
0.171867261020
0.192669638435
0.209509658247
0.211986131748
0.215948489351
0.219415552254
0.224863793957
0.238236750867
0.245666171372
0.249628528975
0.249628528975
0.242199108470
0.243189697870
0.242694403170
0.248142644874
0.247152055473
0.252600297177
0.253590886578
0.254086181278
0.251609707776
0.237741456166
0.220406141654
0.201584943041
0.199108469539
0.198117880139
0.198613174839
0.198117880139
0.204061416543
0.218920257553
0.233779098564
0.244180287271
0.238732045567
0.239722634968
0.247152055473
0.251609707776
0.256067360079
0.257057949480
0.255572065379
0.258543833581
0.258543833581
0.255572065379
0.249133234274
0.249133234274
0.248637939574
0.251114413076
0.256562654780
0.265477959386
0.264982664685
0.271916790490
0.274888558692
0.280336800396
0.279346210996
0.275879148093
0.273402674591
0.273402674591
0.271421495790
0.271421495790
0.269935611689
0.272412085191
0.272907379891
0.275879148093
0.274888558692
0.276869737494
0.280832095097
0.278850916295
0.278850916295
0.279346210996
0.274888558692
0.274888558692
0.273402674591
0.271421495790
0.267459138187
0.265973254086
0.268449727588
0.268449727588
0.272907379891
0.273897969292
0.276869737494
0.282317979198
0.278850916295
0.280832095097
0.281327389797
0.279346210996
0.278850916295
0.280336800396
0.281327389797
0.279346210996
0.277860326895
0.283803863299
0.276869737494
0.259534422982
0.200594353640
0.204061416543
0.122833085686
0.125309559188
0.136206042595
0.143140168400
0.162456661714
0.179791976226
0.176324913323
0.167904903418
0.147102526003
0.145616641902
0.147102526003
0.148588410104
0.153046062407
0.172857850421
0.195146111937
0.202080237741
0.203070827142
0.202080237741
0.201089648341
0.201089648341
0.206042595344
0.210004952947
0.214462605250
0.216443784052
0.215453194651
0.216443784052
0.220901436355
0.206537890045
0.209014363546
0.207528479445
0.210500247647
0.209014363546
0.204556711243
0.202575532442
0.205052005944
0.204061416543
0.202080237741
0.203070827142
0.204556711243
0.216939078752
0.215453194651
0.216443784052
0.213472015849
0.216443784052
0.213967310550
0.216443784052
0.217929668153
0.219910846954
0.217434373452
0.218424962853
0.215453194651
0.216443784052
0.219415552254
0.218424962853
