0.139094650206
0.141563786008
0.144444444444
0.148559670782
0.150617283951
0.151440329218
0.152263374486
0.151851851852
0.151851851852
0.151851851852
0.151851851852
0.151851851852
0.151851851852
0.151851851852
0.151851851852
0.151851851852
0.151851851852
0.151851851852
0.151851851852
0.152263374486
0.152674897119
0.153497942387
0.156790123457
0.160493827160
0.165432098765
0.166255144033
0.166666666667
0.166255144033
0.163374485597
0.162551440329
0.158847736626
0.157201646091
0.159259259259
0.156378600823
0.158436213992
0.153086419753
0.152674897119
0.148148148148
0.146913580247
0.143621399177
0.141975308642
0.144444444444
0.146913580247
0.149382716049
0.152674897119
0.153909465021
0.158436213992
0.168724279835
0.181481481481
0.185185185185
0.191769547325
0.195061728395
0.198765432099
0.203703703704
0.210699588477
0.213580246914
0.219341563786
0.220164609053
0.219753086420
0.222633744856
0.228395061728
0.225925925926
0.228395061728
0.226337448560
0.233333333333
0.229629629630
0.232098765432
0.230041152263
0.225925925926
0.219753086420
0.215226337449
0.218106995885
0.209465020576
0.206584362140
0.208641975309
0.209876543210
0.206172839506
0.212757201646
0.209876543210
0.216049382716
0.205349794239
0.227160493827
0.213580246914
0.237037037037
0.215226337449
0.244444444444
0.210699588477
0.245679012346
0.206172839506
0.237037037037
0.176543209877
0.206172839506
0.263786008230
0.269958847737
0.258847736626
0.250617283951
0.252263374486
0.255967078189
0.254320987654
0.258024691358
0.259670781893
0.259670781893
0.260082304527
0.260493827160
0.261316872428
0.261728395062
0.263374485597
0.264197530864
0.264609053498
0.268312757202
0.270370370370
0.276131687243
0.282304526749
0.289300411523
0.290123456790
0.292592592593
0.293827160494
0.299588477366
0.301646090535
0.304115226337
0.306995884774
0.306995884774
0.310699588477
0.311111111111
0.318518518519
0.315637860082
0.317283950617
0.317283950617
0.316049382716
0.318106995885
0.322222222222
0.322633744856
0.323868312757
0.325925925926
0.327572016461
0.332098765432
0.332098765432
0.331275720165
0.330864197531
0.331275720165
0.330864197531
0.331687242798
0.328395061728
0.331275720165
0.337448559671
0.339917695473
0.344032921811
0.345679012346
0.348148148148
0.347736625514
0.347736625514
0.351440329218
0.352674897119
0.351851851852
0.349794238683
0.352674897119
0.353086419753
0.351851851852
0.349382716049
0.346090534979
0.348559670782
0.348559670782
0.346913580247
0.348148148148
0.342386831276
0.349382716049
0.228806584362
0.162962962963
0.128806584362
0.191358024691
0.200000000000
0.216872427984
0.225925925926
0.222633744856
0.200823045267
0.181893004115
0.165020576132
0.163374485597
0.164609053498
0.162551440329
0.164609053498
0.163786008230
0.165020576132
0.167078189300
0.169958847737
0.175720164609
0.187654320988
0.205761316872
0.208230452675
0.207407407407
0.204526748971
0.200000000000
0.198765432099
0.202469135802
0.211934156379
0.218518518519
0.220987654321
0.222633744856
0.217283950617
0.219753086420
0.223868312757
0.227160493827
0.186831275720
0.214814814815
0.130452674897
0.099588477366
0.108230452675
0.121810699588
0.142386831276
0.151028806584
0.155967078189
0.158024691358
0.159670781893
0.168724279835
0.174897119342
0.177366255144
0.179423868313
0.184773662551
0.184773662551
0.190123456790
0.186419753086
0.182304526749
0.170781893004
0.160082304527
0.166666666667
0.157201646091
0.088477366255
0.164609053498
0.170370370370
0.158847736626
0.140329218107
0.130864197531
0.096296296296
0.093004115226
0.098765432099
0.119341563786
0.137860082305
0.144444444444
0.141152263374
0.139094650206
0.141975308642
0.133744855967
0.134567901235
0.132510288066
0.137037037037
0.137037037037
0.139917695473
0.139506172840
0.134979423868
0.138683127572
0.137037037037
0.146090534979
0.057613168724
0.056790123457
0.057201646091
0.059670781893
0.063374485597
0.076131687243
0.094238683128
0.104115226337
0.116049382716
0.117695473251
0.121399176955
0.129629629630
0.138271604938
0.141563786008
0.147736625514
0.146913580247
0.160905349794
0.174485596708
0.167489711934
0.167901234568
0.173251028807
0.170781893004
0.162962962963
0.162551440329
0.162962962963
0.166255144033
0.168312757202
0.170370370370
0.172016460905
0.171604938272
0.171193415638
0.174074074074
0.177366255144
0.176131687243
0.176131687243
0.177366255144
0.177366255144
0.178189300412
0.177777777778
0.180658436214
0.180658436214
0.176543209877
0.110699588477
0.110699588477
0.109465020576
0.105761316872
0.102880658436
0.101646090535
0.128395061728
0.165843621399
0.181481481481
0.179835390947
0.190946502058
0.188477366255
0.189300411523
0.185596707819
0.175308641975
0.170370370370
0.159670781893
0.157201646091
0.160493827160
0.165843621399
0.165020576132
0.166255144033
0.166666666667
0.167078189300
0.162139917695
0.169135802469
0.158024691358
0.162139917695
0.184773662551
0.195061728395
0.197942386831
0.197942386831
0.194650205761
0.193004115226
0.190123456790
0.188065843621
0.183950617284
0.184773662551
0.185596707819
0.188477366255
0.185596707819
0.185596707819
0.190123456790
0.192181069959
0.193415637860
0.192592592593
0.196296296296
0.196707818930
0.195061728395
0.191769547325
0.193004115226
0.193415637860
0.192592592593
0.194238683128
0.197942386831
0.197942386831
0.199176954733
0.197530864198
0.207818930041
0.146090534979
0.210699588477
0.153086419753
0.148148148148
0.148148148148
0.143621399177
0.145679012346
0.144032921811
0.152674897119
0.164197530864
0.177366255144
0.173662551440
0.167078189300
0.174897119342
0.182304526749
0.182716049383
0.183539094650
0.186008230453
0.193827160494
0.197942386831
0.192592592593
0.189300411523
0.183950617284
0.186419753086
0.185596707819
0.186419753086
0.185185185185
0.183950617284
0.182716049383
0.185185185185
0.189711934156
0.189711934156
0.190946502058
0.188477366255
0.186419753086
0.187654320988
0.191769547325
0.192592592593
0.190946502058
0.190123456790
0.188065843621
0.190534979424
0.189300411523
0.189711934156
0.188065843621
0.188888888889
0.188888888889
0.189300411523
0.188888888889
0.191358024691
0.191769547325
0.193004115226
0.194650205761
0.197530864198
0.197942386831
0.196296296296
0.198765432099
0.199588477366
0.201234567901
0.204115226337
0.206995884774
0.206995884774
0.209465020576
0.210699588477
0.210288065844
0.209876543210
0.212345679012
0.212757201646
0.212345679012
0.211934156379
0.213168724280
0.215226337449
0.214814814815
0.212757201646
0.213580246914
0.214403292181
0.215226337449
0.218518518519
0.223456790123
0.224691358025
0.224279835391
0.223045267490
0.223868312757
0.223456790123
0.226748971193
0.227983539095
0.226748971193
0.226337448560
0.227983539095
0.232098765432
0.233744855967
0.234567901235
0.234156378601
0.233744855967
0.234979423868
0.235802469136
0.238271604938
0.235390946502
0.238271604938
0.236213991770
0.238271604938
0.240329218107
0.241563786008
0.242386831276
0.241975308642
0.241152263374
0.240329218107
0.239917695473
0.242386831276
0.241152263374
0.241975308642
0.241563786008
0.241152263374
0.242798353909
0.246502057613
0.245679012346
0.246502057613
0.246502057613
0.246090534979
0.248148148148
0.248971193416
0.249794238683
0.252263374486
0.250617283951
0.253086419753
0.254732510288
0.255144032922
0.255144032922
0.255144032922
0.256790123457
0.256790123457
0.257201646091
0.254732510288
0.254732510288
0.257201646091
0.258847736626
0.260082304527
0.260905349794
0.261316872428
0.260905349794
0.262551440329
0.265020576132
0.264609053498
0.265020576132
0.265020576132
0.264197530864
0.265020576132
0.267078189300
0.267901234568
0.265843621399
0.268312757202
0.267078189300
0.267901234568
0.267901234568
0.271193415638
0.272016460905
0.273251028807
0.274485596708
0.276543209877
0.276131687243
0.274074074074
0.273662551440
0.274074074074
0.273251028807
0.272016460905
0.271604938272
0.273662551440
0.276954732510
0.279835390947
0.277366255144
0.280246913580
0.278600823045
0.281481481481
0.281893004115
0.282716049383
0.282304526749
0.282304526749
0.282304526749
0.281069958848
0.280246913580
0.281481481481
0.279012345679
0.278600823045
0.277777777778
0.277366255144
0.278600823045
0.277777777778
0.279012345679
0.279012345679
0.280246913580
0.278600823045
0.280658436214
0.276543209877
0.278600823045
0.276131687243
0.281893004115
0.280246913580
0.286831275720
0.279835390947
0.286008230453
0.281893004115
0.288888888889
0.280246913580
0.291358024691
0.277777777778
0.300823045267
0.160905349794
0.241152263374
0.206584362140
0.186008230453
0.159670781893
0.132921810700
0.118106995885
0.104115226337
0.100000000000
0.099588477366
0.098353909465
0.102469135802
0.100000000000
0.104526748971
0.115226337449
0.123868312757
0.129218106996
0.138683127572
0.144444444444
0.155555555556
0.166255144033
0.167078189300
0.174897119342
0.177777777778
0.176131687243
0.172016460905
0.169547325103
0.163786008230
0.161728395062
0.161728395062
0.160493827160
0.180658436214
0.200000000000
0.202880658436
0.197119341564
0.195473251029
0.200000000000
0.201234567901
0.204938271605
0.206172839506
0.207407407407
0.213991769547
0.219341563786
0.216049382716
0.217695473251
0.220164609053
0.221399176955
0.223045267490
0.220576131687
0.225514403292
0.228395061728
0.235802469136
0.240740740741
0.245679012346
0.222633744856
0.204938271605
0.195473251029
0.196296296296
0.192592592593
0.191358024691
0.192181069959
0.192181069959
0.192592592593
0.193415637860
0.194238683128
0.196707818930
0.202880658436
0.211522633745
0.222222222222
0.225514403292
0.226748971193
0.230452674897
0.230041152263
0.232510288066
0.229629629630
0.228395061728
0.232510288066
0.232510288066
0.232921810700
0.233744855967
0.228806584362
0.221399176955
0.211111111111
0.197530864198
0.190123456790
0.187654320988
0.186831275720
0.187654320988
0.211934156379
0.196707818930
0.207818930041
0.195473251029
0.209876543210
0.211111111111
0.223868312757
0.222222222222
0.234567901235
0.228395061728
0.238271604938
0.237860082305
0.237448559671
0.242386831276
0.240329218107
0.244032921811
0.245679012346
0.246502057613
0.247736625514
0.247325102881
0.250617283951
0.251028806584
0.253086419753
0.245267489712
0.230041152263
0.221399176955
0.225102880658
0.225514403292
0.228806584362
0.227983539095
0.237037037037
0.239506172840
0.240740740741
0.246913580247
0.232098765432
0.253086419753
0.177777777778
0.195884773663
0.096707818930
0.096296296296
0.094650205761
0.091358024691
0.087654320988
0.076954732510
0.061316872428
0.073251028807
0.104526748971
0.113991769547
0.118930041152
0.097530864198
0.080246913580
0.073251028807
0.067078189300
0.068312757202
0.070370370370
0.071604938272
0.080658436214
0.087654320988
0.094650205761
0.099176954733
0.100411522634
0.103292181070
0.101646090535
0.103292181070
0.104115226337
0.102880658436
0.104115226337
0.103703703704
0.118106995885
0.131275720165
0.142798353909
0.144855967078
0.142386831276
0.146913580247
0.148559670782
0.151440329218
0.154320987654
0.157201646091
0.157613168724
0.156378600823
0.151440329218
0.145267489712
0.131687242798
0.109876543210
0.096707818930
0.094238683128
0.097942386831
0.097942386831
0.100411522634
0.108641975309
0.120164609053
0.133744855967
0.143209876543
0.153086419753
0.158847736626
0.165843621399
0.174897119342
0.184362139918
0.197119341564
0.204115226337
0.209876543210
0.214403292181
0.214403292181
0.219753086420
0.221399176955
0.221810699588
0.219753086420
0.213580246914
0.208230452675
0.204526748971
0.192181069959
0.193827160494
0.195061728395
0.209053497942
0.206172839506
0.210288065844
0.220164609053
0.227983539095
0.232510288066
0.233744855967
0.235390946502
0.239917695473
0.243209876543
0.233333333333
0.236213991770
0.157201646091
0.132510288066
0.163786008230
0.157613168724
0.160082304527
0.151440329218
0.153086419753
0.158024691358
0.161728395062
0.163786008230
0.161316872428
0.157201646091
0.156790123457
0.158024691358
0.159259259259
0.169135802469
0.197530864198
0.209465020576
0.206584362140
0.202469135802
0.201234567901
0.200411522634
0.201646090535
0.201646090535
0.200000000000
0.200823045267
0.197942386831
0.199176954733
0.195061728395
0.194650205761
0.192181069959
0.186008230453
0.181481481481
0.180658436214
0.181069958848
0.175720164609
0.174897119342
0.176131687243
0.176543209877
0.179423868313
0.181069958848
0.183127572016
0.185596707819
0.188065843621
0.186419753086
0.190534979424
0.190534979424
0.197119341564
0.202880658436
0.210699588477
0.214403292181
0.216872427984
0.214814814815
0.220164609053
0.222633744856
0.220576131687
0.223456790123
0.226337448560
0.227983539095
0.230452674897
0.230041152263
0.230452674897
0.234979423868
0.233744855967
0.230864197531
0.230864197531
0.227572016461
0.227983539095
0.226337448560
0.226748971193
0.227160493827
0.226748971193
0.227983539095
0.228806584362
0.227983539095
0.229629629630
0.228806584362
0.227572016461
0.225514403292
0.224691358025
0.226748971193
0.230864197531
0.232510288066
0.234979423868
0.236625514403
0.243621399177
0.243209876543
0.244855967078
0.246502057613
0.250205761317
0.254320987654
0.257201646091
0.256790123457
0.256378600823
0.258024691358
0.260082304527
0.263786008230
0.264197530864
0.262962962963
0.257201646091
0.254732510288
0.253909465021
0.253086419753
0.251440329218
0.251851851852
0.250205761317
0.250617283951
0.250617283951
0.252263374486
0.253497942387
0.255144032922
0.256790123457
0.258024691358
0.260905349794
0.264197530864
0.269958847737
0.271604938272
0.274897119342
0.279423868313
0.282716049383
0.284773662551
0.288888888889
0.288888888889
0.292181069959
0.294650205761
0.297119341564
0.298353909465
0.299176954733
0.302469135802
0.304115226337
0.300411522634
0.300411522634
0.305761316872
0.304526748971
0.303703703704
0.298765432099
0.300823045267
0.300411522634
0.298765432099
0.301234567901
0.298353909465
0.299176954733
0.300411522634
0.300000000000
0.300411522634
0.299588477366
0.301646090535
0.300411522634
0.302880658436
0.304115226337
0.304526748971
0.306172839506
0.304526748971
0.300823045267
0.300000000000
0.300000000000
0.297530864198
0.298765432099
0.302469135802
0.304938271605
0.305761316872
0.306584362140
0.308230452675
0.308230452675
0.307407407407
0.308641975309
0.309876543210
0.313168724280
0.317283950617
0.318930041152
0.320987654321
0.323456790123
0.327160493827
0.330864197531
0.333744855967
0.337860082305
0.341563786008
0.341152263374
0.343621399177
0.346913580247
0.345679012346
0.345679012346
0.346913580247
0.345679012346
0.350205761317
0.352263374486
0.351440329218
0.351028806584
0.351851851852
0.353497942387
0.353909465021
0.354732510288
0.353909465021
0.354320987654
0.355967078189
0.357201646091
0.359259259259
0.359259259259
0.361728395062
0.362962962963
0.362139917695
0.364197530864
0.363786008230
0.365020576132
0.366666666667
0.369547325103
0.367901234568
0.369958847737
0.368312757202
0.367078189300
0.365843621399
0.369547325103
0.369135802469
0.370781893004
0.370370370370
0.370370370370
0.370781893004
0.369547325103
0.369547325103
0.370370370370
0.367078189300
0.366666666667
0.247736625514
0.244032921811
0.179835390947
0.116460905350
0.164609053498
0.158024691358
0.147736625514
0.135802469136
0.124691358025
0.123045267490
0.122222222222
0.123045267490
0.130041152263
0.130041152263
0.137860082305
0.140740740741
0.143209876543
0.144032921811
0.145267489712
0.148559670782
0.146913580247
0.146502057613
0.146502057613
0.147736625514
0.158024691358
0.164197530864
0.163374485597
0.163786008230
0.159259259259
0.148971193416
0.150205761317
0.153909465021
0.158024691358
0.156378600823
0.155555555556
0.152674897119
0.151851851852
0.155144032922
0.156790123457
0.166666666667
0.173251028807
0.183539094650
0.169547325103
0.202880658436
0.203292181070
0.204526748971
0.211522633745
0.216872427984
0.210288065844
0.211934156379
0.215637860082
0.209876543210
0.210288065844
0.210288065844
0.213991769547
0.215226337449
0.211111111111
0.210288065844
0.211934156379
0.213168724280
0.218930041152
0.219341563786
0.223868312757
0.227160493827
0.230864197531
0.238271604938
0.245679012346
0.256378600823
0.258024691358
0.269958847737
0.267901234568
0.281069958848
0.225925925926
0.101234567901
0.195061728395
0.176954732510
0.156378600823
0.158847736626
0.157613168724
0.151440329218
0.148971193416
0.146913580247
0.146502057613
0.146502057613
0.150617283951
0.156378600823
0.161316872428
0.161316872428
0.160905349794
0.158024691358
0.155555555556
0.149794238683
0.146913580247
0.146502057613
0.146502057613
0.147736625514
0.146502057613
0.126337448560
0.111111111111
0.105349794239
0.111522633745
0.102057613169
0.137860082305
0.058436213992
0.157613168724
0.157613168724
0.158436213992
0.160082304527
0.147736625514
0.119753086420
0.123045267490
0.140740740741
0.144444444444
0.146913580247
0.155144032922
0.157201646091
0.157613168724
0.160082304527
0.162551440329
0.155967078189
0.145267489712
0.142386831276
0.139917695473
0.145267489712
0.155555555556
0.153909465021
0.152263374486
0.156378600823
0.172839506173
0.172839506173
0.180246913580
0.178600823045
0.183127572016
0.174485596708
0.171604938272
0.169547325103
0.168312757202
0.172839506173
0.169958847737
0.174074074074
0.175308641975
0.179012345679
0.179423868313
0.180246913580
0.185185185185
0.184773662551
0.188888888889
0.186831275720
0.186419753086
0.189300411523
0.190123456790
0.192181069959
0.197530864198
0.200411522634
0.202057613169
0.202057613169
0.198765432099
0.192592592593
0.190534979424
0.197530864198
0.204115226337
0.208230452675
0.212757201646
0.208641975309
0.191358024691
0.168724279835
0.130452674897
0.130452674897
0.130452674897
0.130452674897
0.130452674897
0.130452674897
0.130452674897
0.130452674897
0.130452674897
0.130452674897
0.139094650206
0.130452674897
0.164609053498
0.172016460905
0.196296296296
0.142386831276
0.185596707819
0.190123456790
0.174485596708
0.190534979424
0.161316872428
0.190534979424
0.182304526749
0.180658436214
0.183950617284
0.179012345679
0.179835390947
0.182716049383
0.171193415638
0.173662551440
0.172427983539
0.092592592593
0.147325102881
0.157201646091
0.088888888889
0.088888888889
0.088888888889
0.155144032922
0.128395061728
0.152263374486
0.145267489712
0.149794238683
0.141975308642
0.141563786008
0.140329218107
0.142798353909
0.139506172840
0.154732510288
0.151028806584
0.165843621399
0.091769547325
0.157201646091
0.141152263374
0.167078189300
0.135802469136
0.170781893004
0.133744855967
0.144855967078
0.149382716049
0.174074074074
0.167901234568
0.175308641975
0.178600823045
0.171193415638
0.181069958848
0.129218106996
0.127983539095
0.160493827160
0.206584362140
0.203703703704
0.208641975309
0.215226337449
0.218930041152
0.224279835391
0.229629629630
0.225102880658
0.228806584362
0.226337448560
0.230041152263
0.225925925926
0.213580246914
0.112345679012
0.131687242798
0.127160493827
0.165020576132
0.172839506173
0.180246913580
0.200823045267
0.216460905350
0.214403292181
0.215226337449
0.223045267490
0.214814814815
0.211111111111
0.201646090535
0.216460905350
0.107818930041
0.190123456790
0.158436213992
0.195884773663
0.210699588477
0.214814814815
0.209053497942
0.202057613169
0.203703703704
0.209876543210
0.216872427984
0.222222222222
0.232098765432
0.219341563786
0.206584362140
0.204526748971
0.199176954733
0.196296296296
0.198765432099
0.194650205761
0.204526748971
0.212345679012
0.217283950617
0.223456790123
0.234979423868
0.243209876543
0.234979423868
0.237448559671
0.238271604938
0.243621399177
0.247325102881
0.260905349794
0.262962962963
0.268724279835
0.263374485597
0.263374485597
0.142386831276
0.203703703704
0.210288065844
0.210288065844
0.205349794239
0.196707818930
0.197942386831
0.204938271605
0.205349794239
0.212345679012
0.212757201646
0.210699588477
0.216049382716
0.222222222222
0.226748971193
0.226337448560
0.228395061728
0.228806584362
0.237037037037
0.241152263374
0.249382716049
0.256378600823
0.261728395062
0.264197530864
0.265020576132
0.267078189300
0.268312757202
0.267901234568
0.271604938272
0.270370370370
0.272839506173
0.273251028807
0.277366255144
0.273251028807
0.268312757202
0.269547325103
0.272016460905
0.272427983539
0.276131687243
0.274897119342
0.272016460905
0.274485596708
0.274897119342
0.267078189300
0.264197530864
0.265020576132
0.267489711934
0.263374485597
0.263786008230
0.262962962963
0.261316872428
0.261728395062
0.258024691358
0.258436213992
0.261316872428
0.265843621399
0.269135802469
0.271604938272
0.275308641975
0.275308641975
0.276954732510
0.281069958848
0.284773662551
0.283950617284
0.283127572016
0.281893004115
0.281069958848
0.282716049383
0.287654320988
0.291769547325
0.293004115226
0.293004115226
0.292181069959
0.290946502058
0.291769547325
0.288888888889
0.293415637860
0.295473251029
0.297942386831
0.297119341564
0.302057613169
0.302469135802
0.305349794239
0.305761316872
0.308230452675
0.308641975309
0.311934156379
0.307818930041
0.312757201646
0.303703703704
0.301646090535
0.272839506173
0.255967078189
0.239094650206
0.238271604938
0.252263374486
0.275308641975
0.302880658436
0.311934156379
0.319341563786
0.318518518519
0.315226337449
0.317283950617
0.316872427984
0.313580246914
0.308230452675
0.301646090535
0.300411522634
0.302469135802
0.307818930041
0.313168724280
0.321810699588
0.322222222222
0.323456790123
0.327572016461
0.328395061728
0.331687242798
0.329629629630
0.327160493827
0.328395061728
0.325102880658
0.322222222222
0.321399176955
0.320164609053
0.320987654321
0.320164609053
0.320576131687
0.321810699588
0.320987654321
0.320987654321
0.318930041152
0.319753086420
0.322222222222
0.321399176955
0.321810699588
0.323045267490
0.325514403292
0.330864197531
0.332921810700
0.331275720165
0.334156378601
0.333744855967
0.334156378601
0.332098765432
0.332510288066
0.332098765432
0.333333333333
0.332098765432
0.330864197531
0.330864197531
0.329218106996
0.325102880658
0.330041152263
0.328806584362
0.312757201646
0.244855967078
0.154732510288
0.226337448560
0.255144032922
0.249794238683
0.258847736626
0.270370370370
0.282304526749
0.288888888889
0.296296296296
0.296707818930
0.295061728395
0.301234567901
0.299588477366
0.293827160494
0.288888888889
0.285596707819
0.282304526749
0.274485596708
0.270370370370
0.261728395062
0.259670781893
0.258024691358
0.253909465021
0.258024691358
0.266255144033
0.273251028807
0.279835390947
0.283950617284
0.287242798354
0.285596707819
0.291769547325
0.294238683128
0.296296296296
0.294238683128
0.293827160494
0.290534979424
0.289711934156
0.289711934156
0.288477366255
0.284773662551
0.285596707819
0.285596707819
0.288477366255
0.291769547325
0.293827160494
0.296296296296
0.300000000000
0.305349794239
0.307407407407
0.300000000000
0.287242798354
0.202469135802
0.253086419753
0.271604938272
0.283127572016
0.295473251029
0.288065843621
0.285185185185
0.298765432099
0.306172839506
0.309876543210
0.304938271605
0.302057613169
0.306584362140
0.296707818930
0.307407407407
0.289711934156
0.296707818930
0.280658436214
0.292592592593
0.283950617284
0.291358024691
0.295884773663
0.299588477366
0.309465020576
0.307407407407
0.313580246914
0.310288065844
0.324691358025
0.304526748971
0.327160493827
0.286419753086
0.298765432099
0.162962962963
0.288065843621
0.303292181070
0.305349794239
0.301646090535
0.309465020576
0.313168724280
0.323045267490
0.326748971193
0.331687242798
0.336625514403
0.341563786008
0.337037037037
0.340740740741
0.339094650206
0.335802469136
0.329629629630
0.324691358025
0.328806584362
0.333744855967
0.335802469136
0.341563786008
0.339094650206
0.344444444444
0.347325102881
0.343621399177
0.342798353909
0.336625514403
0.339094650206
0.333744855967
0.333333333333
0.331687242798
0.330452674897
0.327160493827
0.330041152263
0.332098765432
0.334567901235
0.336213991770
0.339917695473
0.340329218107
0.340329218107
0.340329218107
0.342798353909
0.344032921811
0.346502057613
0.349382716049
0.351028806584
0.354320987654
0.357613168724
0.356790123457
0.354732510288
0.355555555556
0.355144032922
0.354320987654
0.357613168724
0.357201646091
0.361316872428
0.362551440329
0.361316872428
0.363374485597
0.365432098765
0.360493827160
0.356378600823
0.357201646091
0.359670781893
0.361728395062
0.362139917695
0.365432098765
0.363786008230
0.362551440329
0.360493827160
0.363786008230
0.364609053498
0.364197530864
0.365843621399
0.365020576132
0.368312757202
0.368724279835
0.371193415638
0.376131687243
0.376131687243
0.378600823045
0.382304526749
0.384362139918
0.382304526749
0.382304526749
0.382716049383
0.383950617284
0.386831275720
0.387242798354
0.386419753086
0.388065843621
0.389300411523
0.388477366255
0.387654320988
0.387654320988
0.384773662551
0.386419753086
0.387242798354
0.391358024691
0.388477366255
0.393415637860
0.372839506173
0.367489711934
0.112757201646
0.266255144033
0.295061728395
0.309876543210
0.299176954733
0.288477366255
0.296296296296
0.315226337449
0.314814814815
0.313991769547
0.317695473251
0.313991769547
0.310699588477
0.306584362140
0.303703703704
0.303703703704
0.300823045267
0.306584362140
0.312345679012
0.316460905350
0.315637860082
0.317695473251
0.315226337449
0.319753086420
0.326337448560
0.326337448560
0.325514403292
0.323456790123
0.320164609053
0.318106995885
0.318930041152
0.316049382716
0.319753086420
0.315637860082
0.316872427984
0.318518518519
0.327983539095
0.335802469136
0.346502057613
0.349794238683
0.351440329218
0.353497942387
0.359670781893
0.360082304527
0.343209876543
0.264609053498
0.120576131687
0.232510288066
0.195061728395
0.160905349794
0.147736625514
0.146913580247
0.153909465021
0.156378600823
0.159670781893
0.166255144033
0.174897119342
0.183127572016
0.183539094650
0.184362139918
0.180658436214
0.185596707819
0.183950617284
0.192181069959
0.195473251029
0.197119341564
0.195884773663
0.195473251029
0.194650205761
0.187242798354
0.188477366255
0.186831275720
0.181893004115
0.182304526749
0.183539094650
0.184773662551
0.163374485597
0.146913580247
0.141152263374
0.147736625514
0.148971193416
0.158847736626
0.165020576132
0.167901234568
0.172016460905
0.188477366255
0.213168724280
0.227160493827
0.244032921811
0.258024691358
0.265020576132
0.262551440329
0.259670781893
0.233333333333
0.231687242798
0.235802469136
0.240740740741
0.245679012346
0.251028806584
0.263786008230
0.233333333333
0.223868312757
0.158847736626
0.135390946502
0.131687242798
0.132921810700
0.135390946502
0.142386831276
0.149382716049
0.171193415638
0.191769547325
0.208641975309
0.220164609053
0.231275720165
0.202057613169
0.188065843621
0.197530864198
0.207407407407
0.232510288066
0.257201646091
0.260493827160
0.249794238683
0.243621399177
0.239094650206
0.238683127572
0.236625514403
0.232098765432
0.229629629630
0.228395061728
0.226748971193
0.221399176955
0.219341563786
0.209053497942
0.204526748971
0.211522633745
0.216049382716
0.222222222222
0.233333333333
0.241152263374
0.247325102881
0.248148148148
0.248559670782
0.251851851852
0.250617283951
0.253086419753
0.251440329218
0.251440329218
0.251440329218
0.250205761317
0.242798353909
0.242798353909
0.241563786008
0.239506172840
0.235390946502
0.216049382716
0.174074074074
0.092592592593
0.070781893004
0.129218106996
0.150617283951
0.146913580247
0.139094650206
0.137448559671
0.141563786008
0.147325102881
0.156378600823
0.160905349794
0.158436213992
0.160082304527
0.150617283951
0.134567901235
0.125102880658
0.118518518519
0.120576131687
0.122633744856
0.120164609053
0.113168724280
0.103292181070
0.102057613169
0.095473251029
0.090534979424
0.090123456790
0.090946502058
0.091769547325
0.093004115226
0.097119341564
0.101646090535
0.116872427984
0.138271604938
0.160493827160
0.167901234568
0.165432098765
0.164197530864
0.164197530864
0.160905349794
0.162551440329
0.165432098765
0.170370370370
0.177777777778
0.183539094650
0.180658436214
0.179423868313
0.176543209877
0.176131687243
0.177777777778
0.177366255144
0.175308641975
0.179423868313
0.181481481481
0.179423868313
0.177366255144
0.175308641975
0.179423868313
0.166255144033
0.179012345679
0.113168724280
0.122633744856
0.131687242798
0.144032921811
0.165843621399
0.181481481481
0.189300411523
0.191358024691
0.196296296296
0.201234567901
0.204115226337
0.207407407407
0.213580246914
0.215226337449
0.216049382716
0.223868312757
0.222633744856
0.220164609053
0.218518518519
0.219753086420
0.214403292181
0.211111111111
0.210699588477
0.209465020576
0.197942386831
0.190534979424
0.182716049383
0.180246913580
0.183950617284
0.193004115226
0.206172839506
0.189300411523
0.209053497942
0.219341563786
0.214814814815
0.213168724280
0.216460905350
0.217695473251
0.218930041152
0.216049382716
0.214403292181
0.211934156379
0.213168724280
0.211111111111
0.209053497942
0.210699588477
0.208230452675
0.211934156379
0.211522633745
0.216872427984
0.218106995885
0.219341563786
0.221810699588
0.222633744856
0.220576131687
0.223456790123
0.223045267490
0.219753086420
0.218930041152
0.216872427984
0.220164609053
0.218518518519
0.221810699588
0.224279835391
0.228395061728
0.232098765432
0.234156378601
0.233744855967
0.236625514403
0.235390946502
0.237448559671
0.233744855967
0.236213991770
0.233744855967
0.234567901235
0.237860082305
0.240329218107
0.239094650206
0.242798353909
0.244032921811
0.244032921811
0.244444444444
0.243621399177
0.244032921811
0.243621399177
0.246502057613
0.249382716049
0.248148148148
0.247325102881
0.248559670782
0.251440329218
0.252263374486
0.241563786008
0.238683127572
0.163374485597
0.206172839506
0.107407407407
0.118518518519
0.129218106996
0.151028806584
0.172839506173
0.192181069959
0.193415637860
0.178189300412
0.165020576132
0.165843621399
0.166255144033
0.164609053498
0.164609053498
0.189300411523
0.202057613169
0.204115226337
0.199176954733
0.200000000000
0.203292181070
0.206584362140
0.209465020576
0.213991769547
0.220164609053
0.217283950617
0.218930041152
0.218518518519
0.235390946502
0.225514403292
0.224279835391
0.225514403292
0.229218106996
0.230452674897
0.231687242798
0.231275720165
0.234567901235
0.234567901235
0.230864197531
0.225102880658
0.223045267490
0.235802469136
0.224691358025
0.229629629630
0.232098765432
0.238271604938
0.239917695473
0.241975308642
0.242386831276
0.243621399177
0.244032921811
0.243621399177
0.241563786008
0.237448559671
0.237860082305
0.236625514403
