0.052576782926
0.052056220718
0.052576782926
0.052576782926
0.053097345133
0.054138469547
0.054659031754
0.054659031754
0.054659031754
0.054659031754
0.054659031754
0.054659031754
0.054659031754
0.054659031754
0.054659031754
0.054659031754
0.055179593961
0.055179593961
0.055179593961
0.056220718376
0.058302967205
0.060905778240
0.064029151484
0.070796460177
0.081207704321
0.088495575221
0.099427381572
0.107756376887
0.117126496616
0.121811556481
0.125455491931
0.127537740760
0.131181676210
0.138990109318
0.142113482561
0.135866736075
0.133784487246
0.131702238417
0.132743362832
0.134825611661
0.131702238417
0.133263925039
0.132222800625
0.132743362832
0.134825611661
0.138469547111
0.142634044768
0.144716293597
0.148880791255
0.165538781884
0.174908901614
0.182196772514
0.189484643415
0.196772514315
0.199375325351
0.199895887559
0.199375325351
0.196251952108
0.194169703280
0.202498698594
0.208224882874
0.215512753774
0.221238938053
0.220197813639
0.223321186882
0.214992191567
0.212909942738
0.209786569495
0.205101509630
0.203539823009
0.194690265487
0.200937011973
0.184799583550
0.190525767829
0.190525767829
0.195210827694
0.194169703280
0.199375325351
0.189484643415
0.209786569495
0.180114523686
0.217074440396
0.196772514315
0.225923997918
0.191046330036
0.225923997918
0.171264966163
0.244143675169
0.166059344092
0.243102550755
0.142113482561
0.178552837064
0.236855804269
0.264966163457
0.239979177512
0.221238938053
0.212909942738
0.214992191567
0.207183758459
0.204580947423
0.208224882874
0.210827693909
0.216553878188
0.213951067153
0.215512753774
0.215512753774
0.219677251432
0.219677251432
0.223321186882
0.225923997918
0.229567933368
0.231129619990
0.237896928683
0.238938053097
0.240499739719
0.249869859448
0.250390421655
0.253513794898
0.256637168142
0.259239979178
0.260801665799
0.257157730349
0.254034357106
0.254554919313
0.261322228006
0.268610098907
0.276418532015
0.275377407600
0.279021343050
0.278500780843
0.278500780843
0.279541905258
0.279541905258
0.280583029672
0.281624154086
0.280062467465
0.279021343050
0.281103591879
0.283185840708
0.284226965122
0.285268089537
0.288391462780
0.289953149401
0.290994273816
0.287350338365
0.292035398230
0.295158771473
0.296720458095
0.295158771473
0.293597084852
0.295158771473
0.290473711609
0.293076522644
0.292035398230
0.288391462780
0.290994273816
0.290994273816
0.287350338365
0.291514836023
0.296720458095
0.296720458095
0.297241020302
0.295158771473
0.295679333680
0.295158771473
0.289432587194
0.211348256117
0.071317022384
0.208745445081
0.222800624675
0.174388339407
0.200937011973
0.230088495575
0.234252993233
0.228006246746
0.220197813639
0.219677251432
0.228526808954
0.228526808954
0.229567933368
0.233211868818
0.233732431026
0.234773555440
0.239458615305
0.243102550755
0.258719416970
0.279541905258
0.285788651744
0.287350338365
0.281624154086
0.275377407600
0.275377407600
0.276939094222
0.280583029672
0.281103591879
0.286309213951
0.289432587194
0.292035398230
0.285268089537
0.283706402915
0.262883914628
0.262883914628
0.213430504945
0.245184799584
0.126496616346
0.110359187923
0.118688183238
0.150963040083
0.171785528371
0.182196772514
0.184799583550
0.192087454451
0.201457574180
0.212909942738
0.219156689224
0.222800624675
0.228526808954
0.233211868818
0.228006246746
0.228526808954
0.222280062467
0.207183758459
0.195210827694
0.185320145757
0.153045288912
0.165538781884
0.080166579906
0.150963040083
0.093701197293
0.092139510672
0.086933888600
0.090577824050
0.101509630401
0.102030192608
0.110359187923
0.127537740760
0.143675169183
0.150442477876
0.139510671525
0.136907860489
0.133784487246
0.136387298282
0.134305049453
0.134305049453
0.133263925039
0.132222800625
0.132222800625
0.129099427382
0.121811556481
0.115564809995
0.111400312337
0.120249869859
0.081207704321
0.081207704321
0.080687142113
0.078604893285
0.079125455492
0.079646017699
0.084331077564
0.077043206663
0.078084331078
0.072358146799
0.071317022384
0.068714211348
0.071837584591
0.073919833420
0.073399271213
0.076522644456
0.113482561166
0.138990109318
0.130140551796
0.132743362832
0.132743362832
0.128058302967
0.122332118688
0.120249869859
0.121811556481
0.120770432067
0.126496616346
0.132222800625
0.140551795940
0.144716293597
0.142113482561
0.147319104633
0.148360229047
0.149401353462
0.151483602290
0.149401353462
0.149401353462
0.153565851119
0.154086413326
0.148360229047
0.156168662155
0.141592920354
0.108797501301
0.101509630401
0.064029151484
0.070275897970
0.070796460177
0.080166579906
0.130140551796
0.165018219677
0.183758459136
0.127537740760
0.156689224362
0.146277980219
0.154086413326
0.149921915669
0.143154606976
0.123373243103
0.107756376887
0.106715252473
0.104633003644
0.108797501301
0.109318063509
0.122332118688
0.131181676210
0.134305049453
0.135866736075
0.142634044768
0.120249869859
0.146277980219
0.169182717335
0.168141592920
0.174388339407
0.174908901614
0.178032274857
0.178552837064
0.182717334721
0.183237896929
0.182717334721
0.186361270172
0.185320145757
0.185840707965
0.186361270172
0.185840707965
0.186881832379
0.191566892244
0.189484643415
0.188964081208
0.189484643415
0.193128578865
0.192087454451
0.192608016658
0.191046330036
0.192087454451
0.192608016658
0.194169703280
0.197813638730
0.196251952108
0.200937011973
0.204060385216
0.209786569495
0.146277980219
0.214471629360
0.125976054138
0.136387298282
0.140031233732
0.142634044768
0.140551795940
0.137948984904
0.133263925039
0.159812597605
0.176991150442
0.178032274857
0.171785528371
0.172306090578
0.173867777199
0.181155648100
0.186881832379
0.190005205622
0.186881832379
0.185840707965
0.187922956793
0.183237896929
0.182196772514
0.180114523686
0.174388339407
0.176991150442
0.178552837064
0.180114523686
0.180114523686
0.181676210307
0.184279021343
0.183758459136
0.186361270172
0.187402394586
0.186881832379
0.190525767829
0.192087454451
0.193649141072
0.192608016658
0.193128578865
0.190005205622
0.192608016658
0.191046330036
0.189484643415
0.186361270172
0.184279021343
0.185320145757
0.183237896929
0.183237896929
0.185320145757
0.187402394586
0.190005205622
0.192087454451
0.193649141072
0.194690265487
0.195210827694
0.195731389901
0.197813638730
0.199375325351
0.201978136387
0.204580947423
0.206142634045
0.207183758459
0.207183758459
0.204060385216
0.204580947423
0.203539823009
0.204580947423
0.206142634045
0.206663196252
0.207183758459
0.208224882874
0.208745445081
0.209786569495
0.210307131702
0.211868818324
0.214992191567
0.214992191567
0.217595002603
0.219156689224
0.220718375846
0.223321186882
0.225923997918
0.227485684539
0.231129619990
0.233211868818
0.232170744404
0.232691306611
0.231650182197
0.235294117647
0.237376366476
0.238938053097
0.239979177512
0.238938053097
0.239458615305
0.238938053097
0.238417490890
0.238417490890
0.235814679854
0.233211868818
0.234773555440
0.236335242061
0.235814679854
0.236855804269
0.236855804269
0.243623112962
0.243623112962
0.241540864133
0.237376366476
0.234773555440
0.234252993233
0.233732431026
0.234773555440
0.233732431026
0.233211868818
0.231129619990
0.234773555440
0.235814679854
0.238417490890
0.239458615305
0.241540864133
0.239979177512
0.243102550755
0.242581988548
0.244664237376
0.245705361791
0.245184799584
0.245705361791
0.245705361791
0.248828735034
0.247267048412
0.247787610619
0.250390421655
0.250390421655
0.250910983863
0.253513794898
0.251952108277
0.251952108277
0.250390421655
0.251952108277
0.252472670484
0.252472670484
0.250910983863
0.249869859448
0.248308172827
0.249869859448
0.249349297241
0.249349297241
0.247787610619
0.247267048412
0.247267048412
0.247267048412
0.248828735034
0.249869859448
0.251431546070
0.255075481520
0.254554919313
0.258198854763
0.260801665799
0.263404476835
0.266527850078
0.266527850078
0.267048412285
0.265486725664
0.263925039042
0.260281103592
0.258719416970
0.259760541385
0.260801665799
0.258719416970
0.259760541385
0.260281103592
0.262363352421
0.259760541385
0.259760541385
0.259760541385
0.258719416970
0.258198854763
0.254034357106
0.255596043727
0.255596043727
0.258719416970
0.256637168142
0.257678292556
0.254554919313
0.255075481520
0.251431546070
0.254034357106
0.251952108277
0.258198854763
0.253513794898
0.257157730349
0.254034357106
0.257678292556
0.256116605934
0.257157730349
0.258198854763
0.260801665799
0.259239979178
0.265486725664
0.257157730349
0.264966163457
0.259239979178
0.263925039042
0.251952108277
0.282665278501
0.144716293597
0.252993232691
0.190525767829
0.161374284227
0.123373243103
0.106715252473
0.098386257158
0.092660072879
0.087454450807
0.088495575221
0.089016137428
0.087975013014
0.089536699636
0.096304008329
0.105153565851
0.108797501301
0.116605934409
0.115564809995
0.121290994274
0.134825611661
0.147839666840
0.159292035398
0.160853722020
0.157730348777
0.152004164498
0.147839666840
0.143675169183
0.138469547111
0.133784487246
0.133784487246
0.138469547111
0.149921915669
0.199375325351
0.205101509630
0.204580947423
0.203539823009
0.204060385216
0.203019260802
0.203539823009
0.204580947423
0.203019260802
0.204580947423
0.207183758459
0.211348256117
0.210827693909
0.208745445081
0.209266007288
0.210827693909
0.212909942738
0.212389380531
0.213430504945
0.214471629360
0.212389380531
0.209266007288
0.176991150442
0.152004164498
0.154086413326
0.153565851119
0.156168662155
0.156168662155
0.155648099948
0.153045288912
0.155127537741
0.158771473191
0.163456533056
0.171264966163
0.181155648100
0.191566892244
0.212909942738
0.214992191567
0.217074440396
0.215512753774
0.213430504945
0.212389380531
0.213951067153
0.212389380531
0.210307131702
0.207183758459
0.200416449766
0.200937011973
0.197293076523
0.195731389901
0.199375325351
0.195210827694
0.190005205622
0.166059344092
0.152004164498
0.136387298282
0.205622071838
0.206663196252
0.234252993233
0.197293076523
0.226444560125
0.206142634045
0.247267048412
0.229047371161
0.258198854763
0.243102550755
0.253513794898
0.250910983863
0.250390421655
0.251431546070
0.254554919313
0.252472670484
0.248308172827
0.251431546070
0.247787610619
0.250910983863
0.245705361791
0.242581988548
0.231129619990
0.200416449766
0.172826652785
0.164497657470
0.163977095263
0.160333159813
0.159812597605
0.159812597605
0.163977095263
0.181155648100
0.182717334721
0.204060385216
0.203019260802
0.234252993233
0.140551795940
0.205101509630
0.079646017699
0.079125455492
0.079646017699
0.079646017699
0.079125455492
0.066111400312
0.058823529412
0.065590838105
0.069234773555
0.073399271213
0.081728266528
0.083289953149
0.067673086934
0.058823529412
0.055700156169
0.054659031754
0.057782404997
0.059864653826
0.069234773555
0.080166579906
0.093180635086
0.104112441437
0.107756376887
0.109318063509
0.111400312337
0.108797501301
0.105153565851
0.105674128058
0.106715252473
0.106715252473
0.123373243103
0.136387298282
0.150442477876
0.154606975534
0.156168662155
0.156168662155
0.160853722020
0.162935970849
0.167100468506
0.171264966163
0.173347214992
0.168662155128
0.162935970849
0.147319104633
0.136387298282
0.117647058824
0.108276939094
0.101509630401
0.104112441437
0.108276939094
0.115044247788
0.119729307652
0.124934929724
0.128578865174
0.132743362832
0.137948984904
0.144716293597
0.155648099948
0.172826652785
0.187922956793
0.188964081208
0.195210827694
0.195731389901
0.193649141072
0.187402394586
0.185320145757
0.181676210307
0.177511712650
0.175950026028
0.173347214992
0.170223841749
0.163456533056
0.156689224362
0.149401353462
0.157730348777
0.167100468506
0.162415408641
0.162415408641
0.171785528371
0.180635085893
0.198854763144
0.208745445081
0.217074440396
0.212389380531
0.210827693909
0.180635085893
0.190005205622
0.122852680895
0.137948984904
0.137948984904
0.177511712650
0.167621030713
0.146277980219
0.136907860489
0.139510671525
0.143154606976
0.142113482561
0.141072358147
0.137948984904
0.139510671525
0.137948984904
0.137428422697
0.146798542426
0.179073399271
0.195731389901
0.195210827694
0.187402394586
0.182196772514
0.180114523686
0.181676210307
0.183758459136
0.187402394586
0.185320145757
0.185320145757
0.183237896929
0.181155648100
0.178552837064
0.176470588235
0.176470588235
0.172826652785
0.168662155128
0.162935970849
0.159292035398
0.156168662155
0.150442477876
0.152524726705
0.150963040083
0.147839666840
0.146798542426
0.148880791255
0.150442477876
0.153045288912
0.157730348777
0.161374284227
0.168662155128
0.171264966163
0.175950026028
0.182196772514
0.187402394586
0.197293076523
0.204060385216
0.205622071838
0.211348256117
0.216553878188
0.219156689224
0.222800624675
0.221759500260
0.222800624675
0.222280062467
0.224362311296
0.222800624675
0.221238938053
0.221238938053
0.223841749089
0.224882873503
0.227485684539
0.223321186882
0.223841749089
0.219677251432
0.215512753774
0.212909942738
0.207704320666
0.204060385216
0.200416449766
0.195731389901
0.193128578865
0.188964081208
0.188964081208
0.185840707965
0.180635085893
0.183237896929
0.184279021343
0.184279021343
0.188443519001
0.191566892244
0.197293076523
0.200937011973
0.205101509630
0.213430504945
0.217595002603
0.226444560125
0.233211868818
0.236855804269
0.239979177512
0.241540864133
0.242581988548
0.241020301926
0.240499739719
0.236855804269
0.235814679854
0.236855804269
0.232691306611
0.233211868818
0.230088495575
0.231650182197
0.229047371161
0.231650182197
0.233211868818
0.235294117647
0.236855804269
0.237896928683
0.246746486205
0.249349297241
0.249349297241
0.251431546070
0.259239979178
0.261322228006
0.264966163457
0.264966163457
0.269130661114
0.274856845393
0.275377407600
0.273815720979
0.276418532015
0.276418532015
0.277980218636
0.281624154086
0.281624154086
0.280062467465
0.281103591879
0.284747527330
0.285268089537
0.286829776158
0.283185840708
0.285788651744
0.284226965122
0.283706402915
0.282144716294
0.284747527330
0.287870900573
0.285788651744
0.285788651744
0.284747527330
0.282144716294
0.284747527330
0.282144716294
0.284747527330
0.283706402915
0.286309213951
0.283185840708
0.278500780843
0.272774596564
0.268610098907
0.269130661114
0.268610098907
0.270171785528
0.276418532015
0.279021343050
0.281103591879
0.282144716294
0.289953149401
0.292555960437
0.293597084852
0.294638209266
0.300364393545
0.298282144716
0.298282144716
0.294638209266
0.297241020302
0.296199895888
0.294638209266
0.295679333680
0.297761582509
0.298802706923
0.296720458095
0.296199895888
0.296720458095
0.296199895888
0.293076522644
0.290473711609
0.290994273816
0.289953149401
0.293076522644
0.292555960437
0.293597084852
0.293597084852
0.294117647059
0.295158771473
0.297241020302
0.298282144716
0.299323269131
0.302967204581
0.302446642374
0.303487766788
0.306090577824
0.308172826653
0.308172826653
0.309213951067
0.310775637689
0.311296199896
0.314940135346
0.315981259761
0.315981259761
0.314419573139
0.313378448725
0.313378448725
0.313899010932
0.310775637689
0.310775637689
0.312337324310
0.312337324310
0.312857886517
0.310775637689
0.312337324310
0.319625195211
0.318063508589
0.323269130661
0.315981259761
0.328995314940
0.237376366476
0.199375325351
0.219677251432
0.111920874545
0.160333159813
0.160853722020
0.149921915669
0.141072358147
0.131702238417
0.133784487246
0.139510671525
0.141592920354
0.144195731390
0.148360229047
0.153565851119
0.155127537741
0.157209786569
0.151483602290
0.151483602290
0.145236855804
0.149921915669
0.154086413326
0.152004164498
0.157730348777
0.159292035398
0.163456533056
0.168141592920
0.161374284227
0.150442477876
0.139510671525
0.132743362832
0.131181676210
0.125455491931
0.120249869859
0.120249869859
0.117647058824
0.119208745445
0.119729307652
0.121811556481
0.126496616346
0.131702238417
0.133784487246
0.134825611661
0.144716293597
0.145757418011
0.155127537741
0.161374284227
0.157209786569
0.176470588235
0.192608016658
0.192087454451
0.202498698594
0.207704320666
0.212389380531
0.212389380531
0.210827693909
0.208745445081
0.214471629360
0.217595002603
0.219156689224
0.212909942738
0.211868818324
0.211868818324
0.219156689224
0.220718375846
0.223841749089
0.239458615305
0.243102550755
0.242581988548
0.250910983863
0.257157730349
0.248308172827
0.229567933368
0.089016137428
0.191046330036
0.144716293597
0.091098386257
0.085372201978
0.091618948464
0.093701197293
0.101509630401
0.106194690265
0.105674128058
0.102550754815
0.097865694951
0.090057261843
0.083810515357
0.084331077564
0.082248828735
0.083810515357
0.090057261843
0.091098386257
0.092139510672
0.096304008329
0.099947943779
0.114003123373
0.119729307652
0.114003123373
0.109838625716
0.103591879230
0.107235814680
0.105153565851
0.129619989589
0.046850598647
0.163456533056
0.161894846434
0.162415408641
0.158771473191
0.125455491931
0.093180635086
0.081728266528
0.074440395627
0.077563768870
0.069234773555
0.073399271213
0.072358146799
0.074440395627
0.076002082249
0.094742321707
0.100989068194
0.100989068194
0.106194690265
0.131702238417
0.156689224362
0.182196772514
0.192087454451
0.190005205622
0.190525767829
0.202498698594
0.192087454451
0.197293076523
0.197293076523
0.198854763144
0.193128578865
0.194690265487
0.197293076523
0.202498698594
0.206142634045
0.205622071838
0.208224882874
0.207704320666
0.211868818324
0.211868818324
0.212389380531
0.211348256117
0.211348256117
0.211868818324
0.205622071838
0.213951067153
0.217595002603
0.218115564810
0.222280062467
0.224882873503
0.227485684539
0.223841749089
0.220197813639
0.216553878188
0.216033315981
0.213430504945
0.218115564810
0.224362311296
0.226965122332
0.234252993233
0.240499739719
0.225923997918
0.197813638730
0.207183758459
0.207183758459
0.207183758459
0.207183758459
0.207183758459
0.207183758459
0.207183758459
0.207183758459
0.207183758459
0.207704320666
0.201457574180
0.207183758459
0.201978136387
0.201978136387
0.226444560125
0.200937011973
0.213430504945
0.221759500260
0.185840707965
0.212909942738
0.164497657470
0.192087454451
0.179593961478
0.176991150442
0.179073399271
0.177511712650
0.182196772514
0.176470588235
0.165538781884
0.157730348777
0.167621030713
0.084331077564
0.130661114003
0.176991150442
0.079646017699
0.079646017699
0.079646017699
0.156689224362
0.096824570536
0.157209786569
0.143675169183
0.148360229047
0.129099427382
0.117126496616
0.105674128058
0.102550754815
0.102030192608
0.116085372202
0.111920874545
0.132743362832
0.082769390942
0.131181676210
0.107756376887
0.119729307652
0.109838625716
0.123373243103
0.121811556481
0.116605934409
0.140031233732
0.143154606976
0.160333159813
0.159292035398
0.184279021343
0.150963040083
0.195731389901
0.100468505986
0.107756376887
0.157209786569
0.225403435711
0.231129619990
0.230609057782
0.227485684539
0.225923997918
0.239458615305
0.243102550755
0.244143675169
0.247267048412
0.241540864133
0.241540864133
0.225923997918
0.211348256117
0.092660072879
0.082769390942
0.101509630401
0.124414367517
0.120770432067
0.140551795940
0.188443519001
0.224882873503
0.228526808954
0.232170744404
0.226965122332
0.201457574180
0.199895887559
0.184279021343
0.234252993233
0.103071317022
0.135866736075
0.153565851119
0.221759500260
0.260801665799
0.257157730349
0.246225923998
0.232691306611
0.222800624675
0.228006246746
0.234773555440
0.227485684539
0.205622071838
0.171785528371
0.155648099948
0.161374284227
0.167100468506
0.174388339407
0.180635085893
0.187402394586
0.194690265487
0.203019260802
0.210827693909
0.216553878188
0.224882873503
0.220718375846
0.211348256117
0.200937011973
0.214992191567
0.228526808954
0.255075481520
0.261322228006
0.270692347736
0.274336283186
0.256116605934
0.258198854763
0.134305049453
0.206142634045
0.178552837064
0.181676210307
0.177511712650
0.175950026028
0.184799583550
0.201457574180
0.207704320666
0.216553878188
0.217595002603
0.218115564810
0.220718375846
0.219156689224
0.214992191567
0.208745445081
0.211348256117
0.216033315981
0.228006246746
0.239979177512
0.238938053097
0.238417490890
0.233211868818
0.237376366476
0.230609057782
0.233211868818
0.231650182197
0.230609057782
0.234252993233
0.236855804269
0.237376366476
0.234773555440
0.242061426340
0.238417490890
0.242581988548
0.245705361791
0.245184799584
0.244143675169
0.247267048412
0.246225923998
0.249349297241
0.256637168142
0.255596043727
0.258198854763
0.258719416970
0.255075481520
0.247787610619
0.246746486205
0.249349297241
0.248828735034
0.242581988548
0.240499739719
0.238417490890
0.234773555440
0.235294117647
0.241020301926
0.245184799584
0.245184799584
0.250910983863
0.250910983863
0.254034357106
0.250910983863
0.257678292556
0.258198854763
0.261842790213
0.263404476835
0.266007287871
0.266007287871
0.268089536700
0.268089536700
0.269651223321
0.270692347736
0.271733472150
0.270692347736
0.277980218636
0.272254034357
0.274336283186
0.270171785528
0.272774596564
0.265486725664
0.271733472150
0.263925039042
0.276939094222
0.269651223321
0.277459656429
0.274856845393
0.286309213951
0.273295158771
0.290473711609
0.263925039042
0.294638209266
0.216553878188
0.257678292556
0.224362311296
0.216033315981
0.222800624675
0.249349297241
0.273815720979
0.282144716294
0.293597084852
0.281103591879
0.280062467465
0.273815720979
0.274336283186
0.269651223321
0.265486725664
0.259760541385
0.260281103592
0.262363352421
0.269130661114
0.276939094222
0.283706402915
0.288912024987
0.296720458095
0.299843831338
0.298282144716
0.295679333680
0.297761582509
0.299843831338
0.298802706923
0.296720458095
0.295679333680
0.292035398230
0.286829776158
0.285268089537
0.285788651744
0.286829776158
0.287870900573
0.285268089537
0.284747527330
0.284226965122
0.288391462780
0.291514836023
0.293597084852
0.292035398230
0.292035398230
0.292555960437
0.297241020302
0.296720458095
0.298282144716
0.298802706923
0.293076522644
0.298282144716
0.293076522644
0.295679333680
0.296199895888
0.291514836023
0.293076522644
0.292555960437
0.294638209266
0.295679333680
0.297241020302
0.295679333680
0.297761582509
0.289953149401
0.231650182197
0.162415408641
0.232170744404
0.228526808954
0.238938053097
0.231650182197
0.237896928683
0.240499739719
0.233732431026
0.234773555440
0.237896928683
0.228006246746
0.229047371161
0.224882873503
0.225923997918
0.231129619990
0.236335242061
0.239458615305
0.240499739719
0.232170744404
0.233211868818
0.234252993233
0.232691306611
0.238417490890
0.238417490890
0.242581988548
0.249869859448
0.248828735034
0.249349297241
0.248828735034
0.248828735034
0.252993232691
0.251952108277
0.250910983863
0.253513794898
0.246746486205
0.245184799584
0.239979177512
0.244664237376
0.249869859448
0.249349297241
0.257157730349
0.261322228006
0.266007287871
0.265486725664
0.267568974492
0.268089536700
0.269651223321
0.266007287871
0.263925039042
0.265486725664
0.223841749089
0.216033315981
0.275377407600
0.267568974492
0.248828735034
0.219156689224
0.203019260802
0.201457574180
0.206142634045
0.228526808954
0.234252993233
0.234252993233
0.233211868818
0.231129619990
0.219156689224
0.223321186882
0.213951067153
0.216553878188
0.208224882874
0.220718375846
0.220718375846
0.221759500260
0.238938053097
0.212389380531
0.238417490890
0.212389380531
0.236855804269
0.224362311296
0.254034357106
0.232691306611
0.264445601249
0.213951067153
0.261322228006
0.112441436752
0.230088495575
0.252993232691
0.279541905258
0.293597084852
0.294638209266
0.300884955752
0.305049453410
0.306090577824
0.306090577824
0.301926080167
0.304528891202
0.301405517959
0.295679333680
0.287870900573
0.282665278501
0.280583029672
0.280062467465
0.277980218636
0.277459656429
0.276418532015
0.274336283186
0.279541905258
0.280583029672
0.287350338365
0.297241020302
0.289432587194
0.291514836023
0.295158771473
0.292555960437
0.290994273816
0.292555960437
0.290473711609
0.286309213951
0.283185840708
0.285788651744
0.287350338365
0.282665278501
0.282665278501
0.277980218636
0.280583029672
0.280583029672
0.284747527330
0.286829776158
0.292555960437
0.296199895888
0.298802706923
0.298802706923
0.302967204581
0.307652264446
0.314940135346
0.319104633004
0.319104633004
0.317542946382
0.320145757418
0.319625195211
0.315981259761
0.316501821968
0.319104633004
0.321186881832
0.318584070796
0.317022384175
0.313378448725
0.309734513274
0.309734513274
0.312337324310
0.313899010932
0.314940135346
0.318063508589
0.315981259761
0.319104633004
0.321186881832
0.324310255075
0.326392503904
0.328995314940
0.324310255075
0.326392503904
0.327433628319
0.328474752733
0.330557001562
0.333159812598
0.333159812598
0.335242061426
0.334721499219
0.334721499219
0.335242061426
0.336283185841
0.337844872462
0.339406559084
0.339927121291
0.342529932327
0.344091618948
0.343050494534
0.341488807913
0.342529932327
0.345653305570
0.347214992192
0.348256116606
0.350858927642
0.350858927642
0.357105674128
0.356585111921
0.352941176471
0.282144716294
0.146798542426
0.298282144716
0.308172826653
0.320145757418
0.312857886517
0.297241020302
0.285788651744
0.269130661114
0.246225923998
0.239979177512
0.232170744404
0.237376366476
0.231650182197
0.234252993233
0.238417490890
0.251431546070
0.262363352421
0.279541905258
0.295158771473
0.311296199896
0.322748568454
0.320666319625
0.320666319625
0.314419573139
0.306611140031
0.297241020302
0.297761582509
0.281103591879
0.273295158771
0.273815720979
0.272254034357
0.276939094222
0.284747527330
0.287350338365
0.295679333680
0.296199895888
0.299843831338
0.302446642374
0.305570015617
0.308172826653
0.307131702238
0.310775637689
0.312337324310
0.318063508589
0.300364393545
0.261322228006
0.115564809995
0.262883914628
0.222800624675
0.186881832379
0.164497657470
0.154086413326
0.148880791255
0.153565851119
0.158250910984
0.168662155128
0.176991150442
0.196251952108
0.203019260802
0.190005205622
0.190005205622
0.197813638730
0.186881832379
0.190005205622
0.198854763144
0.199375325351
0.196251952108
0.194690265487
0.199375325351
0.206142634045
0.210827693909
0.222280062467
0.231650182197
0.233211868818
0.236855804269
0.235814679854
0.192087454451
0.161894846434
0.161894846434
0.163977095263
0.171264966163
0.175429463821
0.176991150442
0.182717334721
0.193649141072
0.196251952108
0.196772514315
0.203019260802
0.215512753774
0.220718375846
0.232170744404
0.236335242061
0.210307131702
0.182196772514
0.192087454451
0.202498698594
0.212909942738
0.221238938053
0.228526808954
0.243623112962
0.203019260802
0.182717334721
0.120770432067
0.105674128058
0.104112441437
0.111920874545
0.118688183238
0.124414367517
0.146277980219
0.179593961478
0.210827693909
0.224362311296
0.238938053097
0.248828735034
0.190525767829
0.162935970849
0.162415408641
0.169703279542
0.202498698594
0.227485684539
0.239458615305
0.239979177512
0.239979177512
0.234773555440
0.228526808954
0.224362311296
0.219156689224
0.212389380531
0.210307131702
0.201457574180
0.190525767829
0.181155648100
0.175429463821
0.164497657470
0.164497657470
0.174908901614
0.182717334721
0.193128578865
0.213430504945
0.224882873503
0.230609057782
0.234252993233
0.235814679854
0.230088495575
0.227485684539
0.225923997918
0.225923997918
0.222800624675
0.218636127017
0.218636127017
0.214992191567
0.219156689224
0.214471629360
0.233211868818
0.203539823009
0.185320145757
0.109318063509
0.058823529412
0.088495575221
0.102030192608
0.095262883915
0.095262883915
0.093180635086
0.090057261843
0.100989068194
0.133263925039
0.150963040083
0.168662155128
0.169182717335
0.158771473191
0.146277980219
0.129619989589
0.124414367517
0.126496616346
0.126496616346
0.104633003644
0.100468505986
0.093701197293
0.089016137428
0.079125455492
0.076002082249
0.077043206663
0.076522644456
0.076002082249
0.076522644456
0.076522644456
0.077043206663
0.082248828735
0.096824570536
0.108797501301
0.106715252473
0.103591879230
0.106715252473
0.111400312337
0.118167621031
0.121290994274
0.129619989589
0.137428422697
0.147319104633
0.158250910984
0.160853722020
0.160333159813
0.166579906299
0.170223841749
0.171785528371
0.171264966163
0.175429463821
0.176991150442
0.176991150442
0.175429463821
0.176991150442
0.181155648100
0.188443519001
0.171264966163
0.196251952108
0.103071317022
0.115564809995
0.131181676210
0.137948984904
0.142113482561
0.146277980219
0.147319104633
0.145757418011
0.144195731390
0.152004164498
0.157730348777
0.168141592920
0.168662155128
0.179593961478
0.196251952108
0.212389380531
0.219156689224
0.218115564810
0.225923997918
0.230088495575
0.237376366476
0.239458615305
0.243102550755
0.236855804269
0.219156689224
0.204580947423
0.200416449766
0.199895887559
0.202498698594
0.203539823009
0.222280062467
0.210827693909
0.223841749089
0.235814679854
0.241540864133
0.239458615305
0.233211868818
0.231650182197
0.232691306611
0.229567933368
0.226444560125
0.223321186882
0.221238938053
0.205622071838
0.199895887559
0.197293076523
0.192608016658
0.188443519001
0.180114523686
0.181155648100
0.180635085893
0.180635085893
0.184799583550
0.190525767829
0.189484643415
0.193128578865
0.191566892244
0.188964081208
0.186881832379
0.185320145757
0.179593961478
0.175950026028
0.179073399271
0.181676210307
0.188964081208
0.191566892244
0.198334200937
0.200416449766
0.207183758459
0.208224882874
0.208745445081
0.204580947423
0.203539823009
0.204060385216
0.203539823009
0.206663196252
0.205101509630
0.203539823009
0.208224882874
0.206663196252
0.209786569495
0.205101509630
0.205622071838
0.205101509630
0.206663196252
0.203019260802
0.204580947423
0.206142634045
0.201978136387
0.205101509630
0.199375325351
0.223321186882
0.194169703280
0.225403435711
0.120770432067
0.220718375846
0.092660072879
0.103591879230
0.107756376887
0.129099427382
0.147839666840
0.157730348777
0.163456533056
0.168662155128
0.166059344092
0.162415408641
0.161374284227
0.162935970849
0.162415408641
0.190525767829
0.214471629360
0.221238938053
0.221238938053
0.220197813639
0.219156689224
0.215512753774
0.214471629360
0.211348256117
0.212909942738
0.206663196252
0.203539823009
0.201457574180
0.190525767829
0.143154606976
0.146798542426
0.145236855804
0.150963040083
0.153045288912
0.158771473191
0.163977095263
0.168662155128
0.171785528371
0.176991150442
0.181676210307
0.188964081208
0.231129619990
0.237376366476
0.245184799584
0.255596043727
0.269130661114
0.279541905258
0.285788651744
0.285788651744
0.286829776158
0.288391462780
0.286829776158
0.286829776158
0.283185840708
0.282665278501
0.284747527330
