4.127273082733
4.086496353149
4.069536209106
4.028524398804
3.996920824051
3.941658496857
3.909373283386
4.132439613342
3.890220880508
3.856620788574
3.853878498077
3.818276643753
3.825223922729
3.788727283478
3.801103115082
3.769243478775
3.772532463074
3.738083124161
3.736536502838
3.671867847443
3.717414855957
15.804559707642
15.243772506714
106.118377685547
778238.500000000000
536767430131712.000000000000
nan
nan
nan
nan
nan
nan
nan
nan
nan
nan
nan
nan
nan
nan
nan
nan
nan
nan
nan
nan
nan
nan
nan
nan
nan
nan
nan
nan
nan
nan
nan
nan
nan
nan
nan
nan
nan
nan
nan
nan
nan
nan
nan
nan
nan
nan
nan
nan
nan
nan
nan
nan
nan
nan
nan
nan
nan
nan
nan
nan
nan
nan
nan
nan
nan
nan
nan
nan
nan
nan
nan
nan
nan
nan
