4.124464511871
4.085543632507
4.068355560303
4.028543472290
3.993434667587
3.942089319229
3.889045238495
4.210936069489
3.891180992126
3.857127189636
3.852742671967
3.817282915115
3.823202371597
3.786612033844
3.797110080719
3.768043279648
3.770868301392
3.735597372055
3.733535766602
3.671505928040
3.697623968124
16.194986343384
15.840137481689
122.507553100586
648539.000000000000
354339499540480.000000000000
nan
nan
nan
nan
nan
nan
nan
nan
nan
nan
nan
nan
nan
nan
nan
nan
nan
nan
nan
nan
nan
nan
nan
nan
nan
nan
nan
nan
nan
nan
nan
nan
nan
nan
nan
nan
nan
nan
nan
nan
nan
nan
nan
nan
nan
nan
nan
nan
nan
nan
nan
nan
nan
nan
nan
nan
nan
nan
nan
nan
nan
nan
nan
nan
nan
nan
nan
nan
nan
nan
nan
nan
nan
nan
