4.128507614136
4.124655723572
4.119263172150
4.112576961517
4.104789733887
4.095986366272
4.086293220520
4.075757503510
4.064489841461
4.052527427673
4.039902687073
4.026613235474
4.012595176697
3.997791290283
3.982071161270
3.965300321579
3.947283267975
3.927766084671
3.906483173370
3.883211374283
3.857985734940
3.831037759781
3.802261829376
3.771661758423
3.740202903748
3.709374904633
3.680534124374
3.653914451599
3.631523609161
3.812797546387
5.062745571136
3.783666849136
3.771831512451
3.761422157288
3.751540184021
3.741617202759
3.731862068176
3.722220420837
3.712608098984
3.702941417694
3.693145275116
3.683212280273
3.673120498657
3.662867069244
3.652422904968
3.641838073730
3.631138801575
3.620303630829
3.609334945679
3.598236322403
3.587073802948
3.575802326202
3.564408302307
3.552884101868
3.541247129440
3.529512166977
3.517693042755
3.505784034729
3.493744134903
3.481527805328
3.469134807587
3.456524372101
3.443702220917
3.430719852448
3.417580604553
3.404301643372
3.390864372253
3.377326250076
3.363388538361
3.348941326141
3.334038734436
3.318645000458
3.302820444107
3.286741733551
3.269605636597
3.252500057220
3.233457088470
3.220090150833
3.193936824799
3.285978794098
3.214062213898
3.179820537567
3.165718078613
3.161179065704
3.276684761047
3.273286581039
3.266316890717
3.258208274841
3.249561071396
3.240545034409
3.231222629547
3.221596240997
3.211625099182
3.201283931732
3.190195560455
3.177979230881
3.164493560791
3.149816751480
3.133769035339
3.116725683212
3.099538564682
3.083589553833
3.069713592529
3.056583642960
3.042999744415
3.028781175613
3.014119863510
2.999220848083
2.984129905701
2.968855381012
2.953257083893
2.937592983246
2.921652555466
2.905342817307
2.888531923294
2.870823144913
2.851992368698
2.831151962280
2.812064409256
2.813985109329
3.332014083862
2.982057571411
2.971611499786
2.963417768478
2.941121339798
2.896531343460
2.875037193298
2.833096981049
2.818717956543
2.802535057068
2.789182662964
2.777709245682
2.767102956772
2.757131099701
2.747829914093
2.739024639130
2.730252504349
2.721065044403
2.711562156677
2.702254056931
2.693578004837
2.685590028763
2.678178787231
2.671118974686
2.664145469666
2.657007932663
2.649567365646
2.641776561737
2.633693695068
2.625405073166
2.617032289505
2.608673572540
2.600486040115
2.592448472977
2.584560155869
2.576822519302
2.569215774536
2.561684608459
2.554218769073
2.546827793121
2.539528369904
2.532323598862
2.525204658508
2.518185138702
2.511290788651
2.504490852356
2.497770786285
2.491077423096
2.484398365021
2.477756261826
2.471089839935
2.464409351349
2.457629203796
2.450740337372
2.443783760071
2.436696290970
2.429515123367
2.422151565552
2.414861917496
2.407150030136
2.399711370468
2.391937732697
2.384081840515
2.376432895660
2.367352724075
2.363839149475
2.346930742264
2.538352012634
3.323299646378
2.920372724533
2.897009372711
2.865178823471
2.837015151978
2.815721750259
2.804163455963
2.792546033859
2.783096075058
2.774499893188
2.765584230423
2.755305767059
2.747037410736
2.742328166962
2.741975545883
2.745676755905
2.749047517776
2.749571800232
2.747842788696
2.746105194092
2.744463205338
2.741685628891
2.740065097809
2.736308574677
2.735041141510
2.729170084000
2.729361772537
2.718890190125
2.723995447159
2.704622745514
2.738670825958
2.714390754700
2.821812868118
2.813379764557
2.804373741150
2.795749902725
2.786118507385
2.774106264114
2.758849859238
2.742868661880
2.723710060120
2.703187227249
2.686007976532
2.670467853546
2.658760070801
2.650300741196
2.642737388611
2.633533716202
2.622075080872
2.612030744553
2.601347208023
2.597998619080
2.584515810013
2.598711490631
2.585033893585
2.602952480316
2.566435813904
2.556661367416
2.547001361847
2.538148164749
2.530384778976
2.523826360703
2.518074989319
2.513297557831
2.509157180786
2.505514621735
2.502042293549
2.498464822769
2.494101285934
2.489335536957
2.484118461609
2.478547334671
2.472605705261
2.466628551483
2.460721015930
2.454872846603
2.449120044708
2.443261146545
2.437568426132
2.431602954865
2.426049709320
2.419979333878
2.414618730545
2.408460617065
2.403107166290
2.397205352783
2.392733335495
2.386313676834
2.384042024612
2.375164985657
2.381307601929
2.362359285355
2.418072938919
2.381679534912
2.402449131012
2.389317512512
2.362194538116
2.353249311447
2.346659183502
2.340394020081
2.334959030151
2.330574274063
2.326485872269
2.322187423706
2.317330837250
2.311686038971
2.305735349655
2.299708366394
2.293977737427
2.288928270340
2.282680749893
2.279086589813
2.272289276123
2.271525621414
2.259640455246
2.277853250504
2.243175983429
2.496375083923
2.334402322769
2.330360412598
2.281090259552
2.263624668121
2.271641016006
2.266565799713
2.259194850922
2.250928640366
2.244276523590
2.239331245422
2.235317707062
2.231566190720
2.227331876755
2.222159385681
2.216761350632
2.211492538452
2.206496000290
2.201925039291
2.197831392288
2.194239854813
2.190562486649
2.186991214752
2.183691263199
2.180329799652
2.176831960678
2.173277378082
2.169809579849
2.164356946945
2.167120218277
2.160182476044
2.423904418945
2.984253168106
2.642603397369
2.640317440033
2.636448144913
2.631118774414
2.625288248062
2.619345664978
2.613272666931
2.606959581375
2.600398540497
2.593653917313
2.586793899536
2.579867124557
2.572936534882
2.566088199615
2.559373378754
2.552841663361
2.546504974365
2.540421009064
2.534614324570
2.529107093811
2.523897409439
2.518974781036
2.514321804047
2.509923219681
2.505766391754
2.501837015152
2.498142242432
2.494675397873
2.491425514221
2.488347053528
2.485399484634
2.482568502426
2.479821443558
2.477156877518
2.474590539932
2.472120523453
2.469746828079
2.467467784882
2.465280294418
2.463175296783
2.461119413376
2.459085226059
2.457037448883
2.454954385757
2.452799081802
2.450587034225
2.448314905167
2.445969581604
2.443544626236
2.441020488739
2.438391447067
2.435595750809
2.432705163956
2.429704904556
2.426600217819
2.423366069794
2.420090675354
2.416549921036
2.412865161896
2.408733606339
2.404467105865
2.400258541107
2.395387649536
2.389729738235
2.383780479431
2.377370119095
2.370336055756
2.362627029419
2.353805780411
2.345151662827
2.336235761642
2.327406167984
2.318245649338
2.310863494873
2.300444364548
2.296470165253
2.276798009872
2.368306636810
2.533425807953
2.426238775253
2.424370050430
2.423715114594
2.423213720322
2.422663211823
2.422065496445
2.421410560608
2.420696735382
2.419929265976
2.419112682343
2.418253183365
2.417356967926
2.416429996490
2.415479421616
2.414510250092
2.413527965546
2.412538051605
2.411544799805
2.410551548004
2.409560680389
2.408573627472
2.407592296600
2.406618595123
2.405653476715
2.404696226120
2.403748273849
2.402804851532
2.401867866516
2.400938034058
2.400014638901
2.399098396301
2.398189544678
2.397286415100
2.396388769150
2.395496845245
2.394608497620
2.393723964691
2.392846107483
2.391975164413
2.391108274460
2.390241861343
2.389374256134
2.388501644135
2.387622833252
2.386735200882
2.385835409164
2.384921789169
2.383973836899
2.382960796356
2.381826400757
2.380517959595
2.379006624222
2.377263784409
2.375279664993
2.373004913330
2.370380163193
2.367291927338
2.363625288010
2.359304189682
2.354231119156
2.348294496536
2.341479301453
2.333768129349
2.325323820114
2.316586494446
2.308004856110
2.301608562469
2.299171924591
2.299685478210
2.301522254944
2.303916215897
2.302913188934
2.302505016327
2.294290781021
2.298707962036
2.278704881668
2.328682422638
2.307448148727
2.468482255936
2.329035282135
2.328403711319
2.329269409180
2.327123641968
2.321239948273
2.311403989792
2.297633647919
2.281061887741
2.265064239502
2.255734682083
2.256712913513
2.260187387466
2.259320497513
2.257113933563
2.255435943604
2.254069089890
2.252290248871
2.249651908875
2.246187686920
2.242259979248
2.238389492035
2.235024452209
2.232307672501
2.230152845383
2.227946043015
2.225272655487
2.221880674362
2.217304944992
2.212102890015
2.205970525742
2.199113607407
2.191626787186
2.183374643326
2.175530195236
2.166424274445
2.161405801773
2.149549961090
2.403711318970
3.501320362091
2.390565633774
2.394440650940
2.398456573486
2.402434587479
2.406750440598
2.411289453506
2.415872573853
2.420304536819
2.424496889114
2.428365945816
2.431882381439
2.435018301010
2.437771797180
2.440146923065
2.442161560059
2.443838596344
2.445194721222
2.446252346039
2.447037458420
2.447571277618
2.447874546051
2.447968482971
2.447872400284
2.447608947754
2.447195768356
2.446649551392
2.445986986160
2.445220947266
2.444365739822
2.443431854248
2.442430973053
2.441373348236
2.440267086029
2.439118146896
2.437937974930
2.436729431152
2.435499906540
2.434255599976
2.433001756668
2.431742429733
2.430483579636
2.429225444794
2.427971363068
2.426724433899
2.425488710403
2.424263238907
2.423049688339
2.421848535538
2.420660257339
2.419484615326
2.418322324753
2.417173147202
2.416036128998
2.414914846420
2.413805961609
2.412708759308
2.411623001099
2.410547733307
2.409483194351
2.408429145813
2.407383918762
2.406350851059
2.405327081680
2.404312133789
2.403305768967
2.402307987213
2.401318311691
2.400334358215
2.399356842041
2.398383378983
2.397414207458
2.396452426910
2.395496129990
2.394545793533
2.393598079681
2.392650604248
2.391704082489
2.390758037567
2.389816045761
2.388884067535
2.387958288193
2.387037515640
2.386117935181
2.385199785233
2.384283065796
2.383368253708
2.382459878922
2.381555557251
2.380653858185
2.379753589630
2.378854036331
2.377953052521
2.377050399780
2.376147508621
2.375244855881
2.374340057373
2.373433589935
2.372527122498
2.371621131897
2.370714426041
2.369805812836
2.368895769119
2.367984294891
2.367069959641
2.366150617599
2.365225553513
2.364295959473
2.363364219666
2.362429618835
2.361490726471
2.360545635223
2.359597682953
2.358643770218
2.357685804367
2.356721639633
2.355748653412
2.354764938354
2.353770017624
2.352760791779
2.351735830307
2.350696086884
2.349637985229
2.348560333252
2.347460269928
2.346334457397
2.345178127289
2.343986749649
2.342763185501
2.341511726379
2.340224742889
2.338898420334
2.337543487549
2.336170911789
2.334778785706
2.333368062973
2.331925153732
2.330441951752
2.328909635544
2.327341794968
2.325723409653
2.324047565460
2.322348117828
2.320611238480
2.318842411041
2.317007780075
2.315089225769
2.313088178635
2.310981273651
2.308740615845
2.306327819824
2.303684711456
2.300790309906
2.297581911087
2.293967008591
2.289797782898
2.284986019135
2.279405117035
2.272821426392
2.264934539795
2.256049394608
2.247337579727
2.240426540375
2.234679222107
2.230180501938
2.227588176727
2.222598075867
2.215453624725
2.206426620483
2.201837778091
2.196423530579
2.200676441193
2.213101148605
2.214903831482
2.190535068512
2.178752183914
2.177059412003
2.175787687302
2.175216436386
2.174793243408
2.174157857895
2.172786712646
2.170420885086
2.167411565781
2.164104461670
2.160710811615
2.157323122025
2.153964996338
2.150676727295
2.147496461868
2.144443511963
2.141530990601
2.138792276382
2.136187314987
2.133631229401
2.131002902985
2.128319263458
2.125528573990
2.122639656067
2.119700908661
2.116671562195
2.113576173782
2.110357999802
2.107177734375
2.103898525238
2.100795507431
2.097361326218
2.094538450241
2.090971946716
2.089375019073
2.087064504623
2.101317644119
2.185695648193
2.437774658203
2.156709671021
2.099421262741
2.098302841187
2.093885898590
2.088232755661
2.086323261261
2.086485862732
2.084985733032
2.082322835922
2.078997373581
2.075070142746
2.070761680603
2.066357612610
2.062209129333
2.058485984802
2.055182218552
2.052127122879
2.049123764038
2.046055793762
2.042849302292
2.039455413818
2.035840988159
2.032184600830
2.028312683105
2.024518966675
2.020390987396
2.016647815704
2.012484073639
2.009558200836
2.005526781082
2.006709575653
2.004296064377
2.102691888809
2.388537168503
2.794574737549
2.782416582108
2.744709491730
2.694696426392
2.636474370956
2.570540904999
2.492827892303
2.415137052536
2.374278306961
2.364581823349
2.362342119217
2.360730648041
2.359418392181
2.358128547668
2.356741428375
2.355219602585
2.353508234024
2.351588964462
2.349351167679
2.346631050110
2.343791723251
2.341703653336
2.340506553650
2.339806556702
2.339234590530
2.338639497757
2.338111639023
2.337727069855
2.337415456772
2.336986780167
2.336267232895
2.335235118866
2.333932399750
2.332438945770
2.330852985382
2.329244375229
2.327643632889
2.326029062271
2.324340820312
2.322482585907
2.320351362228
2.317882776260
2.314947843552
2.311622381210
2.308693885803
2.305146217346
2.300098180771
2.294326305389
2.287702083588
2.282813072205
2.277087688446
2.274192571640
2.265873432159
2.283345937729
2.350694894791
2.593906641006
2.365710735321
2.369864225388
2.370908260345
2.371526241302
2.372276782990
2.373233318329
2.373325109482
2.372044324875
2.369333744049
2.365226507187
2.359449386597
2.351529359818
2.341716289520
2.331716537476
2.326316833496
2.330285549164
2.336286067963
2.331326723099
2.321515083313
2.313704967499
2.308464050293
2.304881095886
2.302253007889
2.300155162811
2.298408031464
2.296760082245
2.294925928116
2.292779684067
2.290237426758
2.287473440170
2.284732818604
2.282065868378
2.279449462891
2.276936769485
2.274514436722
2.272208452225
2.269953012466
2.267737150192
2.265480995178
2.263163566589
2.260940790176
2.258721828461
2.256429195404
2.254076957703
2.251726388931
2.249417781830
2.247166633606
2.244955539703
2.242793083191
2.240642070770
2.238493442535
2.236331224442
2.234134912491
2.231873035431
2.229568243027
2.227223634720
2.224750995636
2.222184896469
2.219544410706
2.216859340668
2.214143514633
2.211386203766
2.208653926849
2.205929994583
2.203342437744
2.200721979141
2.197962999344
2.195300817490
2.192693710327
2.190086364746
2.187476396561
2.184819698334
2.182517290115
2.179733753204
2.177359342575
2.174679279327
2.172068119049
2.169160127640
2.166445016861
2.163159132004
2.160345315933
2.156790971756
2.153983831406
2.149924039841
2.147419691086
2.142418622971
2.142568826675
2.134602308273
2.161820888519
2.237973451614
2.342646598816
2.388941526413
2.305473566055
2.268858194351
2.237625598907
2.314271450043
2.320724010468
2.267539024353
2.257558822632
2.293339252472
2.255241870880
2.251219034195
2.248879671097
2.247182846069
2.244973897934
2.241886377335
2.238299131393
2.234754085541
2.231690645218
2.229323148727
2.227399110794
2.225947618484
2.223877191544
2.220565795898
2.218534231186
2.213221788406
2.208940029144
2.205016374588
2.201503038406
2.197989940643
2.194431781769
2.190953254700
2.187666893005
2.184639453888
2.181849479675
2.178833723068
2.175767898560
2.172965764999
2.170359611511
2.167721271515
2.165066003799
2.163006782532
2.160968303680
2.159108638763
2.156488418579
2.154268503189
2.150779962540
2.151545524597
2.160006523132
2.155832290649
2.170425891876
2.150015354156
2.140020608902
2.164006471634
2.239887475967
2.220968723297
2.221659898758
2.210944652557
2.197135210037
2.183114051819
2.166985273361
2.149641752243
2.137617111206
2.134625673294
2.135840177536
2.128938674927
2.126643896103
2.126041173935
2.126184701920
2.126392364502
2.125421524048
2.123952388763
2.122409343719
2.121355772018
2.119618654251
2.118016242981
2.116223096848
2.114260673523
2.112157583237
2.110034227371
2.107956647873
2.105958461761
2.104095458984
2.102365255356
2.100750923157
2.099208116531
2.097753286362
2.096251726151
2.094861745834
2.093399047852
2.092011213303
2.090492010117
2.089116096497
2.087513446808
2.085963964462
2.084288597107
2.082629919052
2.080838680267
2.079097986221
2.077205419540
2.075430870056
2.073489665985
2.071826219559
2.069702863693
2.068256616592
2.065586328506
2.065179824829
2.060856580734
2.065706253052
2.058588504791
2.103739261627
2.197566986084
2.130387306213
2.179034471512
2.177026987076
2.146058082581
2.133831739426
2.115642786026
2.099320411682
2.087672710419
2.080753087997
2.074386835098
2.065523147583
2.064174652100
2.062697649002
2.061895608902
2.061624765396
2.061144113541
2.060631275177
2.059584379196
2.058445930481
2.056669950485
2.055050611496
2.052697658539
2.050995588303
2.048242092133
2.046720027924
2.043133735657
2.042765617371
2.037717342377
2.042622566223
2.036934614182
2.071121454239
2.133432626724
2.041976213455
2.042300939560
2.042466878891
2.041791677475
2.056617975235
2.069721221924
2.032241344452
2.022034406662
2.024921894073
2.011036157608
2.022247791290
2.005529880524
2.022786378860
2.010878562927
2.029443502426
2.026258707047
2.037671327591
2.049015760422
2.079636573792
2.089498281479
2.026079177856
2.005479812622
1.994547367096
2.006301879883
1.994162917137
2.008618116379
1.993453502655
2.015621185303
1.997925162315
2.042181491852
2.033750057220
2.028863906860
1.972747921944
1.992612242699
1.976701021194
1.988509535789
1.977199077606
1.992953896523
1.982563376427
2.030916929245
2.107297658920
2.141752719879
2.152589321136
2.129455566406
2.109690666199
2.015305280685
2.052934885025
2.030715703964
2.028365850449
2.024593830109
2.021631002426
2.016950607300
2.010904550552
2.004497528076
1.998016357422
1.991503357887
1.985157728195
1.979526519775
1.974540591240
1.970382690430
1.966440320015
1.963327288628
1.960407972336
1.958709359169
1.956362247467
1.955595374107
1.952108383179
1.953319430351
1.945237994194
1.963496446609
1.974620580673
2.302928686142
2.704054355621
2.257981061935
2.270235300064
2.257054567337
2.238526344299
2.221807241440
2.208263397217
2.201295852661
2.203205108643
2.207538127899
2.212259292603
2.217923164368
2.203710317612
2.197631597519
2.191911458969
2.184379339218
2.175185441971
2.166029214859
2.157214403152
2.148289203644
2.139715194702
2.132519960403
2.125505924225
2.119577407837
2.113096952438
2.107080459595
2.101186037064
2.096534013748
2.091835498810
2.089019536972
2.084596157074
2.090120315552
2.123790740967
2.319041728973
2.415803909302
2.421036720276
2.417863130569
2.411054611206
2.400316953659
2.385365009308
2.369284391403
2.364138603210
2.376098394394
2.373277425766
2.360085964203
2.357985973358
2.350331068039
2.357289552689
2.348822355270
2.365256547928
2.357552766800
2.377902507782
2.365291357040
2.338011980057
2.339561939240
2.337155103683
2.337426662445
2.338300466537
2.337719917297
2.335526227951
2.332673311234
2.329894304276
2.327412843704
2.325086355209
2.322656631470
2.319962978363
2.316858053207
2.313522577286
2.309776782990
2.305752992630
2.301669836044
2.297492265701
2.293484926224
2.289472341537
2.285525321960
2.281883239746
2.277965307236
2.273720264435
2.268718719482
2.263234138489
2.257324695587
2.250982046127
2.244720458984
2.237769603729
2.230974912643
2.223341464996
2.216979265213
2.208645343781
2.204058885574
2.192374467850
2.203436851501
2.198939800262
2.336807727814
2.326893806458
2.331115722656
2.325883626938
2.316233634949
2.303390502930
2.285579204559
2.269329071045
2.264878034592
2.252532243729
2.235769033432
2.219802379608
2.203611850739
2.187557935715
2.238429069519
3.060295104980
2.396240711212
2.377085685730
2.363955736160
2.358048915863
2.356326341629
2.356736421585
2.357815027237
2.359127759933
2.361417770386
2.365024089813
2.366425514221
2.365443706512
2.363933324814
2.362536430359
2.360902786255
2.358967304230
2.356578111649
2.353747367859
2.350458145142
2.346885442734
2.343126773834
2.339284896851
2.335022687912
2.329669713974
2.323216438293
2.316020011902
2.308604478836
2.301370382309
2.294497251511
2.287706375122
2.280776739120
2.273636341095
2.266432046890
2.259329319000
2.252631664276
2.246416807175
2.240383625031
2.234593153000
2.228789806366
2.223253250122
2.217765092850
2.212427139282
2.207159280777
2.201875209808
2.196585178375
2.191241025925
2.186045885086
2.180751323700
2.175683021545
2.170563459396
2.165668725967
2.160661697388
2.156056165695
2.151190519333
2.146849393845
2.141582250595
2.138362884521
2.131779909134
2.140639066696
2.167596101761
2.335251808167
2.384142160416
2.337092876434
2.317266225815
2.263079643250
2.192786216736
2.203178167343
2.210608959198
2.201278209686
2.194219827652
2.188721418381
2.183313369751
2.177562236786
2.171820163727
2.165126562119
2.158774852753
2.153457641602
2.149000167847
2.144840002060
2.140725851059
2.136605262756
2.132982492447
2.129496574402
2.125685453415
2.121636152267
2.117299079895
2.112977743149
2.108451843262
2.104974269867
2.100496053696
2.097578763962
2.092584609985
2.091496944427
2.084900379181
2.100679397583
2.127549409866
2.212620496750
2.269296884537
2.217365264893
2.155809402466
2.184257030487
2.161583423615
2.183781147003
2.168800115585
2.156875371933
2.146049261093
2.135883569717
2.125317811966
2.118696451187
2.110810756683
2.105964422226
2.098176002502
2.096954107285
2.091235876083
2.093158245087
2.091659069061
2.090057373047
2.096178770065
2.101619243622
2.095766305923
2.128551959991
2.156351089478
2.133846521378
2.070367574692
2.064644575119
2.056366682053
2.055268526077
2.054254293442
2.053212165833
2.052431344986
2.050682544708
2.049564838409
2.046793460846
2.046533584595
2.041799068451
2.051465272903
2.057206869125
2.232070684433
2.349247217178
2.344166040421
2.304081678391
2.231904983521
2.163805961609
2.142072439194
2.150427103043
2.164021730423
2.170484542847
2.165169000626
2.156285762787
2.146494150162
2.136738061905
2.128209114075
2.121075153351
2.114477396011
2.108078479767
2.101678371429
2.095312356949
2.088646411896
2.081905603409
2.074415445328
2.066704988480
2.059289693832
2.052927970886
2.047992944717
2.045011281967
2.042619228363
2.040324211121
2.037923812866
2.035151481628
2.032438039780
2.030363082886
2.028546571732
2.027194738388
2.025699377060
2.024335145950
2.023302793503
2.021906375885
2.023534536362
2.021036863327
2.068325757980
2.204006433487
2.300798416138
2.330773115158
2.365187406540
2.373165607452
2.371881484985
2.365143299103
2.357416868210
2.348326921463
2.335065841675
2.319713592529
2.304775476456
2.291739225388
2.280243873596
2.270650863647
2.262728691101
2.256158590317
2.250859975815
2.246972560883
2.244003534317
2.241510868073
2.238966226578
2.236577510834
2.234469652176
2.232641696930
2.230451583862
2.227988481522
2.224966764450
2.222013235092
2.218867778778
2.216007709503
2.213288068771
2.211142063141
2.209588527679
2.208118200302
2.206942081451
2.204715490341
2.202911853790
2.199681282043
2.197179317474
2.193631410599
2.190480709076
2.187069177628
2.183785676956
2.180833101273
2.177927494049
2.175419569016
2.172644615173
2.170260190964
2.167689085007
2.165587663651
2.162826538086
2.160936832428
2.157373666763
2.157091617584
2.151788234711
2.164772987366
2.184508085251
2.399127721786
2.464798212051
2.472955703735
2.471380949020
2.467315912247
2.462022304535
2.455836772919
2.448972702026
2.441535949707
2.433657646179
2.425565719604
2.417286872864
2.409186601639
2.401760816574
2.395387172699
2.390149354935
2.385632991791
2.381319284439
2.376857995987
2.372131586075
2.367374658585
2.362826108932
2.358538150787
2.354556083679
2.350999116898
2.347828388214
2.344967842102
2.342407941818
2.340082406998
2.337970018387
2.335963249207
2.334062099457
2.332177877426
2.330184936523
2.328005075455
2.325663805008
2.323219299316
2.320710659027
2.318164825439
2.315582036972
2.312847852707
2.309652805328
2.305398464203
2.299758195877
2.296176671982
2.294374704361
2.292972564697
2.291374444962
2.289552211761
2.287444829941
2.285044193268
2.281936883926
2.278074026108
2.273201227188
2.266741037369
2.258620977402
2.248279094696
2.237063884735
2.224507570267
2.214113950729
2.206934928894
2.202439546585
2.199964284897
2.195711374283
2.214132785797
2.339199781418
2.341464042664
2.335664033890
2.303135156631
2.217317342758
2.198124647141
2.666198492050
2.355668783188
2.356509208679
2.357019662857
2.357555627823
2.358105897903
2.358622550964
2.359072208405
2.359438896179
2.359708786011
2.359875679016
2.359938859940
2.359891414642
2.359728813171
2.359436035156
2.358977556229
2.358305215836
2.357337713242
2.355942010880
2.353929996490
2.351067543030
2.347203493118
2.342491626740
2.337659597397
2.333644151688
2.330545425415
2.327882289886
2.325568199158
2.323487758636
2.321258783340
2.318520545959
2.315091848373
2.310982942581
2.306146860123
2.300580739975
2.294611930847
2.288583040237
2.282695055008
2.276798725128
2.270721912384
2.264639377594
2.258472681046
2.252103567123
2.245499134064
2.238777399063
2.232182025909
2.226013660431
2.220225334167
2.214969635010
2.210479736328
2.206794500351
2.203578472137
2.200687646866
2.197910070419
2.195050001144
2.192099094391
2.189028263092
2.185872077942
2.182716846466
2.179640293121
2.176670551300
2.173877716064
2.171299219131
2.168893098831
2.166659832001
2.164525747299
2.162442922592
2.160383462906
2.158300638199
2.156174659729
2.153975009918
2.151674270630
2.149275302887
2.146786212921
2.144108057022
2.141455888748
2.138967990875
2.136378765106
2.133903264999
2.130837678909
2.127580881119
2.124727725983
2.121893644333
2.119397878647
2.116453409195
2.113393545151
2.110444068909
2.107568502426
2.104729413986
2.101811885834
2.098792791367
2.095615625381
2.092324972153
2.088958978653
2.085482597351
2.082037925720
2.078622817993
2.075243711472
2.071721553802
2.068220853806
2.064738512039
2.061346769333
2.058015584946
2.054728031158
2.051489830017
2.048356533051
2.045382738113
2.042580604553
2.039869070053
2.037152528763
2.034405708313
2.031648159027
2.028908014297
2.026155948639
2.023433685303
2.020670175552
2.017925262451
2.015034198761
2.012243509293
2.009404897690
2.006676197052
2.003916501999
2.001251459122
1.998606801033
1.996081113815
1.993731141090
1.991429090500
1.989328980446
1.987214088440
1.985323309898
1.983691811562
1.982309937477
1.981207847595
1.980189204216
1.979438900948
1.978562831879
1.978135347366
1.977142095566
1.977293133736
1.975532770157
1.977804183960
1.973619222641
1.989727258682
1.985344409943
2.119277715683
2.079695463181
2.603122711182
2.528286218643
2.426658868790
2.391794443130
2.356810092926
2.331049442291
2.313420772552
2.294427633286
2.270516872406
2.247187852859
2.228901147842
2.216837406158
2.208241224289
2.202231645584
2.197750568390
2.194140195847
2.190016984940
2.185523986816
2.181135416031
2.177883625031
2.176239252090
2.175619363785
2.175605297089
2.174309253693
2.172458648682
2.169078111649
2.165503978729
2.161490440369
2.157785892487
2.154126644135
2.150646924973
2.147361993790
2.144281864166
2.141370534897
2.138564825058
2.135811805725
2.133070707321
2.130302429199
2.127491474152
2.124616861343
2.121682167053
2.118641138077
2.115494728088
2.112277030945
2.109008789062
2.105696439743
2.102556943893
2.099332571030
2.097219944000
2.096057176590
2.101560115814
2.122221231461
2.217219591141
2.082343339920
2.077282428741
2.077291011810
2.077000379562
2.074726104736
2.073524236679
2.070240736008
2.067823648453
2.064020633698
2.061146736145
2.057229042053
2.054843902588
2.051456928253
2.050647497177
2.048056125641
2.052112340927
2.052688360214
2.082150936127
2.092004060745
2.205877780914
2.040415048599
2.035270929337
2.033689022064
2.034446001053
2.036196470261
2.034468650818
2.032752513885
2.028936386108
2.026143789291
2.022558212280
2.020618200302
2.018479585648
2.017588615417
2.016254425049
2.015532016754
2.014025211334
2.012854337692
2.010951280594
2.009815931320
2.007756948471
2.006688833237
2.004564523697
2.003631591797
2.001397848129
2.000652313232
1.998082995415
1.997793674469
1.994694828987
1.995281696320
1.991390228271
1.993468046188
1.988389849663
1.992776036263
1.986207842827
1.994987010956
1.987257957458
2.007605075836
2.003713130951
2.077878713608
2.035941600800
2.130799293518
1.996594786644
1.992772579193
1.982931494713
1.983338117599
1.982478260994
1.981986880302
1.981427073479
1.980758666992
1.979948163033
1.979041218758
1.978091120720
1.977055788040
1.976024746895
1.975032091141
1.974086046219
1.973222374916
1.972531437874
1.971743106842
1.971081256866
1.970409631729
1.969738245010
1.969021439552
1.968327403069
1.967522501945
1.966673612595
1.965768694878
1.964698672295
1.963929414749
1.962720990181
1.961774587631
1.960464835167
1.959545850754
1.958141446114
1.957393884659
1.956005573273
1.955661535263
1.953927040100
1.954774618149
1.951753616333
1.958067893982
1.953557252884
2.011050939560
1.981608986855
2.137698650360
2.040113210678
2.106936931610
2.012819766998
2.021947622299
1.998237490654
2.043618679047
2.000315666199
2.010379791260
1.976371884346
1.983619689941
1.966540336609
1.963333964348
1.961725115776
1.961152553558
1.960136055946
1.960071682930
1.959937572479
1.959824562073
1.959362030029
1.958641171455
1.957668304443
1.956594824791
1.955501556396
1.954544305801
1.953586220741
1.952796220779
1.951955556870
1.951228380203
1.950462222099
1.949810624123
1.948948621750
1.948314428329
1.947361469269
1.946844816208
1.945573806763
1.945822954178
1.943452596664
1.947038412094
1.942053914070
1.972323656082
2.004447460175
2.340759038925
2.301142215729
2.512379407883
2.078592777252
2.068737506866
2.116528272629
2.063009977341
2.045080184937
2.028343677521
2.018643856049
2.012749433517
2.007061958313
2.000169992447
1.993239164352
1.987816691399
1.983864784241
1.980902194977
1.978166222572
1.975407481194
1.972764134407
1.970127820969
1.967685103416
1.965315341949
1.962997555733
1.961047887802
1.959473609924
1.958158850670
1.957082033157
1.955922603607
1.955070734024
1.954308271408
1.953558921814
1.952818274498
1.952210187912
1.951515913010
1.950919151306
1.950176358223
1.949726581573
1.948933839798
1.948249340057
1.947379589081
1.946572661400
1.945581793785
1.944715857506
1.943670868874
1.942845344543
1.941733598709
1.940973758698
1.939778804779
1.939179778099
1.937868118286
1.937568664551
1.936016321182
1.936539530754
1.934133887291
1.937080740929
1.932626724243
1.945267081261
1.939522862434
2.020336389542
2.009200811386
2.303481578827
1.949546456337
1.950274467468
1.953140854836
1.947979092598
1.948449134827
1.945354819298
1.944111824036
1.941882371902
1.940147042274
1.938333034515
1.936814427376
1.935388088226
1.934143662453
1.933027386665
1.932102560997
1.931361913681
1.930671811104
1.930102705956
1.929583668709
1.929074287415
1.928526163101
1.928131103516
1.927454710007
1.927283883095
1.926348090172
1.926692128181
1.924988269806
1.927540898323
1.924539566040
1.938630700111
1.936794757843
2.036834955215
