4.137080192566
4.133025169373
4.127349853516
4.120296955109
4.112062454224
4.102779388428
4.092571258545
4.081484317780
4.069612503052
4.056982994080
4.043619155884
4.029522895813
4.014649391174
3.998920917511
3.982222318649
3.964362382889
3.945057392120
3.923926115036
3.900608062744
3.874800682068
3.846600532532
3.816557407379
3.785034179688
3.752406597137
3.719467401505
3.687355995178
3.656214237213
3.627768516541
3.606222152710
3.788789272308
5.099222183228
3.796305894852
3.780241489410
3.768074989319
3.756992816925
3.746613979340
3.736640453339
3.726913928986
3.717220783234
3.707465171814
3.697580337524
3.687539577484
3.677350282669
3.667015075684
3.656499624252
3.645834922791
3.635061740875
3.624162197113
3.613142728806
3.602007627487
3.590804576874
3.579524278641
3.568147659302
3.556667804718
3.545084714890
3.533410549164
3.521647930145
3.509784698486
3.497791528702
3.485640525818
3.473325967789
3.460818767548
3.448124408722
3.435266017914
3.422248840332
3.409064292908
3.395681381226
3.382101774216
3.368187427521
3.353842258453
3.339091777802
3.323898077011
3.308303594589
3.292396783829
3.275630950928
3.258738040924
3.240662574768
3.225972652435
3.207233428955
3.279942512512
3.206714868546
3.180998563766
3.165548324585
3.181110382080
3.270872116089
3.266432046890
3.258833408356
3.250358581543
3.241498947144
3.232363224030
3.222991704941
3.213389873505
3.203524112701
3.193336486816
3.182505607605
3.170621871948
3.157617092133
3.143532514572
3.127722978592
3.110224962234
3.092482566833
3.075755119324
3.060699224472
3.046217203140
3.031895637512
3.017663717270
3.003475666046
2.989369153976
2.975301027298
2.961081981659
2.946413993835
2.931602239609
2.916152238846
2.900111436844
2.883099794388
2.864749193192
2.845034599304
2.822917461395
2.802462816238
2.809622764587
3.326492547989
2.982793331146
2.968306303024
2.956347703934
2.933015108109
2.889120817184
2.867384433746
2.824875354767
2.812438964844
2.796949386597
2.783313274384
2.770713567734
2.758416652679
2.746464490891
2.735367774963
2.725589990616
2.716977357864
2.708944559097
2.700987815857
2.692919969559
2.684759378433
2.676586627960
2.668518066406
2.660709142685
2.653186321259
2.645936727524
2.638928890228
2.632107496262
2.625434398651
2.618867397308
2.612374305725
2.605865478516
2.599195003510
2.592418909073
2.585591793060
2.578775167465
2.571999311447
2.565266132355
2.558552026749
2.551855564117
2.545162439346
2.538480758667
2.531795501709
2.525102376938
2.518426418304
2.511761188507
2.505098104477
2.498438596725
2.491773843765
2.485109329224
2.478437662125
2.471752882004
2.465052127838
2.458302974701
2.451483011246
2.444607734680
2.437619686127
2.430503845215
2.423291683197
2.415960788727
2.408714771271
2.401098489761
2.393511056900
2.385855674744
2.378173589706
2.370929241180
2.372155427933
2.495224475861
3.537142515182
2.845977783203
2.832745552063
2.821692228317
2.809282779694
2.801305294037
2.792486906052
2.784784317017
2.779000043869
2.773170232773
2.766674280167
2.759799718857
2.754153966904
2.751213788986
2.750749588013
2.750869274139
2.749879121780
2.748462438583
2.747326612473
2.745816469193
2.744411706924
2.742701292038
2.740902662277
2.737950563431
2.734888076782
2.730381727219
2.726510763168
2.720135211945
2.716266870499
2.708554267883
2.718072414398
2.732061862946
2.797262668610
2.793555498123
2.788126707077
2.780899286270
2.771517038345
2.759304285049
2.744499206543
2.728161334991
2.708745956421
2.689128875732
2.676415920258
2.665286064148
2.655335426331
2.643805265427
2.631579875946
2.620948791504
2.612387180328
2.602133035660
2.593585491180
2.580191373825
2.579105138779
2.568263769150
2.579276084900
2.579169511795
2.538428544998
2.530313491821
2.523505687714
2.517427682877
2.511049509048
2.504255056381
2.497571945190
2.491479158401
2.486352920532
2.481686115265
2.477011203766
2.472148418427
2.467360973358
2.462155818939
2.456557750702
2.450705766678
2.445049047470
2.439448595047
2.433892011642
2.428444623947
2.423102378845
2.417761325836
2.412470579147
2.407058715820
2.401650905609
2.396192312241
2.390694379807
2.385366916656
2.380431413651
2.375211000443
2.370251417160
2.365826368332
2.361404180527
2.357979297638
2.354294061661
2.359324693680
2.366763830185
2.419088840485
2.378500461578
2.350858688354
2.344926357269
2.339175224304
2.332367897034
2.327236413956
2.323166847229
2.319897174835
2.316987514496
2.313938379288
2.310494899750
2.306549787521
2.302309513092
2.297995090485
2.293646097183
2.289056062698
2.285458087921
2.281342983246
2.277725458145
2.274262666702
2.270885705948
2.270809888840
2.279175043106
2.396349430084
2.384912967682
2.371520996094
2.316901445389
2.275426387787
2.267268419266
2.261056423187
2.256308555603
2.252385377884
2.249365568161
2.246373653412
2.242945432663
2.239267110825
2.235656976700
2.232089996338
2.228650808334
2.225294351578
2.221933364868
2.218489170074
2.214963197708
2.211356639862
2.207674503326
2.203868865967
2.200030088425
2.196143388748
2.191910266876
2.187772512436
2.183587551117
2.179320812225
2.177564620972
2.186390161514
2.393117189407
3.003521442413
2.616434097290
2.623894929886
2.621885299683
2.617794752121
2.613003253937
2.607942104340
2.602602720261
2.596952676773
2.591008901596
2.584839105606
2.578513622284
2.572099208832
2.565669059753
2.559306621552
2.553052663803
2.546961069107
2.541038036346
2.535333395004
2.529862403870
2.524650573730
2.519689798355
2.514981746674
2.510511159897
2.506262302399
2.502220153809
2.498367786407
2.494694471359
2.491189479828
2.487849712372
2.484667539597
2.481628179550
2.478713750839
2.475907802582
2.473194837570
2.470564842224
2.468002080917
2.465492248535
2.463023662567
2.460582256317
2.458160161972
2.455752849579
2.453353881836
2.450949668884
2.448529720306
2.446086168289
2.443617582321
2.441119670868
2.438582897186
2.436004400253
2.433375835419
2.430687189102
2.427913188934
2.425070762634
2.422155380249
2.419158935547
2.416070938110
2.412921905518
2.409644365311
2.406265735626
2.402688264847
2.398999214172
2.395250558853
2.391163825989
2.386627674103
2.381764888763
2.376449823380
2.370536804199
2.363931655884
2.356432914734
2.348553180695
2.340105056763
2.331347465515
2.322196245193
2.313714981079
2.303936481476
2.296968936920
2.285316944122
2.343888998032
2.573486566544
2.431540012360
2.427716732025
2.426302194595
2.425294876099
2.424342870712
2.423395156860
2.422424077988
2.421426773071
2.420404434204
2.419361114502
2.418300151825
2.417225837708
2.416145563126
2.415062904358
2.413980722427
2.412904262543
2.411834716797
2.410774707794
2.409726619720
2.408690929413
2.407669544220
2.406661987305
2.405670642853
2.404693841934
2.403731822968
2.402783632278
2.401846647263
2.400922060013
2.400008201599
2.399105310440
2.398212194443
2.397329330444
2.396454572678
2.395587205887
2.394725561142
2.393868446350
2.393014907837
2.392165184021
2.391320228577
2.390477657318
2.389634609222
2.388788938522
2.387937307358
2.387074708939
2.386194229126
2.385292530060
2.384362459183
2.383390426636
2.382357597351
2.381249427795
2.380038738251
2.378707408905
2.377226829529
2.375573396683
2.373709440231
2.371575593948
2.369104623795
2.366209983826
2.362805843353
2.358785629272
2.354039907455
2.348440647125
2.341880559921
2.334319353104
2.326120853424
2.317696571350
2.310276508331
2.305115699768
2.302284479141
2.301188945770
2.301490545273
2.301214933395
2.301874637604
2.298902034760
2.302606105804
2.293723344803
2.326475381851
2.336422681808
2.441245317459
2.324773311615
2.325653553009
2.326911687851
2.325458526611
2.320950746536
2.313355207443
2.302779436111
2.290093660355
2.278059959412
2.271204948425
2.272171974182
2.274363756180
2.272176742554
2.268331289291
2.265024900436
2.262542486191
2.260312795639
2.257771730423
2.254721164703
2.251276969910
2.247649908066
2.244091510773
2.240657567978
2.237357616425
2.234028100967
2.230534791946
2.226704597473
2.222303867340
2.217347860336
2.211577177048
2.204916238785
2.197427749634
2.189170122147
2.180667161942
2.171640157700
2.164076805115
2.159246206284
2.365286588669
3.587479352951
2.364170074463
2.367618560791
2.371467351913
2.375377893448
2.379725694656
2.384441137314
2.389318704605
2.394163608551
2.398847103119
2.403283596039
2.407452583313
2.411295413971
2.414798498154
2.417960643768
2.420780420303
2.423278331757
2.425467491150
2.427363872528
2.428988218307
2.430359125137
2.431498289108
2.432425737381
2.433157205582
2.433710575104
2.434099912643
2.434340953827
2.434446573257
2.434430122375
2.434301614761
2.434072494507
2.433752775192
2.433350801468
2.432875633240
2.432335138321
2.431735754013
2.431084394455
2.430388212204
2.429652214050
2.428880214691
2.428076744080
2.427244186401
2.426385641098
2.425505399704
2.424605607986
2.423689842224
2.422759056091
2.421816110611
2.420862674713
2.419899940491
2.418930530548
2.417954921722
2.416974782944
2.415991306305
2.415003299713
2.414013624191
2.413023233414
2.412031650543
2.411039352417
2.410045862198
2.409052133560
2.408057212830
2.407064199448
2.406069517136
2.405076503754
2.404084444046
2.403095483780
2.402107238770
2.401121377945
2.400137424469
2.399156093597
2.398177146912
2.397202253342
2.396230459213
2.395257949829
2.394286155701
2.393315076828
2.392342090607
2.391367912292
2.390396118164
2.389427185059
2.388458728790
2.387491464615
2.386523485184
2.385555028915
2.384585618973
2.383617639542
2.382651567459
2.381686449051
2.380722284317
2.379759073257
2.378799915314
2.377843379974
2.376888990402
2.375938892365
2.374991416931
2.374046564102
2.373103618622
2.372162580490
2.371222734451
2.370284795761
2.369349002838
2.368415355682
2.367483377457
2.366552829742
2.365625858307
2.364701747894
2.363780260086
2.362859249115
2.361939430237
2.361017227173
2.360095739365
2.359172821045
2.358246564865
2.357313394547
2.356373071671
2.355424165726
2.354466438293
2.353502750397
2.352529525757
2.351544857025
2.350548744202
2.349540472031
2.348515987396
2.347472429276
2.346412658691
2.345339059830
2.344249010086
2.343140840530
2.342009782791
2.340851306915
2.339661359787
2.338433742523
2.337176084518
2.335891246796
2.334574222565
2.333225011826
2.331844568253
2.330426692963
2.328986644745
2.327533960342
2.326056718826
2.324545145035
2.323011159897
2.321421146393
2.319760560989
2.318020820618
2.316217660904
2.314306735992
2.312222480774
2.309932947159
2.307384014130
2.304528713226
2.301287412643
2.297552824020
2.293198108673
2.287976503372
2.281658172607
2.273885965347
2.264222860336
2.252735376358
2.240808248520
2.230644226074
2.223732233047
2.221138715744
2.220656156540
2.216774940491
2.214238882065
2.207571268082
2.207290887833
2.200803279877
2.209185123444
2.216823577881
2.223678350449
2.191839456558
2.182512283325
2.178499221802
2.174727678299
2.171881198883
2.169774055481
2.168262720108
2.166784048080
2.165090322495
2.163321018219
2.161638259888
2.160049915314
2.158514499664
2.156910181046
2.155257225037
2.153411149979
2.151573181152
2.149700641632
2.147837877274
2.145915269852
2.144064188004
2.142010927200
2.140048503876
2.137946128845
2.135768175125
2.133489608765
2.131036281586
2.128575325012
2.126021862030
2.123616456985
2.121004343033
2.118682146072
2.115731716156
2.113852024078
2.110451936722
2.110217094421
2.107673406601
2.125217676163
2.208645582199
2.456747055054
2.202310085297
2.118432521820
2.114281415939
2.108505487442
2.102535009384
2.101098537445
2.101430416107
2.099931001663
2.097766876221
2.095824480057
2.093933582306
2.091940402985
2.089740991592
2.087413072586
2.084963798523
2.082435369492
2.079871654510
2.077339172363
2.074854373932
2.072384119034
2.069919347763
2.067442417145
2.065012454987
2.062503814697
2.060000896454
2.057340383530
2.054817676544
2.052107572556
2.049751758575
2.047376632690
2.046800374985
2.051377296448
2.126336336136
2.483080863953
2.728466272354
2.713913440704
2.679352521896
2.633935689926
2.581731319427
2.524401187897
2.460844516754
2.405182838440
2.371337890625
2.360320806503
2.356703996658
2.354686260223
2.353943586349
2.352162361145
2.350387096405
2.348757266998
2.347737312317
2.347992658615
2.349229574203
2.350395202637
2.350800752640
2.350668430328
2.350299358368
2.349701166153
2.348732948303
2.347435235977
2.345946788788
2.344424724579
2.342970848083
2.341535568237
2.340116500854
2.338692665100
2.337244987488
2.335761547089
2.334235906601
2.332656621933
2.331004858017
2.329246759415
2.327342748642
2.325271844864
2.322984695435
2.320293664932
2.317178487778
2.313646316528
2.310231924057
2.306186437607
2.300959587097
2.295335054398
2.288622379303
2.282487392426
2.274448633194
2.268603801727
2.258420228958
2.273577451706
2.342285156250
2.584813594818
2.360106229782
2.364240884781
2.365034580231
2.365611076355
2.366079330444
2.366095304489
2.365123987198
2.362987041473
2.359871149063
2.355619907379
2.349828243256
2.341849088669
2.331298589706
2.319057226181
2.309454202652
2.307966709137
2.310514688492
2.306404829025
2.299479246140
2.294399261475
2.291152000427
2.288757801056
2.286607742310
2.284461975098
2.282215118408
2.279830455780
2.277208805084
2.274277210236
2.271088361740
2.267807006836
2.264660835266
2.261650085449
2.258811712265
2.256134510040
2.253619432449
2.251220464706
2.248936414719
2.246743917465
2.244591474533
2.242492914200
2.240380525589
2.238261222839
2.236161231995
2.234082460403
2.232043027878
2.230053424835
2.228118658066
2.226235389709
2.224409103394
2.222640514374
2.220934152603
2.219273328781
2.217639684677
2.215994596481
2.214317798615
2.212598800659
2.210807085037
2.208941221237
2.207016229630
2.205048561096
2.203047037125
2.201019525528
2.198989391327
2.196944475174
2.194918632507
2.192844152451
2.190714120865
2.188604354858
2.186502456665
2.184382677078
2.182229518890
2.180028438568
2.177805900574
2.175322532654
2.172919511795
2.170444011688
2.167989015579
2.165482282639
2.163062572479
2.160530328751
2.158221244812
2.155726194382
2.153560876846
2.151039361954
2.149049758911
2.146237850189
2.145438194275
2.142879247665
2.160543918610
2.256822347641
2.311894893646
2.413726329803
2.325181722641
2.285597324371
2.246401309967
2.328629016876
2.342128038406
2.285314321518
2.257298469543
2.283732652664
2.260416746140
2.259778976440
2.258651733398
2.256405115128
2.253205776215
2.249057292938
2.244405984879
2.239599466324
2.235141515732
2.231116294861
2.227780103683
2.224799394608
2.221240520477
2.216598510742
2.214468002319
2.208191871643
2.203000545502
2.198112964630
2.193446636200
2.188880205154
2.184498071671
2.180356502533
2.176469802856
2.172859191895
2.169507980347
2.166453123093
2.163535118103
2.160717010498
2.158084869385
2.155616760254
2.153163909912
2.150979995728
2.148886680603
2.146827220917
2.144626140594
2.142723321915
2.140350580215
2.141911506653
2.152877807617
2.147354125977
2.164749860764
2.142226219177
2.134786844254
2.163563013077
2.239243984222
2.214623928070
2.214471101761
2.207764148712
2.193925619125
2.177459955215
2.160269975662
2.145412683487
2.134930610657
2.134502649307
2.136211156845
2.128385305405
2.123180627823
2.120160818100
2.118596315384
2.117497920990
2.116461515427
2.115621566772
2.115084171295
2.114770412445
2.114353418350
2.113750934601
2.112864017487
2.111787796021
2.110612630844
2.109399080276
2.108190298080
2.106992721558
2.105779170990
2.104545116425
2.103305816650
2.102062225342
2.100826501846
2.099568605423
2.098328351974
2.097050189972
2.095757961273
2.094446182251
2.093134164810
2.091700315475
2.090266704559
2.088760137558
2.087267637253
2.085759401321
2.084247112274
2.082641601562
2.081072568893
2.079430818558
2.077855348587
2.076120615005
2.074644565582
2.072701692581
2.071633338928
2.069415092468
2.070688962936
2.071304082870
2.099915027618
2.219630241394
2.147108078003
2.164821863174
2.160617828369
2.147412300110
2.134282112122
2.114495992661
2.096310615540
2.087207078934
2.087535858154
2.083528280258
2.074008464813
2.068485736847
2.066010713577
2.064717292786
2.063736915588
2.062688350677
2.061776161194
2.060724258423
2.059684991837
2.058381319046
2.057113885880
2.055434465408
2.053890466690
2.051870107651
2.050185441971
2.047666549683
2.046054363251
2.043081045151
2.043506145477
2.044589996338
2.064331769943
2.150849342346
2.051120281219
2.027976751328
2.030841112137
2.042726039886
2.046746253967
2.076467037201
2.029239416122
2.012555360794
2.015407800674
2.017168998718
2.016134023666
2.018011569977
2.018750429153
2.028323650360
2.025303125381
2.044199466705
2.037122249603
2.050877332687
2.077033281326
2.102475881577
2.024583101273
1.997069001198
2.000733613968
1.999518394470
2.001534938812
1.999085187912
2.003719329834
2.000708580017
2.016308307648
2.019850254059
2.069990396500
2.010452985764
1.990713953972
1.985827565193
1.978997945786
1.982239842415
1.977466821671
1.984430432320
1.985824823380
2.019375085831
2.128355741501
2.151168346405
2.141080617905
2.110255479813
2.141315698624
2.036279201508
2.054903030396
2.022454738617
2.014693975449
2.008217573166
2.005023241043
2.002368211746
1.999347329140
1.996112942696
1.992395401001
1.988401055336
1.984569668770
1.981094837189
1.977817058563
1.974850058556
1.971989870071
1.969297647476
1.966528534889
1.964049100876
1.961257457733
1.959105849266
1.956105232239
1.954664111137
1.951361417770
1.959259986877
1.996100068092
2.265225410461
2.771044492722
2.309865713120
2.321509599686
2.309147119522
2.290987491608
2.269524335861
2.246211051941
2.224070072174
2.208516120911
2.197162628174
2.189588308334
2.188488245010
2.180162668228
2.176538944244
2.171418666840
2.163752555847
2.155078411102
2.147472620010
2.141715526581
2.136720657349
2.131773233414
2.127084255219
2.122511625290
2.118575334549
2.114507675171
2.110852241516
2.107307672501
2.104408264160
2.101392269135
2.099767446518
2.096163749695
2.102955102921
2.135691642761
2.319854974747
2.478312253952
2.483733892441
2.477606058121
2.466613292694
2.450894594193
2.430214166641
2.407510757446
2.393517971039
2.391956329346
2.382892608643
2.373934745789
2.365906000137
2.366122961044
2.358084201813
2.363131523132
2.351936340332
2.377002477646
2.355600833893
2.387446403503
2.344998836517
2.338274717331
2.332715511322
2.329175949097
2.326153516769
2.323072910309
2.320171117783
2.317519664764
2.315126895905
2.312919378281
2.310660839081
2.308161497116
2.305438041687
2.302524566650
2.299530744553
2.296333312988
2.293008327484
2.289639234543
2.286193132401
2.282748937607
2.279430866241
2.275823831558
2.272021770477
2.267698287964
2.263154029846
2.258190631866
2.252955436707
2.247558355331
2.241813659668
2.236140727997
2.230086088181
2.224175930023
2.217719078064
2.211781024933
2.204639434814
2.199301004410
2.190934419632
2.194613456726
2.210624456406
2.311183929443
2.347918987274
2.352496623993
2.348216772079
2.338966846466
2.325468301773
2.307022333145
2.289588928223
2.283806562424
2.270119667053
2.248790979385
2.228002071381
2.205482482910
2.181310176849
2.220074892044
3.053758621216
2.377514839172
2.366878271103
2.361184835434
2.360321760178
2.361057043076
2.362069129944
2.362540721893
2.362247228622
2.362044334412
2.362983465195
2.363243818283
2.362215995789
2.360768556595
2.359090328217
2.356935501099
2.354168176651
2.350629091263
2.346494436264
2.341913461685
2.337218046188
2.332503318787
2.327888011932
2.323259592056
2.318052053452
2.312160253525
2.305796623230
2.299354553223
2.293182611465
2.287451744080
2.282073736191
2.276899814606
2.271802186966
2.266838073730
2.261956691742
2.257252931595
2.252696752548
2.248030185699
2.243271827698
2.238314867020
2.233369588852
2.228416681290
2.223605394363
2.218974828720
2.214450836182
2.210068702698
2.205727100372
2.201509475708
2.197267055511
2.193124771118
2.188905954361
2.184817075729
2.180617332458
2.176610708237
2.172297000885
2.168323755264
2.163718700409
2.160764694214
2.155363798141
2.163155555725
2.190478324890
2.346238613129
2.407597064972
2.360443592072
2.345623016357
2.278721332550
2.208215951920
2.210291385651
2.210295200348
2.200595617294
2.194796562195
2.190123081207
2.184635400772
2.178835868835
2.173955917358
2.169790506363
2.165985107422
2.162611246109
2.159451484680
2.156217336655
2.153063058853
2.150175094604
2.147686481476
2.145289897919
2.142959594727
2.140488624573
2.137802124023
2.135017156601
2.132197856903
2.129459857941
2.126609802246
2.124453783035
2.121707916260
2.120274543762
2.117531299591
2.126283407211
2.164387226105
2.228480577469
2.303252458572
2.253039121628
2.195336341858
2.208499908447
2.178210496902
2.187568664551
2.168461799622
2.155286312103
2.143465280533
2.137188434601
2.132809877396
2.131629943848
2.128491640091
2.127175331116
2.121027231216
2.121716260910
2.115395784378
2.118660449982
2.118995904922
2.118731021881
2.130513429642
2.128033638000
2.130810499191
2.160937070847
2.188387632370
2.153450727463
2.106620311737
2.100394725800
2.091299295425
2.090533971786
2.087355136871
2.085575819016
2.083442687988
2.081580400467
2.079851150513
2.077674150467
2.076453447342
2.074386835098
2.078460931778
2.094342231750
2.238787174225
2.390096187592
2.381926059723
2.340699434280
2.269168138504
2.201771974564
2.167684078217
2.158063888550
2.153796434402
2.152597188950
2.146857261658
2.140460491180
2.135082960129
2.131104707718
2.128257036209
2.125893592834
2.123288631439
2.119963407516
2.116012096405
2.111611127853
2.106677055359
2.102061033249
2.097596645355
2.093659162521
2.089971065521
2.087157249451
2.084875106812
2.083029031754
2.080966711044
2.079024791718
2.076893329620
2.074760437012
2.072988271713
2.070831537247
2.068895339966
2.066570758820
2.064584732056
2.062375783920
2.061167955399
2.058872699738
2.059195995331
2.057838439941
2.093623399734
2.251530885696
2.348536729813
2.349959373474
2.384042739868
2.394819974899
2.393829584122
2.384597301483
2.372183799744
2.359715938568
2.346457004547
2.333279132843
2.320663690567
2.309203863144
2.299756765366
2.292832374573
2.287792444229
2.283821344376
2.280350685120
2.277148008347
2.274121284485
2.270819187164
2.267080307007
2.263074874878
2.259026527405
2.254956483841
2.250588655472
2.245986461639
2.241167068481
2.236403942108
2.231689214706
2.227334976196
2.223298549652
2.219808340073
2.217009067535
2.214540481567
2.212477207184
2.210199832916
2.208183288574
2.205491304398
2.203239917755
2.200432538986
2.197927474976
2.195172786713
2.192555665970
2.190190792084
2.187609910965
2.185101032257
2.182495832443
2.180176019669
2.177502632141
2.174995183945
2.171955585480
2.169700860977
2.166046857834
2.165205717087
2.160504102707
2.171490669250
2.194200992584
2.393610239029
2.475886344910
2.485391139984
2.484194993973
2.480123043060
2.474642276764
2.468226194382
2.461119651794
2.453493118286
2.445463895798
2.437054634094
2.428427696228
2.420017480850
2.412323951721
2.405385494232
2.399339199066
2.393923759460
2.388849258423
2.383903503418
2.378893852234
2.373881101608
2.368964672089
2.364290237427
2.359951019287
2.356065988541
2.352674722672
2.349625587463
2.346868515015
2.344353675842
2.342052698135
2.339904308319
2.337805271149
2.335728883743
2.333626747131
2.331476449966
2.329214334488
2.326857089996
2.324421405792
2.321931362152
2.319367885590
2.316545248032
2.313177824020
2.308827638626
2.303345918655
2.299433231354
2.296921968460
2.294502735138
2.292100191116
2.289624929428
2.286818981171
2.283585548401
2.279818773270
2.275463342667
2.270184993744
2.263595581055
2.255310773849
2.245247364044
2.234010457993
2.222074747086
2.211215496063
2.203369140625
2.198296070099
2.195541620255
2.193162202835
2.205077648163
2.346146345139
2.348194122314
2.342062234879
2.311706066132
2.210692405701
2.201596498489
2.620061635971
2.364063739777
2.365989208221
2.366716384888
2.367294073105
2.367808818817
2.368229150772
2.368534564972
2.368717432022
2.368766069412
2.368684768677
2.368477821350
2.368146896362
2.367692708969
2.367108106613
2.366368532181
2.365438461304
2.364252805710
2.362702846527
2.360633611679
2.357870101929
2.354307889938
2.350135087967
2.346009016037
2.342694997787
2.340029954910
2.337302684784
2.334378719330
2.331297159195
2.327877521515
2.323904991150
2.319305658340
2.314200878143
2.308745145798
2.303088188171
2.297247409821
2.291244029999
2.285063266754
2.278671741486
2.272148370743
2.265364885330
2.258347988129
2.251186847687
2.243896007538
2.236582279205
2.229396104813
2.222702741623
2.216779947281
2.211714029312
2.207276821136
2.203578948975
2.200526475906
2.197850704193
2.195281267166
2.192716836929
2.190088748932
2.187463045120
2.184847831726
2.182293415070
2.179808855057
2.177462100983
2.175275564194
2.173248052597
2.171376466751
2.169610738754
2.167893409729
2.166208267212
2.164572954178
2.162894964218
2.161191225052
2.159462690353
2.157701253891
2.155910730362
2.154076576233
2.152163267136
2.150200366974
2.148243427277
2.146261453629
2.144335269928
2.142329216003
2.140147447586
2.137970685959
2.135851383209
2.133597850800
2.131500959396
2.129168510437
2.126908779144
2.124837160110
2.122825860977
2.120812416077
2.118736982346
2.116544246674
2.114268302917
2.111904859543
2.109454393387
2.106941938400
2.104387521744
2.101597309113
2.098856210709
2.096174478531
2.093522787094
2.090880155563
2.088229179382
2.085580348969
2.082958936691
2.080350160599
2.077805042267
2.075364112854
2.073043584824
2.070771694183
2.068492650986
2.066238641739
2.064005851746
2.061774253845
2.059513568878
2.057171583176
2.054800510406
2.052517175674
2.050203561783
2.047766208649
2.045303583145
2.042838811874
2.040220022202
2.037698745728
2.035533666611
2.033417463303
2.031255483627
2.029116868973
2.026946067810
2.024891614914
2.022977828979
2.021150350571
2.019443750381
2.017784357071
2.016251087189
2.014722824097
2.013394117355
2.011963844299
2.010953903198
2.009439706802
2.009400844574
2.008141279221
2.016652584076
2.025400638580
2.120240211487
2.118877172470
2.665689468384
2.464033603668
2.387447118759
2.356406688690
2.312847137451
2.282854795456
2.266891241074
2.253740787506
2.236732006073
2.216944932938
2.199116945267
2.185117959976
2.174154043198
2.166257381439
2.161603212357
2.159824132919
2.158789634705
2.157565832138
2.155809640884
2.154376029968
2.152899503708
2.152684926987
2.152439355850
2.152667284012
2.152022123337
2.151392936707
2.150282382965
2.149217844009
2.147768974304
2.146337032318
2.144766092300
2.143116712570
2.141288757324
2.139339208603
2.137213468552
2.135016679764
2.132694244385
2.130321502686
2.127885580063
2.125529289246
2.123249769211
2.120919942856
2.118799686432
2.116606712341
2.114690780640
2.112431526184
2.111072301865
2.108515739441
2.109212398529
2.107589006424
2.118183612823
2.135539770126
2.238567113876
2.107226133347
2.100661754608
2.099053859711
2.098220825195
2.095205068588
2.095142602921
2.092628955841
2.091656446457
2.088963747025
2.087454557419
2.084210157394
2.083070278168
2.079905986786
2.080043315887
2.077415704727
2.082080364227
2.082812786102
2.112297058105
2.126550912857
2.234908580780
2.080204486847
2.070545673370
2.062455177307
2.061333179474
2.061198711395
2.059598684311
2.058526992798
2.056674242020
2.055133581161
2.053069353104
2.051423072815
2.049593210220
2.048310279846
2.046821117401
2.045780181885
2.044397115707
2.043304681778
2.041812896729
2.040585279465
2.038860321045
2.037457227707
2.035627841949
2.034244298935
2.032437801361
2.031282901764
2.029462337494
2.028595924377
2.026760816574
2.026280641556
2.024346113205
2.024589061737
2.022564649582
2.024073362350
2.021976709366
2.025741100311
2.025204896927
2.036633491516
2.046784400940
2.103191137314
2.084673166275
2.148019790649
2.032352447510
2.018339157104
2.014014482498
2.012355327606
2.011845111847
2.011116743088
2.010200977325
2.009203672409
2.008241176605
2.007385253906
2.006662368774
2.006000041962
2.005350828171
2.004681110382
2.003932237625
2.003080606461
2.002177476883
2.001191139221
2.000154733658
1.999084472656
1.998010396957
1.996971130371
1.995955348015
1.994955301285
1.993987202644
1.993056774139
1.992243647575
1.991503715515
1.990705728531
1.990006446838
1.989232897758
1.988598823547
1.987837314606
1.987280130386
1.986356973648
1.985830068588
1.984895467758
1.984960079193
1.983822464943
1.986997127533
1.989044666290
2.030649900436
2.021620512009
2.130841016769
2.060794830322
2.151134490967
2.041261196136
2.047519683838
2.045383691788
2.054267883301
2.036391973495
2.037660121918
2.015268802643
2.011039257050
2.001109123230
1.997037768364
1.996054768562
1.995231747627
1.994521021843
1.994235038757
1.993832826614
1.993303537369
1.992531180382
1.991551041603
1.990354418755
1.989067792892
1.987769842148
1.986535668373
1.985331058502
1.984260678291
1.983246445656
1.982323765755
1.981418728828
1.980425477028
1.979435324669
1.978616356850
1.977751612663
1.977133154869
1.976252079010
1.975959062576
1.974762082100
1.976092576981
1.975897550583
1.995749473572
2.053436756134
2.296207189560
2.321069240570
2.489618778229
2.092231512070
2.101654767990
2.106761693954
2.075362920761
2.061154127121
2.048729896545
2.045107364655
2.044438362122
2.042758226395
2.039075374603
2.034398555756
2.029788017273
2.026273250580
2.023243904114
2.020183801651
2.017375707626
2.015017032623
2.012959241867
2.010842800140
2.008615493774
2.006156921387
2.003510236740
2.000844478607
1.998249411583
1.995828986168
1.993676662445
1.991767048836
1.990055561066
1.988567709923
1.987218618393
1.985972285271
1.984804868698
1.983774065971
1.982945322990
1.982192993164
1.981435537338
1.980696320534
1.979923486710
1.979192614555
1.978463530540
1.977779030800
1.977054476738
1.976200461388
1.975349545479
1.974661469460
1.973972797394
1.973456382751
1.972827434540
1.972429633141
1.971762061119
1.971622467041
1.970866680145
1.971597790718
1.971183776855
1.977219700813
1.983006834984
2.039596557617
2.065950155258
2.294727802277
1.984340429306
1.984131693840
1.981821537018
1.980313777924
1.979270100594
1.978120088577
1.977208971977
1.976125955582
1.975411176682
1.974909424782
1.974600791931
1.974261045456
1.973753094673
1.973005294800
1.972101330757
1.971067190170
1.969957828522
1.968876004219
1.967853188515
1.966883420944
1.965973973274
1.965222120285
1.964425325394
1.963860154152
1.963113784790
1.962808728218
1.961946249008
1.962826848030
1.962505102158
1.972300767899
1.977591872215
2.064384222031
