4.155427932739
4.149693012238
4.144286632538
4.139136314392
4.134113311768
4.129150867462
4.124242782593
4.119371891022
4.114497184753
4.109612941742
4.104723453522
4.099824905396
4.094908714294
4.089957714081
4.084935188293
4.079847335815
4.074677467346
4.069422245026
4.064051628113
4.058537483215
4.052852153778
4.046958923340
4.040825366974
4.034399032593
4.027640819550
4.020477294922
4.012817859650
4.004579544067
3.995719194412
3.986162662506
3.975850582123
3.964666843414
3.952601194382
3.939680576324
3.926057815552
3.911880254745
3.897248744965
3.882391691208
3.867478370667
3.852802038193
3.838482141495
3.824915885925
3.811672687531
3.799278020859
3.787268161774
3.775952100754
3.764640331268
3.754719734192
3.742598295212
3.738678932190
3.709430217743
3.793945312500
3.692799091339
4.502714157104
3.970708131790
3.920943737030
3.873528003693
3.823340654373
3.772995233536
3.728948354721
3.696926116943
3.675202369690
3.657999038696
3.646354675293
3.635275125504
3.628621816635
3.615252971649
3.620722532272
3.579768419266
3.713993310928
3.603327274323
4.295719623566
3.790661334991
3.732983112335
3.674379110336
3.624102592468
3.591088294983
3.573018789291
3.560892105103
3.553411722183
3.546186923981
3.541097164154
3.533879995346
3.531579017639
3.520291328430
3.529332637787
3.495363712311
3.579114437103
3.466798067093
4.054225921631
3.574960231781
3.583227396011
3.533980846405
3.507601737976
3.494734287262
3.485190868378
3.480161190033
3.473275899887
3.469605922699
3.462293386459
3.461131334305
3.450178623199
3.457531929016
3.430809497833
3.478803634644
3.393096923828
3.688522815704
3.456468582153
3.764484882355
3.548724412918
3.474999427795
3.436404705048
3.419547557831
3.411768436432
3.407527923584
3.398303985596
3.406572341919
3.392973423004
3.466375827789
3.431625366211
3.619258642197
3.394485712051
3.490900516510
3.351048946381
3.409704923630
3.338786602020
3.409557819366
3.313259124756
3.501236915588
3.320734977722
3.625672340393
3.348936557770
3.395158767700
3.335235118866
3.338463783264
3.319058895111
3.339711189270
3.320858955383
3.431560039520
3.368481159210
3.514966964722
3.308405399323
3.382515192032
3.260982513428
3.376794576645
3.238905906677
3.447156906128
3.238437175751
3.492717266083
3.264947414398
3.376644134521
3.264688730240
3.311816692352
3.262879610062
3.344768762589
3.285245180130
3.387710094452
3.246828079224
3.297146320343
3.223195552826
3.279579639435
3.205386638641
3.339505434036
3.211663961411
3.440696954727
3.209245443344
3.334205150604
3.174122810364
3.346456527710
3.191805839539
3.351287841797
3.156560897827
3.246769666672
3.155719757080
3.260147094727
3.201621532440
3.487501621246
3.240781307220
3.288723945618
3.244098663330
3.150687694550
3.225749254227
3.138132810593
3.263890028000
3.156823396683
3.174724340439
3.203563690186
3.170538902283
3.282445669174
3.134203910828
3.258177280426
3.123231410980
3.166888952255
3.112175226212
3.181309700012
3.145555019379
3.230020523071
3.125627517700
3.166916370392
3.134497642517
3.110568523407
3.146204948425
3.102305889130
3.137552261353
3.107201576233
3.105761051178
3.111217975616
3.075848817825
3.155712842941
3.064864158630
3.293903350830
3.067029476166
3.235643863678
3.030364990234
3.165807723999
3.003622770309
3.217767000198
3.020083904266
3.152383327484
3.004804134369
3.088244676590
3.006803989410
3.096904754639
3.046229839325
3.173353910446
3.064855098724
3.283552646637
3.057407855988
3.050158977509
2.997771739960
3.020140171051
2.990475416183
3.059967517853
3.064603090286
3.099906921387
3.004319667816
3.012026071548
2.997580051422
3.000519990921
3.032959461212
3.047433614731
2.978047370911
3.036828041077
2.939746379852
3.085849761963
2.955083847046
3.159255743027
2.926718711853
3.144392967224
2.896050453186
3.071408748627
2.889444112778
3.036170244217
2.912870883942
3.007202148438
3.048342704773
2.975221633911
3.016372680664
2.908281803131
2.932192564011
2.879133224487
2.990520477295
2.970703363419
3.251585483551
2.961301326752
3.002591133118
2.895625114441
2.936904430389
2.869512557983
2.938599348068
2.888434886932
2.980530977249
2.932489633560
2.934185028076
2.982571601868
2.846610069275
2.962316036224
2.799789905548
2.950869321823
2.792179584503
2.948197603226
2.837859630585
2.954380512238
2.884129524231
2.820317745209
2.962591648102
2.856760025024
3.180354595184
2.874408721924
2.945497512817
2.825838804245
2.873651027679
2.794875860214
2.942506551743
2.824975490570
2.952634811401
2.785250902176
2.881246089935
2.809975147247
2.930307865143
2.916125297546
2.798054218292
2.889855384827
2.780246019363
2.912235736847
2.882220029831
2.906391143799
2.769055843353
2.845417737961
2.733944654465
2.876126527786
2.728114128113
2.965955018997
2.748850107193
2.940054893494
2.715830564499
2.879442930222
2.739840745926
2.902169466019
2.860427379608
2.743032455444
2.911114692688
2.743376255035
2.871829986572
2.729380369186
2.868925094604
2.731351137161
2.839344978333
2.731477975845
2.794127464294
2.719306707382
2.780975103378
2.710587501526
2.829918861389
2.755488872528
2.925371408463
2.782949924469
2.679857254028
2.761538028717
2.648520946503
2.755838632584
2.631628036499
2.853995800018
2.748980522156
3.052325963974
2.760493993759
2.700087308884
2.710741043091
2.636225223541
2.751611471176
2.625571966171
2.856123924255
2.663172245026
2.736319303513
2.690264463425
2.711347103119
2.746810436249
2.664207458496
2.653249263763
2.659704208374
2.667588233948
2.884149789810
2.691624164581
2.934701919556
2.701561927795
2.700924158096
2.601667404175
2.699736595154
2.582539081573
2.824768781662
2.626891851425
2.735182523727
2.592330694199
2.640220403671
2.607846736908
2.667073249817
2.608910560608
2.622316837311
2.609313726425
2.636760234833
2.681536197662
2.895259380341
2.664908885956
2.856681823730
2.617156744003
2.669540882111
2.535526037216
2.688277244568
2.501641750336
2.847176074982
2.525058746338
2.739751815796
2.531856536865
2.663760900497
2.631528854370
2.899243831635
2.618396759033
2.640044689178
2.567955493927
2.553259611130
2.571286439896
2.541541099548
2.660333871841
2.579214572906
2.567510366440
2.563871860504
2.546450614929
2.594820499420
2.569192409515
2.596136569977
2.553493499756
2.689120292664
2.605924844742
2.709490299225
2.495316028595
2.638132095337
2.436746835709
2.889622926712
2.476558208466
2.731446504593
2.469227790833
2.566367149353
2.465293407440
2.609329700470
2.635875463486
2.756086587906
2.548441886902
2.546177148819
2.492420911789
2.495650529861
2.481904745102
2.512730598450
2.494087696075
2.596305608749
2.468904018402
2.626263618469
2.456230163574
2.560684680939
2.438930511475
2.523569107056
2.439278364182
2.505141735077
2.558713197708
2.590860366821
2.997712135315
2.556766986847
2.571155548096
2.444856166840
2.513454914093
2.382371902466
2.615970134735
2.364251136780
2.839959144592
2.430060625076
2.533683776855
2.417335271835
2.440381050110
2.426773309708
2.480798244476
2.507698059082
2.476942539215
2.477200031281
2.406538248062
2.510683059692
2.519463300705
2.840956687927
2.473742008209
2.481381177902
2.416015625000
2.394017696381
2.421934604645
2.386915922165
2.579054355621
2.514898538589
2.416791915894
2.393924474716
2.357743024826
2.392109870911
2.347289562225
2.494984626770
2.473751306534
2.451870441437
2.819278955460
2.401414871216
2.549082517624
2.356956005096
2.515361785889
2.321369171143
2.597454547882
2.313794851303
2.535313606262
2.297078609467
2.535709619522
2.374581336975
2.542303562164
2.371690750122
2.441070318222
2.382097959518
2.459284305573
2.368923187256
2.494506359100
2.323261976242
2.502455234528
2.274018049240
2.571352958679
2.263878345490
2.688323259354
2.328137397766
2.455512285233
2.322192192078
2.397150516510
2.449331521988
2.407066345215
2.557047367096
2.322093009949
2.368849754333
2.298594713211
2.417165279388
2.363257408142
2.506623744965
2.349200725555
2.351713657379
2.321518182755
2.308460474014
2.344365835190
2.340112686157
2.311801910400
2.300305128098
2.270897626877
2.338007450104
2.246219635010
2.571720123291
2.290993928909
2.701399564743
2.365417003632
2.342816829681
2.288936376572
2.311802387238
2.429471015930
2.502145290375
2.326757669449
2.433077096939
2.260776996613
2.365717411041
2.203659057617
2.457308292389
2.200716495514
2.620591640472
2.223825216293
2.410311460495
2.226201295853
2.367128372192
2.298812389374
2.496878623962
2.276425361633
2.317573785782
2.207170009613
2.281120538712
2.176526546478
2.428777933121
2.284138202667
2.472996950150
2.260667562485
2.285738945007
2.212820053101
2.319276809692
2.269258022308
2.311444759369
2.350121259689
2.210175037384
2.579140663147
2.246386528015
2.544810533524
2.227364301682
2.299238920212
2.185839653015
2.380352020264
2.264893054962
2.279273271561
2.193320751190
2.195459604263
2.240749597549
2.181207180023
2.562229871750
2.234038829803
2.368206739426
2.250986099243
2.255249500275
2.232489585876
2.313932895660
2.241917610168
2.282548189163
2.182652235031
2.203213930130
2.179920196533
2.208179712296
2.273871421814
2.353044986725
2.352492332458
2.227747440338
2.227397441864
2.112985372543
2.323388814926
2.107530593872
2.807843446732
2.235946893692
2.263633489609
2.150272369385
2.272881031036
2.204243659973
2.345810651779
2.130547523499
2.257758855820
2.092121601105
2.300609111786
2.132862567902
2.250054359436
2.132339477539
2.180730342865
2.140922069550
2.202007532120
2.205250501633
2.302189826965
2.167955875397
2.483783483505
2.230345964432
2.458142995834
2.135388851166
2.182257175446
2.073639392853
2.261503219604
2.078577280045
2.435553312302
2.128471136093
2.193895339966
2.084800720215
2.138680458069
2.137717008591
2.247999191284
2.239862442017
2.280698776245
2.109654426575
2.250897169113
2.056821584702
2.414997816086
2.059966802597
2.455894470215
2.063345193863
2.257319211960
2.055136203766
2.227692365646
2.064085483551
2.196866989136
2.070863723755
2.153092622757
2.125195980072
2.148066520691
2.287518262863
2.171042919159
2.168749809265
2.193345785141
2.088635206223
2.252504348755
2.055239677429
2.306280374527
2.052361726761
2.196869611740
2.081998825073
2.158262014389
2.094215393066
2.066997766495
2.150083065033
2.036417484283
2.384168863297
2.062440872192
2.364317893982
2.034385681152
2.194157600403
2.046607494354
2.245636940002
2.156952381134
2.270910978317
2.140243530273
2.115208625793
2.059922456741
2.045830965042
2.066940546036
2.111268281937
2.200002193451
2.120720624924
2.049437284470
2.042552232742
2.023524761200
2.099671840668
2.052034378052
2.104271888733
2.050839662552
2.091113567352
2.065009593964
2.204890489578
2.052165985107
2.326922893524
2.023975372314
2.219222545624
1.948871731758
2.439755439758
2.043559074402
2.312914371490
1.995379209518
2.077806472778
1.953876733780
2.108608722687
1.954757332802
2.216885089874
1.987521648407
2.174421310425
1.969359397888
2.095116376877
1.992976665497
2.092547416687
2.137598276138
2.061360359192
2.126142024994
2.001300811768
2.099447727203
2.123963594437
2.151758670807
2.017019033432
2.056613683701
2.046270370483
2.178978443146
2.163959503174
2.271677017212
2.044950008392
2.002882242203
1.975018978119
1.976616859436
2.002864837646
2.022535324097
2.086738109589
1.985176324844
2.065387487411
1.918146848679
2.305996656418
1.988884449005
2.392961502075
1.969714403152
2.027902841568
1.916616320610
2.127202987671
2.016696929932
2.136146783829
1.980769395828
2.013396501541
1.982832670212
2.097184896469
2.191447496414
2.029258251190
2.224926233292
2.013664960861
2.036914348602
1.931423664093
2.047889471054
1.946197509766
2.188016414642
1.965714931488
2.125343561172
1.936022758484
2.057975530624
1.965155601501
2.148263931274
1.971664190292
2.050603866577
1.900461196899
2.078622341156
1.923576474190
2.451233386993
2.033597469330
1.997489452362
1.959945797920
1.961183071136
1.992187500000
1.990396976471
1.993392586708
2.025050878525
1.956397056580
2.070365428925
1.956331491470
2.131039381027
1.947570085526
2.107463121414
1.930482387543
2.068602323532
1.923370838165
2.019356250763
1.947499155998
2.014400720596
1.926232814789
2.035535097122
1.882622480392
2.119289398193
1.877351999283
2.189880371094
1.914411544800
2.137957811356
1.900372743607
2.036314964294
1.844192028046
2.064892292023
1.880449295044
2.327445030212
1.978692412376
2.020598173141
1.930098533630
1.994111061096
1.954855918884
2.159598350525
1.986674547195
2.072896718979
1.939314961433
1.892600417137
1.974895000458
1.870187520981
2.067304849625
1.865733385086
2.065459966660
1.847364902496
2.097303390503
1.912648916245
2.052705287933
1.940896987915
1.931667566299
1.978322625160
1.907018423080
2.063917160034
1.880859613419
2.059236764908
1.880963921547
2.078920364380
1.904906511307
2.024183273315
1.855488300323
1.956058979034
1.852734327316
2.029094219208
1.874393701553
1.996358394623
1.813060045242
2.037499427795
1.839786529541
2.131984710693
1.861762166023
2.004129171371
1.834627866745
1.922341942787
1.848609566689
2.086256265640
1.981444835663
2.094869852066
1.892549395561
1.893863439560
1.836621880531
1.922240614891
1.852837800980
2.044707059860
1.878741025925
2.068539142609
1.818775653839
1.958940267563
1.827432036400
2.129520416260
1.968940138817
1.910688757896
2.055052757263
1.840352058411
2.017939567566
1.804935336113
2.026461601257
1.798365116119
2.042938232422
1.806896805763
2.092452287674
1.870038747787
2.024515628815
1.914028286934
1.855273604393
1.930979013443
1.825364589691
1.879897832870
1.790850400925
1.929360389709
1.826189398766
2.086469173431
1.869265079498
1.938387393951
1.813605070114
1.904329061508
1.866747856140
2.062979936600
1.966578602791
1.941379547119
1.915413856506
1.823470830917
1.986837744713
1.789195775986
2.045586347580
1.786777496338
2.105201482773
1.814397692680
2.076161384583
1.787320137024
1.952766537666
1.774101257324
1.938442707062
1.809810042381
1.989224314690
1.810563445091
1.944274663925
1.803235173225
1.961366891861
1.792188286781
2.002635002136
1.819815397263
1.960963368416
1.843841552734
1.842368960381
1.901381492615
1.786460161209
2.046667575836
1.787606239319
1.983564376831
1.742273330688
1.914294242859
1.763769507408
2.087104320526
1.963856339455
1.903302073479
1.807906150818
1.797572493553
1.827925443649
1.883302688599
1.920496225357
1.832077383995
1.860614180565
1.761389017105
1.880245089531
1.803772807121
2.062522888184
1.824192404747
1.909332036972
1.752052545547
1.822107434273
1.722847700119
1.941772937775
1.761545300484
2.003380298615
1.771579265594
1.880653500557
1.807029485703
1.840695977211
1.912392020226
1.770192027092
1.968523263931
1.739295840263
1.999431252480
1.721906900406
1.972228288651
1.739791750908
1.892259597778
1.774685740471
1.813891172409
1.911541104317
1.822415471077
2.135910987854
1.891818046570
1.839447736740
1.849467873573
1.747996687889
1.902541279793
1.715860962868
1.996731281281
1.749275922775
1.862003445625
1.732093930244
1.791400313377
1.763990044594
1.870241165161
1.788550376892
1.751380085945
1.780287981033
1.735492110252
1.873813509941
1.788339853287
1.913804650307
1.744512557983
1.837268471718
1.736384034157
1.883861184120
1.728180408478
1.874453067780
1.675496339798
2.020500183105
1.766447544098
2.173111200333
1.930175542831
1.799293398857
1.781123518944
1.693396806717
1.843465328217
1.708882451057
1.983159065247
1.723144054413
1.776355266571
1.713540077209
1.696780323982
1.753291845322
1.721665024757
1.985526561737
1.829076170921
2.042249441147
1.857404351234
1.742061257362
1.817590951920
1.746206045151
1.891307830811
1.784560203552
1.777933359146
1.741301655769
1.698467731476
1.784682750702
1.690844774246
1.968626737595
1.717383384705
2.013071060181
1.741048336029
1.813945055008
1.702556490898
1.743677377701
1.761955380440
1.826687335968
1.861290931702
1.839439988136
1.717143177986
1.755553960800
1.686290979385
1.779603600502
1.713310241699
1.832425594330
1.784011125565
1.874294161797
1.787967443466
1.855591058731
1.656262516975
1.882668972015
1.648478388786
2.079637527466
1.701061248779
1.938852310181
1.724285602570
1.776319861412
1.630017280579
1.777789115906
1.639597535133
2.087298154831
1.806465625763
1.827638626099
1.700395584106
1.673348069191
1.690871238708
1.749274492264
1.752051234245
1.798614740372
1.664349913597
1.732402920723
1.643012523651
1.821971535683
1.730492115021
1.877709150314
1.687679171562
1.726346373558
1.695058703423
1.829641222954
1.897782921791
1.869302630424
1.826598048210
1.884992241859
1.931243538857
1.743532896042
1.864646673203
1.629490733147
1.753825187683
1.583773374557
1.925948619843
1.616968393326
2.098445653915
1.662142395973
1.785911679268
1.645931482315
1.770128250122
1.702992677689
1.782331705093
1.781557321548
1.706729173660
1.912354946136
1.730319619179
1.769361853600
1.641189575195
1.644813418388
1.641499161720
1.644915103912
1.745507240295
1.696611523628
1.824893593788
1.621810793877
1.848884344101
1.694693684578
1.853747010231
1.712481975555
1.689640760422
1.829599380493
1.715498685837
2.045752525330
1.675071358681
1.713756322861
1.612081646919
1.752002596855
1.647959470749
1.967405557632
1.619687318802
1.877698659897
1.691767334938
2.012734413147
1.792565941811
1.677079558372
1.701281189919
1.625886321068
1.736468076706
1.655548691750
1.785575389862
1.639016866684
1.734875321388
1.631669998169
1.828899860382
1.688995242119
1.843433976173
1.655427455902
1.722339153290
1.615967512131
1.759311318398
1.629585266113
1.794643878937
1.588348388672
1.788373470306
1.603679776192
1.828868031502
1.604325294495
1.822565913200
1.659763216972
1.913758277893
1.704230785370
1.812175512314
1.683736324310
1.695144534111
1.692069530487
1.670487999916
1.729654192924
1.624294996262
1.668822288513
1.577565670013
1.652105450630
1.585568070412
1.710395574570
1.647387862206
1.651108860970
1.735075950623
1.619921565056
1.872958540916
1.632350683212
1.730865478516
1.617150545120
1.682638645172
1.794492244720
1.719891548157
1.775760054588
1.550779342651
1.846019506454
1.591496706009
1.979574322701
1.576293468475
1.745976686478
1.597079753876
1.953757762909
1.808104276657
1.742678523064
1.627220392227
1.583776950836
1.645988583565
1.584020376205
1.822976708412
1.647229790688
1.800906777382
1.563131451607
1.699081778526
1.573944091797
1.773513436317
1.742446780205
1.692303180695
1.931777954102
1.660656213760
1.743850231171
1.575399160385
1.613785982132
1.574921369553
1.693872570992
1.688998579979
1.683332085609
1.639480471611
1.589442491531
1.661790490150
1.648310065269
1.905934095383
1.603973865509
1.682257056236
1.576041221619
1.802555799484
1.657605051994
1.852421760559
1.645991683006
1.644777297974
1.725968718529
1.621382117271
1.765001177788
1.544465065002
1.850179910660
1.529886007309
1.883356094360
1.514919757843
1.764028668404
1.512990593910
1.779831528664
1.626419544220
1.848178863525
1.649128198624
1.678370714188
1.557138204575
1.630601048470
1.580400466919
1.700490713120
1.631136655807
1.666225552559
1.594253420830
1.688081502914
1.612612843513
1.651096224785
1.587935209274
1.606834173203
1.553373575211
1.643539190292
1.547497272491
1.818269848824
1.606910705566
1.884673357010
1.622527122498
1.600784897804
1.603476881981
1.604187250137
1.757466912270
1.611692309380
1.848912954330
1.588483095169
1.780156135559
1.555598735809
1.651881456375
1.543413281441
1.633986830711
1.590736865997
1.626343131065
1.794761896133
1.636762857437
1.980853915215
1.635761737823
1.589972615242
1.616159200668
1.503107547760
1.759561061859
1.615973353386
1.832274913788
1.674009442329
1.542655825615
1.654751658440
1.526872158051
1.680984377861
1.494706034660
1.650875329971
1.468800067902
1.667755842209
1.469996333122
1.725014805794
1.492586851120
1.707864046097
1.603383779526
1.706611871719
1.763642549515
1.675820589066
1.528280019760
1.658182263374
1.569798946381
1.710637092590
1.488273739815
1.627446889877
1.482643723488
1.756770014763
1.584053277969
1.720609426498
1.533316493034
1.570437192917
1.635217308998
1.745456814766
1.991649746895
1.640969038010
1.545169591904
1.530252218246
1.612595915794
1.673407554626
1.815048098564
1.606978058815
1.627580165863
1.494396924973
1.632821202278
1.514849781990
1.667737364769
1.481825828552
1.606175899506
1.468894481659
1.720936298370
1.556434869766
1.697244167328
1.504427671432
1.569315195084
1.474092245102
1.786647915840
1.583807826042
1.887765169144
1.546983718872
1.565411686897
1.516998052597
1.600113153458
1.611015200615
1.559737443924
1.611069560051
1.515592098236
1.689788937569
1.527476906776
1.739233493805
1.530333280563
1.747392773628
1.513561010361
1.673268318176
1.531923174858
1.654905796051
1.634838342667
1.672859668732
1.956275463104
1.621404290199
1.622975826263
1.495318174362
1.498079657555
1.511128902435
1.613470435143
1.637563228607
1.591650724411
1.716553211212
1.490532279015
1.644174575806
1.543889760971
1.707359671593
1.534323215485
1.530399799347
1.471711516380
1.478925466537
1.500434994698
1.512158036232
1.717539787292
1.566834092140
1.833745837212
1.552186965942
1.544453263283
1.485373497009
1.537779808044
1.548897266388
1.587007284164
1.590789794922
1.627327919006
1.756554603577
1.558261156082
1.571417570114
1.490231513977
1.719519853592
1.584601163864
1.738494515419
1.479995727539
1.580426812172
1.499331235886
1.935933589935
1.629557967186
1.538910865784
1.488971114159
1.462490439415
1.609798192978
1.546522259712
1.861203789711
1.504711985588
1.606606483459
1.508300304413
1.633057594299
1.623430728912
1.616159200668
1.508663535118
1.497177243233
1.534592270851
1.534849166870
1.594317436218
1.498192071915
1.509614348412
1.461886644363
1.625005245209
1.583337426186
1.696145772934
1.436887025833
1.555566310883
1.431842923164
2.062918186188
1.667473077774
1.698658823967
1.479430079460
1.537423968315
1.451594352722
1.725260496140
1.512238740921
1.750567674637
1.456097602844
1.523157477379
1.437773585320
1.624286413193
1.541307926178
1.627588987350
1.496305465698
1.549753785133
1.587921142578
1.719460964203
1.596375584602
1.541488289833
1.471330285072
1.510118961334
1.657428383827
1.554553747177
1.463129401207
1.514499306679
1.420655488968
1.723350763321
1.495236635208
1.754792928696
1.415118217468
1.647118091583
1.469774246216
1.763782501221
1.485461235046
1.562172293663
1.432787179947
1.534043550491
1.523360490799
1.629633784294
1.617817878723
1.448892593384
1.612509965897
1.473082661629
1.689249753952
1.445003032684
1.541603088379
1.427235364914
1.620533823967
1.510154485703
1.572051167488
1.489293694496
1.463353157043
1.582813382149
1.481920480728
1.889045000076
1.568783760071
1.604548931122
1.492745518684
1.509134531021
1.574253082275
1.573573112488
1.595165014267
1.471105813980
1.481193542480
1.446179747581
1.569619417191
1.496466398239
1.508424043655
1.468653678894
1.445134997368
1.533626079559
1.563380837440
1.575910329819
1.432659626007
1.448805928230
1.456885099411
1.609758496284
1.603623509407
1.592955708504
1.422600269318
1.535356163979
1.428811550140
1.702864646912
1.467984914780
1.619507908821
1.387025117874
1.689116716385
1.444003462791
1.594426155090
1.424343347549
1.549741148949
1.564795255661
1.803851366043
1.500263810158
1.597851753235
1.466072559357
1.537822484970
1.422271966934
1.590227127075
1.424808502197
1.688368797302
1.484461665154
1.604976296425
1.499221682549
1.490039587021
1.494208335876
1.504376530647
1.556309819221
1.591621160507
1.511923909187
1.458745360374
1.431458830833
1.469270944595
1.439155936241
1.513665676117
1.441151142120
1.513777017593
1.436293363571
1.658294558525
1.475871562958
1.699057340622
1.437697410583
1.638341069221
1.393580436707
1.574447154999
1.385481238365
1.554284214973
1.392724633217
1.545456409454
1.420327305794
1.635062098503
1.516808748245
1.666001796722
1.448355317116
1.554267168045
1.460852146149
1.747629523277
1.509325146675
1.561294436455
1.422878265381
1.455599188805
1.447178721428
1.453324317932
1.521135568619
1.423754453659
1.672026634216
1.491594791412
1.605246305466
1.394102454185
1.565749049187
1.498115777969
1.574307441711
1.396356344223
1.482107162476
1.443612337112
1.556846857071
1.527719855309
1.459908723831
1.390506505966
1.413888931274
1.425884246826
1.671505451202
1.511092185974
1.798443913460
1.494217753410
1.515228152275
1.429701328278
1.488386631012
1.502792835236
1.529242873192
1.514125108719
1.467444658279
1.425975799561
1.389725446701
1.417931675911
1.459499001503
1.556221246719
1.688679456711
1.436998724937
1.368601560593
1.470979332924
1.508681774139
1.756759047508
1.411177635193
1.568072438240
1.376645922661
1.566884160042
1.379851818085
1.558925390244
1.395879983902
1.661114454269
1.393163442612
1.529138326645
1.344014883041
1.570207357407
1.424998283386
1.799515843391
1.397130608559
1.522114515305
1.375519752502
1.770727872849
1.626833200455
1.519075274467
1.392303586006
1.385629773140
1.414919018745
1.439182639122
1.536689519882
1.398748517036
1.516454100609
1.362255454063
1.599636435509
1.421546339989
1.605899572372
1.363010883331
1.526209712029
1.359773993492
1.502609729767
1.367086529732
1.473659396172
1.348293900490
1.504194021225
1.406825900078
1.651534795761
1.499639630318
1.414271116257
1.440931081772
1.397369980812
1.715809822083
1.487166643143
1.534875392914
1.374875068665
1.360630154610
1.533336639404
1.675166130066
1.852431058884
1.670743703842
1.530336499214
1.451421022415
1.432708978653
1.410473346710
1.551016807556
1.552660107613
1.710728645325
1.432759046555
1.396290063858
1.382763862610
1.390125870705
1.475484490395
1.444748163223
1.545191884041
1.420041084290
1.452775120735
1.367750167847
1.601153969765
1.405184149742
1.451608657837
1.363827347755
1.374998092651
1.607447743416
1.528583288193
1.785729289055
1.410179376602
1.389435052872
1.347674608231
1.391621232033
1.492379426956
1.490934252739
1.664608240128
1.381256580353
1.450767040253
1.342868089676
1.528218865395
1.497238636017
1.651259064674
1.501607656479
1.422962307930
1.387194514275
1.345773220062
1.508817434311
1.440552473068
1.699845790863
1.385019898415
1.406311035156
1.316899418831
1.430451154709
1.402993798256
1.534695744514
1.336232423782
1.397684335709
1.335427641869
1.669003248215
1.442629218102
1.738985538483
1.422026634216
1.528332471848
1.346714854240
1.515612602234
1.368568301201
1.512499809265
1.361757159233
1.460356712341
1.383217453957
1.458039999008
1.424366593361
1.387054443359
1.531192779541
1.388258099556
1.728226542473
1.392349481583
1.448277115822
1.344489336014
1.462716817856
1.482441544533
1.506435036659
1.515398621559
1.339763641357
1.469130039215
1.352368474007
1.636009216309
1.442769527435
1.551939845085
1.318911075592
1.357577800751
1.321662545204
1.416309833527
1.418887376785
1.451461195946
1.392664551735
1.312582612038
1.462408423424
1.411449670792
1.817495226860
1.405361175537
1.463121771812
1.294488430023
1.510250806808
1.328366398811
1.637581110001
1.349948287010
1.524080514908
1.422335863113
1.550023317337
1.365367174149
1.471155881882
1.384316563606
1.564916014671
1.383979558945
1.492805719376
1.351134896278
1.569809794426
1.390372633934
1.424033761024
1.334405422211
1.422352313995
1.553455829620
1.486608266830
1.389485836029
1.381911635399
1.380619049072
1.530239582062
1.539484262466
1.432293653488
1.307758569717
1.361664056778
1.333233714104
1.483157515526
1.384331226349
1.466111063957
1.297177195549
1.661257743835
1.430978178978
1.643881201744
1.299144983292
1.386773824692
1.296791315079
1.671057701111
1.487729310989
1.485216856003
1.311852335930
1.316922903061
1.350185513496
1.395547866821
1.458749055862
1.459025263786
1.374934911728
1.629011511803
1.431088089943
1.496929049492
1.323332548141
1.384533524513
1.473449707031
1.506175875664
1.416804194450
1.349310398102
1.323648452759
1.431125044823
1.590887784958
1.568231463432
1.355413317680
1.327191352844
1.282983541489
1.339820623398
1.373340129852
1.478262901306
1.484958291054
1.296266436577
1.466889142990
1.293980121613
1.582371711731
1.289684891701
1.492347121239
1.293018579483
1.619931221008
1.430925130844
1.586148262024
1.301635146141
1.463783860207
1.331735849380
1.592317819595
1.403074979782
1.450746774673
1.373590707779
1.500034689903
1.439630627632
1.532571196556
1.322002053261
1.397434473038
1.281466245651
1.382815599442
1.312286973000
1.486427307129
1.318461060524
1.353046894073
1.337330102921
1.479584693909
1.604572415352
1.467303991318
1.454580307007
1.294582605362
1.446488380432
1.352866172791
1.605233788490
1.310249924660
1.423316955566
1.274748682976
1.459026098251
1.330118179321
1.498454332352
1.437754869461
1.383011460304
1.430660247803
1.377050995827
1.490972042084
1.277162432671
1.422034978867
1.292641282082
1.557446956635
1.342510700226
1.405679464340
1.282507896423
1.442706584930
1.393890500069
1.443586349487
1.333934545517
1.369240283966
1.452328085899
1.525720477104
1.574525117874
1.340299725533
1.419488906860
1.311410903931
1.485098481178
1.320896506310
1.505159854889
1.287883400917
1.503622770309
1.371381640434
1.588445305824
1.296137928963
1.330058097839
1.282906293869
1.342224597931
1.385508537292
1.313317775726
1.341708064079
1.253980755806
1.401608705521
1.297282099724
1.502851724625
1.252225279808
1.356200933456
1.297319173813
1.641613245010
1.445722222328
1.385242938995
1.257477402687
1.405569553375
1.353609323502
1.623206734657
1.308117866516
1.370427727699
1.356867313385
1.422940731049
1.443697333336
1.341408371925
1.373860001564
1.282941102982
1.411546945572
1.301242351532
1.412043333054
1.317013621330
1.400175333023
1.491058826447
1.478139162064
1.472543358803
1.300408959389
1.314661145210
1.276584267616
1.351477265358
1.349733352661
1.355287313461
1.356238245964
1.332968950272
1.461395025253
1.385169148445
1.784257888794
1.313083648682
1.447905302048
1.255164742470
1.582143783569
1.319897055626
1.425494909286
1.229451775551
1.316547155380
1.249115943909
1.466660499573
1.292684316635
1.379768490791
1.221370458603
1.299456834793
1.325951337814
1.538709163666
1.536011457443
1.315836787224
1.350699424744
1.274586200714
1.455650806427
1.422807335854
1.400068998337
1.343280553818
1.287386417389
1.409748554230
1.278017282486
1.514897227287
1.311421990395
1.523086786270
1.399168491364
1.463296175003
1.417849659920
1.356644749641
1.278004765511
1.302302956581
1.312532663345
1.399354219437
1.279283165932
1.390889883041
