4.139177322388
4.134279727936
4.129563331604
4.125000953674
4.120514869690
4.116069793701
4.111650943756
4.107243061066
4.102831840515
4.098406314850
4.093965053558
4.089498519897
4.084988117218
4.080424308777
4.075794219971
4.071092605591
4.066319942474
4.061462402344
4.056512355804
4.051447868347
4.046247482300
4.040888309479
4.035346984863
4.029581069946
4.023555755615
4.017207622528
4.010462760925
4.003255844116
3.995534896851
3.987238407135
3.978275537491
3.968564987183
3.958123683929
3.946963310242
3.935164928436
3.922819375992
3.910026073456
3.896942615509
3.883750438690
3.870615959167
3.857566595078
3.844776868820
3.832063198090
3.819708108902
3.807445049286
3.795450925827
3.783481597900
3.772202491760
3.759963989258
3.751776695251
3.732365846634
3.773093700409
3.818410873413
4.316884040833
3.929797649384
3.889397621155
3.849846839905
3.808872699738
3.768720388412
3.733973979950
3.707736968994
3.688507556915
3.672776222229
3.660574436188
3.649419069290
3.640968084335
3.629608631134
3.627641916275
3.605019092560
3.678635597229
3.729440450668
4.140132904053
3.765470504761
3.716415882111
3.668216228485
3.627571105957
3.600069522858
3.583130359650
3.571080207825
3.562954425812
3.555767774582
3.549999713898
3.543124437332
3.538838386536
3.530169963837
3.531486034393
3.513659477234
3.555930137634
3.542223930359
3.920222759247
3.658248901367
3.593752861023
3.546089649200
3.516398429871
3.501726627350
3.491523027420
3.485778808594
3.479213237762
3.475050926208
3.468213558197
3.465531110764
3.456483364105
3.458873271942
3.441649913788
3.467798233032
3.430276393890
3.620455265045
3.594595432281
3.692460536957
3.530697107315
3.465711116791
3.435857772827
3.419270515442
3.415272712708
3.405956745148
3.406931877136
3.399052619934
3.414556980133
3.436441898346
3.489927768707
3.565562725067
3.433137655258
3.469645738602
3.379472732544
3.393647909164
3.356068611145
3.392644405365
3.347351551056
3.460055828094
3.408310413361
3.564129352570
3.409563302994
3.379311323166
3.342151880264
3.334708929062
3.330016136169
3.329361438751
3.349524021149
3.396925449371
3.435752153397
3.463170051575
3.326285600662
3.362434864044
3.289020538330
3.348777770996
3.280474185944
3.401871204376
3.314657688141
3.442440509796
3.334977626801
3.348199844360
3.288407564163
3.298813343048
3.291715145111
3.321208953857
3.332491874695
3.351737976074
3.277289152145
3.274876356125
3.246785163879
3.261613368988
3.245783805847
3.302505016327
3.290761470795
3.375571727753
3.264398574829
3.305678367615
3.205667018890
3.308247566223
3.224657058716
3.326806783676
3.204750537872
3.227779388428
3.183166503906
3.238368988037
3.278313398361
3.434792757034
3.325081825256
3.252659559250
3.217881679535
3.159157991409
3.212058067322
3.150731563568
3.249777317047
3.175080060959
3.194955825806
3.192205905914
3.223745822906
3.246478796005
3.188368082047
3.217991352081
3.145062208176
3.154779434204
3.140045404434
3.161975622177
3.197556018829
3.196781158447
3.158619165421
3.143404960632
3.140409469604
3.112826347351
3.145314693451
3.113893032074
3.145048856735
3.112290859222
3.125951528549
3.102000713348
3.106691837311
3.129235744476
3.129047870636
3.231351375580
3.140383720398
3.184559345245
3.078323841095
3.122642517090
3.043152570724
3.168539524078
3.061207294464
3.137282371521
3.033509016037
3.078187942505
3.030956506729
3.084124088287
3.104926347733
3.134418725967
3.134014129639
3.213698863983
3.077051639557
3.043466091156
3.005622148514
3.010377883911
3.010772228241
3.050868988037
3.115867137909
3.079063892365
3.015397548676
2.998396873474
3.002220630646
2.994168758392
3.053470134735
3.039377689362
3.024200916290
3.005709171295
2.980341434479
3.047644138336
3.033353328705
3.096624374390
2.986042499542
3.081574916840
2.944583415985
3.016617059708
2.928920745850
2.993202447891
2.946039199829
2.999493837357
3.064635992050
3.019933223724
2.969590187073
2.907025814056
2.920961380005
2.898715019226
2.956039905548
3.060402870178
3.188835144043
3.048092126846
3.003823280334
2.916845321655
2.913248062134
2.888750076294
2.920354843140
2.920981884003
2.964684009552
2.961877346039
2.919546127319
2.949604511261
2.885368347168
2.914217233658
2.840865135193
2.902538776398
2.829749822617
2.913233757019
2.857250690460
3.000335216522
2.869485139847
2.869432449341
2.903548240662
2.962839603424
3.116390228271
2.942080497742
2.902806282043
2.834917068481
2.846398353577
2.827914237976
2.887954711914
2.916445493698
2.896701335907
2.843204975128
2.839988231659
2.850396633148
2.914462804794
2.925383090973
2.820665359497
2.830339908600
2.809839248657
2.871584892273
2.952617645264
2.893875598907
2.781498908997
2.802179574966
2.767080783844
2.824367284775
2.785671710968
2.891869068146
2.812523841858
2.868422508240
2.751736164093
2.826550245285
2.771343708038
2.896151065826
2.855154037476
2.828773975372
2.821228504181
2.796314716339
2.828715801239
2.794837474823
2.816416740417
2.778503417969
2.798259735107
2.779288291931
2.757455825806
2.772659778595
2.736178159714
2.780217647552
2.771508693695
2.835626125336
2.895809173584
2.802348613739
2.687930822372
2.707805633545
2.667509317398
2.713765621185
2.676527738571
2.790629386902
2.853740215302
2.997689008713
2.769592761993
2.679473638535
2.681421279907
2.652113914490
2.705584526062
2.674849987030
2.769771575928
2.736239433289
2.701559066772
2.712495088577
2.710568428040
2.782731056213
2.670952320099
2.652596473694
2.644438505173
2.718638896942
2.827128887177
2.834211349487
2.820667982101
2.673994302750
2.681831121445
2.615540266037
2.662083148956
2.625164985657
2.752682924271
2.710005283356
2.692703008652
2.624395370483
2.617270708084
2.644100666046
2.652855396271
2.671928167343
2.607361078262
2.637365818024
2.619974851608
2.729234695435
2.879820585251
2.740292072296
2.744113922119
2.640889644623
2.614826679230
2.572582244873
2.616138935089
2.592488527298
2.707831144333
2.667622566223
2.647751808167
2.594050645828
2.613218784332
2.716343879700
2.882237195969
2.623387813568
2.599893093109
2.543353557587
2.565558910370
2.545882701874
2.622164964676
2.617195844650
2.715805053711
2.581278324127
2.553052902222
2.580266952515
2.571441411972
2.648294448853
2.568640232086
2.598920345306
2.661109209061
2.663907051086
2.656829357147
2.526989698410
2.560697555542
2.515902280807
2.714445829391
2.623144626617
2.620123386383
2.528914690018
2.513956069946
2.523794651031
2.565572023392
2.736221075058
2.753704786301
2.518045186996
2.525479316711
2.477284431458
2.507128238678
2.476951599121
2.550292730331
2.501013278961
2.618332386017
2.512712955475
2.574340105057
2.522765159607
2.510731220245
2.489285230637
2.492545127869
2.483503818512
2.503874301910
2.560105085373
2.697207450867
2.883115291595
2.610622882843
2.563915252686
2.470818281174
2.473429203033
2.436139106750
2.510665893555
2.495430231094
2.634550809860
2.576405525208
2.483682155609
2.420622348785
2.433947086334
2.438295364380
2.497409343719
2.520745277405
2.483795404434
2.471939325333
2.430905342102
2.499207973480
2.593242168427
2.796464443207
2.516228199005
2.431500911713
2.407976388931
2.385122776031
2.421082496643
2.397505521774
2.557764530182
2.564177036285
2.428995847702
2.385396718979
2.375873327255
2.376500129700
2.402915954590
2.456845760345
2.624586820602
2.523409366608
2.646282196045
2.577568531036
2.501687765121
2.389763116837
2.448348045349
2.399255275726
2.483121395111
2.414916753769
2.435863494873
2.391946554184
2.435307502747
2.526003837585
2.467719316483
2.444281101227
2.421393871307
2.399161815643
2.443548202515
2.405683040619
2.428661108017
2.392017602921
2.405474662781
2.363205432892
2.438356876373
2.390391349792
2.508955240250
2.434587478638
2.385908603668
2.364885091782
2.414475917816
2.433758020401
2.515189409256
2.471121549606
2.363094806671
2.338343143463
2.339622020721
2.370671272278
2.437935113907
2.448586702347
2.362100601196
2.329991817474
2.326098442078
2.311219692230
2.368765354156
2.348037004471
2.369965314865
2.287334680557
2.328480243683
2.292973995209
2.381520986557
2.433038234711
2.474369525909
2.554270744324
2.416599512100
2.340446233749
2.289002895355
2.326516628265
2.415385484695
2.568097591400
2.333000659943
2.367056369781
2.283842563629
2.322924375534
2.262740612030
2.356528282166
2.321084499359
2.445647239685
2.379886865616
2.326888084412
2.293993949890
2.321185827255
2.396230220795
2.454971313477
2.286405324936
2.262003183365
2.230474948883
2.244388818741
2.239162921906
2.337817907333
2.438125371933
2.391093492508
2.286234617233
2.239308595657
2.264970541000
2.274395465851
2.354934215546
2.317255496979
2.314169168472
2.282312154770
2.433567762375
2.411540031433
2.422717332840
2.269739389420
2.252940416336
2.232954978943
2.317611932755
2.328893423080
2.273303508759
2.203439950943
2.217804431915
2.216020822525
2.294355630875
2.431531906128
2.422434091568
2.313874721527
2.223197460175
2.274584770203
2.252059936523
2.331115245819
2.289314270020
2.270757675171
2.203649759293
2.199046850204
2.193406581879
2.222741842270
2.267724514008
2.413152456284
2.306527137756
2.228746414185
2.172720432281
2.174204111099
2.224906444550
2.291232585907
2.540013551712
2.336043119431
2.231197118759
2.169127941132
2.238816738129
2.276352405548
2.303410291672
2.206760883331
2.193730592728
2.191523313522
2.212162494659
2.271534919739
2.189106225967
2.180652618408
2.149038791656
2.187378406525
2.180435180664
2.251190900803
2.271029949188
2.199658155441
2.382082223892
2.332759141922
2.355240345001
2.212945222855
2.133727312088
2.147819519043
2.167246341705
2.246048212051
2.282795667648
2.247720718384
2.138266324997
2.113752365112
2.125899314880
2.186178207397
2.263391494751
2.305859565735
2.264894008636
2.133859157562
2.174707889557
2.140873908997
2.274370193481
2.174345731735
2.298253059387
2.168728351593
2.163385629654
2.147972345352
2.145185470581
2.149462223053
2.133639097214
2.130096197128
2.123276710510
2.150667667389
2.197531223297
2.273004770279
2.286533594131
2.149815082550
2.145943641663
2.155042171478
2.166622161865
2.172168254852
2.188555717468
2.135657072067
2.142456531525
2.148480415344
2.148428201675
2.131903409958
2.082890033722
2.116838693619
2.124505519867
2.213288307190
2.235867500305
2.212152242661
2.121885061264
2.133524656296
2.103076219559
2.211447000504
2.211585044861
2.279202461243
2.128698825836
2.082823514938
2.066833019257
2.048573493958
2.074878454208
2.110541343689
2.239902734756
2.105731725693
2.084267377853
2.011497497559
2.084677219391
2.048856019974
2.217917919159
2.092035293579
2.090635538101
2.084109306335
2.111618995667
2.161120176315
2.106666564941
2.206237316132
2.113282680511
2.106387615204
2.048766136169
2.240978479385
2.242529630661
2.163766145706
2.035300493240
2.028429985046
2.008450746536
2.037849903107
2.042512416840
2.089002609253
2.097616434097
2.060985326767
2.040195703506
2.033312559128
2.031635522842
2.091291666031
2.099383354187
2.236600160599
2.068933963776
2.020080804825
2.072057962418
2.216410398483
2.136724472046
2.021298408508
2.058524608612
2.065261363983
2.196201801300
2.238463878632
2.217796802521
2.043266296387
1.999225139618
1.979148864746
2.001907587051
1.989184379578
2.103561401367
2.045448541641
2.067343950272
2.007829666138
2.012773513794
2.150963783264
2.192003011703
2.203164100647
2.034401416779
1.979515552521
1.985922932625
2.053601026535
2.188901662827
2.102582931519
1.984128475189
1.999042868614
2.000272989273
2.115599870682
2.210654258728
2.093608379364
2.110308170319
2.069706439972
1.998050212860
1.969857096672
2.001237630844
2.029417991638
2.092314481735
2.038941860199
2.039006948471
1.970239877701
2.016471862793
2.034079551697
2.089920759201
2.054084300995
2.000060796738
1.952433347702
1.994409322739
2.061278820038
2.228721141815
2.186450004578
1.992149472237
1.954387068748
1.968899488449
2.013107776642
2.004084110260
1.985666990280
2.011771440506
1.955824136734
2.044925689697
1.987854123116
2.066874027252
2.012359142303
2.034690856934
2.063590288162
2.010864496231
2.002933740616
1.978479623795
2.007106304169
1.987949609756
1.992306947708
1.983196973801
1.959113121033
2.016631841660
1.983042955399
2.049208164215
2.048925638199
2.019177436829
1.987423658371
1.970465660095
1.907490015030
1.967844486237
2.025366306305
2.151709318161
2.139546871185
2.007418632507
1.941432595253
1.961425781250
2.023605108261
2.103543758392
2.024512052536
2.026877164841
1.930025815964
1.930995225906
1.927821516991
1.981426715851
1.969834089279
1.992735624313
1.965713500977
1.918852329254
2.001524925232
1.968296289444
2.034116268158
1.939083576202
2.014977931976
1.958502054214
1.968975543976
1.979835271835
1.937221765518
1.980098009109
1.957853794098
2.007637262344
1.994178771973
1.969430208206
1.933252096176
1.891211748123
1.951451063156
1.925630569458
2.005185842514
1.911978483200
1.893652796745
1.937007308006
1.969123840332
1.980541944504
1.989139914513
1.959070205688
1.905858755112
1.894240021706
1.912465453148
2.019952774048
2.092088937759
1.996622800827
1.901291847229
1.880501508713
1.867738842964
1.903475046158
1.902706265450
1.980277299881
1.914086937904
1.957367658615
1.840029716492
1.892620921135
1.904684424400
2.027060985565
2.138377904892
1.931415915489
1.945893049240
1.944293737411
1.922765970230
1.912594556808
1.921564579010
1.916811585426
1.927756309509
1.914265275002
1.980608701706
1.936796903610
1.982547760010
1.920129418373
1.920590758324
1.925218343735
1.911193609238
1.852362871170
1.846107006073
1.892268896103
1.880387306213
1.989021420479
1.897327184677
1.867189645767
1.861757516861
1.869845032692
1.919054985046
2.039058208466
1.958985686302
1.958396792412
1.887973308563
1.933805465698
1.913637518883
1.887796640396
1.925333261490
1.886867523193
1.954572439194
1.914522528648
1.950478672981
1.871968388557
1.869642615318
1.842210173607
1.863737344742
1.942131996155
1.923789739609
1.980849504471
1.904808402061
1.853044986725
1.886428594589
1.863314032555
1.921812534332
1.882556438446
1.913926362991
1.863655328751
1.863098263741
1.858133792877
1.899088621140
1.913535475731
1.949695348740
1.870976924896
1.783118128777
1.847649097443
1.815723896027
2.011586904526
2.022267103195
1.982627272606
1.814002275467
1.799059271812
1.846100211143
1.886880278587
1.918505907059
1.802311778069
1.827220559120
1.795819520950
1.844179153442
1.900992631912
1.963531374931
1.974108099937
1.857391595840
1.799397945404
1.790319204330
1.818463563919
1.851372718811
1.943834185600
1.894974350929
1.812839984894
1.850763797760
1.805099248886
1.879276037216
1.833603858948
1.870420455933
1.867331147194
1.877829432487
1.870759129524
1.836539506912
1.857672929764
1.824040651321
1.822595953941
1.807461380959
1.819039940834
1.863429546356
1.897757649422
1.993085026741
1.915904879570
1.852953195572
1.846237778664
1.807082414627
1.830543756485
1.813454747200
1.853929638863
1.938077330589
1.771266102791
1.774359226227
1.768595099449
1.837439537048
1.876006364822
1.892805933952
1.723950624466
1.801223039627
1.743047356606
1.869247555733
1.838171958923
1.846414446831
1.796784162521
1.774336814880
1.823455691338
1.813100576401
1.830626010895
1.811067461967
1.782566308975
1.881457686424
1.930169582367
2.043509483337
1.983549833298
1.836058616638
1.765875697136
1.748801469803
1.772796750069
1.838942408562
1.857316613197
1.912693500519
1.757403373718
1.721807718277
1.726303935051
1.732322931290
1.811181426048
1.878508806229
1.945317149162
1.929419279099
1.815530896187
1.771921157837
1.809691667557
1.772976517677
1.874744772911
1.782169580460
1.805512666702
1.707635045052
1.756766438484
1.725489616394
1.809468507767
1.842748165131
1.845618009567
1.895262241364
1.834723234177
1.773721933365
1.731835722923
1.748587250710
1.768053293228
1.864947915077
1.829071640968
1.826878666878
1.758103728294
1.739841580391
1.756071567535
1.753000259399
1.832506537437
1.830480456352
1.834601163864
1.832349777222
1.823372364044
1.767324805260
1.757976174355
1.772010207176
1.810576677322
1.871685266495
1.860877037048
1.810196161270
1.789783716202
1.757517099380
1.664289474487
1.731989502907
1.731213569641
1.934174895287
1.988490581512
1.777461647987
1.713768959045
1.663636565208
1.721800804138
1.706951618195
1.863185048103
1.753108620644
1.709951043129
1.712333083153
1.686195135117
1.790363788605
1.782061457634
1.844272613525
1.680937051773
1.703801751137
1.729246020317
1.793870210648
1.991326212883
1.931023359299
1.836336851120
1.873573184013
1.899917364120
1.814350128174
1.768664717674
1.683555126190
1.696604013443
1.691123127937
1.767098903656
1.844687104225
1.857179164886
1.766609311104
1.716068387032
1.716854810715
1.711318850517
1.760377407074
1.757746458054
1.755208849907
1.781253814697
1.834482908249
1.827055692673
1.736705660820
1.682948946953
1.647376298904
1.666464209557
1.674759507179
1.732909560204
1.795020341873
1.735260009766
1.708220958710
1.737090587616
1.880701184273
1.787369012833
1.775147080421
1.707608819008
1.783436298370
1.825865507126
1.893851041794
1.738528847694
1.681860208511
1.672782897949
1.686354160309
1.760518908501
1.828536033630
1.690442800522
1.793878793716
1.742559075356
1.915670394897
1.801202297211
1.771086931229
1.684419035912
1.676323771477
1.713105201721
1.731457114220
1.725631713867
1.689252614975
1.685609102249
1.712069153786
1.750501275063
1.816595792770
1.741891980171
1.722517609596
1.663293838501
1.684218883514
1.681991934776
1.723912954330
1.700308799744
1.700649023056
1.711270332336
1.785273432732
1.763451814651
1.700225591660
1.740533709526
1.737036705017
1.820786833763
1.772914052010
1.776608228683
1.710844159126
1.713580846786
1.703698277473
1.723088979721
1.726745605469
1.706226944923
1.653521060944
1.626982450485
1.641550183296
1.648975014687
1.717755079269
1.714330315590
1.686107039452
1.699373602867
1.715510606766
1.741697669029
1.786206245422
1.663405179977
1.668450117111
1.708842635155
1.784271001816
1.815476417542
1.681894540787
1.663026571274
1.709050893784
1.815036296844
1.786522984505
1.663875579834
1.695276379585
1.632233977318
1.900716185570
1.785230278969
1.741681814194
1.647396326065
1.603081464767
1.652167677879
1.651041269302
1.751733541489
1.779526829720
1.667418599129
1.636849761009
1.622123837471
1.657631754875
1.710973143578
1.800110816956
1.780972719193
1.790094137192
1.794550657272
1.691397190094
1.615457177162
1.615824818611
1.625901460648
1.699217319489
1.773693919182
1.688359618187
1.654989123344
1.624859094620
1.631289720535
1.733322978020
1.776935935020
1.738881587982
1.659656882286
1.629762887955
1.741428136826
1.698296427727
1.778718829155
1.666691303253
1.672603726387
1.723972916603
1.706372976303
1.670723676682
1.656123399734
1.689061403275
1.669190406799
1.703914523125
1.642801642418
1.648476719856
1.641138195992
1.679249644279
1.801326036453
1.797542333603
1.657285213470
1.634846329689
1.599556446075
1.617311835289
1.615537881851
1.696039795876
1.642981290817
1.678606271744
1.647290825844
1.704983711243
1.729838252068
1.604315042496
1.655403852463
1.584394216537
1.632670879364
1.596947669983
1.663858652115
1.691964864731
1.715704679489
1.750660896301
1.615535736084
1.612108469009
1.628282427788
1.651364803314
1.788035869598
1.673054933548
1.752888441086
1.692420721054
1.671409845352
1.613288402557
1.624268531799
1.594095587730
1.615643620491
1.625666856766
1.642824769020
1.754444837570
1.791953325272
1.837737441063
1.815989017487
1.624087214470
1.608459234238
1.554686188698
1.673418760300
1.669229984283
1.735846638680
1.653963565826
1.641581892967
1.608129143715
1.671905279160
1.606476664543
1.639297604561
1.579245209694
1.595781445503
1.589458465576
1.615925669670
1.640796899796
1.621893167496
1.674075603485
1.651808023453
1.731958270073
1.764364242554
1.659021496773
1.597060680389
1.605739951134
1.716063857079
1.606417655945
1.562520265579
1.568943262100
1.571131467819
1.644870162010
1.709127545357
1.648793220520
1.593419671059
1.566514253616
1.663974046707
1.832361698151
1.910076856613
1.652742385864
1.540131807327
1.577290415764
1.589730858803
1.785975456238
1.765513896942
1.596000075340
1.592010855675
1.554445981979
1.589953184128
1.612813711166
1.602535724640
1.588260293007
1.542805790901
1.598643183708
1.628504276276
1.724415779114
1.682294607162
1.569873213768
1.538484096527
1.558903455734
1.648282289505
1.727318644524
1.706620216370
1.623203992844
1.529416799545
1.589593529701
1.572357654572
1.662245512009
1.626247525215
1.567410826683
1.642993927002
1.582622885704
1.700507640839
1.624320626259
1.629571914673
1.696209788322
1.593743801117
1.610487461090
1.604203462601
1.584721326828
1.690196990967
1.701309680939
1.863549828529
1.767030954361
1.582352876663
1.536134958267
1.507329463959
1.567856550217
1.632638931274
1.777707338333
1.613262891769
1.614344477654
1.559458494186
1.586227655411
1.617952585220
1.671843528748
1.572040677071
1.537511110306
1.488921284676
1.501560211182
1.518160581589
1.567120075226
1.731446146965
1.702668190002
1.716490149498
1.641558170319
1.529328346252
1.539654731750
1.538855791092
1.613442897797
1.604318499565
1.626282215118
1.708095550537
1.734760761261
1.657144188881
1.562482833862
1.537322521210
1.661666154861
1.689791917801
1.655060410500
1.536965370178
1.550884485245
1.569673180580
1.778189897537
1.639356613159
1.545191049576
1.506364822388
1.509446382523
1.597702503204
1.741110682487
1.755710244179
1.633867025375
1.562850952148
1.560898065567
1.605612277985
1.633368372917
1.645559549332
1.496633887291
1.556117177010
1.513696432114
1.657840967178
1.587008714676
1.591608166695
1.507880568504
1.519521832466
1.600258350372
1.635256528854
1.616809368134
1.489183187485
1.514095067978
1.563188672066
1.800688505173
1.824433565140
1.629108071327
1.522453904152
1.500811100006
1.567818880081
1.582432150841
1.711190104485
1.606434941292
1.543020725250
1.511374592781
1.499730467796
1.651952266693
1.644045352936
1.647214889526
1.524083137512
1.548173189163
1.650749325752
1.694353342056
1.635600805283
1.558236479759
1.483755588531
1.568942308426
1.638159036636
1.640495181084
1.513862371445
1.480015873909
1.527868747711
1.569428920746
1.650048017502
1.585764169693
1.514642357826
1.550977706909
1.595137596130
1.646977901459
1.573566913605
1.544793009758
1.475897550583
1.540718317032
1.551527857780
1.638985395432
1.600910425186
1.531385660172
1.551695466042
1.670107126236
1.623031854630
1.570579051971
1.482477664948
1.528920888901
1.559772610664
1.590572357178
1.585347533226
1.478786110878
1.538037300110
1.517033219337
1.652865529060
1.770106673241
1.676967620850
1.611907362938
1.487009882927
1.550801992416
1.561320066452
1.595611572266
1.612911939621
1.501708745956
1.501502037048
1.506933331490
1.566513538361
1.604689598083
1.526005983353
1.486969590187
1.501292109489
1.519223093987
1.677200555801
1.558983922005
1.448563814163
1.502657175064
1.461272716522
1.684989571571
1.635034322739
1.562196850777
1.485144615173
1.475970268250
1.542568922043
1.549034953117
1.635593295097
1.504570603371
1.551719665527
1.565079569817
1.653473377228
1.544509649277
1.456997632980
1.552655220032
1.619330525398
1.731177568436
1.625758171082
1.565291643143
1.545686125755
1.512222528458
1.504912376404
1.544536709785
1.503435373306
1.626587510109
1.545735716820
1.603510856628
1.567563176155
1.498240947723
1.519308090210
1.498397588730
1.551102042198
1.608443260193
1.509707331657
1.494977355003
1.454197764397
1.503604412079
1.488322734833
1.510792851448
1.519793033600
1.490573644638
1.539576053619
1.587586879730
1.623616814613
1.568874478340
1.551462173462
1.531371712685
1.481479406357
1.515982270241
1.469896554947
1.507940649986
1.481456279755
1.498333692551
1.530016422272
1.563777089119
1.742167472839
1.648809194565
1.472446322441
1.560600876808
1.503656864166
1.665736675262
1.600208520889
1.515567064285
1.493860006332
1.446678876877
1.523162961006
1.466045618057
1.569563627243
1.521557569504
1.583005547523
1.660012722015
1.502661466599
1.493139147758
1.495512723923
1.635074734688
1.521238088608
1.452409863472
1.476020932198
1.481286883354
1.595157146454
1.517046093941
1.486240148544
1.423592567444
1.426911592484
1.511175870895
1.667526721954
1.709556102753
1.668527245522
1.561790227890
1.514958739281
1.440505981445
1.531811833382
1.490683555603
1.581705451012
1.554837346077
1.516693234444
1.476854681969
1.419605970383
1.468052387238
1.465399742126
1.588546514511
1.664435625076
1.449792861938
1.417951345444
1.451172471046
1.661895513535
1.602237343788
1.520275712013
1.535837411880
1.456586360931
1.574337363243
1.503222107887
1.513893485069
1.527837276459
1.585260033607
1.536713361740
1.485673427582
1.444210290909
1.496902942657
1.601782083511
1.641031980515
1.483409762383
1.482529520988
1.424464344978
1.666843175888
1.617042541504
1.538869261742
1.428647398949
1.406558156013
1.459719657898
1.487108469009
1.543057680130
1.480900526047
1.444617390633
1.479289054871
1.466790318489
1.592880368233
1.479539155960
1.482111215591
1.467410445213
1.426551699638
1.489448666573
1.412676334381
1.470641136169
1.404823899269
1.478317737579
1.507395386696
1.578040480614
1.601335883141
1.449436783791
1.439750432968
1.507461071014
1.660486578941
1.678585529327
1.536883115768
1.400025129318
1.419993877411
1.520803451538
1.860663056374
1.860805749893
1.755731105804
1.615418314934
1.473174095154
1.491113901138
1.420374035835
1.576700448990
1.551209688187
1.599664330482
1.475417852402
1.412953615189
1.432682633400
1.428007960320
1.527130365372
1.536313533783
1.560873866081
1.512285828590
1.428056955338
1.471492528915
1.524255752563
1.494338393211
1.455986022949
1.400243759155
1.468862652779
1.536215782166
1.840692043304
1.646825551987
1.461036324501
1.393346786499
1.403376340866
1.408823370934
1.545390248299
1.560047984123
1.591212630272
1.441275835037
1.424455404282
1.411315679550
1.503793954849
1.535309314728
1.652865767479
1.526905655861
1.483598828316
1.403703689575
1.410072922707
1.484980821609
1.529147028923
1.619492769241
1.435299515724
1.407007932663
1.371370196342
1.423557519913
1.510558724403
1.492548942566
1.399635195732
1.407914161682
1.426738381386
1.691505670547
1.636964201927
1.656541347504
1.534941673279
1.470522165298
1.431622028351
1.459616184235
1.472419381142
1.441621541977
1.472050428391
1.409245848656
1.490320205688
1.453096747398
1.488616108894
1.451720356941
1.490175485611
1.519731879234
1.578187823296
1.556209683418
1.435150384903
1.444794535637
1.470959663391
1.590715646744
1.527563691139
1.478929996490
1.419889688492
1.427640318871
1.475738286972
1.527954339981
1.601485133171
1.506887197495
1.399752378464
1.362610578537
1.404039382935
1.424558401108
1.522286653519
1.499772071838
1.422164559364
1.367718458176
1.431762933731
1.554959535599
1.635017633438
1.536951065063
1.441021084785
1.343627691269
1.465497612953
1.373557567596
1.538914680481
1.403185725212
1.513579487801
1.565715551376
1.529638409615
1.496017098427
1.420638322830
1.539105057716
1.477501749992
1.512457728386
1.465518951416
1.425986647606
1.579335331917
1.475354433060
1.434370279312
1.392863750458
1.458859443665
1.585613250732
1.536111831665
1.439339518547
1.378144741058
1.447468996048
1.508213520050
1.566895246506
1.431855678558
1.367694497108
1.369624853134
1.431120157242
1.458319544792
1.510071039200
1.421982169151
1.409151792526
1.531211972237
1.639497995377
1.516819715500
1.381788253784
1.370576143265
1.400986552238
1.596267223358
1.634264826775
1.500995278358
1.318886518478
1.398903608322
1.314715266228
1.522921204567
1.389445662498
1.521738886833
1.480391979218
1.572510361671
1.657592654228
1.449693799019
1.385776758194
1.422454118729
1.527994155884
1.569083094597
1.452260017395
1.378451347351
1.365738749504
1.450947999954
1.640114426613
1.596385955811
1.393005251884
1.354366302490
1.333986759186
1.367054224014
1.424992561340
1.490317106247
1.431644320488
1.423602819443
1.406967639923
1.458602786064
1.494753599167
1.450919866562
1.422340989113
1.411434292793
1.511557579041
1.573455572128
1.508235216141
1.384980201721
1.432439565659
1.398251056671
1.537094831467
1.428767561913
1.441802740097
1.434233546257
1.498124837875
1.553037047386
1.523437500000
1.417590618134
1.398463845253
1.365101575851
1.405359506607
1.403696775436
1.561827301979
1.407068610191
1.390888452530
1.379658699036
1.499417781830
1.602291226387
1.594051837921
1.429180264473
1.382032394409
1.379859447479
1.497115492821
1.468643307686
1.399449586868
1.397037744522
1.331408977509
1.443169951439
1.344981789589
1.507814288139
1.382173061371
1.427528142929
1.442806482315
1.472805142403
1.488699316978
1.389253377914
1.386852979660
1.447848439217
1.489647984505
1.495440244675
1.378494977951
1.378143072128
1.428928613663
1.562841773033
1.441436290741
1.407776355743
1.403087615967
1.510554432869
1.562866210938
1.548704743385
1.420537471771
1.410022377968
1.412575721741
1.433847427368
1.451386809349
1.429716229439
1.393338084221
1.449041366577
1.501809239388
1.534499645233
1.383920550346
1.337401986122
1.371778845787
1.363133311272
1.496588826180
1.356678009033
1.405292987823
1.305293798447
1.411129474640
1.395896196365
1.401999115944
1.323625445366
1.346722483635
1.395262718201
1.593957424164
1.536119341850
1.386472463608
1.330336093903
1.384012937546
1.521484971046
1.500354528427
1.404838085175
1.384210586548
1.401792287827
1.469166994095
1.443893074989
1.433510184288
1.356311440468
1.402673721313
1.374648809433
1.441625595093
1.387645244598
1.388090610504
1.432010650635
1.540579795837
1.544889688492
1.509522438049
1.353884935379
1.347225546837
1.341999411583
1.373819708824
1.444535136223
1.359825611115
1.431353449821
1.399396896362
1.459167718887
1.530110478401
1.580307245255
1.426170587540
1.398740530014
1.378031015396
1.513172984123
1.490574121475
1.397617578506
1.327859878540
1.296069025993
1.408407688141
1.363842248917
1.489147901535
1.305826544762
1.309369802475
1.281951427460
1.453446626663
1.510792732239
1.626372814178
1.457841157913
1.309538483620
1.392386913300
1.379054188728
1.541114687920
1.406059980392
1.389135122299
1.370107173920
1.433284044266
1.404332876205
1.481179118156
1.370196700096
1.462544083595
1.439535140991
1.420951485634
1.493596792221
1.388608336449
1.329765319824
1.332765460014
1.400030732155
1.395842552185
1.405500054359
1.348945617676
