4.139310359955
4.135046958923
4.130883693695
4.126775264740
4.122695922852
4.118636608124
4.114589691162
4.110555648804
4.106523513794
4.102485179901
4.098450660706
4.094429492950
4.090415000916
4.086399555206
4.082368850708
4.078322410583
4.074245452881
4.070139408112
4.065990447998
4.061798572540
4.057555675507
4.053244113922
4.048864841461
4.044400215149
4.039842605591
4.035171985626
4.030364990234
4.025397300720
4.020239830017
4.014860153198
4.009223937988
4.003286361694
3.996989965439
3.990292787552
3.983137845993
3.975463151932
3.967217922211
3.958345651627
3.948748111725
3.938464164734
3.927655696869
3.916337251663
3.904617786407
3.892378807068
3.879813194275
3.866970300674
3.854069709778
3.840998649597
3.828668355942
3.815082550049
3.807807922363
3.794794559479
4.023791313171
4.116462230682
3.894960641861
3.874015331268
3.854438304901
3.835263013840
3.817080497742
3.798613548279
3.778492450714
3.759408950806
3.743834733963
3.730360507965
3.718899488449
3.707739114761
3.699139118195
3.687969446182
3.690237998962
3.687615871429
3.941662788391
3.988121032715
3.770922183990
3.743887901306
3.718646526337
3.695692062378
3.674500465393
3.657472133636
3.645454406738
3.635458469391
3.626982688904
3.619183540344
3.612789630890
3.605866432190
3.601481437683
3.593429565430
3.596617698669
3.588611125946
3.689823627472
3.812318563461
3.803324699402
3.634785175323
3.609086990356
3.591353178024
3.577105998993
3.567125797272
3.557968854904
3.550649166107
3.543242931366
3.537656545639
3.530745983124
3.526884078979
3.518788337708
3.519639015198
3.508388996124
3.542473316193
3.572666645050
3.771951675415
3.620337009430
3.557871580124
3.519334554672
3.505882740021
3.492204666138
3.482448577881
3.475271701813
3.467607498169
3.466621637344
3.467621326447
3.497335910797
3.551446437836
3.585260868073
3.569230556488
3.463861227036
3.458160877228
3.440363883972
3.439999103546
3.423550844193
3.447736024857
3.443082332611
3.545507907867
3.499907732010
3.501140594482
3.416519641876
3.409628391266
3.390773057938
3.389365196228
3.383689880371
3.400317907333
3.444030761719
3.506054878235
3.488898754120
3.437158107758
3.370579719543
3.376873970032
3.358937263489
3.381715774536
3.371908187866
3.431760787964
3.394983768463
3.432517290115
3.353047132492
3.363899230957
3.329104185104
3.355969190598
3.357360839844
3.396831512451
3.393135070801
3.352897882462
3.309035301208
3.309700965881
3.291113853455
3.312305927277
3.312048912048
3.381386756897
3.352133035660
3.368691682816
3.278419017792
3.288153886795
3.279104709625
3.339035987854
3.273396253586
3.267160177231
3.241583585739
3.245442390442
3.242731571198
3.358765125275
3.424338340759
3.442162990570
3.286431312561
3.244561433792
3.228707075119
3.216165542603
3.237488269806
3.220582485199
3.257442474365
3.212773323059
3.236838102341
3.283081531525
3.275242328644
3.283658266068
3.210347175598
3.209996461868
3.167464494705
3.187242746353
3.190762519836
3.234674930573
3.257445812225
3.202856063843
3.180740356445
3.174827098846
3.162371635437
3.162265300751
3.178447246552
3.157922744751
3.175214767456
3.155744075775
3.150137424469
3.151355981827
3.147011280060
3.202757835388
3.194389820099
3.230360507965
3.149166584015
3.141499042511
3.111759662628
3.121813297272
3.123553276062
3.162599563599
3.106800317764
3.098083496094
3.079720497131
3.090574741364
3.092023372650
3.159975528717
3.164444446564
3.201985836029
3.215692996979
3.160500049591
3.050878524780
3.043985843658
3.033017158508
3.047640562057
3.077600717545
3.150971889496
3.151496410370
3.063062191010
3.032952308655
3.033815860748
3.030633449554
3.076897621155
3.083544731140
3.073121547699
3.014239788055
3.030737400055
3.040877819061
3.102277278900
3.064380168915
3.070031166077
3.018822193146
3.002320289612
2.988544464111
2.985121488571
2.982821464539
2.993141174316
3.024466991425
3.099143981934
3.114784479141
2.998147487640
2.968352317810
2.933290004730
2.944591045380
2.948250293732
3.096174478531
3.191699504852
3.118179798126
3.013816118240
2.966289758682
2.936028957367
2.930882930756
2.928195476532
2.968138217926
2.975986957550
3.002655506134
2.966312408447
2.944995641708
2.955619812012
2.911339282990
2.897603511810
2.895306587219
2.892651319504
2.896844387054
2.940187454224
2.995403766632
2.927181720734
2.914241790771
2.904963493347
2.999580860138
3.094227790833
3.030933856964
2.909380912781
2.884727954865
2.852915763855
2.866656303406
2.876521587372
2.947067737579
2.874181747437
2.844907760620
2.858922481537
2.868781566620
2.935010194778
2.973337173462
2.885935068130
2.855271577835
2.866814613342
2.869644880295
2.983627319336
2.913286447525
2.843836307526
2.813722848892
2.808876037598
2.811918735504
2.841651201248
2.850200653076
2.893973350525
2.821458816528
2.811125993729
2.797757148743
2.830938816071
2.879574537277
2.909579753876
2.885341644287
2.829087495804
2.828532457352
2.832924365997
2.831222057343
2.813407421112
2.820413112640
2.786026239395
2.800636291504
2.765898942947
2.776210308075
2.760658264160
2.776051521301
2.790755033493
2.836977005005
2.866312980652
2.860477209091
2.766679048538
2.736351251602
2.715448379517
2.705543994904
2.719599723816
2.751108646393
2.897034645081
2.952444076538
2.827285528183
2.725644588470
2.702965021133
2.680935144424
2.697813987732
2.714619159698
2.757095336914
2.756400108337
2.730310201645
2.734672307968
2.767376422882
2.786076068878
2.707118034363
2.674432754517
2.661353111267
2.722024202347
2.850000619888
2.889064788818
2.801779747009
2.738578796387
2.651692152023
2.637230396271
2.642531394958
2.649231195450
2.705646038055
2.721501588821
2.664880514145
2.629008293152
2.641562223434
2.643051385880
2.700512886047
2.658806085587
2.648953914642
2.629835605621
2.657992839813
2.739987134933
2.897109031677
2.850222349167
2.759946346283
2.692705392838
2.626160144806
2.596498966217
2.607105255127
2.610148191452
2.672697067261
2.667687892914
2.623900890350
2.590715885162
2.617324829102
2.716161966324
2.879899501801
2.739141941071
2.624230384827
2.594397544861
2.557249069214
2.574609756470
2.582012176514
2.646450042725
2.630711317062
2.562997341156
2.560645580292
2.568951606750
2.602167606354
2.632851123810
2.594286203384
2.600513935089
2.678939580917
2.686152219772
2.692418098450
2.576904058456
2.559347629547
2.559220552444
2.650274276733
2.647555351257
2.587289333344
2.520057201385
2.528194189072
2.517342090607
2.574991703033
2.744977951050
2.727513313293
2.641633749008
2.543233871460
2.520810365677
2.496771097183
2.513892650604
2.507103204727
2.552501678467
2.531039476395
2.539230108261
2.537982702255
2.521481037140
2.531715393066
2.500397443771
2.521235704422
2.491075992584
2.527007102966
2.574235677719
2.729147672653
2.865298748016
2.706398487091
2.573964834213
2.500755786896
2.480792760849
2.454415321350
2.499086141586
2.520567417145
2.601849079132
2.601618051529
2.477523803711
2.443263530731
2.429152727127
2.464550018311
2.481564521790
2.550147056580
2.499327182770
2.443063735962
2.437702178955
2.471105098724
2.617009401321
2.756694316864
2.584063053131
2.471975326538
2.428648948669
2.406488656998
2.407219409943
2.435456275940
2.505267620087
2.625557184219
2.437618255615
2.402202367783
2.381299972534
2.389464855194
2.388195514679
2.488783359528
2.585715293884
2.573214530945
2.636308193207
2.581755161285
2.481157064438
2.410557031631
2.419620752335
2.424525976181
2.456780910492
2.427705049515
2.428054332733
2.386885643005
2.445612668991
2.502767086029
2.478027582169
2.461133718491
2.419286012650
2.431604862213
2.434348583221
2.443693637848
2.440192699432
2.423577785492
2.405151128769
2.383894443512
2.415435314178
2.414004802704
2.470314502716
2.448136806488
2.399552345276
2.377315521240
2.433761596680
2.451199054718
2.543676376343
2.425820827484
2.358743190765
2.335842370987
2.345533609390
2.380456447601
2.439152717590
2.467536449432
2.401726722717
2.348544836044
2.337527036667
2.337468147278
2.360793590546
2.405966281891
2.351774454117
2.341381788254
2.306040287018
2.345987081528
2.354867696762
2.438937425613
2.490546464920
2.482165813446
2.428361415863
2.304895162582
2.310504674911
2.317121982574
2.458639621735
2.541051387787
2.447366237640
2.357799530029
2.323329448700
2.294601678848
2.280980110168
2.330126762390
2.323691129684
2.410861253738
2.358454704285
2.317730188370
2.296483993530
2.319513320923
2.411050081253
2.452203750610
2.366549968719
2.288229703903
2.246085882187
2.244005680084
2.249431610107
2.325500488281
2.451812744141
2.404446601868
2.297406435013
2.278330564499
2.256201505661
2.314886569977
2.352986097336
2.370994567871
2.327801227570
2.321515321732
2.397343158722
2.424749851227
2.347665309906
2.243272304535
2.247346639633
2.249524354935
2.304036140442
2.366862297058
2.266204118729
2.225568771362
2.216949939728
2.232542991638
2.288020849228
2.442190170288
2.445448398590
2.325942039490
2.273651599884
2.229817867279
2.279560089111
2.268283367157
2.302247524261
2.222448110580
2.209864616394
2.186789035797
2.203604459763
2.215976715088
2.303925037384
2.408647775650
2.409932374954
2.285268306732
2.219914436340
2.186301231384
2.233205795288
2.295890331268
2.471838712692
2.335280418396
2.216709852219
2.187869071960
2.227156877518
2.314005374908
2.289506196976
2.241434812546
2.209827899933
2.192090034485
2.228481292725
2.246179580688
2.203201770782
2.172609806061
2.166341304779
2.176752567291
2.193070411682
2.259021759033
2.288793563843
2.289200305939
2.333963394165
2.375083446503
2.271023988724
2.143307209015
2.155388355255
2.125044107437
2.189640522003
2.216948032379
2.291815757751
2.275482416153
2.163219690323
2.123066425323
2.131963729858
2.195036888123
2.281167507172
2.347644090652
2.278833389282
2.216061592102
2.173549890518
2.172979116440
2.225909709930
2.204429864883
2.241453170776
2.152887344360
2.170871973038
2.120394229889
2.166839838028
2.116705179214
2.151873111725
2.103811740875
2.133095026016
2.139163494110
2.180859565735
2.309693574905
2.235780000687
2.203463077545
2.178882598877
2.166487932205
2.186584472656
2.179785013199
2.192249536514
2.166943550110
2.141362667084
2.176881313324
2.158923625946
2.141853809357
2.109978914261
2.124884605408
2.151624679565
2.223409414291
2.245470523834
2.202255010605
2.135463476181
2.109971284866
2.128203630447
2.155237913132
2.255040884018
2.200815677643
2.201179027557
2.117115020752
2.059983253479
2.053153991699
2.074067115784
2.103433609009
2.226184368134
2.144277334213
2.053363323212
2.060295104980
2.041750907898
2.137102127075
2.158633708954
2.155515909195
2.113692045212
2.091622829437
2.160000801086
2.129746437073
2.179890632629
2.183213233948
2.146417379379
2.101914405823
2.068056821823
2.203424215317
2.246916770935
2.167996168137
2.053632020950
2.042566061020
2.006831645966
2.052746295929
2.025904893875
2.115521669388
2.069602727890
2.103072404861
2.027384757996
2.056154012680
2.026643991470
2.098695039749
2.106586456299
2.172788143158
2.076943874359
2.051960468292
2.085993528366
2.248725175858
2.138274908066
2.089092254639
2.028203248978
2.117345333099
2.137909889221
2.301343202591
2.198706150055
2.105128049850
2.011039495468
1.996637105942
1.985700130463
2.038858413696
2.049114465714
2.138744831085
2.043691158295
2.024664640427
2.001111030579
2.141758441925
2.175341129303
2.161129474640
2.031649351120
1.992581367493
1.976220130920
2.049699068069
2.160819053650
2.064068555832
2.008733510971
1.991233825684
2.012657642365
2.128209590912
2.229761123657
2.188414096832
2.105789661407
2.103793144226
2.011552810669
1.991535902023
2.005882740021
2.048272609711
2.087896347046
2.089212179184
2.033935070038
2.007318735123
2.000062942505
2.047764301300
2.063566446304
2.039573907852
1.981564402580
1.939778089523
1.994504332542
2.038020133972
2.237361907959
2.230964660645
2.013455390930
1.990945696831
1.968175888062
2.051151037216
1.990233898163
2.050497531891
1.995592355728
2.019078731537
2.015570163727
2.051784515381
2.031105279922
2.041824340820
2.040730953217
2.055721044540
2.048295974731
2.019111633301
1.998289585114
1.983613252640
1.983541011810
1.981151342392
1.965839385986
1.970295667648
1.988897442818
2.006583690643
2.034654140472
2.047471523285
2.050782680511
2.005323171616
1.955509424210
1.918760538101
1.975353121758
1.997370719910
2.192458152771
2.123317241669
1.993977069855
1.972057342529
1.985834360123
2.051784038544
2.095131397247
2.123701334000
1.994866847992
1.969991683960
1.911934971809
1.968834400177
1.945081472397
2.016450405121
1.967237710953
1.962762355804
1.938746213913
1.969166636467
2.015947818756
1.962259531021
2.005890607834
1.972226858139
1.990935683250
2.002837896347
1.990997552872
1.984674692154
1.982314825058
1.986269831657
1.994441747665
1.994348287582
1.961949944496
1.903646111488
1.940026760101
1.901951789856
2.010704755783
1.950461149216
1.943831562996
1.885533452034
1.943530321121
1.971559047699
2.022190093994
2.003693580627
1.991162776947
1.915642976761
1.902448773384
1.936239361763
2.020416736603
2.142065525055
2.050863027573
1.945603966713
1.883205294609
1.892003178596
1.879034280777
1.951403141022
1.922819137573
1.991108894348
1.935344457626
1.884886026382
1.892195582390
1.905830979347
2.087058305740
2.064248323441
1.987994551659
1.951228260994
1.931128025055
1.943351745605
1.901127696037
1.939831972122
1.897820472717
1.942489027977
1.892984747887
1.970576047897
1.953277230263
1.960332274437
1.971683263779
1.926731109619
1.950743675232
1.887768745422
1.867806434631
1.859203577042
1.871960759163
1.937882542610
1.945315361023
1.975934028625
1.902743101120
1.860960006714
1.893584966660
1.953954577446
2.006920337677
2.086827754974
1.892149686813
1.913395166397
1.904705643654
1.931853055954
1.871243953705
1.909314513206
1.900911808014
1.934776067734
1.917722344398
1.958491325378
1.869677424431
1.902555465698
1.840712666512
1.897867441177
1.915377616882
1.985548496246
1.947278141975
1.940536022186
1.916542649269
1.884936332703
1.894411683083
1.907685875893
1.920390009880
1.908059000969
1.904680013657
1.858489274979
1.909059762955
1.871318817139
1.977705717087
1.911917448044
1.872104406357
1.811064004898
1.826267242432
1.853999376297
1.950510740280
2.063012123108
1.896400213242
1.817497491837
1.823765635490
1.840525746346
1.954302668571
1.920795440674
1.914516091347
1.823033094406
1.819804787636
1.840204477310
1.912433505058
1.960557579994
1.968096256256
1.887887716293
1.815565109253
1.808853387833
1.800726413727
1.875458478928
1.887548565865
1.881149053574
1.845968961716
1.823120355606
1.868834257126
1.837994456291
1.924762606621
1.841245412827
1.883033156395
1.835915565491
1.879207015038
1.819102764130
1.868759393692
1.825472950935
1.854433298111
1.814163565636
1.855482339859
1.858117938042
1.942737936974
1.974157094955
1.991642355919
1.880890011787
1.853040218353
1.826500654221
1.841449499130
1.816383600235
1.902285814285
1.885561347008
1.844461798668
1.758446097374
1.802113890648
1.797290325165
1.929025888443
1.782078027725
1.810594439507
1.760661482811
1.801660656929
1.832978129387
1.871764183044
1.877666592598
1.782965898514
1.809401035309
1.798526287079
1.850893735886
1.816324830055
1.803656697273
1.781336188316
1.871071577072
1.932416439056
2.057459115982
2.066880226135
1.832002401352
1.775599718094
1.743364095688
1.797568082809
1.814511418343
1.919324159622
1.865826487541
1.784366726875
1.729711532593
1.724734902382
1.747748136520
1.798048257828
1.884034276009
1.956372380257
1.921844720840
1.896110534668
1.790608882904
1.791129827499
1.844685554504
1.829210639000
1.890018224716
1.779980778694
1.781770110130
1.735687732697
1.794602274895
1.776092767715
1.907969474792
1.827903270721
1.865097641945
1.828066110611
1.759795904160
1.745495676994
1.737105607986
1.810312151909
1.833176374435
1.935092091560
1.839855432510
1.770790219307
1.739652156830
1.748205661774
1.771963000298
1.812575936317
1.845485806465
1.827029109001
1.858588576317
1.866105318069
1.808741807938
1.726198434830
1.787060737610
1.779709815979
1.876864552498
1.868906974792
1.861329078674
1.825919389725
1.714460015297
1.696955800056
1.708259940147
1.740598917007
1.921113133430
1.956054210663
1.788958787918
1.690545082092
1.698998332024
1.688679099083
1.803108930588
1.821069717407
1.858777523041
1.731191515923
1.697408080101
1.717967391014
1.755975842476
1.843065857887
1.790406823158
1.762148737907
1.719823122025
1.703418731689
1.829148769379
1.900773525238
1.928512573242
1.777806520462
1.913521170616
1.969645380974
1.886251807213
1.770936012268
1.697453856468
1.696905136108
1.686742901802
1.786026000977
1.801176786423
1.905531406403
1.743660211563
1.739460945129
1.686548948288
1.759068846703
1.723538160324
1.805453538895
1.770413756371
1.807169914246
1.866208314896
1.881000518799
1.774028539658
1.681524753571
1.679169654846
1.663788080215
1.702247262001
1.747405767441
1.788053274155
1.756710410118
1.690195083618
1.768568277359
1.808256149292
1.861251711845
1.737062454224
1.749911427498
1.782240748405
1.856106042862
1.898256659508
1.775061368942
1.680242657661
1.665907144547
1.724714159966
1.728744983673
1.895120263100
1.715382456779
1.726390361786
1.813065767288
1.806199789047
1.863060832024
1.739850521088
1.732656955719
1.693441152573
1.730224967003
1.769212245941
1.751098155975
1.706200599670
1.705508351326
1.675617337227
1.791290640831
1.756228566170
1.832681894302
1.724976062775
1.710450887680
1.663302659988
1.736352443695
1.692191362381
1.755101680756
1.688462972641
1.740600347519
1.777612805367
1.758988380432
1.724905729294
1.726458191872
1.770709156990
1.794940590858
1.815408349037
1.739017486572
1.737252593040
1.677572846413
1.707124710083
1.711439371109
1.720608711243
1.701142430305
1.652426004410
1.631217718124
1.635526537895
1.660752296448
1.715637683868
1.714474201202
1.698411464691
1.710827350616
1.686287164688
1.767302870750
1.735891580582
1.727628350258
1.682823896408
1.717046022415
1.862327814102
1.859854221344
1.748912334442
1.655771970749
1.765626907349
1.767505168915
1.840791463852
1.682354927063
1.651264190674
1.716209411621
1.769865751266
1.949262261391
1.726312637329
1.640082597733
1.620053052902
1.648506522179
1.655713915825
1.790003061295
1.725715756416
1.726766347885
1.623574018478
1.661745905876
1.634118795395
1.756571650505
1.800662517548
1.794086694717
1.820387840271
1.817128539085
1.701846957207
1.646591186523
1.614725470543
1.645808696747
1.698398351669
1.752944231033
1.693801403046
1.637952327728
1.606752038002
1.676185250282
1.671341538429
1.919953703880
1.726250648499
1.642450451851
1.664931297302
1.683521509171
1.771655201912
1.716552734375
1.708440303802
1.646714568138
1.751802802086
1.700610041618
1.724270582199
1.663792252541
1.721612453461
1.662284374237
1.731853604317
1.636519670486
1.664501428604
1.634536981583
1.682997703552
1.792665243149
1.798944711685
1.734436035156
1.639404416084
1.597782492638
1.600526928902
1.631857156754
1.638810634613
1.702979326248
1.641955256462
1.663380384445
1.726241350174
1.625708699226
1.712394952774
1.582504391670
1.645212411880
1.562578201294
1.649352312088
1.584225058556
1.697361350060
1.688662409782
1.708542346954
1.679246664047
1.599416494370
1.646321535110
1.665956616402
1.760308980942
1.744524717331
1.701659202576
1.676118969917
1.744039177895
1.663472414017
1.650392770767
1.610464334488
1.671048879623
1.621142864227
1.703545093536
1.730278968811
1.800941705704
1.798313379288
1.795774459839
1.669331669807
1.588166236877
1.573718905449
1.639363527298
1.688350677490
1.687394142151
1.708120346069
1.621042013168
1.640029191971
1.627184271812
1.656588792801
1.598148941994
1.623761534691
1.563584208488
1.622416973114
1.588628888130
1.645156979561
1.622825384140
1.631755352020
1.701668739319
1.680041909218
1.778103590012
1.736269354820
1.622007012367
1.629927873611
1.702823877335
1.673283100128
1.566462397575
1.587275028229
1.559075236320
1.681416153908
1.666352987289
1.692989110947
1.567046523094
1.602608084679
1.611777305603
1.892779588699
1.772985458374
1.667107462883
1.568789958954
1.540795207024
1.630343198776
1.743477821350
1.812549114227
1.743919372559
1.589219093323
1.559080719948
1.587901234627
1.591420888901
1.612442255020
1.566641807556
1.583843588829
1.566499233246
1.721093416214
1.710141181946
1.670492649078
1.559623837471
1.561448812485
1.544641256332
1.678475379944
1.694209098816
1.713596701622
1.601612806320
1.575460195541
1.555555939674
1.648023843765
1.653338313103
1.584305167198
1.603509545326
1.556016683578
1.659021496773
1.628955960274
1.693821310997
1.622627615929
1.642635822296
1.599449157715
1.625900268555
1.606097698212
1.676631093025
1.646543025970
1.811543703079
1.781012654305
1.777623414993
1.608951807022
1.526262521744
1.527463316917
1.546316266060
1.679062724113
1.714488506317
1.718645691872
1.620722651482
1.533246278763
1.571708440781
1.616950988770
1.635719299316
1.605018615723
1.529862284660
1.501205801964
1.507404804230
1.513675570488
1.606658935547
1.673235058784
1.766540288925
1.709666609764
1.641372561455
1.558447480202
1.533907413483
1.557735443115
1.605854749680
1.600312590599
1.643025040627
1.646635770798
1.814503192902
1.665747165680
1.553638696671
1.536523580551
1.669538855553
1.670772314072
1.690517425537
1.544259786606
1.533350706100
1.593758463860
1.714353442192
1.701268434525
1.565047979355
1.487940073013
1.526682376862
1.559967041016
1.746061444283
1.724658966064
1.617363214493
1.560658693314
1.541719794273
1.571988582611
1.655094981194
1.580257058144
1.570180773735
1.502872824669
1.609309673309
1.570499658585
1.666161537170
1.517101764679
1.515309214592
1.519349932671
1.564574718475
1.694553017616
1.593106985092
1.509117603302
1.508869767189
1.543158173561
1.899188756943
1.886389732361
1.677762866020
1.510088562965
1.530660390854
1.517013192177
1.664480328560
1.645149230957
1.636489629745
1.543878912926
1.487611651421
1.544505357742
1.567235946655
1.741383552551
1.582008600235
1.571124076843
1.560570955276
1.645181655884
1.736766099930
1.692195653915
1.513738036156
1.535670161247
1.524165868759
1.756079554558
1.651761651039
1.507893800735
1.509092211723
1.469254732132
1.628429412842
1.549456357956
1.605078577995
1.495768308640
1.559501886368
1.561511278152
1.621022582054
1.561181068420
1.506983637810
1.484135389328
1.519223690033
1.540245890617
1.638566374779
1.580796003342
1.530226945877
1.575386047363
1.602363586426
1.707208395004
1.508590459824
1.541611552238
1.465134143829
1.596499681473
1.558268547058
1.559330701828
1.542080521584
1.486168146133
1.618638753891
1.609947204590
1.765872716904
1.742481231689
1.514093518257
1.568037509918
1.489098548889
1.621602773666
1.586017131805
1.565665721893
1.523982524872
1.498723506927
1.514190196991
1.604917526245
1.597106099129
1.528505086899
1.466821074486
1.467037677765
1.560362339020
1.597248673439
1.619104027748
1.484058856964
1.450578212738
1.535632610321
1.613617539406
1.741487741470
1.584049940109
1.447217583656
1.515892028809
1.446389436722
1.612306237221
1.510233283043
1.552159070969
1.501579523087
1.605597496033
1.636872410774
1.518697857857
1.497243642807
1.491456151009
1.718373894691
1.710868477821
1.649046778679
1.553326129913
1.532679438591
1.499693989754
1.505978226662
1.502897262573
1.551304817200
1.539318561554
1.613328814507
1.569667816162
1.536635756493
1.528288841248
1.478270649910
1.549087285995
1.525124192238
1.629681587219
1.548099756241
1.474558353424
1.492458224297
1.503412723541
1.499643921852
1.554597973824
1.483269691467
1.524358153343
1.496508121490
1.624712705612
1.561739444733
1.611266255379
1.527435898781
1.566210150719
1.483455181122
1.508799314499
1.465991497040
1.507637143135
1.455613017082
1.521973609924
1.483809351921
1.617430329323
1.706771969795
1.640310525894
1.580136895180
1.467466592789
1.596841812134
1.587925672531
1.598337650299
1.527845501900
1.449119329453
1.486407756805
1.463889956474
1.525572896004
1.525192141533
1.531318902969
1.609397292137
1.537180304527
1.544527173042
1.425345778465
1.540424108505
1.547082543373
1.536930799484
1.443321704865
1.465013265610
1.511915922165
1.564420104027
1.635742783546
1.491716742516
1.417382836342
1.432248473167
1.490417957306
1.669920921326
1.617176532745
1.651280283928
1.619448184967
1.467420339584
1.513377904892
1.438956141472
1.590705633163
1.507820129395
1.580294609070
1.488929986954
1.457852840424
1.423676013947
1.435785412788
1.496326088905
1.553682804108
1.639827013016
1.459483385086
1.398760795593
1.490854144096
1.606515884399
1.672045588493
1.558031201363
1.476435422897
1.508382916451
1.513823151588
1.518092274666
1.489170908928
1.519697546959
1.614580512047
1.542100787163
1.483524322510
1.422412276268
1.516097307205
1.533569574356
1.691083788872
1.495632648468
1.435984611511
1.488554835320
1.559398412704
1.761596441269
1.548461198807
1.409442067146
1.430477142334
1.435945630074
1.542639136314
1.552233457565
1.474711060524
1.470985531807
1.387461185455
1.511487722397
1.433297753334
1.523807764053
1.449324131012
1.478567004204
1.478209853172
1.451051115990
1.478318929672
1.436430573463
1.423359394073
1.477872371674
1.464602231979
1.619282603264
1.540315866470
1.449126958847
1.447553396225
1.521121263504
1.598716855049
1.729948282242
1.489971637726
1.415183305740
1.378791213036
1.556842327118
1.731373548508
1.949774265289
1.698605418205
1.578406214714
1.492587089539
1.436914205551
1.474444627762
1.492866277695
1.638244032860
1.567251443863
1.434642553329
1.421300649643
1.378380537033
1.446702003479
1.451889038086
1.540680885315
1.550134062767
1.468863248825
1.441935539246
1.433052539825
1.569655895233
1.491821169853
1.430490970612
1.417416453362
1.429159283638
1.603689312935
1.770314693451
1.707276940346
1.434146523476
1.393399834633
1.375318884850
1.427815914154
1.474890828133
1.599887371063
1.519170165062
1.472622156143
1.411520004272
1.419430613518
1.461127042770
1.607188224792
1.563868522644
1.572620630264
1.401664495468
1.401617884636
1.378796696663
1.453163385391
1.518400549889
1.541551113129
1.463124990463
1.373624801636
1.364811062813
1.409176588058
1.487209081650
1.533612370491
1.404107570648
1.379010677338
1.443585991859
1.630707025528
1.650362014771
1.589983940125
1.488156080246
1.485463142395
1.421415209770
1.485699653625
1.438959121704
1.502504944801
1.399349689484
1.478069067001
1.384782552719
1.526839971542
1.392677068710
1.485318183899
1.444102525711
1.491596698761
1.606743931770
1.488812565804
1.482639670372
1.396618843079
1.539895534515
1.533779501915
1.580770611763
1.460728406906
1.401294231415
1.421755313873
1.444424390793
1.532913684845
1.561022520065
1.479311347008
1.361001491547
1.369238853455
1.361595273018
1.450123786926
1.473615407944
1.498263597488
1.415913343430
1.353030920029
1.452847599983
1.494727849960
1.759358763695
1.534235239029
1.374837517738
1.403437852859
1.369908332825
1.479563474655
1.427417635918
1.482916116714
1.447694897652
1.558492064476
1.529078245163
1.414898753166
1.471739768982
1.444446206093
1.534549236298
1.479526996613
1.419805049896
1.435814023018
1.444080114365
1.467172503471
1.360319375992
1.388506412506
1.405201315880
1.627277135849
1.549373030663
1.387336730957
1.385802865028
1.406139373779
1.531218290329
1.615654826164
1.453980326653
1.349157333374
1.389371275902
1.401865482330
1.536472558975
1.452156782150
1.430158019066
1.367175579071
1.550692558289
1.587851881981
1.593441009521
1.382459759712
1.353667497635
1.379712700844
1.520122408867
1.591826319695
1.411214113235
1.364178895950
1.297825932503
1.428709387779
1.324554800987
1.562589287758
1.376858472824
1.447478771210
1.620536684990
1.609345793724
1.464105367661
1.373745679855
1.359220743179
1.580110311508
1.492977857590
1.474496722221
1.344486236572
1.343789696693
1.409163117409
1.597554087639
1.543707013130
1.418786406517
1.321788311005
1.333101630211
1.356263160706
1.435730457306
1.562153100967
1.497034072876
1.359508991241
1.413125514984
1.394469380379
1.484040975571
1.405389070511
1.427169203758
1.370621085167
1.528368830681
1.538224220276
1.462800741196
1.392437696457
1.347659230232
1.450037717819
1.410445094109
1.508504509926
1.393077373505
1.423559427261
1.475333690643
1.538660764694
1.474446535110
1.407212376595
1.349479675293
1.375451326370
1.332539796829
1.437763094902
1.458510279655
1.419589042664
1.346383810043
1.368039608002
1.508928060532
1.603002548218
1.566130161285
1.475349664688
1.316528916359
1.427111387253
1.407378554344
1.518384933472
1.380878210068
1.354882955551
1.352838754654
1.357079744339
1.442454576492
1.380041956902
1.558924794197
1.373053193092
1.409949779510
1.437518835068
1.417432904243
1.364604592323
1.382771968842
1.404215693474
1.490880131721
1.401577353477
1.375732421875
1.351066827774
1.416712999344
1.543121695518
1.488618254662
1.348526597023
1.435911536217
1.423588752747
1.616637587547
1.516625285149
1.418996214867
1.368506789207
1.391364097595
1.439785003662
1.411672830582
1.472175121307
1.354181051254
1.400202512741
1.464631319046
1.442872881889
1.360691428185
1.318032026291
1.317791342735
1.389620065689
1.378761887550
1.399162530899
1.287089467049
1.341966032982
1.355971336365
1.433883428574
1.506475687027
1.322022914886
1.306879043579
1.387798190117
1.503483176231
1.551785588264
1.352970838547
1.309116244316
1.366168737411
1.463699579239
1.498397588730
1.384464025497
1.345945000648
1.439264535904
1.404258847237
1.484393239021
1.387999296188
1.386244177818
1.354804277420
1.432081222534
1.382174611092
1.456199765205
1.341682553291
1.450571537018
1.447731852531
1.564924716949
1.444816231728
1.362844944000
1.296047329903
1.333739519119
1.346023201942
1.377624511719
1.383507728577
1.289829850197
1.402954339981
1.396100044250
1.477177143097
1.630379915237
1.404663085938
1.360120773315
1.359308481216
1.449620008469
1.472601890564
1.379889488220
1.280610561371
1.336511254311
1.310195922852
1.549009323120
1.384562969208
1.429554462433
1.256604671478
1.324900150299
1.375012755394
1.598820328712
1.608105540276
1.337318062782
1.359262466431
1.275034308434
1.431635260582
1.396824836731
1.398764610291
1.329978585243
1.347056150436
1.358762502670
1.413902521133
1.358316898346
1.435572862625
1.359902024269
1.473777532578
1.392994999886
1.440040826797
1.385215520859
1.289925217628
1.337605595589
1.344107151031
1.457353830338
1.347973942757
1.378823995590
