4.136076927185
4.131310462952
4.126715660095
4.122269630432
4.117908477783
4.113590717316
4.109301567078
4.105028152466
4.100757598877
4.096483707428
4.092215538025
4.087966918945
4.083728790283
4.079483985901
4.075211048126
4.070903301239
4.066553115845
4.062149047852
4.057679653168
4.053130626678
4.048480987549
4.043713092804
4.038816452026
4.033764839172
4.028530120850
4.023079872131
4.017357349396
4.011329650879
4.004961013794
3.998207330704
3.991002559662
3.983281850815
3.975020408630
3.966223001480
3.956915855408
3.947143554688
3.936933040619
3.926326990128
3.915370225906
3.904156923294
3.892735481262
3.881242990494
3.869650363922
3.858026981354
3.846330165863
3.834624528885
3.822883129120
3.811374187469
3.799688577652
3.789523124695
3.776387453079
3.791721820831
3.921662807465
4.242895126343
3.913254976273
3.880583286285
3.849561214447
3.818496227264
3.789492130280
3.764625549316
3.744043827057
3.727084636688
3.713030815125
3.701616287231
3.691349029541
3.682358264923
3.673053264618
3.666889667511
3.657452583313
3.693006515503
3.836387634277
4.101173400879
3.763900279999
3.726770401001
3.692333936691
3.664463043213
3.643975257874
3.629678726196
3.619257926941
3.610902786255
3.603744029999
3.597273349762
3.591129779816
3.585680484772
3.579348564148
3.576475620270
3.568142414093
3.589025974274
3.619128227234
3.908515930176
3.691716194153
3.618778944016
3.581267356873
3.563866615295
3.551633358002
3.543333530426
3.535656929016
3.529508829117
3.522923946381
3.517516851425
3.511236190796
3.506553649902
3.500624179840
3.497003316879
3.496691226959
3.507619380951
3.604967117310
3.682960987091
3.686278820038
3.532031059265
3.508678913116
3.477077245712
3.473962783813
3.455623388290
3.460668087006
3.437623023987
3.462226390839
3.421100139618
3.529361724854
3.455013751984
3.659896850586
3.489383697510
3.464577913284
3.431597709656
3.421024084091
3.411789417267
3.409255504608
3.414243221283
3.450428962708
3.490685939789
3.545490503311
3.439188957214
3.416099071503
3.371309280396
3.379151105881
3.348212718964
3.383687019348
3.337252616882
3.491282939911
3.394243240356
3.552901744843
3.379017829895
3.356338500977
3.349656581879
3.337866783142
3.358174324036
3.366086483002
3.399613857269
3.414038658142
3.369328975677
3.367149353027
3.300235748291
3.337546586990
3.282709360123
3.390712022781
3.301227092743
3.445291519165
3.279353618622
3.306615114212
3.253320932388
3.285656929016
3.249823570251
3.325653314590
3.296554803848
3.386933326721
3.290119647980
3.276204586029
3.258657932281
3.249043941498
3.365582942963
3.241976737976
3.271790027618
3.201230287552
3.216811180115
3.227229118347
3.278148651123
3.514814138412
3.313979625702
3.298679828644
3.195832729340
3.210477352142
3.167567729950
3.246372222900
3.167609691620
3.298193931580
3.146765708923
3.258000850677
3.196891307831
3.315606117249
3.198909282684
3.220107078552
3.142442226410
3.163800239563
3.123171329498
3.203201770782
3.153030157089
3.308091163635
3.129822969437
3.193125486374
3.100627660751
3.183452606201
3.088223934174
3.214762210846
3.086333036423
3.199725627899
3.091815471649
3.154228687286
3.089056730270
3.158806324005
3.117325782776
3.236360549927
3.138223648071
3.158002376556
3.101674079895
3.080693244934
3.116687774658
3.075834512711
3.194301605225
3.045615673065
3.095397710800
3.027254104614
3.066142082214
3.059966087341
3.098921537399
3.202558040619
3.094162702560
3.297399997711
3.052093505859
3.027127981186
3.000568866730
3.010021686554
2.996798038483
3.082983493805
3.071633100510
3.204053878784
3.005215883255
3.026318550110
2.965358257294
3.055063724518
2.973845958710
3.152375221252
2.968506336212
3.021439790726
2.965136051178
3.054916381836
3.035654544830
3.083251476288
3.016460895538
3.018166065216
2.981120109558
2.960268259048
2.989346981049
2.934410095215
3.020044326782
2.947268486023
3.141057252884
3.039393901825
2.964109897614
2.922536849976
2.909541606903
2.894901275635
2.964090824127
2.971513986588
3.333954811096
2.990583419800
2.934710502625
2.906912326813
2.907738208771
2.891395568848
2.910376071930
2.920925140381
2.972887992859
2.940346717834
2.976624011993
2.887364387512
2.990845918655
2.859175205231
2.897546529770
2.848636150360
2.900464057922
2.837669610977
2.974087476730
2.876694679260
2.964703559875
2.839934825897
2.930332660675
2.909331321716
3.183111667633
2.958757162094
2.892902374268
2.833689928055
2.842612743378
2.815555572510
2.883312940598
2.871760845184
2.870657920837
2.821480751038
2.818248271942
2.867624282837
2.860275506973
3.037806510925
2.809579133987
2.848067760468
2.788069248199
2.914806365967
2.849780321121
2.990777492523
2.783117771149
2.802629947662
2.769049644470
2.807881832123
2.807334423065
2.852890014648
2.864873886108
2.807716846466
2.803075313568
2.752247333527
2.875951766968
2.772410869598
3.002676486969
2.787663459778
2.828955173492
2.775538444519
2.871826410294
2.766931056976
2.853446483612
2.747308969498
2.826456546783
2.728513002396
2.791502475739
2.715315818787
2.767736434937
2.731275081635
2.765556335449
2.840858459473
2.801316976547
2.920788049698
2.719210386276
2.706961870193
2.683201313019
2.697571754456
2.682122707367
2.787208080292
2.792844772339
3.096650600433
2.718612432480
2.701235055923
2.660343647003
2.681245326996
2.659731388092
2.756865501404
2.703683137894
2.808130502701
2.682420969009
2.679696083069
2.758909225464
2.696469306946
2.736900568008
2.620743751526
2.685248374939
2.644490480423
2.958681344986
2.787418365479
2.829581022263
2.708120584488
2.642229795456
2.624604940414
2.630035400391
2.649387121201
2.694887161255
2.726574182510
2.646889925003
2.614437818527
2.619076251984
2.617741107941
2.672239065170
2.628755807877
2.632147789001
2.594192504883
2.700155258179
2.636616706848
3.065334558487
2.734241008759
2.734999895096
2.653893470764
2.607033252716
2.576712608337
2.595948219299
2.611108064651
2.670511960983
2.675074577332
2.622315168381
2.571209430695
2.647937536240
2.640272617340
3.051116228104
2.632224798203
2.596158742905
2.551180601120
2.549232482910
2.546963691711
2.593045949936
2.608997583389
2.665683746338
2.539509534836
2.561417102814
2.531043052673
2.611295461655
2.566756725311
2.638166427612
2.530234575272
2.776906967163
2.591984272003
2.755028009415
2.537028312683
2.541733503342
2.559611797333
2.652278184891
2.684067249298
2.578119754791
2.516474246979
2.525386333466
2.489372253418
2.620913028717
2.622249603271
2.875129461288
2.578196287155
2.519263982773
2.489643096924
2.483352422714
2.498110294342
2.500138282776
2.547604084015
2.530766010284
2.568650245667
2.515800237656
2.558003664017
2.490488052368
2.509727954865
2.484300374985
2.502096652985
2.478384971619
2.639555454254
2.609234809875
3.042130470276
2.635981559753
2.508690834045
2.469831943512
2.450705528259
2.459027767181
2.476033687592
2.573440074921
2.583477735519
2.642985105515
2.469582080841
2.435981988907
2.417690038681
2.459525108337
2.460869312286
2.539801120758
2.470613956451
2.453266382217
2.412427663803
2.512072563171
2.531121969223
2.933876276016
2.484740972519
2.433452844620
2.391206502914
2.400455236435
2.382086753845
2.471360921860
2.462843894958
2.734637975693
2.410287141800
2.376733779907
2.379117488861
2.366859197617
2.418210268021
2.424747705460
2.692190408707
2.476024627686
2.706112861633
2.547190189362
2.469158649445
2.418228626251
2.391997814178
2.471277236938
2.426349639893
2.474411487579
2.406661033630
2.392648220062
2.454028367996
2.457231998444
2.539552688599
2.390436410904
2.476808309555
2.369797229767
2.501771926880
2.388139247894
2.480504751205
2.396814346313
2.415212869644
2.381608486176
2.412421226501
2.449900627136
2.447511196136
2.524456024170
2.336639881134
2.421547651291
2.353002071381
2.508884429932
2.454314947128
2.463744401932
2.347604036331
2.349519491196
2.320695877075
2.419293403625
2.392361640930
2.549597263336
2.334388732910
2.375408887863
2.290994167328
2.370832920074
2.311478614807
2.448562145233
2.312039852142
2.339614152908
2.290651321411
2.335137605667
2.365544319153
2.415307998657
2.512424230576
2.510875225067
2.404835224152
2.330291748047
2.260902166367
2.373942613602
2.348043918610
2.699551105499
2.348283767700
2.338261365891
2.307296276093
2.290560483932
2.288343191147
2.332546234131
2.349715709686
2.431058645248
2.359737634659
2.341082572937
2.266578435898
2.375566244125
2.346421480179
2.567784309387
2.292624235153
2.277096748352
2.232440710068
2.238880157471
2.258103847504
2.300974130630
2.502740144730
2.331249237061
2.354263544083
2.226937770844
2.297643661499
2.253564596176
2.412052392960
2.304320335388
2.362884759903
2.262532949448
2.447835206985
2.383550643921
2.364888429642
2.268494129181
2.210132360458
2.296473026276
2.247717142105
2.451852321625
2.204853057861
2.240002632141
2.180899620056
2.266066789627
2.244024991989
2.534329891205
2.397149085999
2.329381465912
2.237350940704
2.250065326691
2.236157417297
2.315625190735
2.243664264679
2.268759250641
2.175882577896
2.219689369202
2.166650056839
2.278243780136
2.227813720703
2.531367063522
2.316903352737
2.237278223038
2.193215847015
2.162376403809
2.239418506622
2.295920372009
2.531493663788
2.328890562057
2.187988996506
2.210081100464
2.177506208420
2.389517784119
2.200956344604
2.283491373062
2.161749601364
2.217170953751
2.200925827026
2.273254394531
2.197954893112
2.171988725662
2.167073011398
2.166437864304
2.221050262451
2.221004962921
2.371848583221
2.214137077332
2.404567956924
2.304305791855
2.317096710205
2.159831047058
2.130042791367
2.141628980637
2.159834384918
2.266137123108
2.253414630890
2.316007852554
2.148338079453
2.105216026306
2.152964115143
2.132442474365
2.361856937408
2.208550453186
2.337750434875
2.162449836731
2.173873424530
2.168681621552
2.248805522919
2.215345382690
2.255071163177
2.174673795700
2.140411615372
2.147410869598
2.132301330566
2.142627716064
2.124946355820
2.113563776016
2.131185531616
2.113603353500
2.235992670059
2.193653821945
2.346483469009
2.125904083252
2.192996025085
2.141766786575
2.223406791687
2.154937505722
2.238288164139
2.115605115891
2.171997308731
2.102202653885
2.189643859863
2.069707393646
2.139095783234
2.072489261627
2.226433038712
2.175167560577
2.334279537201
2.193346023560
2.120748996735
2.127151489258
2.097785472870
2.216089010239
2.185187339783
2.305493831635
2.113055706024
2.123076438904
2.043454170227
2.066524028778
2.058232307434
2.123692750931
2.210689544678
2.120715856552
2.075015783310
2.047103404999
2.058271646500
2.131042003632
2.169446468353
2.171101331711
2.039669752121
2.125917434692
2.065376043320
2.198126316071
2.082388162613
2.227423667908
2.120669841766
2.096512079239
2.092102289200
2.172873020172
2.351721048355
2.105936288834
2.053659915924
2.018816471100
2.021990299225
2.036103487015
2.063342094421
2.093631029129
2.126631259918
2.060019969940
2.060933351517
2.015475749969
2.054031133652
2.056006908417
2.114627838135
2.182596921921
2.108112096786
1.994651794434
2.123875617981
2.125787019730
2.205811023712
2.011527299881
2.051829099655
2.068456172943
2.211618900299
2.222381830215
2.285764217377
2.023236036301
2.000921010971
1.975782155991
2.002134084702
2.006455183029
2.104946136475
2.076374292374
2.081964015961
1.986864089966
2.028340816498
2.115496873856
2.223361253738
2.163843393326
2.026944398880
1.975167989731
1.983101606369
2.039573669434
2.183450698853
2.069744110107
2.004018545151
1.970664381981
2.063998222351
2.045113086700
2.364537000656
2.068226337433
2.093538999557
2.073750019073
2.023196697235
1.969546437263
2.026475429535
2.032164573669
2.138284206390
2.050446033478
2.063820123672
1.964670419693
2.023802280426
2.001458168030
2.096056938171
2.000184297562
1.986631512642
1.951990604401
1.961729764938
2.120544433594
2.131200075150
2.333558320999
1.998859643936
1.970527052879
1.964455127716
2.027709960938
1.996237993240
1.990473628044
2.012996196747
1.953526735306
2.051251411438
1.974605083466
2.079299449921
1.969530105591
2.089698076248
2.017921447754
2.090776443481
1.973974466324
2.009926319122
1.952009201050
1.994440078735
1.955517292023
1.970056295395
1.966987252235
1.986135244370
2.048291921616
2.003648996353
2.134795904160
1.960494756699
2.045934677124
1.918607711792
1.933371305466
1.952373623848
2.022204637527
2.165233135223
2.062587738037
2.001344919205
1.920374512672
2.015636205673
2.014416217804
2.181915283203
2.046376705170
2.045569896698
1.906591892242
1.950661540031
1.899988651276
2.011154651642
1.935469627380
2.036359786987
1.938616037369
1.971096158028
1.963000416756
2.040813207626
1.949664115906
2.018653392792
1.949086904526
2.031543254852
1.939260005951
2.034483194351
1.917567729950
2.016796112061
1.938956022263
2.027019739151
1.971916913986
1.973229408264
1.912190198898
1.908193588257
1.940560102463
1.936048507690
2.006669759750
1.875798106194
1.917125105858
1.901276946068
2.046612501144
1.969310402870
2.022330760956
1.977288722992
1.868602037430
1.918681621552
1.868805050850
2.094785690308
2.027702093124
2.076676607132
1.913323640823
1.876686573029
1.886162519455
1.880326271057
1.940641641617
1.941345453262
1.951217412949
1.934258460999
1.872337579727
1.864808797836
1.953906416893
1.963841199875
2.186284542084
1.902057528496
1.958891987801
1.924087047577
1.956296443939
1.897208213806
1.943574428558
1.900377750397
1.922801971436
1.904208779335
1.930450439453
1.994453072548
1.927230715752
2.022010326385
1.893995642662
1.954372882843
1.847769737244
1.866337060928
1.818566203117
1.905088543892
1.855878353119
2.002966403961
1.868503093719
1.909711837769
1.834705471992
1.923535227776
1.916291356087
2.097393035889
1.990392804146
1.941368699074
1.846918344498
1.960613727570
1.870584964752
1.925903081894
1.892635822296
1.951948881149
1.916482210159
1.973971009254
1.888334631920
1.900623559952
1.847780942917
1.845501542091
1.868552088737
1.899055957794
1.972097873688
1.924466133118
1.966520071030
1.864519476891
1.913334608078
1.855837225914
1.951405048370
1.861426949501
1.960347652435
1.828689813614
1.911520957947
1.819374561310
1.949804067612
1.874595403671
1.986643075943
1.856710553169
1.816088199615
1.824784994125
1.865023612976
1.962490558624
2.066424369812
1.910222649574
1.811103582382
1.802665591240
1.869022846222
1.897569894791
1.978114366531
1.826551914215
1.831604599953
1.781604290009
1.867003917694
1.849478602409
2.020819187164
1.900512337685
1.907917737961
1.793695688248
1.805258154869
1.810088634491
1.863851785660
1.930022120476
1.881711483002
1.845740556717
1.836128234863
1.845551252365
1.868424415588
1.833223342896
1.872489929199
1.834475159645
1.882802844048
1.835747599602
1.849637985229
1.828104019165
1.859665155411
1.809230566025
1.844612002373
1.817412972450
1.900283098221
1.894522547722
2.055846452713
1.872415661812
1.918725609779
1.790202498436
1.859397411346
1.788347482681
1.877239584923
1.819620490074
1.974185347557
1.771459817886
1.776942729950
1.771894335747
1.810774564743
1.882661342621
1.813631772995
1.738162994385
1.780942797661
1.777618050575
1.849682450294
1.908538341522
1.836547732353
1.825836300850
1.753230690956
1.846673369408
1.770612359047
1.862548112869
1.770106434822
1.801123261452
1.904011249542
1.905576944351
2.164273500443
1.927063822746
1.825781702995
1.752882957458
1.767483472824
1.771513581276
1.883168101311
1.852788686752
1.925295591354
1.745942115784
1.725497245789
1.722475409508
1.751165390015
1.802323341370
1.927493691444
1.924203991890
2.002918720245
1.784709692001
1.808832406998
1.755875110626
1.869791865349
1.817643523216
1.872864484787
1.785809278488
1.722658753395
1.759917259216
1.726944327354
1.821654438972
1.824715018272
1.844816684723
1.875543117523
1.784955620766
1.777795553207
1.707312107086
1.771893739700
1.744001388550
1.926476597786
1.799926519394
1.889521956444
1.741784453392
1.751304864883
1.749188661575
1.772109031677
1.805995702744
1.886807084084
1.754808545113
1.917121171951
1.783287763596
1.797871470451
1.743056654930
1.767046570778
1.846787214279
1.834508538246
1.963246822357
1.759169816971
1.841081500053
1.691370964050
1.686897516251
1.712629437447
1.740576028824
1.961326360703
1.903487920761
1.775628805161
1.686861515045
1.684413075447
1.707646369934
1.763713598251
1.882071018219
1.808547973633
1.748433828354
1.675071358681
1.729166507721
1.729520559311
1.851640582085
1.777763247490
1.729576945305
1.701377272606
1.728348255157
1.768859028816
1.994543671608
1.830486178398
1.831795096397
1.817703485489
2.056149005890
1.859404921532
1.784358501434
1.694319128990
1.689645051956
1.707657933235
1.756373643875
1.859738588333
1.849090576172
1.758249521255
1.695902824402
1.709993362427
1.713222265244
1.763890028000
1.745611429214
1.818379640579
1.752838611603
1.931465148926
1.768068313599
1.766802072525
1.641601324081
1.678656816483
1.635465383530
1.721908211708
1.687786698341
1.837790369987
1.709750890732
1.729117870331
1.724630355835
1.898669004440
1.769435763359
1.793472051620
1.680663108826
1.849466681480
1.789812803268
1.972973227501
1.732206583023
1.664976835251
1.677976965904
1.659381031990
1.768445134163
1.756999135017
1.699484348297
1.741639375687
1.809620499611
1.848052263260
1.849833130836
1.711482524872
1.740037918091
1.676352262497
1.770505189896
1.750912904739
1.774612426758
1.698132276535
1.679192781448
1.719033360481
1.704621076584
1.873811125755
1.699722290039
1.787230014801
1.652204513550
1.712955474854
1.677057266235
1.745559453964
1.694348812103
1.696088790894
1.710083961487
1.756228089333
1.766746997833
1.657360792160
1.763023614883
1.704167723656
1.857377648354
1.749028086662
1.784843683243
1.697352051735
1.719452023506
1.669137120247
1.768631339073
1.671525955200
1.756084203720
1.621783971786
1.657257795334
1.621665954590
1.678969025612
1.710251092911
1.691501617432
1.684390425682
1.683531165123
1.703998327255
1.774179220200
1.758784294128
1.756424903870
1.634866237640
1.780140757561
1.717464447021
1.950608253479
1.668694972992
1.682517528534
1.699637174606
1.834752559662
1.763190388680
1.664436221123
1.663014888763
1.670246362686
1.852755427361
1.809861421585
1.721971154213
1.608487367630
1.631696224213
1.606114387512
1.701268434525
1.688780426979
1.825246930122
1.655284285545
1.661588549614
1.629425644875
1.673710703850
1.729895114899
1.867398858070
1.792702913284
1.898652434349
1.756105422974
1.734536170959
1.602298140526
1.633455634117
1.610432982445
1.722083806992
1.722555875778
1.704255580902
1.614760994911
1.616405367851
1.628973007202
1.710302472115
1.803178071976
1.742036581039
1.647237181664
1.641582965851
1.730216503143
1.699801921844
1.769674062729
1.622721076012
1.709314227104
1.646454453468
1.800552964211
1.622606873512
1.737193107605
1.661412239075
1.717772126198
1.680972099304
1.658424377441
1.624961733818
1.647293806076
1.677027583122
1.798526287079
1.901549577713
1.645819425583
1.662063241005
1.580587744713
1.625227212906
1.624181509018
1.677113056183
1.691735744476
1.631225585938
1.679755210876
1.670284867287
1.692149162292
1.609347581863
1.633074760437
1.590748786926
1.607955336571
1.610705137253
1.633857607841
1.707290649414
1.695992946625
1.754636764526
1.617392063141
1.579514622688
1.638556003571
1.617408871651
1.773716568947
1.748375415802
1.690330028534
1.753369569778
1.615506291389
1.721262693405
1.561625719070
1.671133399010
1.567192196846
1.692636966705
1.611397504807
1.814680814743
1.770794630051
1.856793642044
1.803667545319
1.660823106766
1.575076103210
1.586078047752
1.654747962952
1.699737071991
1.717065215111
1.659448981285
1.627205014229
1.617682576180
1.659865260124
1.626300692558
1.616602063179
1.592765808105
1.573963522911
1.595894336700
1.596992373466
1.632424831390
1.606528520584
1.657629728317
1.619098782539
1.745442509651
1.687149047852
1.777051687241
1.641035318375
1.581301927567
1.783817529678
1.581563711166
1.603546023369
1.539196014404
1.616628527641
1.611652612686
1.771537661552
1.607197761536
1.616522669792
1.550140857697
1.672402858734
1.774219512939
1.878080368042
1.581007838249
1.567294597626
1.535495400429
1.667267203331
1.736186504364
1.923324465752
1.677508473396
1.586207509041
1.576905369759
1.581551074982
1.650451898575
1.590092897415
1.621433973312
1.535330891609
1.606757044792
1.616985797882
1.702196121216
1.650846719742
1.531381607056
1.574497818947
1.532402038574
1.716380000114
1.686382174492
1.751721143723
1.581069946289
1.538868188858
1.563930034637
1.581274271011
1.646845340729
1.576770305634
1.585932731628
1.612059354782
1.594810724258
1.716006636620
1.598838925362
1.683745145798
1.584190011024
1.668373942375
1.562493324280
1.683014392853
1.598156690598
1.731045722961
1.736528158188
1.901377558708
1.698959469795
1.621870756149
1.510381460190
1.537805795670
1.537769675255
1.675159215927
1.739260435104
1.684655070305
1.608518958092
1.565558910370
1.564825654030
1.669432878494
1.602385640144
1.647682785988
1.505236029625
1.518966197968
1.480025529861
1.547486782074
1.536491274834
1.750939011574
1.676424860954
1.741904735565
1.639138221741
1.558605551720
1.538517236710
1.559502482414
1.609584450722
1.638184309006
1.593884944916
1.763217687607
1.636148929596
1.739815235138
1.525943994522
1.572025537491
1.616472840309
1.728217601776
1.623211145401
1.548478841782
1.539382338524
1.591352820396
1.769719600677
1.633504152298
1.528335332870
1.492659687996
1.519064426422
1.580604553223
1.758923172951
1.795354962349
1.588962912560
1.603141069412
1.509040713310
1.641795754433
1.587150335312
1.646036267281
1.519533753395
1.535181760788
1.560290336609
1.620181083679
1.631465911865
1.536684870720
1.520546436310
1.513095259666
1.590734839439
1.654449224472
1.603836059570
1.511514186859
1.485167264938
1.633655428886
1.727530121803
2.025817632675
1.642160415649
1.525754094124
1.522216200829
1.556608319283
1.641037940979
1.665460348129
1.622721195221
1.512211561203
1.497494459152
1.507782578468
1.621550321579
1.643865108490
1.640775442123
1.495749831200
1.618287205696
1.607879757881
1.814952373505
1.649110555649
1.542926669121
1.474335908890
1.600978374481
1.583298802376
1.713515162468
1.526746392250
1.493937611580
1.519821166992
1.587433576584
1.639341592789
1.583121538162
1.532383918762
1.537122964859
1.636440753937
1.597951531410
1.614183306694
1.487156987190
1.514224052429
1.488187432289
1.565240263939
1.589313864708
1.551066637039
1.566791057587
1.524001002312
1.676571965218
1.619047880173
1.503005027771
1.522021293640
1.486051321030
1.621695041656
1.568638205528
1.612144112587
1.519784450531
1.513243436813
1.618133068085
1.617344021797
1.860242605209
1.644435405731
1.571709036827
1.493354916573
1.555970907211
1.535318493843
1.653121948242
1.524940252304
1.558946847916
1.457203269005
1.562449574471
1.513892173767
1.668749094009
1.503327846527
1.487268328667
1.492733359337
1.512023448944
1.675627350807
1.483666300774
1.489649176598
1.436950445175
1.550801992416
1.565050840378
1.787608861923
1.561606884003
1.472063541412
1.510130643845
1.500123023987
1.606782555580
1.591200232506
1.519532322884
1.558463096619
1.538277626038
1.712499976158
1.552067041397
1.439889311790
1.579887151718
1.572767972946
1.821668624878
1.612175107002
1.578863620758
1.541262626648
1.493026256561
1.524072527885
1.504840970039
1.576498866081
1.567520976067
1.626974105835
1.590314745903
1.526906013489
1.523886442184
1.499776840210
1.496305704117
1.548552274704
1.564839124680
1.548588871956
1.456456899643
1.509140729904
1.477180004120
1.541731834412
1.492883801460
1.549722909927
1.455139517784
1.580492496490
1.528562664986
1.684093356133
1.528673768044
1.602730274200
1.490813016891
1.533924579620
1.470151901245
1.503079295158
1.471503853798
1.481919765472
1.489936828613
1.501453518867
1.612962365150
1.730564832687
1.710262775421
1.512942552567
1.544445753098
1.526979207993
1.673953890800
1.565046191216
1.563556790352
1.445585727692
1.517507314682
1.449142336845
1.563858270645
1.484259128571
1.605495929718
1.533772706985
1.660015583038
1.501108169556
1.476635336876
1.502838373184
1.625907063484
1.484156608582
1.494978904724
1.455804944038
1.553682208061
1.630222916603
1.577409625053
1.545288443565
1.397423863411
1.465353488922
1.430324077606
1.722844839096
1.569946289062
1.698654294014
1.588514566422
1.518349170685
1.451534032822
1.517257690430
1.486304759979
1.600647211075
1.506838202477
1.550737142563
1.428841114044
1.442644596100
1.433421730995
1.459665298462
1.566354751587
1.563895463943
1.436015367508
1.426301479340
1.420341372490
1.713157057762
1.549707174301
1.613533496857
1.506718158722
1.497035503387
1.534995198250
1.496281027794
1.520271658897
1.506861090660
1.692097187042
1.531728029251
1.507082462311
1.441727280617
1.497806787491
1.605746030807
1.589574098587
1.516842603683
1.459151268005
1.477931261063
1.649653673172
1.647907257080
1.537173509598
1.430194020271
1.427661299706
1.447263717651
1.545927405357
1.538443326950
1.497959256172
1.469618082047
1.433061838150
1.505785107613
1.505140662193
1.479318141937
1.507062554359
1.423936605453
1.548529267311
1.407509565353
1.552542924881
1.386915564537
1.487937688828
1.408752441406
1.558757305145
1.530480980873
1.621753215790
1.455047369003
1.475218296051
1.505313992500
1.698719143867
1.637793064117
1.519646883011
1.399175405502
1.426284432411
1.509038448334
1.896277189255
1.782685279846
1.717110157013
1.524371981621
1.495651721954
1.429002046585
1.481231808662
1.506921768188
1.626158952713
1.577363729477
1.455465435982
1.409981489182
1.411830902100
1.414992690086
1.510038256645
1.483612537384
1.600960731506
1.487917542458
1.426802992821
1.477513313293
1.484831571579
1.543998122215
1.415302991867
1.431594133377
1.470566987991
1.572536110878
1.910890460014
1.746681094170
1.451846122742
1.391927480698
1.406321287155
1.400526523590
1.563524961472
1.497423052788
1.604444861412
1.412349700928
1.462238073349
1.387433648109
1.546640157700
1.511961936951
1.678766131401
1.520240306854
1.467166185379
1.399317502975
1.413197875023
1.457559585571
1.548789143562
1.552193045616
1.470942616463
1.377547502518
1.398567557335
1.387654542923
1.596264958382
1.466660380363
1.457021713257
1.380661487579
1.460318565369
1.608480930328
1.634151816368
1.551160097122
1.557892322540
1.414766430855
1.514360308647
1.414443135262
1.540133833885
1.435415029526
1.479256868362
1.452369570732
1.443631052971
1.523210525513
1.439225554466
1.481287240982
1.509265422821
1.489893674850
1.699075102806
1.498646497726
1.478937506676
1.431575417519
1.493590235710
1.625333786011
1.535895586014
1.497365951538
1.406845569611
1.444580793381
1.441897511482
1.559981346130
1.534976959229
1.503843188286
1.371853351593
1.387511491776
1.379868030548
1.470006465912
1.473673820496
1.531928777695
1.375425100327
1.411668539047
1.387657999992
1.640334129333
1.570998907089
1.611231088638
1.419380426407
1.376222133636
1.440189838409
1.411448001862
1.514137387276
1.413790345192
1.488546133041
1.556887149811
1.562544822693
1.439325332642
1.504496097565
1.481968164444
1.555904865265
1.520044326782
1.440457820892
1.451559782028
1.493574380875
1.456510305405
1.408002734184
1.364630937576
1.484370350838
1.507390737534
1.627284288406
1.378500699997
1.442006230354
1.390085935593
1.620614409447
1.531046271324
1.447620868683
1.392174124718
1.345437645912
1.481534242630
1.417268991470
1.532303810120
1.392000436783
1.448918700218
1.525527715683
1.676752924919
1.530188798904
1.379507184029
1.379829168320
1.397734880447
1.580028295517
1.648503541946
1.458808302879
1.362947225571
1.342154979706
1.388453125954
1.411712408066
1.471794009209
1.462900519371
1.478025197983
1.665383696556
1.633566498756
1.474334478378
1.367635965347
1.428948521614
1.476798176765
1.596799373627
1.412803769112
1.390771150589
1.355960130692
1.439374089241
1.630501866341
1.507360458374
1.443930029869
1.335265755653
1.373467206955
1.335967659950
1.537233114243
1.435441970825
1.555079936981
1.378143310547
1.425662159920
1.430801630020
1.475291490555
1.475017547607
1.392725944519
1.464790105820
1.467815041542
1.662689208984
1.463883638382
1.400481820107
1.409400105476
1.396504163742
1.512459397316
1.409446835518
1.442119836807
1.425154685974
1.539689660072
1.577188611031
1.549568176270
1.429992437363
1.396389126778
1.369592666626
1.378213286400
1.441440463066
1.480580329895
1.438583135605
1.332870244980
1.423281192780
1.444503188133
1.588141441345
1.648189783096
1.411659002304
1.387673616409
1.384213209152
1.513844609261
1.453097820282
1.452407121658
1.362629413605
1.391726493835
1.380765080452
1.438912391663
1.426228880882
1.460354208946
1.421735286713
1.439110517502
1.483193159103
1.470370888710
1.356037497520
1.423807621002
1.367513537407
1.542237043381
1.389171123505
1.416118741035
1.357261300087
1.437685489655
1.631502509117
1.443645358086
1.421746492386
1.389374136925
1.528512954712
1.512011170387
1.618072986603
1.416990399361
1.414125204086
1.431946277618
1.399772286415
1.486598491669
1.386461973190
1.410107254982
1.430139064789
1.519697546959
1.528411149979
1.354313969612
1.364423871040
1.323590278625
1.434988260269
1.394400358200
1.446285486221
1.317026615143
1.405344009399
1.343144297600
1.547639489174
1.392130136490
1.347349643707
1.361400604248
1.367927312851
1.622019886971
1.451242089272
1.366775393486
1.348271131516
1.382401466370
1.542447805405
1.546243190765
1.415844678879
1.389152526855
1.411389589310
1.430514454842
1.475517749786
1.405725240707
1.388341665268
1.394548177719
1.389920234680
1.461491823196
1.372543334961
1.422993183136
1.387748003006
1.587996244431
1.477661371231
1.552101016045
1.393658876419
1.344335675240
1.380324840546
1.380249977112
1.479579687119
1.398617148399
1.369618177414
1.445665359497
1.376990556717
1.602033615112
1.513513922691
1.487916469574
1.391843199730
1.388088226318
1.514676451683
1.450783848763
1.421003580093
1.298888444901
1.362956881523
1.355248212814
1.523350000381
1.451737880707
1.348819375038
1.293584227562
1.309937119484
1.382724046707
1.571359634399
1.514613032341
1.408723354340
1.322671055794
1.366087913513
1.402238249779
1.530844092369
1.425734162331
1.405941724777
1.373830556870
1.448183059692
1.404274463654
1.473026514053
1.361000418663
1.471497893333
1.403404712677
1.432157516479
1.457027077675
1.347252368927
1.337668418884
1.303905844688
1.434171557426
1.347959280014
1.449460148811
1.332660675049
