4.123479843140
4.119488716125
4.115620613098
4.111820220947
4.108063220978
4.104369640350
4.100673198700
4.096948623657
4.093202590942
4.089465618134
4.085696220398
4.081942558289
4.078155040741
4.074334144592
4.070478439331
4.066576480865
4.062620162964
4.058631896973
4.054529190063
4.050390243530
4.046145439148
4.041838169098
4.037459373474
4.032973289490
4.028363227844
4.023638248444
4.018704414368
4.013589859009
4.008278369904
4.002730369568
3.996879577637
3.990684509277
3.984109401703
3.977087736130
3.969606161118
3.961503505707
3.952875137329
3.943756818771
3.934141635895
3.924061298370
3.913563489914
3.902741432190
3.891700267792
3.880307674408
3.868850708008
3.857447624207
3.846098899841
3.834919214249
3.823941230774
3.813169956207
3.802628993988
3.792015075684
3.781318426132
3.772762775421
3.760489702225
3.760732650757
3.740103721619
3.928366661072
4.093157291412
3.948855161667
3.918103218079
3.898043155670
3.878998279572
3.858582019806
3.836402654648
3.812818050385
3.788074970245
3.762699604034
3.738947629929
3.718662500381
3.703602790833
3.692808628082
3.683100700378
3.673963308334
3.664793252945
3.656192779541
3.648063421249
3.642098188400
3.634040832520
3.631392002106
3.618365764618
3.634613513947
3.606499195099
3.865133285522
3.968849658966
3.773435115814
3.745405197144
3.718386173248
3.690875053406
3.661545753479
3.634601116180
3.613668441772
3.600449562073
3.592408895493
3.586117506027
3.578604221344
3.571750879288
3.565405368805
3.559781551361
3.553215503693
3.548666477203
3.541985511780
3.537450313568
3.531836748123
3.528275966644
3.521029233932
3.521131992340
3.507089614868
3.531612634659
3.507681846619
3.865588665009
3.900264263153
3.683634042740
3.636301040649
3.599971294403
3.570856809616
3.546487331390
3.524334907532
3.508748054504
3.498850345612
3.490610599518
3.483410596848
3.476256370544
3.469692468643
3.463315010071
3.457133293152
3.450811624527
3.444885730743
3.439546108246
3.431988000870
3.427791357040
3.420111179352
3.418749094009
3.405283927917
3.425652980804
3.407055377960
3.745325803757
3.843838214874
3.599457263947
3.540092945099
3.494360923767
3.459831953049
3.432047843933
3.410357952118
3.396314382553
3.386164188385
3.377125740051
3.369148731232
3.361782073975
3.355323076248
3.348169326782
3.343156814575
3.334655761719
3.338413476944
3.335554599762
3.468502521515
3.648248434067
3.537460803986
3.397136211395
3.471971511841
3.363748073578
3.413057804108
3.314482927322
3.366427898407
3.289647817612
3.363532066345
3.286830902100
3.432632923126
3.346641540527
3.396380901337
3.282093524933
3.302876710892
3.256176948547
3.279528141022
3.238604545593
3.289777278900
3.235614776611
3.413721084595
3.409925699234
3.440896987915
3.273602008820
3.258946180344
3.226154565811
3.239720582962
3.213465929031
3.385149240494
3.418213367462
3.592831611633
3.415457725525
3.386405706406
3.332890272141
3.295385599136
3.259047746658
3.232808828354
3.214481592178
3.199871540070
3.188985824585
3.181574106216
3.173100471497
3.166898488998
3.158663511276
3.154942989349
3.143400430679
3.149087429047
3.123023509979
3.212124824524
3.291669368744
3.815882682800
3.379184484482
3.308231353760
3.250948905945
3.207755327225
3.172451019287
3.151300907135
3.135468482971
3.125569820404
3.115224361420
3.109473228455
3.100264549255
3.099389553070
3.091104745865
3.104411125183
3.152725219727
3.228776931763
3.494987726212
3.275525569916
3.223105430603
3.128911495209
3.125160932541
3.069604873657
3.108798503876
3.048046112061
3.174098253250
3.115560054779
3.390284776688
3.126365661621
3.088168382645
3.057062149048
3.040713310242
3.032093763351
3.025618076324
3.019269466400
3.015768527985
3.006964683533
3.011755943298
3.000680446625
3.043923377991
3.146348476410
3.243899345398
3.356003284454
3.121604442596
3.096404314041
3.029142379761
3.037488937378
2.994699478149
3.028948545456
2.976010084152
3.116109371185
3.039719343185
3.218227148056
3.017465591431
3.018525123596
2.973931789398
2.956181049347
2.959090471268
2.940688133240
2.964978694916
2.932151317596
3.041577339172
2.962406158447
3.378585815430
2.999014139175
2.996226072311
2.947178840637
3.007949113846
3.057704925537
3.204807519913
3.148640155792
2.929024696350
2.979020595551
2.889756202698
2.938488960266
2.871121644974
2.938650131226
2.864089250565
2.996411323547
2.912786006927
3.123961687088
2.981701374054
2.960729122162
2.927136898041
2.880304336548
2.960503578186
2.936585903168
3.066992998123
2.893565177917
2.929217100143
2.823030233383
2.944038867950
2.823635578156
3.064511775970
2.830802440643
2.923330783844
2.859440326691
2.920454025269
2.960044860840
2.970400810242
3.006379604340
2.966079235077
2.845986604691
2.895819187164
2.809236764908
2.870018243790
2.786887168884
2.862094879150
2.792283535004
2.896127223969
2.865911483765
3.017892599106
2.940084695816
2.861021280289
2.801158428192
2.802854299545
2.791131019592
2.860494613647
2.816258907318
3.139522552490
2.815054655075
2.948188304901
2.809129953384
2.783561706543
2.751394748688
2.792191505432
2.780759334564
2.949120998383
2.991525173187
2.840882301331
2.827170610428
2.739724159241
2.788161277771
2.727133274078
2.789739131927
2.716938495636
2.859884500504
2.736659526825
2.861217021942
2.669526576996
2.768519878387
2.658260822296
2.770282506943
2.671077013016
2.992487430573
2.787604808807
2.889967918396
2.716453075409
2.754104614258
2.950403213501
3.132107257843
3.155104398727
2.822325706482
2.750843286514
2.706713676453
2.695344448090
2.681864738464
2.677140235901
2.672803640366
2.674239635468
2.691051244736
2.712590932846
2.815827846527
2.811589241028
2.817868709564
2.843905448914
2.717879295349
2.852094411850
2.757164478302
2.663263082504
2.715054035187
2.642573118210
2.785002946854
2.680653810501
2.778703212738
2.645102024078
2.674988746643
2.615101337433
2.662784099579
2.618772983551
2.685117721558
2.711020708084
2.805557012558
3.083182334900
2.691711187363
2.656517744064
2.673534154892
2.675864934921
2.754141569138
2.729073762894
2.703793048859
2.606383800507
2.623584032059
2.599151611328
2.672335147858
2.752573490143
2.847296714783
2.863413572311
2.579780101776
2.630336761475
2.562508583069
2.589367389679
2.547497749329
2.599769353867
2.547605514526
2.708310604095
2.624767303467
2.833043813705
2.606575012207
2.593745708466
2.553892135620
2.638501882553
2.751915454865
2.987249851227
2.759175539017
2.654174804688
2.544148683548
2.581994533539
2.538972616196
2.577228546143
2.567212104797
2.648890018463
2.692403554916
2.637649536133
2.599368333817
2.630248308182
2.652775764465
2.770603656769
2.622589111328
2.531146049500
2.525803804398
2.506504535675
2.522613048553
2.509793281555
2.572460174561
2.573578357697
2.629990577698
2.513362646103
2.592317581177
2.519948005676
2.627746582031
2.752779006958
2.697381019592
2.540553092957
2.509954929352
2.550039768219
2.593636035919
2.683774948120
2.539640903473
2.439153909683
2.570206165314
2.447589874268
2.666429996490
2.444535970688
2.543629646301
2.462305307388
2.491678714752
2.455229282379
2.548038005829
2.615384340286
2.920253276825
3.100437402725
2.616475820541
2.490431308746
2.478089094162
2.473776578903
2.462984561920
2.521060943604
2.575539112091
2.648406028748
2.474000692368
2.450363159180
2.414992809296
2.421922683716
2.406741142273
2.418434858322
2.398642063141
2.436705827713
2.436248064041
2.712590217590
2.911691188812
2.670167207718
2.547530174255
2.427548885345
2.427649259567
2.436487197876
2.415762662888
2.527832269669
2.469038009644
2.714831590652
2.419850826263
2.385632991791
2.382376432419
2.381923675537
2.390417814255
2.449728250504
2.630110740662
2.632505416870
2.503840923309
2.413473844528
2.395218610764
2.414650678635
2.474525928497
2.688795089722
2.629040956497
2.557694435120
2.350111961365
2.400992631912
2.346748590469
2.395998716354
2.339754104614
2.467850685120
2.415873527527
2.726371526718
2.392412424088
2.382254123688
2.336568832397
2.406863927841
2.394804716110
2.618285894394
2.547502517700
2.419091701508
2.386791467667
2.384130477905
2.517631053925
2.577450752258
2.574380397797
2.384063959122
2.328232288361
2.328056812286
2.311005592346
2.349741935730
2.318672657013
2.538913249969
2.511754035950
2.483196735382
2.372746467590
2.303173780441
2.396290063858
2.358708858490
2.653454303741
2.383857011795
2.346987009048
2.311950206757
2.342316389084
2.430709838867
2.579912185669
2.532999992371
2.423183917999
2.274005174637
2.352177858353
2.277580499649
2.397613048553
2.324507236481
2.498666763306
2.364976406097
2.337612628937
2.411556243896
2.372822284698
2.402509689331
2.355714321136
2.304248809814
2.335213899612
2.265462160110
2.385202884674
2.278331279755
2.479509353638
2.361777305603
2.469683885574
2.574722290039
2.328553676605
2.268294334412
2.253883838654
2.241336822510
2.246087074280
2.235492944717
2.243813991547
2.242239236832
2.286400794983
2.424848556519
2.749722480774
2.591685295105
2.496122837067
2.280653715134
2.265130281448
2.246264934540
2.249437570572
2.249829530716
2.277384042740
2.347962141037
2.417630195618
2.388675212860
2.296992778778
2.216621637344
2.265580892563
2.200472354889
2.303459405899
2.236935138702
2.418348789215
2.290099382401
2.362618207932
2.399685621262
2.270948171616
2.343645095825
2.223870515823
2.313913345337
2.244573593140
2.399128437042
2.287701368332
2.307615280151
2.364754199982
2.256429672241
2.325148105621
2.240133285522
2.250660657883
2.247363328934
2.294858455658
2.386679649353
2.368317604065
2.488182067871
2.316074848175
2.211814165115
2.211196899414
2.213857889175
2.230261802673
2.304207801819
2.274670362473
2.320545434952
2.198407888412
2.250739097595
2.171726226807
2.378048419952
2.229031324387
2.354136943817
2.285197973251
2.178384780884
2.319434642792
2.203505516052
2.388576507568
2.183237075806
2.218715906143
2.180130243301
2.199926853180
2.264121532440
2.277788162231
2.331800460815
2.191452980042
2.145560264587
2.154953002930
2.135547161102
2.215010166168
2.265065193176
2.579052925110
2.251686096191
2.126319885254
2.180285930634
2.105767726898
2.201804637909
2.128840923309
2.318062305450
2.207310199738
2.247467994690
2.239211320877
2.241709232330
2.359324693680
2.229124307632
2.152737140656
2.139398574829
2.117312431335
2.163657188416
2.173356056213
2.387243509293
2.253345012665
2.272551298141
2.203081846237
2.196806430817
2.215054035187
2.133761167526
2.197523593903
2.116838932037
2.293022394180
2.246129274368
2.395277023315
2.248274326324
2.096138954163
2.129295825958
2.071883678436
2.150216579437
2.093993902206
2.301112174988
2.287471771240
2.155707836151
2.094882488251
2.088740825653
2.076795339584
2.119035482407
2.207627534866
2.237863302231
2.233464241028
2.094651222229
2.173025608063
2.153292655945
2.234453678131
2.211596965790
2.164122581482
2.181334018707
2.179905891418
2.213230133057
2.173632383347
2.158236742020
2.079034328461
2.117220640182
2.075894355774
2.138634920120
2.181478977203
2.318328857422
2.636986732483
2.165383577347
2.148931980133
2.076191425323
2.113138198853
2.070702791214
2.176942110062
2.135205030441
2.324071645737
2.081863403320
2.089448451996
2.053461790085
2.092188358307
2.111637592316
2.225067615509
2.266269445419
2.131469488144
2.066207408905
2.028276920319
2.082665920258
2.043070554733
2.176868677139
2.083927154541
2.097406148911
2.078610181808
2.170283317566
2.320477008820
2.250884532928
2.204321384430
2.069457769394
2.090285301208
2.059008121490
2.079557895660
2.102134466171
2.128084659576
2.157938718796
2.068982362747
2.079216480255
2.023621082306
2.091642141342
2.053057670593
2.197263717651
2.208537817001
2.163604736328
2.123490333557
2.068592309952
2.014168500900
2.102256059647
2.040242195129
2.212906122208
2.047392129898
2.088804960251
2.002419948578
2.079716205597
2.101771354675
2.105384826660
2.136952877045
2.019988298416
2.076704502106
2.008024454117
2.200102806091
2.104301452637
2.224318027496
2.027052640915
2.068443059921
2.038460254669
2.104437828064
2.136454582214
2.093714714050
2.060435771942
1.978085517883
2.043341159821
1.983885407448
2.100106000900
2.031360864639
2.137191534042
2.009704113007
2.057623386383
2.002316474915
2.080443859100
2.124372005463
2.389487981796
2.079796791077
1.986231803894
1.950026988983
1.958723783493
1.933146476746
1.964131116867
1.922059178352
2.040405273438
2.023985385895
2.416393995285
2.042982816696
2.009531259537
1.966008782387
1.958161830902
1.964106321335
1.976318359375
2.061704158783
2.080982208252
2.084323167801
2.001420974731
1.922149181366
1.997914791107
2.000896453857
2.201635599136
2.191697120667
2.080095291138
2.029878616333
1.991811871529
2.035898685455
2.025779962540
2.149824142456
2.009865045547
2.088420152664
1.928914070129
2.024096965790
1.946050405502
2.058060169220
2.024869680405
1.999703407288
2.025458097458
2.009982109070
2.107819318771
1.972587823868
1.990246772766
1.942910432816
2.031038761139
1.969871520996
2.095013618469
1.944730877876
1.991992592812
1.952758908272
2.035917520523
2.133780956268
2.263831138611
2.077239036560
1.946524262428
1.942790746689
1.896112442017
1.942034244537
1.898334980011
2.089196681976
2.011553049088
2.197419643402
2.005007028580
1.888610720634
1.976406335831
1.900064468384
2.046355724335
1.973154783249
2.012234210968
1.954766511917
1.968312859535
2.032723903656
2.020766258240
2.067146778107
1.933894753456
1.978186488152
1.973389625549
2.129419326782
2.091598033905
1.960227727890
1.909168004990
1.895196199417
1.884124398232
1.897729158401
1.914006233215
2.021698951721
2.098621606827
2.150127172470
1.904386758804
1.893140792847
1.854701280594
1.893242955208
1.842172145844
2.010467767715
2.038998126984
2.137603521347
1.964009284973
1.870980381966
1.890712261200
1.856650948524
1.928231954575
1.976773262024
2.114877223969
2.092135906219
1.953994512558
1.894922018051
1.961929082870
1.944944381714
2.132981538773
1.996373772621
1.908059358597
1.949182271957
1.842053413391
1.927991509438
1.826243162155
2.001092910767
1.871007919312
2.151233196259
1.863497495651
1.961507320404
1.854669213295
1.987503409386
1.933689832687
1.980789780617
1.851999163628
1.843242764473
1.846377372742
1.872873663902
1.955273151398
2.196099042892
2.190666198730
2.240258693695
1.922939300537
1.913902521133
1.879251003265
1.865645766258
1.856760263443
1.877325057983
1.986980915070
2.045819759369
2.057888984680
1.903532147408
1.830678343773
1.901632785797
1.878378391266
2.037491798401
1.981255412102
1.913864612579
1.865480422974
1.833631038666
1.880329370499
1.912353754044
2.015620708466
1.962410449982
1.991985917091
1.908632874489
2.029241800308
1.853080511093
1.884931802750
1.846193194389
1.873247861862
1.906471490860
1.953678369522
1.928485393524
1.937730550766
1.886813759804
1.925093889236
1.907415986061
1.894494175911
1.867954730988
1.847390651703
1.919439196587
1.900758385658
2.027605295181
1.847795486450
1.924107432365
1.820011973381
1.971726417542
1.852997303009
1.910040497780
1.773095726967
1.892127037048
1.785839796066
2.058665752411
1.852692246437
1.933391094208
1.831653714180
1.803220987320
1.873094916344
1.886868000031
1.913314580917
1.950831294060
1.829506754875
1.881859064102
1.884140610695
1.971437454224
1.922489404678
1.939927458763
1.859729886055
1.854704856873
1.878462553024
1.926506876945
1.903849244118
1.867956161499
1.826350450516
1.797461986542
1.917456507683
1.837324738503
2.029948949814
1.892004489899
1.974220752716
1.951190710068
1.808009624481
1.836757302284
1.762093424797
1.835072755814
1.776336669922
1.941044330597
1.820781946182
1.902071952820
1.782487273216
1.789533138275
1.814988732338
1.888531446457
2.030122280121
1.944305539131
1.799688577652
1.768018841743
1.764735698700
1.775079488754
1.779890537262
1.865822434425
1.871342658997
2.011646032333
1.762113213539
1.851135492325
1.774807453156
1.960478544235
1.842807888985
1.909922599792
1.826675891876
1.776977300644
2.018372535706
1.944473743439
2.102715492249
2.077023744583
1.948647737503
1.801702260971
1.800522327423
1.749264478683
1.815840482712
1.755771875381
1.969980716705
1.758433341980
1.913915991783
1.704847574234
1.785418629646
1.700735926628
1.775471091270
1.699310898781
1.814862251282
1.762640714645
2.086318969727
2.000889539719
2.001297235489
1.956163525581
1.796746253967
1.795790672302
1.750864267349
1.802603006363
1.813654422760
1.937503337860
1.885799050331
1.749888896942
1.771192789078
1.694537758827
1.808693647385
1.748186588287
1.949050188065
1.889207005501
1.800837159157
1.819371700287
1.817770957947
1.965427041054
1.811588406563
1.853284001350
1.793495893478
1.888895034790
1.908491373062
1.862099885941
1.753202915192
1.829526185989
1.723653435707
1.904662966728
1.733556985855
1.812598705292
1.706396460533
1.736605763435
1.732075929642
1.795273423195
1.848988890648
1.833008527756
1.698733091354
1.719802618027
1.722785592079
1.776392340660
1.878728270531
1.959748983383
1.898720264435
1.846215009689
1.778272151947
1.810240507126
1.788779377937
1.821092009544
1.756125450134
1.847840309143
1.746251821518
1.868777871132
1.844971418381
1.894050955772
1.932164311409
1.741561174393
1.831382632256
1.703153610229
1.814291119576
1.738338589668
1.871291875839
1.807669997215
1.818913221359
1.715447187424
1.732385754585
1.766841530800
1.830963015556
1.802722334862
1.703841805458
1.743955850601
1.650140047073
1.785803794861
1.685979843140
1.939910292625
1.733471751213
1.751985311508
1.748255968094
1.735859870911
1.870240449905
1.860557317734
1.917788982391
1.763428092003
1.658913850784
1.715136289597
1.674718022346
1.879241347313
2.074169874191
1.971599578857
1.880307078362
1.722635746002
1.840400576591
1.711363315582
1.873160123825
1.755315303802
1.829452872276
1.704723477364
1.697945594788
1.669285535812
1.677469611168
1.678674578667
1.715160489082
1.805935382843
1.830843210220
1.781174302101
1.702945828438
1.749659538269
1.802383661270
1.888934731483
1.825363755226
1.728913664818
1.666262984276
1.730425953865
1.679461956024
1.948591828346
1.768546462059
1.854059934616
1.684149980545
1.678736329079
1.681176781654
1.730705022812
1.854344367981
1.879212856293
1.786137223244
1.702020168304
1.713221907616
1.729265451431
1.802592515945
1.760971784592
1.781923294067
1.646065235138
1.719362974167
1.699563980103
1.938756346703
2.094641685486
1.907518863678
1.693102359772
1.684590935707
1.645590782166
1.660453081131
1.629264354706
1.676419377327
1.654490470886
1.860505819321
1.751849889755
1.807218194008
1.673292398453
1.712831139565
1.776169776917
1.871198177338
1.791684031487
1.656926155090
1.732040286064
1.692686915398
1.924722671509
1.723885774612
1.764917135239
1.658611178398
1.667249679565
1.688692688942
1.694637894630
1.906671524048
1.744874596596
1.788038611412
1.623303413391
1.657204627991
1.731016516685
1.782899975777
2.049950361252
1.791439056396
1.676538228989
1.693645834923
1.706558942795
1.837016344070
1.688742876053
1.665385246277
1.612654447556
1.641645669937
1.632879853249
1.729845046997
1.857363224030
1.887228250504
1.773267507553
1.652190327644
1.627589344978
1.618749499321
1.611999988556
1.643730044365
1.631883978844
1.822540760040
1.761346101761
1.766444206238
1.618869662285
1.625934600830
1.587680220604
1.690443634987
1.748050808907
2.009199142456
1.801025986671
1.702996969223
1.682039022446
1.699038505554
1.709087014198
1.736034393311
1.767793297768
1.773697495461
1.717071294785
1.666953921318
1.686953306198
1.694938778877
1.752385735512
1.635827302933
1.663582801819
1.587502479553
1.678751945496
1.599828958511
1.823840498924
1.704490661621
1.821323394775
1.640060186386
1.841369032860
1.811244487762
1.858446121216
1.708339810371
1.681463122368
1.701330065727
1.730251908302
1.828045845032
1.697232604027
1.652977108955
1.630759358406
1.640832185745
1.778969883919
1.724861502647
1.700867414474
1.556978821754
1.642608642578
1.546767473221
1.700580358505
1.572710990906
1.880763173103
1.604962706566
1.703786492348
1.685744762421
1.675227165222
1.873307943344
1.778283119202
1.746667742729
1.594796657562
1.665335178375
1.610100150108
1.686143875122
1.636297464371
1.662862896919
1.659964561462
1.654927492142
1.712211847305
1.695632457733
1.705170273781
1.744403481483
1.665474414825
1.664646863937
1.618551492691
1.665620326996
1.817382574081
1.730241894722
1.670729637146
1.606885790825
1.605017304420
1.650255322456
1.687298417091
1.749429225922
1.591091871262
1.668559312820
1.539910078049
1.666340470314
1.588874816895
1.802146911621
1.758664846420
1.956217288971
1.842473626137
1.786417365074
1.624858975410
1.608698010445
1.611266851425
1.651780724525
1.647642612457
1.626984000206
1.589726924896
1.618585705757
1.649255752563
1.750682353973
1.652194499969
1.671606421471
1.558858633041
1.645468235016
1.563130140305
1.705167889595
1.640053868294
1.674703836441
1.738349199295
1.605033397675
1.807273149490
1.567973971367
1.710121631622
1.648680925369
1.681852221489
1.854201078415
1.640188455582
1.667411327362
1.540064930916
1.613181114197
1.528504490852
1.692970991135
1.543405652046
1.807241320610
1.544784784317
1.654526472092
1.668585896492
1.711059331894
1.711400985718
1.582734942436
1.530235648155
1.627236247063
1.558740019798
1.764365434647
1.596727132797
1.757900118828
1.765079259872
2.044452428818
1.689729809761
1.623092889786
1.579614758492
1.582743525505
1.622521996498
1.629155278206
1.742200851440
1.571311235428
1.608127593994
1.574384689331
1.594308137894
1.687202215195
1.553133130074
1.680789232254
1.514784336090
1.629498124123
1.507492303848
1.680830121040
1.549528121948
1.762446880341
1.614451050758
1.705577254295
1.827122807503
1.653441905975
1.660361289978
1.526373982430
1.598687887192
1.641222238541
1.754496693611
1.709674358368
1.643420219421
1.581864476204
1.679233908653
1.770749092102
2.029380559921
1.657177925110
1.611202478409
1.562508702278
1.530586123466
1.560500621796
1.537253856659
1.658769726753
1.651342511177
1.789776563644
1.574547171593
1.558626174927
1.505127668381
1.615105867386
1.594501018524
1.827958345413
1.672859787941
1.604877352715
1.564630746841
1.622109889984
1.772142887115
1.739714264870
1.626941561699
1.611623883247
1.506280183792
1.707170724869
1.560290932655
1.849647283554
1.607680082321
1.694685578346
1.697309136391
1.587860107422
1.545786857605
1.546940922737
1.589120388031
1.683645606041
1.697188258171
1.677789926529
1.548539996147
1.522952556610
1.543367028236
1.525441646576
1.633931398392
1.606299519539
1.634392023087
1.557961463928
1.581260681152
1.642458915710
1.656488418579
1.744819164276
1.542824029922
1.531067848206
1.479877829552
1.539372086525
1.475475549698
1.614438772202
1.603741884232
1.671842813492
1.526806354523
1.490287542343
1.588426589966
1.658663034439
2.227121591568
1.808095455170
1.664620041847
1.582900524139
1.530306339264
1.608487129211
1.547022938728
1.797440052032
1.646228194237
1.610758066177
1.550844669342
1.582396984100
1.836225867271
1.592401027679
1.560270547867
1.489128947258
1.494215607643
1.563647031784
1.597219347954
2.030535936356
1.586909174919
1.570598840714
1.505986213684
1.529843449593
1.539916276932
1.588945627213
1.660586476326
1.600185632706
1.606817603111
1.512707471848
1.541896343231
1.615906476974
1.744287610054
1.951974749565
1.592099666595
1.692407727242
1.538000106812
1.600463151932
1.614091873169
1.755223393440
1.549846172333
1.527664422989
1.546904325485
1.581816434860
1.678261041641
1.621108293533
1.602083683014
1.476643085480
1.533610224724
1.499859809875
1.657744407654
1.574631571770
1.670105099678
1.488664746284
1.557568073273
1.492155909538
1.603058576584
1.540610313416
1.654978394508
1.605147957802
1.607863903046
1.488776683807
1.628635287285
1.570055365562
1.718646049500
1.589379429817
1.512494325638
1.569080829620
1.566665887833
1.789293527603
1.724647760391
1.752107381821
1.562085747719
1.508418440819
1.477049469948
1.526975870132
1.534555912018
1.798728108406
1.525153756142
1.612419009209
1.449646234512
1.608737826347
1.470845937729
1.684009075165
1.499299287796
1.610770702362
1.471583127975
1.516714215279
1.509688258171
1.614283204079
1.736693859100
1.647492885590
1.588505864143
1.483675360680
1.555111169815
1.563812494278
1.580223679543
1.577640891075
1.513829469681
1.657901048660
1.564290285110
1.710292339325
1.524125933647
1.515947341919
1.550856113434
1.511957645416
1.590852856636
1.472069859505
1.517994761467
1.451912283897
1.597445487976
1.469378232956
1.653459787369
1.480521440506
1.656352996826
1.478523612022
1.610147595406
1.526768326759
1.656744480133
1.611307501793
1.642672300339
1.573751211166
1.674416542053
1.547820925713
1.483790040016
1.470128297806
1.459955811501
1.539876937866
1.560086488724
1.746171474457
1.631170749664
1.496293783188
1.483251333237
1.614369630814
1.716476202011
2.049093008041
1.625881314278
1.592229366302
1.438027381897
1.508255004883
1.416441798210
1.519626617432
1.415676474571
1.689972877502
1.491522192955
1.678942203522
1.530328273773
1.467648267746
1.689391493797
1.579453706741
1.554561257362
1.456251144409
1.468799591064
1.469822764397
1.695780396461
1.744163632393
1.594144582748
1.516491413116
1.442620515823
1.585012793541
1.514563441277
1.771923780441
1.532994627953
1.603661060333
1.502731323242
1.518098115921
1.576534032822
1.582030534744
1.590570092201
1.467897415161
1.499634146690
1.452063441277
1.646986365318
1.600725173950
1.687646627426
1.509166240692
1.616785526276
1.569128155708
1.605981707573
1.468091726303
1.414142131805
1.455127239227
1.413813591003
1.612127304077
1.634271264076
1.781237125397
1.651443719864
1.453731060028
1.660451531410
1.502389192581
1.652411103249
1.444815158844
1.539526820183
1.511663794518
1.640684485435
1.657165288925
1.487472772598
1.470304608345
1.414026141167
1.444246888161
1.428564190865
1.505443096161
1.595276832581
1.604681611061
1.596871852875
1.446797609329
1.690819501877
1.474538683891
1.611599206924
1.397886991501
1.471183776855
1.397917866707
1.594208240509
1.725415349007
1.722998261452
1.527501583099
1.418547153473
1.506063580513
1.464032292366
1.675561308861
1.573103666306
1.453913688660
1.496551156044
1.430832624435
1.558249473572
1.501919031143
1.566274046898
1.446268916130
1.421543121338
1.431972980499
1.439690947533
1.542626380920
1.630534052849
1.508474230766
1.497663974762
1.502245783806
1.563284873962
1.616290688515
1.470871686935
1.573680162430
1.465116262436
1.754527807236
1.598720908165
1.624263644218
1.580605387688
1.422231674194
1.512941837311
1.435593366623
1.689939737320
1.461557388306
1.522901654243
1.449164271355
1.583174347878
1.751073718071
1.560361146927
1.498957514763
1.443040609360
1.435143113136
1.514101505280
1.462410926819
1.623182773590
1.423386216164
1.518878221512
1.417464017868
1.488503217697
1.511600494385
1.573372244835
1.592326402664
1.492508053780
1.567824482918
1.526661515236
1.559601068497
1.481116533279
1.576992988586
1.412027239799
1.613450527191
1.438151001930
1.619118928909
1.458658218384
1.498773336411
1.509805202484
1.568878173828
1.674452900887
1.530139446259
1.423010110855
1.478339433670
1.434896230698
1.666532158852
1.450145363808
1.530488252640
1.388416528702
1.444121837616
1.474108338356
1.564359188080
1.570460915565
1.445913434029
1.458237886429
1.557219743729
1.656664490700
1.577644348145
1.480916857719
1.408873438835
1.542322278023
1.548473477364
1.654047846794
1.420199036598
1.510465502739
1.418049097061
1.648192882538
1.458894014359
1.582422256470
1.460998773575
1.496629476547
1.482088446617
1.457425832748
1.597587227821
1.512820720673
1.619877338409
1.419606924057
1.413232088089
1.404460549355
1.530693769455
1.567977666855
1.711649775505
1.462730646133
1.402579784393
1.413100123405
1.466434836388
1.608312964439
1.644783496857
1.555022478104
1.452939271927
1.465990304947
1.463223457336
1.689457297325
1.638891816139
1.534944772720
1.388454318047
1.486620545387
1.453493714333
1.650318622589
1.444834589958
1.521912574768
1.395990014076
1.537626743317
1.474038839340
1.599057555199
1.395498394966
1.509804129601
1.394987225533
1.636478066444
1.475836277008
1.496547341347
1.390475749969
1.434650897980
1.462783098221
1.485865712166
1.512749552727
1.475078344345
1.420598030090
1.614618062973
1.540907144547
1.523678541183
1.450114607811
1.462158203125
1.536670207977
1.493562936783
1.418920040131
1.506458759308
1.473564386368
1.520433187485
1.402243137360
1.480824470520
1.412428855896
1.620077848434
1.477476358414
1.614591836929
1.407193422318
1.601908802986
1.526948094368
1.544821739197
1.651633024216
1.403155565262
1.487461328506
1.326947808266
1.457221508026
1.319153308868
1.552083969116
1.372467279434
1.639974713326
1.376176476479
1.398804545403
1.442235231400
1.441429376602
1.570109367371
1.417224407196
1.383022069931
1.403398036957
1.542977213860
1.619070053101
1.595185995102
1.359975337982
1.457807660103
1.454626798630
1.636777162552
1.423359632492
1.362970590591
1.369994044304
1.374686002731
1.448423385620
1.618833899498
1.468104600906
1.418081879616
1.357311725616
1.428108930588
1.405202269554
1.611292600632
1.642127633095
1.629881143570
1.422285199165
1.449243783951
1.403738260269
1.697842240334
1.419424653053
1.485073328018
1.342080116272
1.427364826202
1.488075256348
1.715307593346
1.803350090981
1.652362227440
1.357619047165
1.442803859711
1.345490813255
1.561605215073
1.463438749313
1.726612329483
1.522793412209
1.401456594467
1.541985154152
1.436461687088
1.511023879051
1.417377948761
1.390685677528
1.476195096970
1.499164104462
1.457624197006
1.373908996582
1.376295089722
1.415294170380
1.432565331459
1.473403215408
1.398853063583
1.456582546234
1.437380790710
1.621760249138
1.482573032379
1.465176343918
1.332960367203
1.514351367950
1.389604091644
1.598812699318
1.435242414474
1.389760375023
1.464586019516
1.429454803467
1.543794870377
1.385236740112
1.552249431610
1.470505118370
1.391121029854
1.401962995529
1.377962350845
1.537005782127
1.674277067184
1.624786973000
1.724364995956
1.408740401268
1.493178248405
1.338463664055
1.455271840096
1.468651294708
1.564322233200
1.434954881668
1.404905080795
1.377279758453
1.463082313538
1.445863723755
1.581534266472
1.399825096130
1.502346277237
1.360284566879
1.448885679245
1.455815911293
1.467678785324
1.476131320000
1.382930040359
1.420586824417
1.373331904411
1.473020911217
1.448544025421
1.514264345169
1.389208197594
