4.139310359955
4.135328769684
4.131417274475
4.127558708191
4.123729705811
4.119938850403
4.116160869598
4.112393379211
4.108661651611
4.104947566986
4.101271152496
4.097628593445
4.093997955322
4.090363025665
4.086725711823
4.083079814911
4.079417705536
4.075763225555
4.072096824646
4.068399906158
4.064691066742
4.060950756073
4.057168960571
4.053343296051
4.049477577209
4.045545101166
4.041558265686
4.037490844727
4.033325672150
4.029047489166
4.024653434753
4.020123958588
4.015432357788
4.010588645935
4.005532264709
4.000265121460
3.994703769684
3.988787412643
3.982480525970
3.975741386414
3.968551635742
3.960858106613
3.952614307404
3.943834781647
3.934494495392
3.924583673477
3.914216279984
3.903419733047
3.892218112946
3.880652666092
3.868917942047
3.857295513153
3.845905065536
3.833656311035
3.823989391327
3.809821128845
3.822584152222
3.870954990387
4.320757389069
3.901704072952
3.886704206467
3.874694347382
3.862296342850
3.848739862442
3.834045171738
3.818588256836
3.802641391754
3.786923885345
3.771481990814
3.757049560547
3.743492603302
3.730752468109
3.719051837921
3.708398342133
3.699073314667
3.690346956253
3.682387828827
3.674380779266
3.667915582657
3.659824371338
3.657227039337
3.647042274475
3.682954788208
3.757711887360
4.200913429260
3.757277965546
3.731418132782
3.709288597107
3.689608097076
3.671703338623
3.655266284943
3.640748500824
3.628012180328
3.616392135620
3.606155872345
3.597859382629
3.590726613998
3.584102630615
3.578023433685
3.572808265686
3.567352056503
3.562851905823
3.557715892792
3.553188323975
3.548027992249
3.544620513916
3.538338184357
3.538823843002
3.530573129654
3.583732128143
3.720632553101
4.100041389465
3.692503452301
3.648392677307
3.611775875092
3.583571910858
3.561757087708
3.544361591339
3.529760360718
3.517425060272
3.507138013840
3.498151302338
3.490187406540
3.482964515686
3.476604700089
3.470388412476
3.465114116669
3.459375858307
3.454073429108
3.449625015259
3.443858146667
3.439623355865
3.433401584625
3.432286739349
3.427325487137
3.473486423492
3.623134851456
4.040778160095
3.612411975861
3.561578750610
3.519566535950
3.486612319946
3.460248708725
3.438005924225
3.419559955597
3.406066656113
3.396127462387
3.387666940689
3.380319118500
3.373419284821
3.367393732071
3.360978603363
3.356794357300
3.351034164429
3.366717815399
3.421797752380
3.630314588547
3.390915870667
3.412827491760
3.403244018555
3.503674507141
3.376750946045
3.398831129074
3.342218875885
3.360989570618
3.333111524582
3.383584260941
3.364217281342
3.482465505600
3.351251840591
3.353656053543
3.301451206207
3.299319744110
3.283888101578
3.286343097687
3.277500152588
3.312753677368
3.338927745819
3.535208225250
3.357227325439
3.300777912140
3.268857479095
3.257514476776
3.246734619141
3.259438991547
3.338637590408
3.519746065140
3.494049072266
3.411754131317
3.336550712585
3.312674522400
3.287796020508
3.266646862030
3.249819993973
3.236239671707
3.225105285645
3.214787006378
3.205253124237
3.197174310684
3.189604759216
3.182939291000
3.176265716553
3.171045064926
3.165155410767
3.167135238647
3.189231157303
3.440062522888
3.636001586914
3.504169940948
3.304233074188
3.251056671143
3.224768400192
3.203614473343
3.186098098755
3.169990539551
3.157518625259
3.146914482117
3.138710498810
3.130820512772
3.125281810760
3.120995521545
3.126050472260
3.162685155869
3.243327856064
3.398101806641
3.280441761017
3.201578378677
3.179032325745
3.132363796234
3.128165721893
3.106705188751
3.123648166656
3.128379821777
3.271901130676
3.284348964691
3.250680923462
3.113979578018
3.091880798340
3.075491189957
3.065653800964
3.056910991669
3.049732923508
3.043534755707
3.038249015808
3.034147024155
3.035261392593
3.054015874863
3.170495033264
3.208630561829
3.246529579163
3.202650547028
3.094968557358
3.096235752106
3.047657966614
3.051561832428
3.027982711792
3.048667430878
3.070562362671
3.207470655441
3.158213138580
3.123218297958
3.030046939850
3.013495922089
2.993429183960
2.986281871796
2.979015350342
2.977770805359
2.982910633087
3.011733531952
3.086371183395
3.220169067383
3.108143806458
3.038449048996
3.003249645233
3.036059856415
3.071637630463
3.191454410553
3.056738615036
3.046325206757
2.984835147858
2.967105388641
2.951280355453
2.945432901382
2.940658092499
2.950710773468
2.969435214996
3.045630931854
3.075468778610
3.075890541077
2.966014862061
2.951680660248
2.932219743729
2.949694633484
3.005884647369
2.990718603134
2.953823089600
2.910542488098
2.911715507507
2.910313129425
2.989162445068
2.989686012268
2.993371963501
2.931173324585
2.917446851730
2.936521053314
2.968429327011
2.970575094223
3.009945392609
2.931639909744
2.931100368500
2.899469375610
2.893154621124
2.870002508163
2.869413614273
2.854941844940
2.871628522873
2.877827644348
2.945348978043
2.988075733185
2.963471889496
2.863614559174
2.839485645294
2.825371265411
2.833917140961
2.850661993027
2.912504673004
2.999183654785
2.961321830750
2.919392108917
2.834733963013
2.810026407242
2.801874160767
2.801616907120
2.835311412811
2.929084777832
2.953279972076
2.892574787140
2.833470582962
2.819953918457
2.789929151535
2.786431312561
2.785035848618
2.799221038818
2.816502332687
2.902123212814
2.817222595215
2.811224460602
2.754826068878
2.758102655411
2.742693901062
2.795917034149
2.880780220032
2.853114604950
2.810234785080
2.743445873260
2.777002811432
2.955272674561
3.132044076920
2.992604494095
2.857722997665
2.784819602966
2.752455949783
2.733116149902
2.717244863510
2.709047079086
2.700330972672
2.704007148743
2.702863693237
2.741562604904
2.789088487625
2.802489280701
2.822115421295
2.800873994827
2.835358619690
2.820202589035
2.750378847122
2.707265377045
2.711289167404
2.700319766998
2.739863634109
2.741246938705
2.734891891479
2.691316366196
2.668513774872
2.661284208298
2.655593156815
2.662545204163
2.673268556595
2.725446701050
2.821428537369
2.942805767059
2.838062047958
2.751638889313
2.713388919830
2.713126420975
2.738607883453
2.732834339142
2.686364650726
2.641499042511
2.624386787415
2.629843711853
2.666355609894
2.744371652603
2.848223686218
2.749748945236
2.694691419601
2.625209331512
2.606261253357
2.588332176208
2.588352203369
2.579789400101
2.607545375824
2.635684013367
2.719449520111
2.712352037430
2.596114635468
2.590115070343
2.581401824951
2.637222766876
2.784301996231
2.909417629242
2.759400129318
2.658942222595
2.613790512085
2.586481571198
2.570446252823
2.583227872849
2.587483882904
2.644081592560
2.696701526642
2.621416330338
2.610740184784
2.608810186386
2.683415412903
2.718267202377
2.618016719818
2.563783407211
2.544648647308
2.528958320618
2.530038118362
2.537359476089
2.568495512009
2.622210502625
2.611445903778
2.586011886597
2.570827484131
2.562747478485
2.609591007233
2.732140541077
2.638604640961
2.544311761856
2.539076328278
2.526977300644
2.620081901550
2.664469242096
2.538319826126
2.509606122971
2.508549213409
2.625401496887
2.560234069824
2.563940763474
2.497163295746
2.480423450470
2.467790126801
2.476837396622
2.514272689819
2.625217199326
2.903669834137
2.886264324188
2.686375617981
2.599354267120
2.529292821884
2.514639377594
2.489689826965
2.528721570969
2.579697370529
2.607308864594
2.546374559402
2.475111484528
2.438981294632
2.435088872910
2.416486978531
2.420235157013
2.408377647400
2.426803112030
2.452558040619
2.682429313660
2.779936313629
2.672206640244
2.562907695770
2.480255365372
2.451351881027
2.425010919571
2.450783252716
2.465687274933
2.548882961273
2.611797332764
2.428981304169
2.404400587082
2.387432575226
2.384382247925
2.391436100006
2.459154129028
2.658166408539
2.660195112228
2.520781278610
2.432577848434
2.419831037521
2.418010234833
2.489868640900
2.619790077209
2.674248218536
2.492325305939
2.436271429062
2.379087686539
2.376786231995
2.360779762268
2.385625839233
2.393180847168
2.520863533020
2.589066982269
2.408201694489
2.384804487228
2.369981765747
2.382288217545
2.441211462021
2.561857461929
2.501876831055
2.416428089142
2.380578756332
2.386744737625
2.496558189392
2.622063398361
2.548361301422
2.433630943298
2.355273246765
2.333523988724
2.320504426956
2.328305721283
2.342839956284
2.472896099091
2.525832653046
2.462500810623
2.335733890533
2.342018604279
2.339635610580
2.447715282440
2.526397466660
2.418639898300
2.362879037857
2.323306083679
2.358802318573
2.408643245697
2.570294618607
2.553516626358
2.372002124786
2.343218326569
2.305591583252
2.333106756210
2.343798637390
2.420460939407
2.446261405945
2.370709180832
2.351691246033
2.369407415390
2.387561559677
2.374362707138
2.347380161285
2.321765184402
2.298726081848
2.313930511475
2.309437751770
2.354026794434
2.361635208130
2.373918533325
2.406533241272
2.499844074249
2.450585365295
2.311354160309
2.262944459915
2.248879909515
2.234266996384
2.236090421677
2.223048210144
2.246747016907
2.252574205399
2.450984477997
2.690204143524
2.518217563629
2.465337991714
2.392644882202
2.287337064743
2.257509469986
2.249526500702
2.242413043976
2.273088455200
2.335633516312
2.416493415833
2.404603004456
2.296439170837
2.257453203201
2.230017185211
2.238485336304
2.244569778442
2.321016311646
2.346316814423
2.357321500778
2.343119859695
2.332570075989
2.294353961945
2.246140003204
2.256594657898
2.227905035019
2.277219057083
2.299821853638
2.300890445709
2.287866115570
2.304021835327
2.313833951950
2.285899639130
2.225718021393
2.230985403061
2.225806236267
2.292721271515
2.324748516083
2.397256374359
2.426281213760
2.379432916641
2.263018608093
2.225027799606
2.197884559631
2.237010717392
2.247398376465
2.300235033035
2.248401165009
2.230873823166
2.189649343491
2.222697973251
2.276478767395
2.281069040298
2.300573825836
2.247243165970
2.239098548889
2.229400157928
2.292727231979
2.298410654068
2.257530212402
2.204643249512
2.181814670563
2.182474136353
2.237522125244
2.252243995667
2.281229257584
2.150891304016
2.137466430664
2.117684364319
2.147058010101
2.148407459259
2.321638345718
2.478708267212
2.243996143341
2.205070972443
2.145076751709
2.140120029449
2.147521972656
2.187073230743
2.247321128845
2.291016101837
2.262906074524
2.270992279053
2.235413551331
2.296521902084
2.202252149582
2.147245883942
2.112809658051
2.120340347290
2.116068124771
2.206828594208
2.266383647919
2.270456075668
2.165423154831
2.174418687820
2.192644834518
2.205559253693
2.176456689835
2.149426937103
2.184886693954
2.185447216034
2.321647167206
2.298110723495
2.196290969849
2.115203380585
2.092334270477
2.081691265106
2.095847845078
2.135806083679
2.211430072784
2.326430320740
2.142791748047
2.082501173019
2.073341369629
2.060606479645
2.107218742371
2.181769371033
2.266702651978
2.263083457947
2.178060531616
2.158968925476
2.155261754990
2.153248786926
2.185167312622
2.119298696518
2.161914825439
2.162856340408
2.173927307129
2.168095350266
2.122845649719
2.069448471069
2.082766532898
2.055946826935
2.103337764740
2.138470172882
2.313616275787
2.465899705887
2.361876249313
2.222882270813
2.159097671509
2.101758480072
2.103456735611
2.102876901627
2.179728507996
2.212098836899
2.123444080353
2.059081554413
2.050694227219
2.044797420502
2.092072486877
2.152435541153
2.199028253555
2.085433721542
2.023793697357
2.039540767670
2.024172306061
2.090532541275
2.095845937729
2.150329589844
2.059169292450
2.062564849854
2.157096862793
2.246944904327
2.256134510040
2.207316875458
2.121850252151
2.063296794891
2.033054828644
2.063088178635
2.052610874176
2.131567716599
2.093648910522
2.090066194534
2.026478290558
2.041170358658
2.021431922913
2.074600458145
2.117072105408
2.199771404266
2.109043598175
2.088710784912
2.018820524216
2.010805606842
2.033379077911
2.101219415665
2.130247831345
2.147302389145
2.074443101883
2.046705722809
2.033860206604
2.083543062210
2.104331254959
2.078556537628
2.041945934296
2.021958827972
2.044483184814
2.088857173920
2.158035993576
2.093302726746
2.033228158951
2.007479429245
2.031347274780
2.062611579895
2.119101047516
2.078835964203
2.031147480011
1.978714466095
1.994605302811
2.012084960938
2.027349710464
2.113068342209
2.058382749557
2.072171688080
2.000484704971
2.003207921982
2.022409200668
2.130450963974
2.263449668884
2.120275735855
1.984502792358
1.952937126160
1.927528619766
1.928883314133
1.915829658508
1.939514517784
1.947197198868
2.131353378296
2.214088439941
2.053681612015
1.955880999565
1.934495806694
1.925442099571
1.940428256989
1.947891712189
2.032308340073
2.090328931808
2.085503816605
2.073701620102
1.982060670853
1.966879010201
2.088416099548
2.133574962616
2.160580635071
2.072811126709
1.992279529572
2.000442981720
1.982692122459
2.043375730515
2.057057380676
2.022320270538
2.010569095612
1.959409117699
1.976053595543
1.971316099167
2.042904853821
2.015303134918
2.019314527512
1.977064847946
2.012224674225
2.032334327698
2.011067867279
1.936059951782
1.956140041351
1.937086343765
2.006612777710
1.970016360283
1.934070467949
1.912434339523
1.925111651421
1.981010675430
2.120560646057
2.251099824905
2.092014789581
2.031847953796
1.932525157928
1.914713382721
1.890912175179
1.943620920181
1.978079199791
2.164541959763
2.070804834366
1.961303591728
1.906082510948
1.921652793884
1.918694376945
1.976596117020
1.977296113968
1.976016283035
1.927015066147
1.978882431984
1.977113485336
2.043023109436
1.981843709946
1.932988286018
1.905677795410
1.973671913147
2.071507930756
2.087933301926
1.965791702271
1.910900115967
1.864162683487
1.873531460762
1.852707028389
1.914708495140
1.947556495667
2.123301982880
2.043472290039
1.877331495285
1.850304603577
1.843504190445
1.839018940926
1.855480670929
1.910585880280
2.170883655548
2.093400478363
2.043912649155
1.904125809669
1.869565010071
1.843130707741
1.915113925934
1.943475961685
2.140526771545
2.036265611649
1.938235521317
1.931913614273
1.916652798653
1.950945496559
2.048389673233
1.975963354111
1.929272770882
1.880771279335
1.883768796921
1.854531884193
1.894628047943
1.887530565262
1.990978002548
2.000345945358
1.931907892227
1.875782489777
1.869367122650
1.907259106636
1.955453872681
1.928714871407
1.846437215805
1.838497757912
1.823139071465
1.853462338448
1.933955311775
2.116127252579
2.246734619141
2.082632064819
2.079531908035
1.910743236542
1.844687342644
1.838635087013
1.812560200691
1.877032637596
1.905272483826
2.085051536560
2.002810955048
1.887761592865
1.867178201675
1.843476891518
1.911391019821
1.948374867439
1.997990489006
1.878065466881
1.812890291214
1.827605366707
1.824077606201
1.937078356743
1.950433611870
1.975164413452
1.946762681007
1.977265238762
1.975372672081
1.890352487564
1.837600827217
1.830915808678
1.827432870865
1.889358520508
1.922103643417
1.908508658409
1.871929168701
1.890623688698
1.874993562698
1.938038110733
1.874808549881
1.883056879044
1.831178545952
1.882886290550
1.884278178215
1.948848247528
1.887290954590
1.842156410217
1.896808505058
1.869918346405
1.962726712227
1.853179693222
1.808353662491
1.811274290085
1.822148919106
1.951446294785
1.859865665436
1.879324555397
1.788257718086
1.814634323120
1.818705439568
1.940045356750
1.884118318558
1.902862906456
1.844226360321
1.791906952858
1.880825519562
1.855443716049
1.917755842209
1.875949263573
1.888582348824
1.830689549446
1.903879523277
1.865405678749
1.896247744560
1.791988372803
1.793487071991
1.773616194725
1.840394496918
1.907059311867
1.935802578926
2.025115013123
1.968038797379
1.891023993492
1.847525715828
1.785388588905
1.781573891640
1.781414270401
1.826425194740
1.870990276337
1.906591296196
1.856309890747
1.816292405128
1.765660762787
1.808415174484
1.857302665710
2.010612726212
1.948488354683
1.806768298149
1.755352973938
1.747024536133
1.745410561562
1.764988899231
1.823126316071
1.885946035385
1.915983915329
1.825862169266
1.757805466652
1.824208378792
1.824413895607
1.895761728287
1.807157874107
1.784690141678
1.780604362488
1.910239934921
2.080690622330
2.090736865997
2.117430448532
1.879287242889
1.787112474442
1.749379158020
1.758009910583
1.741842269897
1.800089597702
1.836674451828
1.875061273575
1.815474390984
1.778602361679
1.717491865158
1.720811724663
1.705174803734
1.720272898674
1.730264425278
1.808700919151
1.954022645950
2.047998666763
2.002442598343
1.910531997681
1.775627136230
1.751283407211
1.723842024803
1.764630556107
1.784384250641
1.890556335449
1.835142850876
1.753749847412
1.714325666428
1.719957351685
1.750442981720
1.800132036209
1.935707569122
1.841634750366
1.789591670036
1.758767485619
1.830413579941
1.860154509544
1.823899030685
1.785862445831
1.797143220901
1.883074998856
1.887230873108
1.820536375046
1.779065608978
1.755549669266
1.807552099228
1.787515163422
1.864296078682
1.743674516678
1.738485574722
1.693432450294
1.752262830734
1.764070868492
1.935577630997
1.854126095772
1.743417382240
1.708562850952
1.711602926254
1.723533272743
1.833427190781
1.874603033066
1.818588495255
1.788688540459
1.784485340118
1.790388703346
1.802304983139
1.763375997543
1.760246515274
1.738938450813
1.762362957001
1.750954270363
1.828700780869
1.854155778885
1.872984290123
1.837456226349
1.732472896576
1.761540651321
1.694307208061
1.802014708519
1.776818156242
1.888463377953
1.796563267708
1.721134901047
1.695664286613
1.731832981110
1.789840102196
1.741703867912
1.738799452782
1.682093858719
1.673341512680
1.700565814972
1.747249960899
1.854274034500
1.757812500000
1.759028553963
1.681294322014
1.735747218132
1.767605066299
1.908372998238
1.836092710495
1.712411522865
1.668761014938
1.651862144470
1.710419535637
1.813574314117
2.118417739868
1.955244541168
1.825944900513
1.800891041756
1.714807152748
1.773950815201
1.737972497940
1.806648015976
1.763323068619
1.736766457558
1.661502838135
1.666102409363
1.633341789246
1.669160246849
1.663892745972
1.796516656876
1.832547664642
1.798627972603
1.746488094330
1.693464398384
1.769665360451
1.850652694702
1.778727531433
1.685379981995
1.663292646408
1.654176115990
1.737066984177
1.784324407578
1.875875473022
1.741726398468
1.656993150711
1.626339673996
1.666951894760
1.666828870773
1.862930297852
1.886699199677
1.866365790367
1.700508356094
1.671952247620
1.671834707260
1.735657215118
1.736299037933
1.738396048546
1.674918889999
1.674132108688
1.722412347794
1.846566557884
2.169656038284
1.841438055038
1.674594283104
1.638099670410
1.619863390923
1.612213611603
1.609076261520
1.622886538506
1.644978284836
1.799682140350
1.774818181992
1.790088891983
1.691083312035
1.676507592201
1.830406904221
1.820518136024
1.774772763252
1.702747106552
1.644321203232
1.753610491753
1.763295650482
1.791984796524
1.676470875740
1.660995483398
1.623405575752
1.656001091003
1.680025577545
1.802904725075
1.869222879410
1.741036653519
1.669819474220
1.603260755539
1.713728547096
1.759395360947
1.986235499382
1.736859917641
1.659626483917
1.642858386040
1.703488111496
1.819402933121
1.717634320259
1.656996726990
1.610105037689
1.601168990135
1.617378830910
1.682216882706
1.810626029968
1.856730699539
1.771995782852
1.658663153648
1.589592576027
1.595713973045
1.575918436050
1.604449152946
1.617647171021
1.736312031746
1.863400101662
1.726558685303
1.690809965134
1.581825256348
1.610793590546
1.607600808144
1.822759151459
1.827314615250
1.765573501587
1.650154471397
1.705240964890
1.676002025604
1.747224807739
1.667597532272
1.743332862854
1.698336482048
1.673504590988
1.634614467621
1.643550992012
1.712034821510
1.691554903984
1.690190196037
1.589873313904
1.621289253235
1.573049545288
1.665096640587
1.660320639610
1.781320333481
1.711525440216
1.677439689636
1.763667345047
1.844731092453
1.783015608788
1.721021890640
1.606056690216
1.669929504395
1.681495070457
1.793128609657
1.691260099411
1.653629899025
1.588419556618
1.648689389229
1.739370703697
1.732690215111
1.639592409134
1.589796900749
1.566363573074
1.574559092522
1.590630531311
1.678209543228
1.706738710403
1.741882085800
1.597473621368
1.665517091751
1.669463276863
1.774444818497
1.745642304420
1.714219450951
1.645980834961
1.599273324013
1.639065146446
1.652248740196
1.664777517319
1.647528886795
1.636080026627
1.644098877907
1.649179339409
1.678840279579
1.658289551735
1.745249629021
1.708643913269
1.691739559174
1.578726649284
1.671702623367
1.688865423203
1.756053090096
1.606152057648
1.608834028244
1.570484399796
1.625328779221
1.670651435852
1.725311040878
1.671812891960
1.574634313583
1.571353554726
1.564815759659
1.645988583565
1.680619955063
1.825205326080
1.879587292671
1.853659749031
1.628358364105
1.656341314316
1.560302734375
1.619460701942
1.647319436073
1.686299562454
1.610681772232
1.605651140213
1.576516747475
1.653838038445
1.691647887230
1.691387414932
1.610729336739
1.579869747162
1.557676792145
1.586328506470
1.601617813110
1.644023299217
1.615579128265
1.662311077118
1.625884771347
1.717500209808
1.619722247124
1.643098354340
1.594658851624
1.730655074120
1.714884281158
1.708050847054
1.585678815842
1.562224030495
1.524093389511
1.563008904457
1.555121898651
1.621288061142
1.617606878281
1.580588936806
1.568059206009
1.644573330879
1.792278051376
1.639147877693
1.594131946564
1.534755825996
1.565404653549
1.589594960213
1.674185991287
1.686976194382
1.690098166466
1.811091423035
1.849034309387
1.698502063751
1.594705700874
1.543326854706
1.556688666344
1.570999503136
1.615815520287
1.679179668427
1.589371919632
1.590758442879
1.537408351898
1.651690483093
1.589064121246
1.658787846565
1.562942981720
1.567333102226
1.528141736984
1.561909198761
1.567215323448
1.615308761597
1.616942048073
1.619596004486
1.613445162773
1.873743176460
1.722768425941
1.572419643402
1.565870523453
1.544982910156
1.636904716492
1.715092778206
1.725997924805
1.615983128548
1.583509564400
1.583114981651
1.780921220779
1.798080563545
1.678787589073
1.569796204567
1.512320280075
1.516993641853
1.493883848190
1.537462711334
1.596192121506
1.714388728142
1.823381066322
1.674105405807
1.518153429031
1.521422863007
1.510651588440
1.634508371353
1.635126471519
1.676197886467
1.522443175316
1.555851101875
1.561898708344
1.833312749863
1.717995643616
1.652371287346
1.567679524422
1.550948619843
1.576334714890
1.699108600616
1.682131052017
1.664255380630
1.666437268257
1.656543731689
1.583379626274
1.531652212143
1.528933882713
1.561672449112
1.673701882362
1.646612524986
1.605797410011
1.503518581390
1.478863716125
1.499360203743
1.489177346230
1.588336467743
1.606623291969
1.638088703156
1.528637170792
1.559324979782
1.550813078880
1.658636450768
1.586733341217
1.554368138313
1.459980368614
1.492709398270
1.441004753113
1.511109352112
1.490532875061
1.741649866104
1.639195203781
1.553507804871
1.476601123810
1.520232200623
1.661788582802
2.048476219177
1.995519638062
1.699434161186
1.574744820595
1.510377168655
1.534055233002
1.542786359787
1.652418613434
1.591741919518
1.490218877792
1.536177158356
1.531218051910
1.793817877769
1.623115658760
1.490195274353
1.473031997681
1.467720389366
1.489160180092
1.665365815163
1.868558526039
1.733423471451
1.514079570770
1.497276067734
1.468794226646
1.509385108948
1.546022057533
1.628188014030
1.628925681114
1.546030402184
1.476562619209
1.497761964798
1.558362483978
1.709511399269
1.831267952919
1.736422419548
1.612967252731
1.543108940125
1.515404701233
1.676281571388
1.683292508125
1.623019695282
1.510990858078
1.486014604568
1.576227188110
1.546213746071
1.669980049133
1.493556857109
1.466121673584
1.451992273331
1.492520809174
1.557644844055
1.585439205170
1.582329392433
1.492785573006
1.492562532425
1.461193084717
1.536486744881
1.496604442596
1.602257728577
1.575069785118
1.597144007683
1.476323127747
1.612612485886
1.569964766502
1.734697818756
1.549509406090
1.458288669586
1.510552763939
1.533655166626
1.652931571007
1.755735278130
1.629211306572
1.590380907059
1.454993724823
1.453651785851
1.451966047287
1.602361202240
1.695379614830
1.711379885674
1.536399364471
1.534704089165
1.456210613251
1.556872129440
1.503747582436
1.572535514832
1.510241508484
1.480578899384
1.468569993973
1.464331746101
1.607278466225
1.625739097595
1.590788483620
1.518833041191
1.465375065804
1.513810634613
1.545250058174
1.610119700432
1.481075048447
1.558310151100
1.505766630173
1.652598738670
1.552782773972
1.490991830826
1.469925880432
1.454755067825
1.522828459740
1.471182465553
1.516582131386
1.440704584122
1.522493958473
1.494332075119
1.557613134384
1.533627986908
1.485507011414
1.555956721306
1.465685606003
1.541153192520
1.453812122345
1.611558914185
1.526657223701
1.583194494247
1.582675457001
1.631161212921
1.554773569107
1.465467333794
1.415895462036
1.437519788742
1.464591026306
1.549777388573
1.664319753647
1.531392931938
1.479922413826
1.431574106216
1.549439907074
1.765898704529
1.897447347641
1.758823275566
1.464747667313
1.446267724037
1.409140944481
1.416785120964
1.415892839432
1.442508816719
1.555287361145
1.523284673691
1.599202871323
1.460440397263
1.527587175369
1.572919726372
1.709878206253
1.539680838585
1.439812660217
1.426925897598
1.438431143761
1.623285651207
1.714083552361
1.574331521988
1.453243374825
1.433099508286
1.483294367790
1.549857854843
1.625259876251
1.602789402008
1.488974094391
1.454992294312
1.457917213440
1.521518707275
1.549299716949
1.535175323486
1.470178365707
1.413257241249
1.468489527702
1.476675868034
1.647765040398
1.576362609863
1.537428140640
1.532308101654
1.606528878212
1.593688011169
1.458945751190
1.400365114212
1.382375240326
1.410255670547
1.486853837967
1.694016575813
1.734163284302
1.510489463806
1.507188081741
1.480216383934
1.641577363014
1.485536456108
1.501741886139
1.428498029709
1.513583302498
1.574630022049
1.580402612686
1.511194348335
1.384910464287
1.384884715080
1.384585022926
1.388286113739
1.496624469757
1.546173691750
1.713065385818
1.511175274849
1.486749649048
1.545202016830
1.534575819969
1.476973533630
1.389162063599
1.367580294609
1.402970552444
1.442296504974
1.818218350410
1.638296127319
1.487988114357
1.440464973450
1.402856469154
1.522653937340
1.579746484756
1.642635345459
1.568063378334
1.372323870659
1.468014478683
1.411486506462
1.547565340996
1.460240244865
1.446729660034
1.387079715729
1.373091220856
1.445488333702
1.447606801987
1.752583026886
1.537636280060
1.451743125916
1.464578866959
1.504775166512
1.478428959846
1.463597297668
1.430723190308
1.520624399185
1.571127176285
1.641114473343
1.567021489143
1.436815738678
1.412677168846
1.423289656639
1.478431701660
1.573384761810
1.522102117538
1.427710533142
1.464686274529
1.507873773575
1.766209244728
1.585536479950
1.440641403198
1.395506143570
1.404047608376
1.450328826904
1.503870368004
1.527656316757
1.463884592056
1.432944536209
1.385330319405
1.435685873032
1.413921117783
1.573162317276
1.492041826248
1.554061651230
1.461261749268
1.503320455551
1.449639320374
1.447623848915
1.424938440323
1.462602496147
1.433829545975
1.518400311470
1.457240343094
1.543723106384
1.423534631729
1.500323295593
1.499182462692
1.655272483826
1.466422080994
1.386048436165
1.397474527359
1.430513858795
1.567461252213
1.544622302055
1.421685218811
1.395578145981
1.343148350716
1.465091943741
1.490850210190
1.587784171104
1.441689610481
1.408457279205
1.536752700806
1.519350171089
1.535324573517
1.374981999397
1.413668632507
1.402245521545
1.662218093872
1.547074079514
1.402992010117
1.393245458603
1.427734851837
1.465291023254
1.480650424957
1.462381362915
1.441754579544
1.435244560242
1.411657691002
1.435525298119
1.472842216492
1.559714436531
1.525449991226
1.400828242302
1.359071850777
1.348938226700
1.451082944870
1.528045177460
1.575701594353
1.404675245285
1.357236504555
1.373310327530
1.407256960869
1.654056906700
1.633444786072
1.496491551399
1.409962177277
1.384516835213
1.391915082932
1.631029367447
1.663281202316
1.508277654648
1.433024883270
1.349386215210
1.548057675362
1.490393400192
1.509659886360
1.408272027969
1.378789424896
1.415656924248
1.452303767204
1.442729592323
1.384467720985
1.354122877121
1.468635082245
1.429400086403
1.606181502342
1.395440578461
1.384036540985
1.355461955070
1.411181330681
1.428578257561
1.435048699379
1.435481190681
1.383047699928
1.565494418144
1.610817193985
1.502578973770
1.378513693810
1.402594208717
1.503304600716
1.416777849197
1.398879647255
1.402261853218
1.473573803902
1.430328369141
1.411886215210
1.361711382866
1.438961863518
1.430788636208
1.584024429321
1.459337234497
1.449831247330
1.454342365265
1.551639556885
1.496429443359
1.555305242538
1.466683864594
1.356858968735
1.344490051270
1.307149887085
1.358925342560
1.349298954010
1.479208827019
1.450051069260
1.390036702156
1.361611962318
1.345096826553
1.517605543137
1.477026581764
1.441848874092
1.360235929489
1.335317492485
1.471429705620
1.563591480255
1.461556434631
1.357548713684
1.346294164658
1.479527115822
1.545528650284
1.454360961914
1.361476421356
1.284962534904
1.375460267067
1.323331594467
1.744593858719
1.444802999496
1.323557615280
1.341739773750
1.313413381577
1.424608111382
1.448168158531
1.711076617241
1.578392982483
1.401165962219
1.367230892181
1.402969121933
1.499621510506
1.480467557907
1.358826160431
1.341274261475
1.310222983360
1.543596863747
1.604019880295
1.814377784729
1.474819421768
1.346955060959
1.323467612267
1.344938993454
1.409356236458
1.527217149734
1.577544331551
1.468253493309
1.376375913620
1.454706668854
1.423515915871
1.461090564728
1.360696554184
1.345277070999
1.407036423683
1.501068949699
1.425705432892
1.343333244324
1.326091051102
1.375005125999
1.399953961372
1.440326094627
1.401177048683
1.348091483116
1.454262375832
1.445613145828
1.552088141441
1.360349655151
1.332384705544
1.390341997147
1.392025828362
1.499231338501
1.332380056381
1.397298574448
1.315664768219
1.497950315475
1.392014622688
1.429474949837
1.452468514442
1.527132749557
1.399335503578
1.311263084412
1.323976516724
1.428282380104
1.471029758453
1.641925334930
1.591261029243
1.508740544319
1.357385396957
1.321417093277
1.371613621712
1.467762947083
1.565535545349
1.409402012825
1.329721331596
1.340387105942
1.343991041183
1.464012265205
1.422479271889
1.454852461815
1.374383449554
1.322417259216
1.384117603302
1.343506336212
1.445701837540
1.313794136047
1.363278508186
1.288796782494
1.344251394272
1.355201721191
1.401594400406
1.519546627998
1.381980657578
