4.133926868439
4.133100986481
4.131924629211
4.130433082581
4.128661155701
4.126645565033
4.124413490295
4.121993064880
4.119405746460
4.116669654846
4.113806247711
4.110830307007
4.107752323151
4.104582786560
4.101329326630
4.098004341125
4.094615936279
4.091168403625
4.087665557861
4.084113121033
4.080509185791
4.076865196228
4.073182582855
4.069464206696
4.065711975098
4.061929702759
4.058121204376
4.054284572601
4.050414085388
4.046512603760
4.042581081390
4.038619041443
4.034625053406
4.030594825745
4.026525974274
4.022418975830
4.018268108368
4.014072418213
4.009827136993
4.005525588989
4.001164436340
3.996736526489
3.992237806320
3.987655878067
3.982979774475
3.978204011917
3.973311424255
3.968294382095
3.963139533997
3.957828998566
3.952354907990
3.946695804596
3.940844535828
3.934779167175
3.928485393524
3.921943664551
3.915142774582
3.908068418503
3.900702714920
3.893030166626
3.885015010834
3.876635789871
3.867858409882
3.858752727509
3.849238395691
3.839262962341
3.828772068024
3.817767143250
3.806266784668
3.794345140457
3.782085418701
3.769693851471
3.757297039032
3.745011806488
3.732878684998
3.720904827118
3.709055423737
3.697340011597
3.685786008835
3.674518823624
3.663492202759
3.652733325958
3.642226457596
3.631982803345
3.621951580048
3.612059593201
3.602267265320
3.592539787292
3.582885265350
3.573335647583
3.564009666443
3.554766893387
3.545807361603
3.537274360657
3.529211282730
3.521656990051
3.514586925507
3.508002758026
3.501858234406
3.495492935181
3.490193843842
3.485318183899
3.480672836304
3.476231336594
3.471984863281
3.467871189117
3.463805198669
3.459740161896
3.455621242523
3.451443672180
3.447189331055
3.442783594131
3.438282012939
3.433725833893
3.429106712341
3.424429893494
3.419729232788
3.415043354034
3.410378932953
3.405715942383
3.401072740555
3.396447658539
3.391836881638
3.387248516083
3.382647991180
3.378037691116
3.373512029648
3.368823528290
3.364110231400
3.359374284744
3.354721546173
3.349882125854
3.345056533813
3.340211868286
3.335308551788
3.330389976501
3.325710058212
3.320701837540
3.315830230713
3.310881137848
3.305989265442
3.301071643829
3.296123981476
3.291231155396
3.286283969879
3.281358718872
3.276392698288
3.271469116211
3.266480445862
3.261571407318
3.256589412689
3.251716852188
3.246669292450
3.242160320282
3.236600399017
3.233098030090
3.226185798645
3.229518413544
3.225770473480
3.318910598755
3.463973522186
3.835160970688
3.292481184006
3.276549339294
3.281188488007
3.278406620026
3.274017333984
3.266556501389
3.254903793335
3.239813327789
3.223255157471
3.207256793976
3.193203449249
3.181835889816
3.173199176788
3.166658163071
3.161495685577
3.157121419907
3.153295755386
3.149914741516
3.146836519241
3.143548965454
3.139706850052
3.135151386261
3.129853963852
3.124174594879
3.118530988693
3.113183498383
3.108149528503
3.103544712067
3.099239826202
3.095252990723
3.091476440430
3.087824344635
3.084316730499
3.080585002899
3.076640605927
3.072521448135
3.068197250366
3.063561677933
3.058845996857
3.053792476654
3.049042701721
3.043570995331
3.040339946747
3.035325050354
3.049668073654
3.090896129608
3.335548877716
3.492467403412
3.171677112579
3.060299396515
3.050072669983
3.051851511002
3.052649497986
3.050167560577
3.044095516205
3.035147666931
3.024838447571
3.014868736267
3.006363630295
2.999413251877
2.993495941162
2.988050460815
2.982718229294
2.977538347244
2.972392320633
2.967189311981
2.962005138397
2.956758499146
2.951499223709
2.946207523346
2.941175937653
2.936274528503
2.931655883789
2.927201271057
2.922729492188
2.918114900589
2.913542509079
2.908740282059
2.904158592224
2.899014472961
2.894601345062
2.888967752457
2.886137962341
2.878858089447
2.882199525833
2.872094631195
2.935758590698
3.025224685669
3.518249511719
3.096991539001
2.881176233292
2.875615596771
2.885046005249
2.892833232880
2.893421649933
2.887261867523
2.877323150635
2.866746664047
2.857452392578
2.849952220917
2.844094038010
2.839166641235
2.834771156311
2.830430030823
2.825613260269
2.820167779922
2.814485311508
2.808689117432
2.803133487701
2.797723770142
2.792814254761
2.788094282150
2.783615112305
2.779026508331
2.774624586105
2.770016670227
2.765694856644
2.761096000671
2.757413864136
2.752560138702
2.749824762344
2.743824005127
2.745421171188
2.734741687775
2.759567499161
2.754985809326
2.983748912811
3.052885055542
3.257053852081
2.877017974854
2.773726940155
2.758999824524
2.762360811234
2.767710685730
2.769252777100
2.764778614044
2.755326747894
2.743787765503
2.733185291290
2.725054740906
2.719309329987
2.714594602585
2.709452867508
2.703548431396
2.697033405304
2.690488815308
2.684386730194
2.678550720215
2.673722743988
2.669806003571
2.665370941162
2.661801815033
2.657964706421
2.653989791870
2.650037765503
2.645958900452
2.642016887665
2.638012647629
2.634367704391
2.630685329437
2.627393484116
2.623784542084
2.620638370514
2.617077827454
2.614143848419
2.610336303711
2.607815027237
2.603459835052
2.601660728455
2.596210002899
2.596645593643
2.588410139084
2.595590591431
2.581265926361
2.614506959915
2.597674846649
2.745687007904
2.731075763702
2.929345130920
2.618656158447
2.577938795090
2.583452224731
2.589416265488
2.581845283508
2.579881668091
2.572944164276
2.567425727844
2.560171127319
2.554402828217
2.547700405121
2.543216466904
2.537626743317
2.535251140594
2.529418945312
2.529280662537
2.521561384201
2.526953458786
2.514981746674
2.544024229050
2.547116994858
2.662379503250
2.692446470261
2.549334526062
2.558051586151
2.519220113754
2.533532142639
2.518767118454
2.521932601929
2.510990381241
2.512060642242
2.500825166702
2.502619028091
2.489381790161
2.495173931122
2.477915525436
2.493277549744
2.467502593994
2.511044979095
2.468820095062
2.589199781418
2.513977289200
2.670469760895
2.491945743561
2.498777627945
2.470937728882
2.457972049713
2.467225074768
2.452287197113
2.459826707840
2.442605972290
2.453222513199
2.432327032089
2.454868316650
2.428263187408
2.486266613007
2.457393646240
2.556319952011
2.485764265060
2.476492881775
2.451485395432
2.418502330780
2.441401243210
2.417245864868
2.431001186371
2.410901308060
2.420032501221
2.401059865952
2.412606000900
2.390146255493
2.411243677139
2.377479314804
2.420552253723
2.364191770554
2.461879491806
2.368531942368
2.539981126785
2.389485836029
2.513135910034
2.393325805664
2.416094303131
2.408165216446
2.387794971466
2.396663427353
2.374536275864
2.389272928238
2.362636566162
2.394160032272
2.359353780746
2.420757055283
2.377089023590
2.448001384735
2.376826286316
2.402986049652
2.365140438080
2.353093147278
2.362023353577
2.340286970139
2.352176189423
2.336141586304
2.341535568237
2.334707021713
2.335690498352
2.344687461853
2.340711116791
2.387396812439
2.371211051941
2.454320907593
2.347873687744
2.404849767685
2.291316032410
2.340383052826
2.290567874908
2.324485778809
2.286533594131
2.319435596466
2.278398275375
2.338944435120
2.286458969116
2.428616523743
2.350107908249
2.426234245300
2.327188968658
2.299606561661
2.321674823761
2.287878036499
2.310266733170
2.281342983246
2.295281410217
2.268542051315
2.288164615631
2.255753040314
2.289816141129
2.242432594299
2.307983636856
2.230272293091
2.351565122604
2.233072519302
2.370826244354
2.231751918793
2.315535545349
2.232145547867
2.288235664368
2.243777275085
2.296066284180
2.255059719086
2.322767734528
2.262205123901
2.305485248566
2.233895301819
2.262346506119
2.226262331009
2.251346111298
2.231306552887
2.250888824463
2.244063138962
2.260793685913
2.269773721695
2.262441396713
2.283542156219
2.224449872971
2.269618511200
2.192932605743
2.249755859375
2.178619146347
2.240141630173
2.171275138855
2.238443136215
2.164634704590
2.252283573151
2.159046888351
2.285033702850
2.158332109451
2.324647903442
2.167343139648
2.338533163071
2.194554805756
2.292775630951
2.209520339966
2.247586727142
2.205071210861
2.212876796722
2.177743911743
2.197596788406
2.161620140076
2.190945148468
2.149395227432
2.197886943817
2.145480632782
2.231929540634
2.165883302689
2.258405685425
2.179399013519
2.177047252655
2.188748836517
2.149046421051
2.209189414978
2.148419618607
2.210291385651
2.140242338181
2.183476209641
2.130175113678
2.155333995819
2.128634214401
2.137454986572
2.140976905823
2.133926153183
2.206647872925
2.169981002808
2.309637546539
2.139867067337
2.185697793961
2.115538120270
2.157341718674
2.114474058151
2.142884731293
2.102581262589
2.142783641815
2.092596054077
2.177111148834
2.103690385818
2.255977869034
2.130609989166
2.202250242233
2.095012187958
2.121304512024
2.110056400299
2.096868753433
2.127217054367
2.089166402817
2.144168615341
2.081653356552
2.166087627411
2.070701122284
2.184331893921
2.063651800156
2.217124462128
2.065086841583
2.203489065170
2.063022851944
2.122161626816
2.075539588928
2.086622714996
2.077012538910
2.075305938721
2.077920913696
2.072954654694
2.095827579498
2.079168319702
2.115914344788
2.069137573242
2.084072351456
2.049472332001
2.068291902542
2.041182994843
2.083780050278
2.044012069702
2.143695831299
2.090512752533
2.213824510574
2.072074651718
2.104423761368
2.022694587708
2.055024623871
2.016995906830
2.050323009491
2.001328945160
2.061427831650
1.987431287766
2.122985363007
2.006048440933
2.255875110626
2.035992145538
2.159412860870
2.050529956818
2.039820671082
2.083742856979
2.034213066101
2.079339504242
2.024643421173
2.112549304962
2.032258987427
2.147002220154
2.033116817474
2.090749740601
2.009746551514
2.047750473022
2.010910987854
2.014671564102
2.013183832169
1.992768764496
2.010139942169
1.982660651207
2.003005027771
1.979061841965
1.996206283569
1.981637477875
1.995329380035
1.999860763550
2.009883642197
2.061945676804
2.031128644943
2.064891338348
1.976495027542
2.031042575836
1.958441495895
2.045163154602
1.967338800430
2.076558828354
2.005512475967
2.103606462479
2.024425268173
2.009428501129
1.969745874405
1.951458930969
1.968995571136
1.938503384590
1.972161531448
1.933625459671
1.989648580551
1.943780303001
2.025208950043
1.961822509766
2.011600971222
1.946195006371
1.966242790222
1.954717159271
1.969739913940
2.013950347900
2.013499021530
2.068858146667
1.980294585228
1.978981137276
1.937748432159
1.953596711159
1.920015692711
1.953213691711
1.906742572784
1.979946613312
1.897683501244
2.073133945465
1.918752193451
2.189319372177
1.938667774200
2.056738853455
1.933755874634
1.968757867813
1.920409440994
1.949808120728
1.910579442978
1.964456319809
1.926801204681
2.036164999008
1.978451967239
2.024082660675
1.911615252495
1.922746062279
1.896141052246
1.902861595154
1.891683936119
1.900324344635
1.902182459831
1.928289890289
1.945088028908
1.984812259674
1.918836593628
1.887438774109
1.897838830948
1.875752449036
1.894872903824
1.875952959061
1.899823904037
1.887338995934
1.931823134422
1.935541987419
1.960378885269
1.922679901123
1.911948680878
1.872844576836
1.880182504654
1.862636089325
1.868266105652
1.864311933517
1.870279908180
1.903304219246
1.929168462753
2.021595478058
1.970717072487
1.993774890900
1.887447357178
1.957598328590
1.860310912132
1.963376760483
1.834100008011
1.944538116455
1.819589376450
1.933535337448
1.806695699692
1.959467649460
1.799657583237
2.006521940231
1.804243803024
1.977314233780
1.826838493347
1.931261777878
1.917587280273
1.909801363945
1.969480514526
1.831672906876
1.887071609497
1.814723253250
1.877218723297
1.801933526993
1.887757778168
1.801079511642
1.956557750702
1.856747269630
2.002930879593
1.863711833954
1.835964441299
1.864726781845
1.815373182297
1.923275589943
1.876132249832
1.972946643829
1.874183893204
1.881981849670
1.826333284378
1.825915813446
1.825343966484
1.805783271790
1.840766668320
1.804901838303
1.917395353317
1.840030908585
2.000442504883
1.828167319298
1.857285261154
1.814247846603
1.817470669746
1.807276964188
1.798657417297
1.808748245239
1.786674261093
1.833044290543
1.791265010834
1.894043087959
1.816148042679
1.914655923843
1.771877765656
1.940361738205
1.770889282227
1.909454822540
1.762394547462
1.869874715805
1.750847578049
1.842741489410
1.743697524071
1.856902122498
1.753669977188
1.909583449364
1.795223236084
1.879129886627
1.798930883408
1.792551994324
1.812861442566
1.771497845650
1.818843364716
1.760249018669
1.811237812042
1.761136054993
1.806866645813
1.797783851624
1.819537162781
1.874468207359
1.781846523285
1.872686624527
1.764214634895
1.863703489304
1.817354202271
1.817136526108
1.847150444984
1.762844800949
1.814493894577
1.740158081055
1.852127909660
1.756443023682
1.991697311401
1.788697242737
1.919646024704
1.726137399673
1.802135467529
1.722062110901
1.780860900879
1.720515489578
1.791788339615
1.718168973923
1.840911984444
1.727398753166
1.888165950775
1.720705032349
1.828843951225
1.722860574722
1.777361869812
1.750042080879
1.798909902573
1.801113367081
1.862239003181
1.801043748856
1.771507740021
1.729786157608
1.741597414017
1.701037883759
1.764376640320
1.685387372971
1.895268678665
1.723627567291
2.049284934998
1.721208810806
1.766609907150
1.738705277443
1.729436874390
1.735330939293
1.712133049965
1.736702442169
1.712342262268
1.778480052948
1.753365278244
1.835598707199
1.780298471451
1.755090713501
1.770213127136
1.740613937378
1.730458259583
1.720769405365
1.697517752647
1.719589948654
1.685993671417
1.727769374847
1.688954114914
1.751417398453
1.725664019585
1.765801191330
1.776893258095
1.682964444160
1.857252597809
1.656090736389
1.973759412766
1.667322397232
1.741326332092
1.680488109589
1.730292320251
1.693063616753
1.726802110672
1.701144695282
1.709718704224
1.695270419121
1.684604048729
1.686869144440
1.677526831627
1.706900119781
1.710599660873
1.779845237732
1.743679046631
1.737757444382
1.680524826050
1.687531828880
1.657589673996
1.675294637680
1.672926545143
1.699596405029
1.831496953964
1.861805438995
1.899286866188
1.847907543182
1.703449368477
1.810976982117
1.651395559311
1.729797601700
1.645940184593
1.701807737350
1.636282444000
1.702237844467
1.631111741066
1.728450059891
1.652847290039
1.799884319305
1.723008751869
1.735894918442
1.682630777359
1.647931814194
1.656417369843
1.615873813629
1.671955585480
1.592246532440
1.739001274109
1.590579032898
1.931895494461
1.630970954895
1.852404475212
1.623382568359
1.654293775558
1.641377329826
1.632057189941
1.640424489975
1.638297080994
1.675835371017
1.743941783905
1.782554388046
1.801172375679
1.642032980919
1.622597217560
1.619978427887
1.623496413231
1.616512537003
1.626127243042
1.639215946198
1.677170991898
1.735661029816
1.766719579697
1.761718034744
1.619965791702
1.677514314651
1.608316183090
1.636093735695
1.607079744339
1.619589209557
1.626393795013
1.629421234131
1.700967669487
1.697756052017
1.815242767334
1.729433059692
1.651141405106
1.671946287155
1.671058654785
1.628294229507
1.659240484238
1.586512565613
1.660414576530
1.564921140671
1.716165661812
1.566435217857
1.815494775772
1.580878734589
1.708239316940
1.579230308533
1.632584333420
1.608271002769
1.612795948982
1.646681070328
1.632142782211
1.663200855255
1.688530206680
1.605774521828
1.699962496758
1.565010428429
1.656251192093
1.547029018402
1.631685972214
1.544759035110
1.646311044693
1.568393945694
1.728833913803
1.606935739517
1.687172532082
1.591242074966
1.574279069901
1.578141212463
1.551988124847
1.584318399429
1.545591592789
1.632220029831
1.575249671936
1.677107453346
1.556282520294
1.745937585831
1.592742443085
1.682442188263
1.571611285210
1.591797232628
1.583765625954
1.625780344009
1.632447600365
1.669150590897
1.592806339264
1.626659393311
1.543143987656
1.661837816238
1.549021482468
1.755401253700
1.542521834373
1.635228395462
1.526878356934
1.617395639420
1.537500381470
1.664091825485
1.577617168427
1.691072940826
1.553817749023
1.592691063881
1.525562286377
1.551468610764
1.523315072060
1.579472303391
1.575169086456
1.819165945053
1.734093666077
1.646542787552
1.600175857544
1.573546528816
1.655272960663
1.563207387924
1.660918474197
1.530031204224
1.594106197357
1.507481336594
1.563084721565
1.494774699211
1.585287690163
1.508468866348
1.703006267548
1.592941641808
1.677652716637
1.591469645500
1.497032165527
1.646124005318
1.491066694260
1.644686460495
1.484210014343
1.605477094650
1.476092576981
1.574487924576
1.470812320709
1.581124782562
1.481365442276
1.664999485016
1.557171821594
1.656276226044
1.589050292969
1.550853967667
1.617230057716
1.535163164139
1.591449737549
1.525853633881
1.566177725792
1.537458181381
1.578089833260
1.622436285019
1.607777714729
1.670548081398
1.533434629440
1.533395767212
1.520115852356
1.511734008789
1.516396045685
1.503695249557
1.549117565155
1.534965634346
1.614331483841
1.536200761795
1.585793972015
1.464220166206
1.603538751602
1.464542388916
1.733120083809
1.488580465317
1.702776432037
1.474969744682
1.565255165100
1.483860850334
1.497143268585
1.483580589294
1.482563495636
1.483621597290
1.492332935333
1.524206161499
1.589425563812
1.666668653488
1.619887590408
1.506282806396
1.502153277397
1.461149215698
1.489133000374
1.456752777100
1.493281602859
1.471751451492
1.551410079002
1.582146406174
1.649266123772
1.587720751762
1.679984927177
1.533027172089
1.555269241333
1.486374616623
1.512172460556
1.463040709496
1.491414785385
1.457279682159
1.507891058922
1.474322080612
1.611649751663
1.496213436127
1.641100645065
1.466931223869
1.509264945984
1.472660303116
1.502180695534
1.479250788689
1.497037887573
1.502849578857
1.491858005524
1.589735031128
1.496784687042
1.620255947113
1.481539011002
1.518964529037
1.441115617752
1.489198684692
1.421153426170
1.510895013809
1.422213077545
1.667331218719
1.483874201775
1.839072704315
1.481442451477
1.510176181793
1.451364994049
1.431683301926
1.444521665573
1.413883924484
1.437031507492
1.400353074074
1.457518577576
1.408925533295
1.550456523895
1.494950294495
1.520773172379
1.514885425568
1.468613624573
1.460343837738
1.437740802765
1.433540821075
1.424929141998
1.419308066368
1.423190593719
1.420965433121
1.432371854782
1.465435981750
1.447558164597
1.711114406586
1.519047737122
1.987622022629
1.620720386505
1.537593483925
1.497919797897
1.461162328720
1.444152235985
1.440644860268
1.417624950409
1.427806138992
1.394437074661
1.442404985428
1.388727307320
1.613987207413
1.533395409584
1.655235767365
1.568683862686
1.463077783585
1.483821153641
1.457849740982
1.447959661484
1.425776958466
1.420826911926
1.420257568359
1.416961193085
1.426296591759
1.448298692703
1.481921195984
1.556038498878
1.505559802055
1.572767972946
1.386801958084
1.490383625031
1.404994726181
1.509635448456
1.387926220894
1.463452458382
1.367334127426
1.439449906349
1.361644029617
1.479499816895
1.390360593796
1.653518438339
1.481178402901
1.565746307373
1.387913227081
1.444206476212
1.392371296883
1.494243383408
1.419479370117
1.557921171188
1.402083158493
1.462394237518
1.378172397614
1.431856870651
1.381593108177
1.485197782516
1.408438682556
1.543308973312
1.394768834114
1.436241149902
1.397421360016
1.385901689529
1.435118436813
1.376420974731
1.539324402809
1.373078227043
1.578129887581
1.350942015648
1.446837186813
1.362025976181
1.446039915085
1.411503434181
1.491948843002
1.467002749443
1.448190689087
1.382759571075
1.371029853821
1.382316231728
1.372917890549
1.441881537437
1.414509057999
1.534975051880
1.382546186447
1.459541082382
1.329364061356
1.398118138313
1.330736398697
1.415684103966
1.346166133881
1.451843500137
1.359380006790
1.436831951141
1.344474077225
1.420322775841
1.383825063705
1.455763697624
1.455613613129
1.425516366959
1.441254138947
1.339451432228
1.394618511200
1.329672574997
1.442249298096
1.355308532715
1.608314633369
1.395702242851
1.504651069641
1.343829154968
1.398055672646
1.338162422180
1.423099279404
1.349811077118
1.522501707077
1.376278519630
1.555253028870
1.349047541618
1.427379131317
1.342873930931
1.392851829529
1.332078099251
1.388757944107
1.329905629158
1.413385629654
1.343870878220
1.475473046303
1.370449066162
1.482121229172
1.380367755890
1.418026447296
1.419367790222
1.390029668808
1.410386085510
1.343953609467
1.414217233658
1.331977486610
1.406676530838
1.310650944710
1.384816169739
1.304817318916
1.403610348701
1.351901769638
1.510994195938
1.467331647873
1.482693791389
1.323790431023
1.375900387764
1.303713321686
1.363374233246
1.293323636055
1.359296798706
1.301163434982
1.374978780746
1.366423010826
1.369106650352
1.428009867668
1.295486211777
1.492920398712
1.305294990540
1.462479591370
1.284988880157
1.342847108841
1.279875516891
1.327424645424
1.279747009277
1.341841459274
1.312232255936
1.456132888794
1.489665865898
1.636276245117
1.699169397354
1.382619857788
1.431522130966
1.330811738968
1.345204949379
1.301671981812
1.317741870880
1.280451774597
1.318961620331
1.258731365204
1.389736890793
1.301880121231
1.662987470627
1.378959774971
1.501938104630
1.515455842018
1.315990209579
1.362794518471
1.325374841690
1.348397016525
1.303620696068
1.354315042496
1.326161265373
1.480545997620
1.468592882156
1.516928195953
1.379202127457
1.284454584122
1.330471634865
1.271945714951
1.369150161743
1.286375403404
1.467802524567
1.324744939804
1.452123165131
1.267246603966
1.309636116028
1.258889675140
1.269253611565
1.305136203766
1.352014303207
1.688198328018
1.491484284401
1.367128968239
1.318274497986
1.293737649918
1.304586648941
1.279790282249
1.298765778542
1.262111902237
1.314822673798
1.260272979736
1.499960184097
1.435251712799
1.670510292053
1.364691734314
1.266877651215
1.322085857391
1.257062673569
1.318080067635
1.252873659134
1.361494541168
1.284103512764
1.463080763817
1.311976671219
1.384912967682
1.330588698387
1.276086091995
1.325146436691
1.256188631058
1.318642020226
1.256992459297
1.337599992752
1.299182295799
1.390051841736
1.356889247894
1.313872218132
1.352159976959
1.248989820480
1.350671529770
1.226024508476
1.368347167969
1.230754137039
1.430563688278
1.266954660416
1.411254286766
1.243517875671
1.263203382492
1.251840591431
1.280810594559
1.329166412354
1.476471066475
1.414023160934
1.457393169403
1.253071069717
1.283499836922
1.233128547668
1.299490928650
1.232560276985
1.339537143707
1.260925531387
1.393851995468
1.288771748543
1.362598657608
1.305960416794
1.249811887741
1.319640159607
1.217813730240
1.317407131195
1.211244583130
1.339051246643
1.247879385948
1.400738120079
1.285194396973
1.332974195480
1.256019353867
1.226839303970
1.222300648689
1.218489289284
1.223782658577
1.234639644623
1.283113121986
1.343997240067
1.519572257996
1.494794487953
1.296152114868
1.371624231339
1.202199816704
1.301159620285
1.208195209503
1.318395137787
1.237356781960
1.367051482201
1.278967857361
1.302630186081
1.255157470703
1.196829557419
1.286693334579
1.193254470825
1.443514108658
1.275715827942
1.430333137512
1.257824897766
1.222184896469
1.244662284851
1.205810308456
1.270331859589
1.245294928551
1.407680273056
1.369191884995
1.438202381134
1.324068307877
1.245980501175
1.217753410339
1.251782655716
1.211332440376
1.283537626266
1.219530344009
1.345174789429
1.227000713348
1.320296525955
1.199866294861
1.240924239159
1.221633195877
1.315134406090
1.398656845093
1.440540790558
1.265179753304
1.237345099449
1.182310581207
1.262058496475
1.180850028992
1.359931826591
1.223398208618
1.478258609772
1.239295721054
1.307328462601
1.202685117722
1.234240889549
1.200911760330
1.249658107758
1.239505529404
1.305090308189
1.244057893753
1.267663955688
1.205785751343
1.233145952225
1.212847471237
1.278388977051
1.318858385086
1.339268207550
1.345659732819
1.217005372047
1.261748790741
1.189007759094
1.198080062866
1.186066269875
1.179883003235
1.223370552063
1.217736721039
1.513218402863
1.480524301529
1.614807605743
1.246809482574
1.320940494537
1.226772785187
1.247747421265
1.199051856995
1.216367483139
1.174913406372
1.207924127579
1.157914161682
1.272926211357
1.208547115326
1.792936086655
1.508102536201
1.355675220490
1.335481286049
1.284368038177
1.223231792450
1.230849027634
1.184642791748
1.206966161728
1.167450428009
1.223707914352
1.195859909058
1.386386871338
1.283988952637
1.355023622513
1.237569570541
1.200598001480
1.225261688232
1.223203063011
1.221483230591
1.226692438126
1.196354389191
1.197698116302
1.186508297920
1.190334558487
1.278897523880
1.252939701080
1.373422384262
1.171092033386
1.194340705872
1.135529994965
1.202831149101
1.130282640457
1.281368255615
1.174915075302
1.461546897888
1.295660972595
1.296399593353
1.236289262772
1.146344184875
1.246192097664
1.116255521774
1.242809772491
1.116748571396
1.318500995636
1.189679384232
1.391215205193
1.276667356491
1.217280864716
1.273809194565
1.179217815399
1.283712387085
1.206043124199
1.225543498993
1.184879064560
1.151217222214
1.184584379196
1.156574964523
1.244849205017
1.225733399391
1.245928525925
1.189473509789
1.124065637589
1.162996172905
1.122236132622
1.211314916611
1.198679447174
1.264778375626
1.323987245560
1.191751480103
1.169754505157
1.125966310501
1.151856660843
1.137058734894
1.170087814331
1.202459812164
1.207173228264
1.212303757668
1.197046518326
1.202444672585
1.167747497559
1.235253572464
1.140649080276
1.187336683273
1.113023996353
1.203930139542
1.124449491501
1.355648279190
1.208045721054
1.446825265884
1.218020677567
1.230360507965
1.137389540672
1.146821737289
1.105594396591
1.136887073517
1.086372733116
1.234701752663
1.230322718620
2.011948347092
1.549634218216
1.240333557129
1.320919275284
1.238409757614
1.144783496857
1.150436162949
1.127312898636
1.133730649948
1.101174473763
1.129692912102
1.086405873299
1.234651088715
1.259630441666
1.600772738457
1.592585802078
1.631643533707
1.417251586914
1.292449951172
1.263190388680
1.234479427338
1.212863206863
1.194213628769
1.174986839294
1.158757686615
1.141983985901
1.131010293961
1.118974447250
1.110798597336
1.099864959717
1.098555088043
1.093113660812
1.173063278198
1.447363138199
1.679129838943
1.642268300056
1.336270332336
1.319873571396
1.275075674057
1.244591474533
1.218964099884
1.203551054001
1.181412816048
1.164842605591
1.144144654274
1.132216930389
1.110986232758
1.115809202194
1.084053993225
1.180992722511
1.220924139023
2.564859390259
2.231327533722
1.638602495193
1.615854263306
1.570244908333
1.456259727478
1.396770715714
1.359875202179
1.337131023407
1.318863391876
1.300867438316
1.277021408081
1.252568721771
1.231595039368
1.214410305023
1.198592901230
1.187000751495
1.170177698135
1.168552398682
1.141879677773
1.200381278992
1.208124756813
2.154098510742
1.999417781830
1.556966781616
1.587715029716
1.506330847740
1.494178771973
1.460433125496
1.424293041229
1.389457464218
1.358675003052
1.332476377487
1.310255765915
1.290282726288
1.272991180420
1.257385492325
1.243146419525
1.228207111359
1.213790178299
1.203183889389
1.192713856697
1.226197123528
1.423543453217
2.252890348434
2.333633899689
1.993086814880
1.678654432297
1.637843370438
1.595309019089
1.555954217911
1.519455432892
1.488294839859
1.458605885506
1.428832769394
1.402902126312
1.380865573883
1.362485170364
1.342637538910
1.326374411583
1.309299349785
1.298105359077
1.281913399696
1.276134729385
1.255821943283
1.262366294861
1.227578878403
1.278268337250
1.213812947273
1.495297789574
1.438235759735
2.118083953857
1.435172438622
1.402286767960
1.419185400009
1.337676763535
1.305559396744
1.278527379036
1.261489629745
1.248154878616
1.236814975739
1.224212646484
1.213231444359
1.201854228973
1.194576144218
1.183879137039
1.181176543236
1.167481541634
1.191415429115
1.202380418777
1.520198345184
1.747112870216
1.800813198090
1.490384578705
1.325941324234
1.289550900459
1.256716012955
1.243932962418
1.227389097214
1.211205244064
1.195709466934
1.180756330490
1.168088912964
1.157559633255
1.149575948715
1.142358183861
1.134358763695
1.131175994873
1.122206449509
1.123994708061
1.125569581985
1.261611819267
1.430910825729
2.015184402466
1.763097167015
1.474595308304
1.522433280945
1.424679517746
1.338520288467
1.311131000519
1.288578987122
1.270405292511
1.248805522919
1.225817322731
1.205177783966
1.189382791519
1.177046775818
1.164213180542
1.153266191483
1.142990231514
1.135248780251
1.126975536346
1.123102068901
1.114416956902
1.134734153748
1.173676013947
1.510048270226
1.804293036461
1.457507133484
1.683932781219
1.428432822227
1.261849164963
1.247669935226
1.238159656525
1.225199699402
1.210777044296
1.195076465607
1.178248524666
1.161265254021
1.147173881531
1.135422825813
1.125415563583
1.116165876389
1.108256340027
1.100959181786
1.094322443008
1.088123440742
1.083462953568
1.078606009483
1.086088895798
1.111920475960
1.340501666069
1.934275865555
2.478861570358
1.914730310440
1.545670509338
1.478148937225
1.449036121368
1.434997558594
1.414884090424
1.389278888702
1.365572094917
1.339099645615
1.313508749008
1.289963006973
1.271760940552
1.254581689835
1.240035295486
1.222068190575
1.213556289673
1.195515632629
1.214877605438
1.291942596436
1.824079275131
2.168331146240
1.705386638641
1.524133443832
1.406330943108
1.399164676666
1.382551789284
1.357287406921
1.327543020248
1.303427577019
1.281852722168
1.258912086487
1.239336967468
1.223421335220
1.210457563400
1.196931958199
1.186162710190
1.172882318497
1.167055845261
1.153131723404
1.155234813690
1.135124206543
1.167487144470
1.158079624176
1.429441452026
1.619209527969
1.834359169006
2.159297466278
1.586571812630
1.335639476776
1.303841590881
1.300573110580
1.292662382126
1.283130884171
1.266802787781
1.245323538780
1.223421096802
1.203531622887
1.186445474625
1.172266960144
1.160341024399
1.149773120880
1.138788104057
1.130908250809
1.122408151627
1.114281296730
1.109284162521
1.105402708054
1.121467947960
1.186344623566
1.469517469406
2.350799798965
2.799660682678
2.340533018112
2.104979038239
1.973299622536
1.935186743736
1.917733669281
1.890889048576
1.855959415436
1.810164332390
1.755984783173
1.699397206306
1.649189591408
1.606080770493
1.570465207100
1.538453578949
1.507704496384
1.483948588371
1.458813667297
1.444360256195
1.418867230415
1.415887832642
1.382504940033
1.402715325356
1.349062919617
1.443339943886
1.351061105728
1.629926204681
1.380785465240
1.457376480103
1.304162025452
1.325990796089
1.276816606522
1.287497520447
1.261959314346
1.277031421661
1.254988551140
1.316955327988
1.307454109192
1.473357319832
