4.140161514282
4.139316082001
4.138112068176
4.136592388153
4.134794235229
4.132751941681
4.130499362946
4.128064632416
4.125468254089
4.122729778290
4.119863986969
4.116884708405
4.113805294037
4.110636234283
4.107384204865
4.104057312012
4.100666046143
4.097211360931
4.093699455261
4.090132713318
4.086514949799
4.082846164703
4.079134464264
4.075384140015
4.071596145630
4.067772865295
4.063914775848
4.060022354126
4.056096076965
4.052134513855
4.048135757446
4.044101715088
4.040032863617
4.035928249359
4.031782627106
4.027596950531
4.023364543915
4.019083023071
4.014745235443
4.010346412659
4.005881786346
4.001342296600
3.996720790863
3.992012977600
3.987208843231
3.982296466827
3.977264404297
3.972105503082
3.966806888580
3.961355686188
3.955735683441
3.949940204620
3.943952083588
3.937762260437
3.931352615356
3.924721002579
3.917856931686
3.910758733749
3.903430938721
3.895880937576
3.888109683990
3.880123138428
3.871932029724
3.863527297974
3.854928970337
3.846127271652
3.837125539780
3.827924728394
3.818532466888
3.808932304382
3.799161434174
3.789280891418
3.779317378998
3.769292593002
3.759244441986
3.749219894409
3.739239692688
3.729363918304
3.719654321671
3.710158586502
3.700902223587
3.691922426224
3.683223009109
3.674808025360
3.666678428650
3.658847093582
3.651314735413
3.644082069397
3.637188911438
3.630637168884
3.624417304993
3.618487834930
3.612844467163
3.607448577881
3.602247238159
3.597206592560
3.592260360718
3.587331295013
3.582399845123
3.577408313751
3.572447061539
3.567442893982
3.562404632568
3.557317256927
3.552191257477
3.547085285187
3.541983127594
3.536932706833
3.531919479370
3.526937961578
3.521973609924
3.517027139664
3.512080669403
3.507152318954
3.502212524414
3.497247219086
3.492269515991
3.487269401550
3.482249498367
3.477196931839
3.472112417221
3.467012882233
3.461896896362
3.456793308258
3.451696395874
3.446593761444
3.441493988037
3.436359405518
3.431220769882
3.426078319550
3.420964241028
3.415784835815
3.410599946976
3.405397891998
3.400152921677
3.394865036011
3.389556407928
3.384075880051
3.378630161285
3.373116254807
3.367559432983
3.361947536469
3.356271266937
3.350575447083
3.344826221466
3.339062213898
3.333251953125
3.327441692352
3.321578502655
3.315730094910
3.309832096100
3.304019927979
3.298080444336
3.292484283447
3.286135911942
3.281423568726
3.274016380310
3.275537014008
3.272570610046
3.363754987717
3.513769865036
3.846189737320
3.325644969940
3.311742067337
3.317623138428
3.316261768341
3.313553094864
3.308202028275
3.299406051636
3.287861824036
3.275096178055
3.262546062469
3.251005649567
3.240708112717
3.231637954712
3.223521232605
3.215859174728
3.208366870880
3.201074123383
3.194037437439
3.187367677689
3.180914640427
3.174890995026
3.169323444366
3.164059638977
3.159239768982
3.154639720917
3.150161504745
3.145655632019
3.141100168228
3.136372566223
3.131629943848
3.126646041870
3.121710300446
3.116558074951
3.111493587494
3.106388568878
3.101498603821
3.096519947052
3.091985940933
3.087055206299
3.083053112030
3.077753543854
3.075134277344
3.068154811859
3.073249816895
3.068436145782
3.156537055969
3.309862375259
3.591781139374
3.171384334564
3.101144313812
3.106853485107
3.108333587646
3.103909969330
3.096846818924
3.088164091110
3.078423023224
3.068172931671
3.058012485504
3.048391819000
3.039492130280
3.031369209290
3.023953676224
3.017096042633
3.010653734207
3.004646539688
2.998986721039
2.993674516678
2.988661766052
2.983952999115
2.979572296143
2.975313901901
2.971213102341
2.967051029205
2.962823867798
2.958415985107
2.954000473022
2.949418067932
2.945023298264
2.940412998199
2.936356067657
2.931692600250
2.928383827209
2.922962188721
2.922265529633
2.914478778839
2.930686950684
2.938944339752
3.148386478424
3.425815582275
3.144961118698
2.959378242493
2.962890863419
2.960357666016
2.957340240479
2.951643466949
2.942785739899
2.932258844376
2.921619892120
2.911639690399
2.902372360229
2.893714904785
2.885832786560
2.878855705261
2.872522592545
2.866676807404
2.861277103424
2.856338024139
2.851892948151
2.847799301147
2.844078540802
2.840466976166
2.836984634399
2.833373069763
2.829737424850
2.825781822205
2.821841716766
2.817627429962
2.813701629639
2.809296131134
2.805903434753
2.801175832748
2.799471855164
2.792999744415
2.798621177673
2.790552616119
2.852574348450
2.940763473511
3.210228443146
3.183474063873
2.896560907364
2.861308574677
2.867924213409
2.862107753754
2.850601673126
2.837888240814
2.825012207031
2.812585353851
2.801424026489
2.791520595551
2.782244682312
2.773675441742
2.766218662262
2.759761333466
2.753985166550
2.748764514923
2.743931293488
2.739449501038
2.735336780548
2.731605052948
2.728096961975
2.724813938141
2.721541404724
2.717984199524
2.714372634888
2.710409879684
2.706465482712
2.702317953110
2.698367595673
2.694344043732
2.690593719482
2.686802864075
2.683448791504
2.679896831512
2.676828384399
2.673328876495
2.670593738556
2.666906833649
2.664624691010
2.660419225693
2.659090042114
2.653584003448
2.654920578003
2.646729469299
2.657380342484
2.647595405579
2.699914455414
2.727711200714
2.870847702026
2.876557826996
2.722561597824
2.687885761261
2.671549081802
2.657082557678
2.652326822281
2.643905162811
2.636738777161
2.628872394562
2.622376680374
2.616480350494
2.611948490143
2.607470035553
2.603911399841
2.599634170532
2.596789360046
2.592265605927
2.590939044952
2.585776805878
2.590948581696
2.590491533279
2.638778448105
2.685350656509
2.786632537842
2.633375167847
2.589775562286
2.589572668076
2.581538200378
2.584783792496
2.576804637909
2.576017141342
2.567785263062
2.566404104233
2.557984352112
2.558085441589
2.548715591431
2.552801132202
2.541162967682
2.555819511414
2.541060447693
2.586783409119
2.578068494797
2.677017450333
2.644320964813
2.634096622467
2.554712057114
2.550491333008
2.535051345825
2.530478954315
2.525666475296
2.519302129745
2.515851020813
2.510307788849
2.510163307190
2.507102012634
2.516955614090
2.525110721588
2.565829515457
2.583395957947
2.579724788666
2.539340019226
2.503110408783
2.498263120651
2.488517761230
2.488686800003
2.480459690094
2.479856252670
2.472419023514
2.472504138947
2.465003728867
2.467361450195
2.457936048508
2.466038227081
2.452560663223
2.477086067200
2.459035396576
2.529051780701
2.495664358139
2.572666406631
2.501400470734
2.503974437714
2.467078685760
2.476501703262
2.454081058502
2.458083629608
2.443806171417
2.446717023849
2.439331293106
2.445437908173
2.450562477112
2.460751056671
2.485139846802
2.478825569153
2.481298446655
2.450365781784
2.433541297913
2.422807693481
2.415181875229
2.408910989761
2.405664682388
2.399174213409
2.400530099869
2.392924308777
2.402590274811
2.393097400665
2.423628568649
2.412564992905
2.483124017715
2.447531223297
2.492916345596
2.415445327759
2.423557996750
2.380636215210
2.388225317001
2.372118473053
2.375989198685
2.366019725800
2.374547958374
2.371794939041
2.409175395966
2.432230472565
2.505249261856
2.442525148392
2.403933525085
2.381397962570
2.363420486450
2.361621379852
2.349870204926
2.348682641983
2.339714527130
2.339931011200
2.331454038620
2.335252761841
2.325479030609
2.335939168930
2.323340415955
2.349751949310
2.332395553589
2.378962039948
2.338001489639
2.365459918976
2.319821596146
2.335432052612
2.315190792084
2.336140394211
2.322577476501
2.358641147614
2.341856002808
2.377194166183
2.336314678192
2.335293054581
2.309907436371
2.307318687439
2.304979562759
2.300436496735
2.312783718109
2.304017305374
2.333787918091
2.314177989960
2.353492736816
2.309498071671
2.337932586670
2.290174484253
2.311576128006
2.272184133530
2.288809061050
2.262513399124
2.276253700256
2.258137226105
2.272079944611
2.258482933044
2.275355815887
2.265511035919
2.286579608917
2.279613256454
2.306990623474
2.296345710754
2.339628219604
2.300868988037
2.319395065308
2.297307252884
2.273821830750
2.259854555130
2.254591703415
2.241449117661
2.242091655731
2.231528759003
2.235097408295
2.230230331421
2.241809368134
2.252973318100
2.266951084137
2.289755344391
2.248553276062
2.254081964493
2.226952075958
2.256040573120
2.227038860321
2.262911319733
2.222506046295
2.249665975571
2.210451364517
2.224267005920
2.200758934021
2.207182168961
2.199369192123
2.203460693359
2.219649553299
2.238501071930
2.306187629700
2.307272434235
2.282331228256
2.216403722763
2.208877563477
2.190097570419
2.194239139557
2.179164409637
2.185819387436
2.172024250031
2.190964698792
2.178001880646
2.231709718704
2.208398580551
2.271802902222
2.190504312515
2.212136983871
2.175941228867
2.185939311981
2.170382022858
2.179518222809
2.168653726578
2.181222677231
2.172490119934
2.182833194733
2.182324886322
2.178903102875
2.204847812653
2.189121723175
2.225105285645
2.185494422913
2.186536073685
2.150748252869
2.153478145599
2.136532783508
2.142739534378
2.131594657898
2.143104553223
2.136110067368
2.159090518951
2.152019023895
2.174697160721
2.152306556702
2.138722896576
2.131270885468
2.114872217178
2.127552986145
2.113707304001
2.150115966797
2.139090061188
2.229703187943
2.170645713806
2.205879688263
2.123521804810
2.125147581100
2.111140727997
2.109346628189
2.098605155945
2.101113319397
2.092800140381
2.111085653305
2.113438844681
2.185235023499
2.187480449677
2.230996608734
2.151942729950
2.132817983627
2.111469507217
2.117177724838
2.101121902466
2.110756158829
2.101469039917
2.118042707443
2.120298862457
2.127815485001
2.127598285675
2.101640701294
2.117014408112
2.088169097900
2.108623266220
2.077911376953
2.086908817291
2.067418098450
2.070142745972
2.059123754501
2.060937166214
2.053646087646
2.056731224060
2.052311420441
2.059687614441
2.063227176666
2.083871603012
2.112506866455
2.122923612595
2.104125976562
2.080955266953
2.057424068451
2.071733951569
2.050344944000
2.087402343750
2.070015430450
2.138737678528
2.103084802628
2.150393962860
2.060213327408
2.058444499969
2.036715984344
2.032680034637
2.029895544052
2.025971412659
2.029388666153
2.033869981766
2.047473192215
2.061610937119
2.070687770844
2.057366371155
2.039344787598
2.021606922150
2.024900436401
2.029909133911
2.056851625443
2.076743125916
2.079412460327
2.045110702515
2.031727790833
2.012796401978
2.006599903107
1.999782562256
1.995893478394
1.999651670456
1.998823642731
2.026642322540
2.033526420593
2.114743709564
2.081447601318
2.134424924850
2.048169136047
2.032039642334
2.002857446671
2.005455017090
1.985444545746
1.999055385590
1.988744497299
2.026714324951
2.026561737061
2.078489065170
2.019758224487
2.002469062805
1.984452724457
1.973290681839
1.969350337982
1.959249138832
1.970078110695
1.961758375168
2.012957096100
1.997394680977
2.101072549820
1.983455181122
1.981604814529
1.955733537674
1.958941459656
1.949894309044
1.953713536263
1.951299667358
1.965003132820
1.971136808395
2.010806083679
1.988584518433
1.995638847351
1.963159322739
1.949404358864
1.942046284676
1.932605504990
1.932425260544
1.927548408508
1.944293737411
1.955387949944
2.031559467316
2.057750701904
2.116136789322
2.029095649719
1.991043567657
1.985674023628
1.998510718346
1.960958719254
1.971528768539
1.937822818756
1.951645135880
1.923700094223
1.946620821953
1.922586321831
1.954752922058
1.933285117149
1.953816771507
1.926538348198
1.944188833237
1.938534975052
1.989071846008
1.978069186211
1.996410608292
1.945934772491
1.916547775269
1.920623302460
1.901219367981
1.907454252243
1.900521278381
1.920767545700
1.941437244415
1.984333515167
1.989705085754
1.940341472626
1.933704376221
1.897446393967
1.940682649612
1.920958161354
2.036558151245
1.970166921616
2.001955986023
1.920078516006
1.916482210159
1.896529674530
1.891123175621
1.894635200500
1.887509346008
1.915711402893
1.932649731636
1.990141749382
2.001430511475
1.944235563278
1.909453153610
1.893630981445
1.880271434784
1.871794462204
1.870471239090
1.861998677254
1.876240372658
1.866888523102
1.923716425896
1.894587159157
1.997999072075
1.889220714569
1.912945270538
1.890619277954
1.904263734818
1.879026174545
1.893058180809
1.859894871712
1.872651100159
1.845852017403
1.865167856216
1.848637819290
1.884181618690
1.880461454391
1.917382717133
1.885483622551
1.876047611237
1.869868993759
1.852742910385
1.877483248711
1.846152663231
1.875673294067
1.843073606491
1.871481776237
1.854949712753
1.893185853958
1.906658887863
1.923121571541
1.918468236923
1.877300977707
1.908107042313
1.880633473396
1.917967796326
1.882292032242
1.869415402412
1.849516630173
1.835287332535
1.841190576553
1.840975999832
1.888888716698
1.909968733788
1.940802097321
1.884357571602
1.861814260483
1.819741725922
1.831272244453
1.808977603912
1.826454639435
1.812632679939
1.841918945312
1.839357852936
1.881244540215
1.861089468002
1.862766981125
1.824537754059
1.814757108688
1.818517923355
1.810147881508
1.856868028641
1.844096422195
1.918013453484
1.844306111336
1.827639102936
1.801132440567
1.787454366684
1.795087337494
1.778079390526
1.823748350143
1.817016601562
1.943459272385
1.889859080315
1.883487939835
1.815798521042
1.807199716568
1.804843664169
1.787077665329
1.792909502983
1.780586481094
1.807169198990
1.811105728149
1.866932868958
1.878174543381
1.860511541367
1.841569304466
1.832643270493
1.832026839256
1.801877260208
1.779643535614
1.774203181267
1.761956453323
1.768939256668
1.759288549423
1.777843594551
1.774937868118
1.813230037689
1.816653609276
1.823964238167
1.826435446739
1.796864986420
1.869633674622
1.832655787468
1.789503097534
1.767606735229
1.771217465401
1.770896196365
1.770037770271
1.778234243393
1.768229246140
1.772645592690
1.753748416901
1.753843665123
1.740772008896
1.749836564064
1.757754087448
1.791288018227
1.833322048187
1.841986536980
1.801850795746
1.764180183411
1.738275527954
1.733479261398
1.723535060883
1.745983839035
1.759618282318
1.894317865372
1.954894065857
1.932786583900
1.862866044044
1.875224113464
1.778151035309
1.771457314491
1.741155862808
1.745156526566
1.728208065033
1.735198497772
1.721804141998
1.733211040497
1.728761196136
1.756037116051
1.771467566490
1.801998257637
1.768045544624
1.740974545479
1.726605176926
1.698302507401
1.709552288055
1.686317920685
1.721863031387
1.698074579239
1.806688070297
1.784173011780
1.875235080719
1.761534690857
1.724196910858
1.710156083107
1.689014911652
1.703379750252
1.682944059372
1.717910051346
1.715365171432
1.826030254364
1.819355487823
1.802453517914
1.709360122681
1.691315412521
1.695811748505
1.680907130241
1.690119981766
1.682173967361
1.705084323883
1.746493577957
1.765164494514
1.890601873398
1.729080796242
1.805691003799
1.694234132767
1.699536681175
1.678191423416
1.685730218887
1.677690505981
1.688041448593
1.705064058304
1.732519388199
1.788528561592
1.804479598999
1.788922190666
1.725090622902
1.724175691605
1.730746626854
1.709963083267
1.680252552032
1.686187267303
1.660391330719
1.685446262360
1.668840050697
1.719689726830
1.708849430084
1.726474046707
1.687922000885
1.675700783730
1.689324975014
1.652464628220
1.719091176987
1.678218245506
1.704596996307
1.733057022095
1.685108184814
1.738699078560
1.667806982994
1.712726831436
1.645038723946
1.674212455750
1.632565736771
1.671246290207
1.643752336502
1.714486598969
1.715482711792
1.746296882629
1.706369161606
1.658917188644
1.643133163452
1.619354009628
1.636593580246
1.608448743820
1.662320375443
1.628144502640
1.774381875992
1.666535735130
1.725450038910
1.677027940750
1.713920116425
1.670918464661
1.647124290466
1.644880294800
1.640823841095
1.670219898224
1.680917620659
1.680765867233
1.655290722847
1.631851553917
1.635780572891
1.641153812408
1.674300193787
1.685767889023
1.661490201950
1.628027915955
1.631788015366
1.613984584808
1.656773090363
1.646812200546
1.741542577744
1.671943902969
1.698038578033
1.606610536575
1.598872184753
1.588045358658
1.587721705437
1.610229372978
1.647402286530
1.791383743286
1.779484868050
1.720931529999
1.650947451591
1.646199822426
1.659744501114
1.656713485718
1.648108959198
1.627835035324
1.602290391922
1.601019382477
1.580065727234
1.593209505081
1.583678841591
1.623678803444
1.668524742126
1.691642403603
1.763319373131
1.608921766281
1.647030115128
1.592660784721
1.647735357285
1.589148163795
1.622841358185
1.575331449509
1.593502044678
1.563900232315
1.577035188675
1.571199417114
1.586360454559
1.644737243652
1.647820234299
1.683296680450
1.626847982407
1.630908727646
1.610223770142
1.601519346237
1.603885412216
1.579723596573
1.596719026566
1.577007174492
1.626606583595
1.634104967117
1.688460588455
1.684003591537
1.609164237976
1.584343194962
1.576516866684
1.571904063225
1.562090635300
1.577607989311
1.577049136162
1.639863729477
1.613557577133
1.672450304031
1.575938701630
1.593225479126
1.558617353439
1.649274468422
1.609659790993
1.729930043221
1.612879753113
1.620396733284
1.553585171700
1.547447681427
1.534315109253
1.531597614288
1.526589155197
1.533407688141
1.537718057632
1.582844018936
1.635847806931
1.761651992798
1.697241783142
1.562708616257
1.541148304939
1.534132480621
1.530143976212
1.527420401573
1.532313346863
1.538791060448
1.582847833633
1.637095093727
1.667336225510
1.647153377533
1.635016322136
1.601843118668
1.571768164635
1.563270926476
1.533292770386
1.535194635391
1.516121864319
1.534280300140
1.522001028061
1.579204559326
1.585886836052
1.649499177933
1.575626850128
1.577703237534
1.521113991737
1.541303634644
1.533908247948
1.533470153809
1.540357470512
1.531743764877
1.564743518829
1.578969240189
1.631830453873
1.604113101959
1.606723308563
1.532163143158
1.537560462952
1.500951528549
1.511890053749
1.496833324432
1.544036626816
1.553505420685
1.656947851181
1.638966798782
1.617636680603
1.541474103928
1.498884916306
1.498960852623
1.479765415192
1.488042593002
1.464821577072
1.490256547928
1.460008025169
1.552323818207
1.512917757034
1.740383148193
1.547958254814
1.528913617134
1.530573368073
1.488051176071
1.497952461243
1.468441009521
1.475161194801
1.461315274239
1.468505620956
1.465329051018
1.480753183365
1.497823953629
1.532293796539
1.619273185730
1.669334173203
1.742982149124
1.613276124001
1.614462137222
1.521212339401
1.513353109360
1.490287542343
1.474953055382
1.470547914505
1.455492258072
1.464440107346
1.447070837021
1.521097183228
1.553357601166
1.837938427925
1.684601426125
1.585909843445
1.599860906601
1.548364520073
1.496440172195
1.484698653221
1.473636269569
1.468824982643
1.459313631058
1.464318633080
1.464186191559
1.487088799477
1.522673606873
1.556466102600
1.575699210167
1.534620761871
1.510282516479
1.460999250412
1.546995162964
1.474472045898
1.513818264008
1.448197841644
1.457989454269
1.434280872345
1.447174310684
1.447859406471
1.489348292351
1.550823450089
1.574205040932
1.552743434906
1.495590448380
1.436483860016
1.481616973877
1.470114231110
1.527946472168
1.519069433212
1.500791549683
1.456495046616
1.451601028442
1.448829650879
1.451519012451
1.501972913742
1.487645149231
1.556698560715
1.457403659821
1.473566055298
1.428508281708
1.453768730164
1.430232644081
1.496021747589
1.462301611900
1.541240692139
1.463640213013
1.460597872734
1.416548728943
1.437306642532
1.431485652924
1.477609038353
1.480792999268
1.528267383575
1.469615936279
1.432009935379
1.426900386810
1.413975358009
1.446843624115
1.446931600571
1.519051790237
1.502724051476
1.489792585373
1.442961931229
1.422345757484
1.403067946434
1.420016288757
1.417508125305
1.448055386543
1.441600680351
1.470680713654
1.423091173172
1.440895080566
1.410322427750
1.491529583931
1.456066966057
1.522869825363
1.458698391914
1.447341680527
1.415535211563
1.392507076263
1.430014371872
1.401636600494
1.499849081039
1.481743335724
1.551484346390
1.452802062035
1.425221204758
1.408151626587
1.407133936882
1.421016812325
1.446164727211
1.470469236374
1.536719560623
1.476339101791
1.529485940933
1.401317119598
1.420111060143
1.378169059753
1.406086683273
1.371908903122
1.403474092484
1.386549234390
1.419557809830
1.439734816551
1.431392192841
1.499682188034
1.407527089119
1.506070137024
1.441993236542
1.449541568756
1.426549196243
1.415455222130
1.418315410614
1.399552583694
1.403252005577
1.375997304916
1.383803606033
1.367231369019
1.405584096909
1.421566247940
1.509007692337
1.568170547485
1.435811281204
1.410890579224
1.365765213966
1.402599334717
1.355476379395
1.386392116547
1.354156970978
1.393296718597
1.378189086914
1.430115699768
1.430618762970
1.412269353867
1.447945237160
1.390300273895
1.535040378571
1.376734972000
1.373879313469
1.339437961578
1.341716170311
1.331946730614
1.335956811905
1.342076539993
1.365500926971
1.448989868164
1.497871637344
1.715705633163
1.603648424149
1.478264331818
1.434004426003
1.390523433685
1.369268298149
1.361430168152
1.342893362045
1.345641374588
1.321688175201
1.354096770287
1.325638294220
1.534299731255
1.486160993576
1.627904176712
1.515129566193
1.489544153214
1.419294595718
1.373435497284
1.361718535423
1.353733301163
1.348044157028
1.357451081276
1.372929573059
1.440201997757
1.494969725609
1.503818631172
1.403709411621
1.365055322647
1.341191411018
1.347788810730
1.350156188011
1.384805917740
1.399824142456
1.445504188538
1.388453006744
1.359646558762
1.311557292938
1.312084674835
1.297840118408
1.342036008835
1.399991512299
1.724856615067
1.571382522583
1.421857833862
1.348321199417
1.343825817108
1.330256223679
1.330856919289
1.317822694778
1.322511076927
1.309215188026
1.353018760681
1.397115945816
1.605240345001
1.509571790695
1.388176918030
1.376626253128
1.303667068481
1.333568930626
1.295877933502
1.354872822762
1.310986518860
1.447245597839
1.394365668297
1.443426251411
1.360759973526
1.341142773628
1.318378448486
1.313131809235
1.320883989334
1.300264596939
1.326382279396
1.317202091217
1.359277248383
1.402361631393
1.371483087540
1.421905755997
1.313365459442
1.347817659378
1.305437326431
1.333077192307
1.318270087242
1.355908870697
1.364870548248
1.403577566147
1.363083362579
1.312619447708
1.290667533875
1.271092176437
1.327796220779
1.338462114334
1.487935900688
1.435382604599
1.390930414200
1.317249417305
1.278084278107
1.315573453903
1.274164915085
1.344621896744
1.301954507828
1.406622409821
1.365976810455
1.374853610992
1.360891342163
1.295341014862
1.323190212250
1.272407293320
1.328644037247
1.265117764473
1.337669610977
1.288637399673
1.390318512917
1.370377063751
1.389188051224
1.342360496521
1.278353452682
1.273425817490
1.239722132683
1.264892935753
1.235807895660
1.282730937004
1.284578323364
1.383498072624
1.531211614609
1.452092289925
1.417741060257
1.294505476952
1.310744285583
1.279168844223
1.292854785919
1.302518606186
1.317822217941
1.371566414833
1.335718035698
1.384840130806
1.262189865112
1.291951179504
1.246212720871
1.349977731705
1.342051982880
1.514657974243
1.386534452438
1.293912410736
1.282816648483
1.237776517868
1.271541714668
1.244411468506
1.318065404892
1.327479243279
1.427240610123
1.390361785889
1.337498903275
1.280334711075
1.249624252319
1.262775301933
1.254236221313
1.268368959427
1.275553703308
1.297202825546
1.290723085403
1.278575181961
1.244920015335
1.244165658951
1.244708657265
1.350301980972
1.396944284439
1.480597972870
1.279787778854
1.249994993210
1.243707895279
1.244266033173
1.273414611816
1.290576338768
1.379709720612
1.348491907120
1.387503981590
1.249690532684
1.297736644745
1.216006994247
1.293493032455
1.229616761208
1.362813949585
1.289568424225
1.338706254959
1.260364770889
1.264867186546
1.237244367599
1.266164064407
1.308234453201
1.351143121719
1.425758361816
1.329160809517
1.288530111313
1.261103868484
1.223339796066
1.217866063118
1.208914399147
1.212192535400
1.227288246155
1.283265113831
1.436231970787
1.633995056152
1.489381074905
1.359587073326
1.306133747101
1.280847549438
1.247870206833
1.244123458862
1.221730113029
1.219434499741
1.199708461761
1.211256384850
1.211341619492
1.285975456238
1.488139867783
1.475407361984
1.533887743950
1.328658580780
1.259367227554
1.274334430695
1.215728044510
1.228899240494
1.194753170013
1.222348451614
1.192752838135
1.295944929123
1.328491926193
1.477281451225
1.331684350967
1.233398437500
1.267788648605
1.227097511292
1.309655189514
1.250945091248
1.290236353874
1.233527660370
1.238714337349
1.211437225342
1.233139276505
1.275078535080
1.333966851234
1.337936043739
1.256686687469
1.188007831573
1.192866802216
1.177560091019
1.206289887428
1.202766418457
1.279318571091
1.308680295944
1.401349425316
1.287240028381
1.255302429199
1.220907688141
1.183979034424
1.201257705688
1.177219152451
1.218941688538
1.218738317490
1.304166316986
1.298280000687
1.312160730362
1.241066217422
1.252906799316
1.271419048309
1.241134881973
1.345851421356
1.215925931931
1.215148448944
1.169277667999
1.210126161575
1.184849023819
1.294659614563
1.249701023102
1.337768316269
1.182864427567
1.186083793640
1.151019573212
1.206039190292
1.179844141006
1.339694023132
1.233280658722
1.349050283432
1.182880878448
1.172230720520
1.160859346390
1.151878833771
1.189271807671
1.177096366882
1.285794258118
1.246182441711
1.264592885971
1.244342684746
1.209533929825
1.235943794250
1.229858160019
1.250374317169
1.163888812065
1.212113738060
1.158256173134
1.242725610733
1.254374742508
1.357917189598
1.324922323227
1.286878347397
1.216819047928
1.156136989594
1.149577260017
1.130286097527
1.129638910294
1.129255294800
1.164847254753
1.303740143776
1.569314002991
1.448867797852
1.364438533783
1.265523910522
1.203816413879
1.179364323616
1.147067070007
1.144845247269
1.121150970459
1.127015590668
1.099465131760
1.154151201248
1.142112493515
1.557919383049
1.446971416473
1.739051342010
1.732372999191
1.396197319031
1.298074245453
1.270722389221
1.254377365112
1.233509063721
1.209797859192
1.188830375671
1.170508742332
1.155364274979
1.141310572624
1.130167126656
1.119089245796
1.112593173981
1.103889465332
1.113999605179
1.169809818268
1.549496412277
1.720202922821
1.588140368462
1.474887371063
1.340306758881
1.296999096870
1.262610554695
1.241222620010
1.221471548080
1.202568292618
1.182226181030
1.165055990219
1.147313356400
1.135909557343
1.119728565216
1.125085115433
1.128202319145
1.358546257019
1.968816757202
2.222212791443
1.871148586273
1.610596179962
1.468401432037
1.432322502136
1.406831145287
1.390040159225
1.359254360199
1.324262261391
1.296612858772
1.274258732796
1.253741502762
1.235216617584
1.217354774475
1.201732635498
1.185724377632
1.174769401550
1.158895611763
1.161997079849
1.153499364853
1.353330731392
1.846511840820
2.613031148911
1.957100152969
1.748133659363
1.616228222847
1.567863464355
1.521637558937
1.479802489281
1.440361738205
1.405590772629
1.375745296478
1.348303318024
1.322572588921
1.299384117126
1.279374718666
1.260951280594
1.244873881340
1.228436470032
1.218291997910
1.204460144043
1.245476007462
1.418747425079
2.271746158600
2.421953678131
1.929972887039
1.732441186905
1.678393125534
1.650887966156
1.613159060478
1.565056562424
1.517871379852
1.479532480240
1.450837612152
1.428658485413
1.410037517548
1.391138911247
1.371209859848
1.351384401321
1.334017515182
1.318062067032
1.305159330368
1.291782975197
1.282267093658
1.270288467407
1.266833782196
1.261692285538
1.294774532318
1.374499797821
1.650743961334
1.774006485939
1.550836086273
1.516795635223
1.387832403183
1.347978115082
1.324397444725
1.308320760727
1.290594816208
1.274238586426
1.259615659714
1.245833754539
1.232300519943
1.219568848610
1.207479000092
1.196352839470
1.187145590782
1.179377794266
1.187189579010
1.230834007263
1.486634731293
1.803012132645
1.588192701340
1.483184576035
1.380900144577
1.296180009842
1.286157727242
1.266854524612
1.247084617615
1.231288909912
1.215931892395
1.201346516609
1.188285112381
1.176797628403
1.166198730469
1.156389474869
1.147801160812
1.138544917107
1.135565042496
1.122583150864
1.158446073532
1.198624968529
1.660913467407
1.887467145920
1.729387044907
1.560666084290
1.420497298241
1.394672274590
1.385908842087
1.361037015915
1.319401502609
1.283887386322
1.258471965790
1.237964153290
1.220311880112
1.205334424973
1.191503047943
1.178411960602
1.166507005692
1.156090974808
1.147355198860
1.139654636383
1.133009672165
1.130224466324
1.138848066330
1.233930826187
1.547543764114
2.198411464691
1.844585895538
1.536279201508
1.365720033646
1.319645524025
1.293673753738
1.276959180832
1.264098525047
1.248054504395
1.228959560394
1.209531307220
1.191759586334
1.176011323929
1.162360668182
1.150237917900
1.139064073563
1.129047870636
1.120072484016
1.112124681473
1.104869127274
1.098883986473
1.095397472382
1.097065210342
1.137328743935
1.313401460648
2.094383716583
2.337074279785
1.900486707687
1.546749114990
1.510900735855
1.499655723572
1.483070135117
1.452837944031
1.420327544212
1.391907811165
1.366374969482
1.340611219406
1.318160057068
1.297722935677
1.280085325241
1.260955095291
1.246438503265
1.226668477058
1.227732419968
1.211345672607
1.375618457794
1.733911871910
2.318275213242
1.749817013741
1.495128154755
1.425892472267
1.415772199631
1.406867504120
1.380694627762
1.356770515442
1.336773872375
1.315260648727
1.291968584061
1.270381689072
1.252056241035
1.235954880714
1.221761703491
1.208265304565
1.196806669235
1.184893012047
1.176787376404
1.165850162506
1.164729356766
1.161847591400
1.225570559502
1.391701698303
1.842867851257
1.957539677620
1.737435936928
1.534597396851
1.355475664139
1.356508493423
1.332301616669
1.307206511497
1.287471055984
1.268801331520
1.250269889832
1.231256484985
1.212101459503
1.194139242172
1.177920818329
1.163760662079
1.151496291161
1.141265273094
1.131401538849
1.123630523682
1.114727497101
1.112465262413
1.104458212852
1.130494594574
1.171467304230
1.516755104065
2.350074291229
2.738299131393
2.535140514374
2.302069187164
2.038348436356
1.990610957146
1.980352640152
1.959154486656
1.924943923950
1.878172397614
1.822678089142
1.764511346817
1.710646390915
1.666574478149
1.631821870804
1.599129676819
1.565630793571
1.533430814743
1.506276369095
1.478360176086
1.457740306854
1.434240698814
1.423588871956
1.401878118515
1.408429145813
1.394402503967
1.450138449669
1.472101092339
1.507614612579
1.408119201660
1.387528777122
1.337627291679
1.328331470490
1.307035684586
1.306164264679
1.291677951813
1.311478137970
1.316104650497
1.416932106018
1.461449623108
