0.117775354417
0.163576881134
0.187568157034
0.140676117775
0.130861504907
0.136314067612
0.136314067612
0.136314067612
0.136314067612
0.136314067612
0.136314067612
0.136314067612
0.136314067612
0.136314067612
0.136314067612
0.136314067612
0.136314067612
0.136314067612
0.136314067612
0.136314067612
0.136314067612
0.136314067612
0.136314067612
0.136314067612
0.136314067612
0.136314067612
0.136314067612
0.136314067612
0.136314067612
0.136314067612
0.136314067612
0.136314067612
0.136314067612
0.136314067612
0.136314067612
0.136314067612
0.136314067612
0.136314067612
0.136314067612
0.136314067612
0.136314067612
0.136314067612
0.136314067612
0.136314067612
0.136314067612
0.136314067612
0.136314067612
0.136314067612
0.136314067612
0.136314067612
0.136314067612
0.136314067612
0.136314067612
0.136314067612
0.136314067612
0.136314067612
0.136314067612
0.136314067612
0.136314067612
0.136314067612
0.136314067612
0.136314067612
0.136314067612
0.136314067612
0.136314067612
0.136314067612
0.136314067612
0.136314067612
0.136314067612
0.136314067612
0.136314067612
0.136314067612
0.136314067612
0.136314067612
0.136314067612
0.136314067612
0.136314067612
0.136314067612
0.136314067612
0.136314067612
0.136314067612
0.136314067612
0.136314067612
0.136314067612
0.136314067612
0.136314067612
0.136314067612
0.136314067612
0.136314067612
0.136314067612
0.136314067612
0.136314067612
0.136314067612
0.136314067612
0.136314067612
0.136314067612
0.136314067612
0.136314067612
0.136314067612
0.136314067612
