0.032619775739
0.086646279307
0.184505606524
0.075433231397
0.073394495413
0.093781855250
0.093781855250
0.093781855250
0.093781855250
0.093781855250
0.093781855250
0.093781855250
0.093781855250
0.093781855250
0.093781855250
0.093781855250
0.093781855250
0.093781855250
0.093781855250
0.093781855250
0.093781855250
0.093781855250
0.093781855250
0.093781855250
0.093781855250
0.093781855250
0.093781855250
0.093781855250
0.093781855250
0.093781855250
0.093781855250
0.093781855250
0.093781855250
0.093781855250
0.093781855250
0.093781855250
0.093781855250
0.093781855250
0.093781855250
0.093781855250
0.093781855250
0.093781855250
0.093781855250
0.093781855250
0.093781855250
0.093781855250
0.093781855250
0.093781855250
0.093781855250
0.093781855250
0.093781855250
0.093781855250
0.093781855250
0.093781855250
0.093781855250
0.093781855250
0.093781855250
0.093781855250
0.093781855250
0.093781855250
0.093781855250
0.093781855250
0.093781855250
0.093781855250
0.093781855250
0.093781855250
0.093781855250
0.093781855250
0.093781855250
0.093781855250
0.093781855250
0.093781855250
0.093781855250
0.093781855250
0.093781855250
0.093781855250
0.093781855250
0.093781855250
0.093781855250
0.093781855250
0.093781855250
0.093781855250
0.093781855250
0.093781855250
0.093781855250
0.093781855250
0.093781855250
0.093781855250
0.093781855250
0.093781855250
0.093781855250
0.093781855250
0.093781855250
0.093781855250
0.093781855250
0.093781855250
0.093781855250
0.093781855250
0.093781855250
0.093781855250
