4.137080192566
4.136282444000
4.135148048401
4.133715152740
4.132019042969
4.130089759827
4.127962589264
4.125660896301
4.123203754425
4.120607852936
4.117890834808
4.115064620972
4.112145900726
4.109139442444
4.106059074402
4.102910995483
4.099686145782
4.096395015717
4.093043327332
4.089634895325
4.086174011230
4.082661628723
4.079103946686
4.075500011444
4.071862220764
4.068198204041
4.064502716064
4.060773372650
4.057010650635
4.053215026855
4.049392700195
4.045535087585
4.041630744934
4.037693977356
4.033721446991
4.029708862305
4.025658607483
4.021563529968
4.017422199249
4.013227462769
4.008975505829
4.004660606384
4.000283241272
3.995827198029
3.991259574890
3.986583232880
3.981793403625
3.976874113083
3.971813678741
3.966596126556
3.961209774017
3.955654621124
3.949924945831
3.943999767303
3.937868118286
3.931528568268
3.924920797348
3.918071746826
3.911003589630
3.903741836548
3.896281003952
3.888588428497
3.880726814270
3.872735500336
3.864623069763
3.856356620789
3.848010540009
3.839588165283
3.831122159958
3.822574853897
3.813998222351
3.805421829224
3.796872138977
3.788338184357
3.779835700989
3.771382093430
3.763000965118
3.754702568054
3.746520757675
3.738500595093
3.730654954910
3.722994327545
3.715567588806
3.708395004272
3.701503515244
3.694956064224
3.688627719879
3.682548522949
3.676733255386
3.671147108078
3.665760040283
3.660584449768
3.655566215515
3.650796890259
3.646146297455
3.641690731049
3.637536048889
3.633321046829
3.629230260849
3.625319480896
3.621430397034
3.617676734924
3.614086627960
3.610583305359
3.607222080231
3.604003429413
3.600911378860
3.597924709320
3.595032691956
3.592201232910
3.589418411255
3.586661338806
3.583916902542
3.581166744232
3.578410863876
3.575634717941
3.572832107544
3.569999217987
3.567133903503
3.564234495163
3.561303615570
3.558343410492
3.555349349976
3.552327156067
3.549296379089
3.546199560165
3.543147325516
3.540108919144
3.537020683289
3.533993005753
3.530973434448
3.527896881104
3.524873733521
3.521861076355
3.518797874451
3.515789031982
3.512733459473
3.509789228439
3.506675004959
3.503765344620
3.500604629517
3.497720241547
3.494434595108
3.491536378860
3.488178253174
3.485226631165
3.481846809387
3.478884220123
3.475508213043
3.472549676895
3.469163894653
3.466192483902
3.462785720825
3.459784030914
3.456320285797
3.453269004822
3.449781894684
3.446676254272
3.443148136139
3.439987182617
3.436416149139
3.433196067810
3.429589748383
3.425959587097
3.422855377197
3.419263362885
3.415607213974
3.412445545197
3.408802509308
3.404995203018
3.401657104492
3.398010730743
3.394131660461
3.390534400940
3.387288808823
3.383518695831
3.379868745804
3.376145362854
3.372204780579
3.368495702744
3.364625453949
3.361102581024
3.357509851456
3.353731393814
3.350395679474
3.346511125565
3.342782735825
3.338737487793
3.334869384766
3.331055879593
3.327763080597
3.324908971786
3.320961475372
3.321431636810
3.329973220825
3.438309192657
3.986220836639
3.900816917419
3.485833406448
3.352105140686
3.359563589096
3.377041816711
3.385628938675
3.386170387268
3.381484508514
3.373367547989
3.363229274750
3.351879596710
3.340478420258
3.329532623291
3.319361686707
3.310137271881
3.301800727844
3.294184207916
3.287334680557
3.281218051910
3.275583267212
3.270124435425
3.264688491821
3.259293794632
3.254072666168
3.249052524567
3.244225025177
3.239402055740
3.234681129456
3.229866504669
3.225157260895
3.220483064651
3.215831041336
3.211194992065
3.206483602524
3.201854705811
3.197216510773
3.192766427994
3.188529253006
3.184518337250
3.180734395981
3.177161693573
3.173762798309
3.170508384705
3.167406558990
3.164382934570
3.161455631256
3.158544778824
3.155675411224
3.152846813202
3.150017499924
3.147213459015
3.144450187683
3.141720294952
3.139015674591
3.136335372925
3.133671283722
3.131082296371
3.128415346146
3.125728607178
3.123054265976
3.120415687561
3.117827892303
3.115269422531
3.112743377686
3.110242605209
3.107738971710
3.105238437653
3.102737903595
3.100234270096
3.097730159760
3.095227241516
3.092872142792
3.090481519699
3.088148593903
3.085885047913
3.083553791046
3.081159114838
3.078858375549
3.076528787613
3.074171304703
3.071811199188
3.069479942322
3.067197084427
3.064959049225
3.062767267227
3.060603618622
3.058524608612
3.056459903717
3.054275989532
3.052138805389
3.050077438354
3.047882556915
3.045741558075
3.043686866760
3.041587591171
3.039735555649
3.037712574005
3.035730361938
3.033686161041
3.031689167023
3.029579639435
3.027406692505
3.025360107422
3.023310184479
3.021220445633
3.019271850586
3.017302036285
3.015359878540
3.013639926910
3.011844158173
3.010207414627
3.008397102356
3.006443977356
3.004385948181
3.002298831940
3.000241994858
2.998238563538
2.996292114258
2.994428157806
2.992559671402
2.990716457367
2.988899230957
2.987026214600
2.985184192657
2.983270168304
2.981407642365
2.979475498199
2.977621555328
2.975735664368
2.973850250244
2.972017526627
2.970161437988
2.968299865723
2.966332674026
2.964396953583
2.962463617325
2.960573673248
2.958703041077
2.956856250763
2.955005645752
2.953326225281
2.951510429382
2.949825763702
2.947938442230
2.946205854416
2.944266080856
2.942361354828
2.940546512604
2.938745260239
2.936986923218
2.935223579407
2.933461427689
2.931668281555
2.929885387421
2.928084135056
2.926310777664
2.924511909485
2.922769308090
2.920927286148
2.919245719910
2.917485237122
2.915650367737
2.913761615753
2.912063598633
2.910294532776
2.908694744110
2.906908035278
2.905345439911
2.903384685516
2.901683807373
2.899942874908
2.898452520370
2.896567583084
2.895091533661
2.893044471741
2.891912221909
2.900871753693
3.254609584808
7.306279659271
3.565162658691
3.485602378845
3.422616004944
3.390570402145
3.378033638000
3.374701499939
3.374966382980
3.375869750977
3.376203060150
3.375463008881
3.373448371887
3.370113372803
3.365455150604
3.359596014023
3.352700233459
3.345012426376
3.336826801300
3.328361511230
3.320027112961
3.312296867371
3.305272102356
3.299057245255
3.293376922607
3.287866353989
3.282205104828
3.276255607605
3.270098924637
3.263571977615
3.256891250610
3.250105381012
3.242909908295
3.235495090485
3.227921485901
3.220325231552
3.212700843811
3.205078363419
3.197439432144
3.189733028412
3.181938171387
3.174060821533
3.166090250015
3.157819747925
3.149485111237
3.141265392303
3.133184671402
3.125310420990
3.117676258087
3.110364198685
3.103309631348
3.096794128418
3.090725421906
3.085190773010
3.079854965210
3.074909925461
3.070326805115
3.065938949585
3.061645030975
3.057326316833
3.052901029587
3.048667907715
3.044405460358
3.040107727051
3.035793542862
3.031100273132
3.026724338531
3.022476196289
3.018289566040
3.013982295990
3.010006427765
3.005969762802
3.002099990845
2.998388767242
2.994683742523
2.991131305695
2.987572193146
2.984102249146
2.980628967285
2.977223396301
2.973820209503
2.970413208008
2.966988325119
2.963556766510
2.960120201111
2.956691980362
2.953279972076
2.949851512909
2.946458339691
2.943079471588
2.939712524414
2.936358928680
2.933029651642
2.929759740829
2.926519870758
2.923262119293
2.920044898987
2.916830301285
2.913605690002
2.910374641418
2.907129764557
2.903937816620
2.900676727295
2.897434234619
2.894163370132
2.890911579132
2.887638092041
2.884434938431
2.881196022034
2.877995967865
2.874777793884
2.871625185013
2.868413925171
2.865228176117
2.862021446228
2.858877182007
2.855684757233
2.852549076080
2.849355220795
2.846218585968
2.843039989471
2.839863777161
2.836681365967
2.833508014679
2.830351352692
2.827192306519
2.824054718018
2.820935964584
2.817834854126
2.814744472504
2.811661243439
2.808554410934
2.805399894714
2.802276849747
2.799135208130
2.796034812927
2.792890548706
2.789904117584
2.786838531494
2.783835887909
2.780844211578
2.777955532074
2.775030612946
2.772097110748
2.769181728363
2.766321897507
2.763473987579
2.760614395142
2.757832288742
2.755084991455
2.752386569977
2.749711513519
2.747075557709
2.744430541992
2.741842269897
2.739234924316
2.736692905426
2.734196901321
2.731663227081
2.729189395905
2.726794242859
2.724420070648
2.722031354904
2.719679117203
2.717279195786
2.714953660965
2.712640523911
2.710371017456
2.708046436310
2.705774307251
2.703479766846
2.701268672943
2.699082136154
2.696895122528
2.694708824158
2.692570209503
2.690424442291
2.688330650330
2.686245441437
2.684107780457
2.681994676590
2.679824829102
2.677783012390
2.675784111023
2.673732280731
2.671732425690
2.669756412506
2.667790174484
2.665812015533
2.663861274719
2.661889076233
2.659906625748
2.657955884933
2.656005382538
2.654059886932
2.652140140533
2.650214672089
2.648299694061
2.646385192871
2.644465208054
2.642568111420
2.640719890594
2.638878583908
2.637022495270
2.635178804398
2.633340120316
2.631504297256
2.629683732986
2.627882719040
2.626096010208
2.624325990677
2.622570514679
2.620824337006
2.619091272354
2.617320537567
2.615433216095
2.613612413406
2.611791372299
2.610118150711
2.608547210693
2.606891393661
2.605234622955
2.603620052338
2.601928234100
2.600189208984
2.598424434662
2.596721410751
2.595110177994
2.593436002731
2.591868877411
2.590118408203
2.588498830795
2.586846351624
2.585229396820
2.583593606949
2.582247018814
2.580549716949
2.579236507416
2.577474117279
2.576185226440
2.574114084244
2.578621149063
2.634359598160
3.657642602921
6.636282444000
3.075428009033
2.988877296448
3.005915164948
3.025583505630
3.041182994843
3.050204753876
3.052419424057
3.049133300781
3.042405128479
3.034380912781
3.026465892792
3.018949747086
3.011394023895
3.003532886505
2.995661020279
2.988163471222
2.981124639511
2.974223852158
2.967185974121
2.960072994232
2.952958106995
2.945903301239
2.938730239868
2.931306362152
2.923656225204
2.915942668915
2.908188581467
2.900492191315
2.892914056778
2.885570287704
2.878297805786
2.871136426926
2.864012241364
2.856903314590
2.849842548370
2.842858552933
2.835989952087
2.829271793365
2.822675943375
2.816182136536
2.809741020203
2.803258419037
2.796797990799
2.790376663208
2.783993244171
2.777634620667
2.771506547928
2.765202999115
2.758902311325
2.752664089203
2.746591091156
2.740542888641
2.734552145004
2.728636980057
2.722774028778
2.716963768005
2.711117029190
2.705521821976
2.699872016907
2.694376945496
2.688907146454
2.683528900146
2.678323268890
2.673282623291
2.668186426163
2.663121700287
2.658125162125
2.653187751770
2.648292064667
2.643434047699
2.638617992401
2.633837461472
2.629106998444
2.624434471130
2.619818687439
2.615270376205
2.610793352127
2.606353282928
2.601928234100
2.597536087036
2.593147993088
2.588805437088
2.584466695786
2.580122709274
2.575770139694
2.571414232254
2.567035675049
2.562680006027
2.558352231979
2.554041862488
2.549765825272
2.545573711395
2.541414737701
2.537314891815
2.533307075500
2.529352664948
2.525449991226
2.521624565125
2.517865180969
2.514105319977
2.510509967804
2.506869792938
2.503389596939
2.499891757965
2.496492624283
2.493170022964
2.489959239960
2.486699581146
2.483781814575
2.480494976044
2.477891683578
2.474698543549
2.472140312195
2.469082117081
2.466759204865
2.463694810867
2.461596012115
2.458601951599
2.456630468369
2.453734874725
2.451912879944
2.449082374573
2.447567224503
2.444732666016
2.443239927292
2.440588951111
2.439063549042
2.436455249786
2.435487747192
2.432728290558
2.431330204010
2.428795337677
2.428079128265
2.425423145294
2.424245834351
2.421814441681
2.421123743057
2.418624162674
2.418273210526
2.415507078171
2.413882970810
2.412363767624
2.410407543182
2.409692049026
2.407229185104
2.406317710876
2.403915405273
2.404781818390
2.400269508362
2.412996768951
2.412438392639
2.537343978882
2.850620746613
3.097982883453
2.558314323425
2.470369100571
2.469943523407
2.466591835022
2.463306665421
2.459225654602
2.455087184906
2.449803352356
2.444260358810
2.438827514648
2.433530092239
2.428687572479
2.424117326736
2.419676542282
2.415288925171
2.410878419876
2.406447410583
2.401757717133
2.397023200989
2.392059087753
2.387265682220
2.382625579834
2.378227233887
2.374103784561
2.370284557343
2.366785049438
2.363626241684
2.360754489899
2.358238220215
2.355872392654
2.353772878647
2.351701974869
2.349805831909
2.347797393799
2.345877885818
2.343789339066
2.341772079468
2.339571475983
2.337509870529
2.335266828537
2.333244323730
2.331051588058
2.328995943069
2.326972246170
2.325005054474
2.323066234589
2.321356296539
2.319411039352
2.317634582520
2.315846443176
2.314060688019
2.312479972839
2.310655117035
2.308995962143
2.307312011719
2.305611848831
2.304116964340
2.302365779877
2.300872325897
2.299193620682
2.297760009766
2.296034574509
2.294619321823
2.292970657349
2.291688442230
2.290028095245
2.288716793060
2.287154197693
2.285910606384
2.284380435944
2.283160209656
2.281660079956
2.280464649200
2.278975725174
2.277873039246
2.276355981827
2.275244474411
2.273793697357
2.272794723511
2.271348476410
2.270320415497
2.268915653229
2.267997980118
2.266576766968
2.265427827835
2.264184474945
2.263274431229
2.261836051941
2.260833501816
2.259505033493
2.258788824081
2.257347583771
2.256221771240
2.255017518997
2.254282474518
2.252924919128
2.251971244812
2.250712394714
2.249715089798
2.248500823975
2.247680425644
2.246347427368
2.245536088943
2.244265317917
2.243237495422
2.242140293121
2.241090297699
2.239912033081
2.238840103149
2.237623214722
2.236464738846
2.235237598419
2.234065532684
2.232834815979
2.231768131256
2.230547428131
2.229496717453
2.228284120560
2.227272033691
2.226100683212
2.225264787674
2.224020957947
2.223184585571
2.222112417221
2.221359252930
2.220101356506
2.220176458359
2.218259334564
2.219172239304
2.217010021210
2.225411176682
2.233795166016
2.307612180710
2.571165561676
3.104027748108
3.355786561966
2.395514965057
2.295298576355
2.326117515564
2.339415073395
2.345710992813
2.350856304169
2.355181217194
2.356680154800
2.353977441788
2.347662687302
2.339232444763
2.329303741455
2.319071769714
2.308386087418
2.297574520111
2.286806821823
2.276324510574
2.266346454620
2.257092952728
2.248755931854
2.241300344467
2.234600782394
2.228702783585
2.223511219025
2.218814849854
2.214465856552
2.210521221161
2.206770420074
2.203369140625
2.200041770935
2.197025060654
2.194017887115
2.191363334656
2.188718557358
2.186331748962
2.184087276459
2.182016372681
2.180071353912
2.178227424622
2.176423549652
2.174652099609
2.172898292542
2.171142578125
2.169374942780
2.167620658875
2.165829181671
2.164024829865
2.162195920944
2.160428285599
2.158631324768
2.156917810440
2.155091047287
2.153392553329
2.151653528214
2.150012254715
2.148380756378
2.146814584732
2.145223379135
2.143705606461
2.142153024673
2.140669822693
2.139110088348
2.137687206268
2.136114358902
2.134734869003
2.133196115494
2.131824970245
2.130410671234
2.129051446915
2.127674102783
2.126388788223
2.125003814697
2.123765945435
2.122417926788
2.121207714081
2.119897842407
2.118725538254
2.117432117462
2.116237163544
2.114980220795
2.113788604736
2.112552642822
2.111289024353
2.110105991364
2.108872652054
2.107523679733
2.106545925140
2.105908632278
2.103771924973
2.103181123734
2.102276802063
2.101852893829
2.101195812225
2.104181766510
2.128520488739
2.291035413742
2.932964801788
3.233193635941
2.528350830078
2.415833711624
2.369393825531
2.355391979218
2.354268789291
2.353205680847
2.348362684250
2.339406251907
2.326921224594
2.312448263168
2.297051191330
2.281720638275
2.267503738403
2.255255937576
2.245175600052
2.235997676849
2.226344108582
2.215470314026
2.203492164612
2.190548658371
2.178380966187
2.167492151260
2.158048152924
2.150576591492
2.143912315369
2.138496637344
2.134115934372
2.130527257919
2.127463102341
2.124851703644
2.122691869736
2.121116638184
2.119609355927
2.118415832520
2.117402791977
2.116500377655
2.115360736847
2.113894701004
2.112046241760
2.109544038773
2.106451988220
2.103384733200
2.099793910980
2.096276760101
2.092898845673
2.089667797089
2.086364746094
2.083485603333
2.080737829208
2.078236579895
2.076138019562
2.074096202850
2.072173118591
2.070387840271
2.068735361099
2.067233324051
2.065941333771
2.064577102661
2.063220024109
2.061862468719
2.060530900955
2.059218645096
2.057909488678
2.056632518768
2.055347204208
2.054071187973
2.052826642990
2.051572799683
2.050337314606
2.049058675766
2.047832250595
2.046614170074
2.045363426208
2.044344186783
2.043226242065
2.042172908783
2.040918350220
2.039812564850
2.038684368134
2.037415981293
2.036062240601
2.034833431244
2.033669948578
2.032536983490
2.031414031982
2.030300378799
2.029199838638
2.028123855591
2.027070522308
2.026036739349
2.025019407272
2.024005413055
2.022994995117
2.021986246109
2.020977973938
2.019965648651
2.018952608109
2.017936468124
2.016921043396
2.015905141830
2.014897823334
2.013892889023
2.012898445129
2.011910200119
2.010929346085
2.009954452515
2.008999586105
2.008040428162
2.007230043411
2.006328344345
2.005381107330
2.004436492920
2.003496408463
2.002573490143
2.001660108566
2.000741243362
1.999832153320
1.998926520348
1.998015522957
1.997115373611
1.996224164963
1.995334625244
1.994449496269
1.993572711945
1.992700338364
1.991823673248
1.990956306458
1.990088582039
1.989225029945
1.988364458084
1.987513780594
1.986668229103
1.985828995705
1.984991550446
1.984163522720
1.983327507973
1.982500553131
1.981674909592
1.980859041214
1.980039596558
1.979231834412
1.978415608406
1.977607846260
1.976806879044
1.975997447968
1.975197553635
1.974389672279
1.973598718643
1.972792744637
1.972009658813
1.971216440201
1.970441579819
1.969652295113
1.968880176544
1.968108654022
1.967339992523
1.966569662094
1.965804100037
1.965036869049
1.964272499084
1.963512539864
1.962751150131
1.961987853050
1.961224317551
1.960464000702
1.959706187248
1.958949685097
1.958200335503
1.957448840141
1.956696510315
1.955951929092
1.955206394196
1.954471826553
1.953732252121
1.952999353409
1.952261209488
1.951526999474
1.950791358948
1.950050115585
1.949318170547
1.948586940765
1.947855234146
1.947134017944
1.946402668953
1.945676088333
1.944946050644
1.944231033325
1.943501472473
1.942788124084
1.942072153091
1.941359400749
1.940649628639
1.939942836761
1.939229249954
1.938518524170
1.937806844711
1.937091827393
1.936389207840
1.935676574707
1.934979677200
1.934273719788
1.933578729630
1.932872891426
1.932179689407
1.931472063065
1.930778384209
1.930080652237
1.929379224777
1.928688764572
1.927996635437
1.927304267883
1.926607608795
1.925917863846
1.925222873688
1.924532651901
1.923840284348
1.923151016235
1.922458887100
1.921766042709
1.921075582504
1.920381784439
1.919694423676
1.919008255005
1.918318748474
1.917630314827
1.916939020157
1.916255116463
1.915562987328
1.914878368378
1.914191603661
1.913505792618
1.912822723389
1.912139177322
1.911454916000
1.910773277283
1.910519123077
1.910719394684
1.908525228500
1.907851815224
1.908019542694
1.906561374664
1.905863761902
1.906594753265
1.905200004578
1.906472802162
1.902799606323
1.919730901718
2.016231298447
3.806844711304
2.727174520493
2.407745361328
2.243220567703
2.261764049530
2.265165090561
2.265872716904
2.260836839676
2.246612548828
2.224813938141
2.198097467422
2.169832706451
2.142927885056
2.118822813034
2.097418308258
2.078222990036
2.061191558838
2.046719789505
2.035418987274
2.026493072510
2.018156766891
2.009820222855
2.002017736435
1.995217204094
1.989957571030
1.985900998116
1.982367277145
1.978913664818
1.975071907043
1.970768451691
1.965929508209
1.961009263992
1.955807566643
1.950680732727
1.945772409439
1.941131472588
1.936871290207
1.932955741882
1.929448604584
1.926253080368
1.923407077789
1.920719623566
1.918366432190
1.915856599808
1.913533210754
1.911295413971
1.909114837646
1.907018423080
1.905000805855
1.903041481972
1.901120901108
1.899269342422
1.897496223450
1.895802736282
1.894157648087
1.892591595650
1.891049385071
1.889589548111
1.888143539429
1.886770963669
1.885353326797
1.884007930756
1.882618427277
1.881305932999
1.879970550537
1.878622770309
1.877367734909
1.876091718674
1.874821782112
1.873626828194
1.872407913208
1.871294736862
1.870162010193
1.868996620178
1.867770671844
1.866620182991
1.865557074547
1.864462852478
1.863298177719
1.862274885178
1.861275196075
1.860167026520
1.859064102173
1.858038425446
1.856997370720
1.856023788452
1.854995131493
1.854065656662
1.852961778641
1.852055191994
1.851071119308
1.850140333176
1.849115967751
1.848261594772
1.847367286682
1.846480846405
1.845654845238
1.844921350479
1.844074964523
1.843205451965
1.842336893082
1.841716051102
1.840954542160
1.840027570724
1.839250087738
1.838321447372
1.837421417236
1.836649179459
1.835719108582
1.834786295891
1.833964347839
1.833108663559
1.832327365875
1.831455469131
1.830591320992
1.829735875130
1.828893899918
1.828023910522
1.827185630798
1.826283216476
1.825500369072
1.824648141861
1.823878765106
1.823345541954
1.823707938194
1.825816869736
1.838542938232
1.948965311050
2.318634033203
2.864100456238
2.759677171707
2.432734251022
2.536359786987
2.235759258270
2.205581903458
2.171727657318
2.137897968292
2.110939741135
2.093404293060
2.085138082504
2.081849098206
2.077829599380
2.069994449615
2.059393167496
2.047128915787
2.034273862839
2.019701480865
2.004866600037
1.989247560501
1.973827719688
1.959322571754
1.946359872818
1.934149265289
1.923196196556
1.913187861443
1.904343843460
1.896635413170
1.889683365822
1.883461952209
1.877829313278
1.872617483139
1.868274927139
1.864399671555
1.860930442810
1.857783079147
1.854785323143
1.851552724838
1.848486900330
1.845299482346
1.842255830765
1.839216947556
1.836194634438
1.833277702332
1.830427885056
1.827792644501
1.825320243835
1.823034763336
1.820917487144
1.818931102753
1.817082643509
1.815327882767
1.813647747040
1.811951160431
1.810313224792
1.808677792549
1.807038545609
1.805399298668
1.803751587868
1.802094697952
1.800426602364
1.798761248589
1.797197222710
1.795568108559
1.793802261353
1.792348504066
1.790820002556
1.789347767830
1.787885546684
1.786462783813
1.785142421722
1.783846497536
1.782411575317
1.781315803528
1.780028581619
1.778824210167
1.777574777603
1.776382088661
1.775151610374
1.774070262909
1.772805571556
1.771619439125
1.770417213440
1.769363164902
1.768296122551
1.767220020294
1.766136884689
1.765065312386
1.764022469521
1.763006210327
1.762139081955
1.761039853096
1.760116815567
1.759195566177
1.758323431015
1.757444143295
1.756568431854
1.755702137947
1.754840731621
1.753982543945
1.753127694130
1.752279043198
1.751434445381
1.750594377518
1.749759078026
1.748927593231
1.748102188110
1.747284054756
1.746472597122
1.745663881302
1.744862198830
1.744065046310
1.743271708488
1.742485761642
1.741702914238
1.740922927856
1.740149617195
1.739380359650
1.738796591759
1.737776994705
1.737045645714
1.736409902573
1.735434412956
1.734881758690
1.734056711197
1.733330368996
1.732540369034
1.731832861900
1.731049299240
1.730364441872
1.729525804520
1.728968381882
1.727940082550
1.727570772171
1.726546287537
1.726349234581
1.724983692169
1.724779367447
1.723786950111
1.723516941071
1.722676038742
1.722119212151
1.721326947212
1.720855712891
1.719732522964
1.719560623169
1.718400120735
1.717640161514
1.717894554138
1.716896653175
1.716451883316
1.715817332268
1.714857459068
1.714694738388
1.713787555695
1.713661432266
1.712575078011
1.711528778076
1.711167931557
1.710162878036
1.710041522980
1.709209084511
1.713187813759
1.719212174416
1.900528311729
2.786276817322
2.384611845016
2.385958909988
2.323365211487
2.391391754150
2.024540424347
2.011149883270
1.994209051132
1.984332084656
1.974133014679
1.960181474686
1.946138381958
1.931194782257
1.914733171463
1.897081136703
1.878563165665
1.859488248825
1.840923309326
1.824273586273
1.810193300247
1.798523902893
1.788617372513
1.780081272125
1.772963404655
1.767195582390
1.762938976288
1.759760379791
1.757699012756
1.756478428841
1.754956722260
1.753476500511
1.751368045807
1.748519539833
1.745337486267
1.741570472717
1.737760543823
1.733603477478
1.729755640030
1.725848674774
1.722366094589
1.719165802002
1.716287612915
1.713667631149
1.711332321167
1.709130883217
1.707210421562
1.705300092697
1.703631043434
1.701843976974
1.700369358063
1.698750495911
1.697273254395
1.695913076401
1.694500207901
1.693208456039
1.691860437393
1.690594077110
1.689301729202
1.688091039658
1.686784625053
1.685537934303
1.684219360352
1.682939291000
1.681622505188
1.680379867554
1.679090023041
1.677825450897
1.676628828049
1.675411581993
1.674222826958
1.673074007034
1.671951532364
1.670853853226
1.669780254364
1.668744206429
1.667710781097
1.666709780693
1.665724277496
1.664760589600
1.663799166679
1.662850618362
1.661910653114
1.660994529724
1.660086631775
1.659181714058
1.658293128014
1.657413125038
1.656551361084
1.655693531036
1.654778122902
1.654054641724
1.653177022934
1.652370452881
1.651544809341
1.650670170784
1.649986863136
1.649117231369
1.648271083832
1.647519826889
1.646802783012
1.645945072174
1.645132541656
1.644392490387
1.643695473671
1.642843484879
1.642061233521
1.641344666481
1.640594124794
1.639825463295
1.639114379883
1.638343930244
1.637648940086
1.636877179146
1.636227250099
1.635735511780
1.634794354439
1.634629726410
1.633774518967
1.633470773697
1.634654998779
1.631994247437
1.631719231606
1.630839109421
1.632727503777
1.634867429733
1.654962062836
1.804893136024
2.490507125854
2.724033832550
1.933537602425
1.770612001419
1.765688657761
1.752385973930
1.758795619011
1.759404063225
1.755750656128
1.748808622360
1.739366531372
1.728197455406
1.716672778130
1.705171704292
1.694408535957
1.684410095215
1.675917148590
1.668716192245
1.662544965744
1.657953619957
1.654143452644
1.651004076004
1.648768186569
1.646469593048
1.645032644272
1.642119765282
1.639946937561
1.637296199799
1.635206460953
1.632040977478
1.629883646965
1.628439903259
1.625721812248
1.624273896217
1.623721599579
1.621282696724
1.622742056847
1.623012185097
1.641113758087
1.682667136192
1.886896848679
2.280776739120
2.287936925888
1.826971650124
1.746058225632
1.715541005135
1.711252212524
1.697105169296
1.690600395203
1.683859229088
1.677250385284
1.671176075935
1.664660930634
1.657839059830
1.651067256927
1.643664479256
1.637385964394
1.630974769592
1.625913858414
1.621396422386
1.617516517639
1.614723443985
1.612741112709
1.611264348030
1.609928965569
1.608737111092
1.607744097710
1.606927752495
1.606154680252
1.605131149292
1.603888034821
1.602761149406
1.601402282715
1.599984645844
1.598422169685
1.597004532814
1.595667958260
1.594282627106
1.592963933945
1.591743230820
1.590584039688
1.589505672455
1.588483214378
1.587515354156
1.586578607559
1.585685729980
1.584828376770
1.584004163742
1.583213567734
1.582422971725
1.581679105759
1.580927252769
1.580066800117
1.579445123672
1.578626155853
1.577857017517
1.577275872231
1.576272487640
1.575889587402
1.574943304062
1.574172496796
1.573362588882
1.573058009148
1.572187304497
1.571429729462
1.570678234100
1.570486187935
1.569555521011
1.569087862968
1.568302869797
1.567956447601
1.567133307457
1.566948890686
1.566187739372
1.565668344498
1.564886569977
1.565044760704
1.563948392868
1.563339710236
1.562998056412
1.562142610550
1.561910390854
1.561027765274
1.560651659966
1.560009956360
1.559698224068
1.558958649635
1.558528423309
1.557761907578
1.557689785957
1.556931972504
1.556465387344
1.555758953094
1.555622577667
1.554661631584
1.554547429085
1.553783297539
1.553077101707
1.552757143974
1.552396178246
1.551524877548
1.551391959190
1.550627112389
1.550163507462
1.549561977386
1.549002408981
1.548467159271
1.548426866531
1.547773957253
1.546939492226
1.546446561813
1.546895146370
1.545797467232
1.545031547546
1.544805765152
1.544041633606
1.544184684753
1.542971253395
1.542764902115
1.542260766029
1.541827559471
1.541177272797
1.540864706039
1.539993405342
1.539914250374
1.539256811142
1.538853168488
1.538353562355
1.537858486176
1.537375211716
1.536950111389
1.536375403404
1.536010384560
1.535527825356
1.535514831543
1.534867167473
1.534063220024
1.534054279327
1.533654689789
1.532951354980
1.532137036324
1.532452821732
1.531140327454
1.530961036682
1.530367851257
1.530363917351
1.529245853424
1.528955698013
1.528772830963
1.528421759605
1.528029441833
1.527048587799
1.526410102844
1.531875967979
1.540380001068
2.184428691864
4.896700382233
3.308793067932
2.635727405548
2.546496152878
2.466541051865
2.462596416473
2.455736875534
2.442763328552
2.425702571869
2.405671596527
2.383836984634
2.361587524414
2.341686487198
2.325698375702
2.313345432281
2.303606748581
2.295671701431
2.287827968597
2.278103590012
2.265682220459
2.251282930374
2.236205816269
2.221192836761
2.206985712051
2.193602323532
2.180696487427
2.168098449707
2.155992031097
2.144224166870
2.132817745209
2.122012615204
2.111573219299
2.101464748383
2.091534376144
2.081803560257
2.072235107422
2.062859773636
2.053676605225
2.044689416885
2.035824775696
2.026924133301
2.018279314041
2.009309768677
2.002208948135
1.993035435677
2.000765323639
2.097814559937
3.014888286591
3.333456993103
2.652670383453
2.563566684723
2.535611391068
2.508372306824
2.472969532013
2.437939882278
2.414063453674
2.401509761810
2.385581254959
2.360285997391
2.332407712936
2.307284832001
2.286140441895
2.268772840500
2.254292726517
2.240281581879
2.224934577942
2.208731174469
2.192691326141
2.177665233612
2.163918733597
2.151336431503
2.139247417450
2.127999067307
2.117451429367
2.106982469559
2.095802783966
2.083846330643
2.070897579193
2.057774782181
2.044594526291
2.031332492828
2.019483327866
2.007521152496
1.996976375580
1.987564802170
1.979232311249
1.970492124557
1.964133858681
1.956135988235
1.950758457184
1.943370223045
1.938984394073
1.932052969933
1.928314924240
1.922174215317
1.919297456741
1.912594556808
1.914591312408
1.916064023972
2.034719467163
2.445353984833
3.364356756210
2.902386903763
2.529080152512
2.406772851944
2.355574846268
2.330241203308
2.309986829758
2.286917924881
2.259749412537
2.229441404343
2.197871685028
2.166082143784
2.135533332825
2.107703208923
2.083852291107
2.064789056778
2.050459861755
2.039165735245
2.028566360474
2.017657279968
2.006850481033
1.996905207634
1.988439321518
1.981020331383
1.973562240601
1.964749336243
1.954170942307
