4.138524055481
4.137811660767
4.136797428131
4.135515689850
4.133994579315
4.132267951965
4.130362510681
4.128292083740
4.126080513000
4.123742103577
4.121292591095
4.118741512299
4.116097927094
4.113372802734
4.110570907593
4.107697963715
4.104748725891
4.101734161377
4.098660469055
4.095530509949
4.092349052429
4.089121818542
4.085855484009
4.082550048828
4.079214096069
4.075858592987
4.072481155396
4.069084167480
4.065666675568
4.062229156494
4.058774948120
4.055301666260
4.051793575287
4.048269748688
4.044729709625
4.041165828705
4.037580966949
4.033972740173
4.030337333679
4.026671886444
4.022972106934
4.019234657288
4.015460491180
4.011643409729
4.007751464844
4.003794193268
3.999773979187
3.995679855347
3.991514682770
3.987268924713
3.982936382294
3.978528976440
3.974048852921
3.969478130341
3.964811563492
3.960048437119
3.955150365829
3.950120925903
3.944966316223
3.939690113068
3.934288263321
3.928702831268
3.922945499420
3.917020320892
3.910879611969
3.904450416565
3.897784709930
3.890855312347
3.883684635162
3.876257896423
3.868627071381
3.860818386078
3.852900981903
3.844896793365
3.836855411530
3.828778266907
3.820674419403
3.812561035156
3.804501056671
3.796570301056
3.788713932037
3.780970096588
3.773407459259
3.766041278839
3.758890867233
3.751973867416
3.745039463043
3.738221406937
3.731578111649
3.725130796432
3.718868732452
3.712783813477
3.706856250763
3.701236009598
3.695740222931
3.690491914749
3.685461521149
3.680230379105
3.675255060196
3.670634269714
3.666018009186
3.661671638489
3.657522678375
3.653354644775
3.649307727814
3.645311832428
3.641357183456
3.637439012527
3.633576631546
3.629753112793
3.626007318497
3.622326612473
3.618702411652
3.615129470825
3.611594438553
3.608098745346
3.604650259018
3.601230144501
3.597855567932
3.594527482986
3.591252326965
3.588025569916
3.584851264954
3.581723213196
3.578625679016
3.575501680374
3.572550058365
3.569520473480
3.566432714462
3.563475131989
3.560435295105
3.557336568832
3.554362773895
3.551280975342
3.548121929169
3.545065164566
3.541894912720
3.538801670074
3.535420894623
3.532366752625
3.528858423233
3.525828838348
3.522102355957
3.519150972366
3.515354871750
3.512452125549
3.508658647537
3.505790233612
3.501955032349
3.499094486237
3.495182991028
3.492322921753
3.488354682922
3.485556602478
3.481528997421
3.478754043579
3.474674224854
3.471931457520
3.467766284943
3.465015172958
3.460749626160
3.458032846451
3.453702449799
3.450728654861
3.447652339935
3.443047285080
3.439962863922
3.436828136444
3.432107925415
3.429144859314
3.425889968872
3.421231746674
3.418493509293
3.414420366287
3.411482095718
3.406613826752
3.403136253357
3.398941516876
3.396853208542
3.391876459122
3.389173030853
3.384255886078
3.381992340088
3.376517534256
3.374206304550
3.368314027786
3.366668939590
3.361028194427
3.358773708344
3.353868961334
3.353940963745
3.344016313553
3.348682641983
3.335006237030
3.372784614563
3.402003765106
4.125717163086
3.804307460785
3.624661445618
3.408407211304
3.377432346344
3.377432107925
3.380169868469
3.381627082825
3.381651401520
3.380354881287
3.377921104431
3.374313354492
3.369968891144
3.364714622498
3.358578443527
3.351345062256
3.343051433563
3.333391189575
3.323587417603
3.313819885254
3.304173707962
3.294946670532
3.286632061005
3.279402732849
3.273284435272
3.268087148666
3.263535976410
3.259165048599
3.254864692688
3.250617504120
3.246514320374
3.242527008057
3.238701105118
3.235022306442
3.230842351913
3.227091073990
3.223560810089
3.220041275024
3.216511726379
3.212959289551
3.209381103516
3.205809831619
3.202311515808
3.199007987976
3.195634603500
3.192497253418
3.189280033112
3.186277866364
3.183340549469
3.180295467377
3.177420139313
3.174594879150
3.171809911728
3.169035434723
3.166255474091
3.163460969925
3.160668373108
3.157796859741
3.154978275299
3.152269601822
3.149640560150
3.147080421448
3.144522666931
3.142034530640
3.139571428299
3.137068510056
3.134618759155
3.132185459137
3.129767894745
3.127356290817
3.124949693680
3.122545242310
3.120076656342
3.117739677429
3.115476608276
3.113024234772
3.110619068146
3.108305931091
3.105837345123
3.103435754776
3.101189613342
3.098996639252
3.096909761429
3.094803333282
3.092757701874
3.090663909912
3.088544607162
3.086326837540
3.084209680557
3.082262992859
3.080294609070
3.078156948090
3.076230525970
3.074268341064
3.072152614594
3.070148706436
3.068070888519
3.066349506378
3.064350605011
3.062453746796
3.059988021851
3.058210134506
3.056516170502
3.054553747177
3.052777051926
3.051045656204
3.048953533173
3.047078132629
3.045154333115
3.043184280396
3.041341304779
3.039418697357
3.037618160248
3.035734653473
3.033874034882
3.032044410706
3.030236482620
3.028444528580
3.026657581329
3.024902343750
3.023140192032
3.021262645721
3.019495725632
3.017723560333
3.015893936157
3.014152526855
3.012362480164
3.010669469833
3.008862972260
3.007239818573
3.005434751511
3.003711700439
3.002096176147
3.000296592712
2.998783588409
2.997090101242
2.995492458344
2.993771076202
2.992082595825
2.990321636200
2.988588333130
2.986637592316
2.984990119934
2.982966899872
2.981464862823
2.979476451874
2.978123426437
2.976315259933
2.974760055542
2.973142623901
2.971357584000
2.969715833664
2.968034744263
2.966387271881
2.964702606201
2.963132858276
2.961447715759
2.959840774536
2.958165168762
2.956594467163
2.954714775085
2.952988386154
2.951293230057
2.949945449829
2.948184967041
2.946945667267
2.945060968399
2.943821907043
2.941677331924
2.940992355347
2.938066959381
2.937255859375
2.935291290283
2.934857368469
2.931409835815
2.932310581207
2.924889564514
2.955007553101
3.148138523102
7.853010177612
3.496492862701
3.423255443573
3.376548290253
3.355840921402
3.350127696991
3.351136207581
3.354281425476
3.357325553894
3.359400272369
3.360175848007
3.359639644623
3.357889175415
3.355041503906
3.351291179657
3.346918106079
3.342196941376
3.337371349335
3.332677841187
3.328294277191
3.324332714081
3.320608139038
3.316672801971
3.312058448792
3.306140422821
3.298615455627
3.289574623108
3.279601812363
3.269124031067
3.258706092834
3.248663902283
3.239182949066
3.230336666107
3.221994876862
3.214026451111
3.206392288208
3.199100017548
3.192106246948
3.185284376144
3.178540229797
3.171806335449
3.165032625198
3.158356666565
3.151613712311
3.144690513611
3.137598514557
3.130459547043
3.123406648636
3.116539955139
3.109864711761
3.103354930878
3.097122192383
3.091224670410
3.085603952408
3.080160856247
3.074769496918
3.069637060165
3.064692497253
3.060113668442
3.055819034576
3.051631689072
3.047719478607
3.043964385986
3.040182590485
3.036434412003
3.031751871109
3.026821613312
3.021999835968
3.017706394196
3.013249635696
3.009255409241
3.005419015884
3.001658916473
2.998187541962
2.994700908661
2.991484165192
2.988192081451
2.985075950623
2.981833457947
2.978661298752
2.975512981415
2.972379207611
2.969222068787
2.966053485870
2.962875843048
2.959676027298
2.956534624100
2.953359127045
2.950230360031
2.947139739990
2.944085121155
2.941058158875
2.938078403473
2.935113906860
2.932127952576
2.929125308990
2.926162242889
2.923232078552
2.920292377472
2.917365074158
2.914480924606
2.911681652069
2.908779859543
2.905924797058
2.903059482574
2.900240898132
2.897423744202
2.894619941711
2.891726970673
2.888889312744
2.885992050171
2.883138179779
2.880190372467
2.877311706543
2.874413013458
2.871542930603
2.868614673615
2.865743875504
2.862795352936
2.859893083572
2.856950998306
2.854040145874
2.851100206375
2.848177909851
2.845267772675
2.842328310013
2.839417934418
2.836489200592
2.833546638489
2.830628871918
2.827615737915
2.824848651886
2.821849346161
2.819029331207
2.815963268280
2.813341140747
2.809901237488
2.808139324188
2.804105758667
2.801934719086
2.798287391663
2.796414375305
2.792525291443
2.790738105774
2.787046432495
2.785346508026
2.781547546387
2.780010223389
2.776354312897
2.774806737900
2.771187543869
2.769746065140
2.766057014465
2.764690399170
2.761047363281
2.759602308273
2.756145477295
2.754512786865
2.751288414001
2.749815464020
2.746600151062
2.745055437088
2.741994380951
2.740331888199
2.737308502197
2.735562324524
2.733000993729
2.731195449829
2.728818893433
2.727313995361
2.724558353424
2.723012924194
2.720422267914
2.719159126282
2.716238498688
2.714965105057
2.712107181549
2.710806131363
2.708076000214
2.707104444504
2.703865528107
2.702352046967
2.700699090958
2.698509931564
2.696670293808
2.694659709930
2.692919015884
2.690916538239
2.689114093781
2.687350988388
2.685404300690
2.683593511581
2.681816577911
2.679848670959
2.678054809570
2.676296949387
2.674335718155
2.672708988190
2.670677185059
2.669141769409
2.667068958282
2.665343523026
2.663556098938
2.661853551865
2.660121679306
2.658453941345
2.656735897064
2.655079603195
2.653415918350
2.651774406433
2.650154590607
2.648525476456
2.646908283234
2.645627021790
2.643925189972
2.642257690430
2.641152858734
2.638588666916
2.638168573380
2.635742187500
2.634480476379
2.632788658142
2.631748199463
2.629478693008
2.628771066666
2.625838041306
2.625722408295
2.623258829117
2.622873306274
2.619837999344
2.619435071945
2.617444276810
2.617341279984
2.614096879959
2.614550113678
2.610695600510
2.611570119858
2.607579231262
2.609970808029
2.602098703384
2.621097087860
2.615772485733
3.888046979904
5.720057964325
3.262839794159
3.120041370392
3.101654529572
3.098581790924
3.101065397263
3.103690385818
3.104498624802
3.103375911713
3.101419687271
3.099953651428
3.099464893341
3.099474191666
3.099005699158
3.097473382950
3.095017671585
3.091827392578
3.087829828262
3.082686662674
3.076030731201
3.068075656891
3.059201955795
3.049776077271
3.040044784546
3.030240297318
3.020569086075
3.011109352112
3.002055168152
2.993435859680
2.985254526138
2.977322578430
2.969566106796
2.961756706238
2.953815221786
2.945653676987
2.937207698822
2.928471565247
2.919538736343
2.910424470901
2.901189804077
2.891885995865
2.882531166077
2.873216390610
2.863946199417
2.854736566544
2.845619440079
2.836634635925
2.827676057816
2.818905353546
2.810287714005
2.801831245422
2.793580293655
2.785549640656
2.777792930603
2.770302772522
2.763059616089
2.756082534790
2.749376296997
2.742927074432
2.736691713333
2.730680942535
2.724880218506
2.719292163849
2.713870048523
2.708563804626
2.703254699707
2.698049306870
2.693011999130
2.688193321228
2.683568477631
2.679083824158
2.674697875977
2.670356035233
2.666028499603
2.661682128906
2.657336473465
2.652993202209
2.648661375046
2.644315958023
2.639972209930
2.635642051697
2.631309509277
2.626958847046
2.622643947601
2.618342399597
2.614073038101
2.609825611115
2.605604648590
2.601384639740
2.597167253494
2.592971086502
2.588781118393
2.584599256516
2.580510616302
2.576407432556
2.572394609451
2.568440675735
2.564533472061
2.560653209686
2.556825637817
2.553033828735
2.549349546432
2.545686721802
2.542128562927
2.538598537445
2.535151004791
2.531784296036
2.528521060944
2.525224685669
2.522107601166
2.518918991089
2.516052007675
2.513105392456
2.510397434235
2.507629871368
2.505093336105
2.502435922623
2.500125885010
2.497570037842
2.495384931564
2.492943286896
2.490898609161
2.488580942154
2.486695766449
2.484490394592
2.482669830322
2.480561256409
2.478784799576
2.476779699326
2.475382328033
2.473583936691
2.471997499466
2.470133781433
2.468740463257
2.467051506042
2.465733051300
2.464008331299
2.462558746338
2.460977077484
2.460147619247
2.458350419998
2.456592559814
2.455121517181
2.453588962555
2.452497482300
2.451098442078
2.449897527695
2.448676109314
2.448220491409
2.444514036179
2.451863765717
2.462784767151
2.554939985275
2.904435634613
3.072607517242
2.566872596741
2.489049673080
2.492044925690
2.488734245300
2.490835428238
2.493304014206
2.494727134705
2.494452953339
2.492797374725
2.490423679352
2.487323284149
2.483541011810
2.479044914246
2.473524570465
2.467072010040
2.460122585297
2.452960252762
2.445712089539
2.438593387604
2.432072401047
2.425926923752
2.420780420303
2.416462898254
2.412715435028
2.409581899643
2.406540155411
2.403753995895
2.401295661926
2.399406909943
2.397348642349
2.395704507828
2.393925189972
2.392524480820
2.390819072723
2.389406204224
2.387634277344
2.386112928391
2.384197473526
2.382594585419
2.380618095398
2.379040241241
2.377044200897
2.375479221344
2.373911857605
2.372326850891
2.370819091797
2.369456768036
2.367747306824
2.366536617279
2.365183353424
2.363849878311
2.362559080124
2.360942363739
2.359807729721
2.358472824097
2.357147932053
2.355834245682
2.354250431061
2.353078842163
2.351631164551
2.350542306900
2.348994970322
2.347871065140
2.346431732178
2.345451116562
2.344059944153
2.342969179153
2.341585159302
2.340591907501
2.339264631271
2.338247537613
2.336932182312
2.335916519165
2.334585189819
2.333639383316
2.332476854324
2.331335783005
2.330157995224
2.329206943512
2.328113555908
2.326961994171
2.325877904892
2.324895620346
2.323713302612
2.322604417801
2.321511268616
2.320550680161
2.319635629654
2.318332910538
2.317392587662
2.316679239273
2.315798759460
2.314227581024
2.313194513321
2.312448501587
2.311643838882
2.310139417648
2.309395313263
2.308694362640
2.307605504990
2.306378602982
2.305788516998
2.304561138153
2.303576469421
2.302641391754
2.301583290100
2.300466299057
2.299383163452
2.298392772675
2.297304391861
2.296360731125
2.295322895050
2.294319152832
2.293315887451
2.292238712311
2.291476011276
2.290386676788
2.289733648300
2.288410186768
2.287804841995
2.286523342133
2.285891056061
2.284373760223
2.283905267715
2.282758235931
2.282400608063
2.280597448349
2.278257846832
2.279817104340
2.274297237396
2.290052890778
2.281744003296
2.383134603500
2.533045291901
3.216660976410
3.130573272705
2.439765214920
2.404175758362
2.434518575668
2.433087110519
2.426416158676
2.422175407410
2.420341014862
2.417662858963
2.412552356720
2.405299901962
2.397378921509
2.388698101044
2.380530834198
2.371818304062
2.363092184067
2.353925704956
2.343816757202
2.333911418915
2.323763370514
2.314507007599
2.305331945419
2.297622680664
2.290905237198
2.285014390945
2.280065536499
2.275727748871
2.272170066833
2.268546342850
2.265925168991
2.262706518173
2.260483026505
2.257307052612
2.255340576172
2.252145767212
2.250054359436
2.247641086578
2.245274543762
2.243121862411
2.241043090820
2.239017486572
2.237069129944
2.235223054886
2.233474254608
2.231654405594
2.229967594147
2.228194236755
2.226563930511
2.224823713303
2.223315954208
2.221518278122
2.220123767853
2.218192100525
2.216887235641
2.215393781662
2.214049100876
2.212514400482
2.211208581924
2.209721088409
2.208496332169
2.207070827484
2.205972194672
2.204450130463
2.203513145447
2.201763153076
2.200959444046
2.199420452118
2.198371410370
2.197119474411
2.195935964584
2.194539308548
2.193510532379
2.191923141479
2.190895557404
2.189560174942
2.188597679138
2.187002420425
2.186010599136
2.184741973877
2.183615207672
2.182205915451
2.181019783020
2.179852008820
2.178573369980
2.177600860596
2.176589250565
2.174953937531
2.174818992615
2.171387195587
2.171874046326
2.169945478439
2.170095682144
2.166195631027
2.171012401581
2.165322542191
2.203408718109
2.318804979324
3.010924339294
3.058354139328
2.474854707718
2.395149707794
2.368045091629
2.365455865860
2.371034145355
2.375063896179
2.374702453613
2.369725227356
2.360868453979
2.349692821503
2.337494850159
2.325885295868
2.316220283508
2.309011220932
2.303687095642
2.298221588135
2.290839672089
2.280894279480
2.269126892090
2.256817817688
2.245287179947
2.235166072845
2.226990938187
2.220390796661
2.215177297592
2.210262775421
2.205060958862
2.199578285217
2.193929672241
2.188669204712
2.184153079987
2.180976390839
2.178001403809
2.175702095032
2.173985958099
2.172377109528
2.170958518982
2.169563293457
2.167854309082
2.166075706482
2.164134979248
2.162117719650
2.160018444061
2.157866954803
2.155641078949
2.153386116028
2.151370525360
2.149392366409
2.147365093231
2.145394325256
2.143271923065
2.141263008118
2.139418125153
2.137684106827
2.136029720306
2.134350299835
2.132683277130
2.130965232849
2.129105567932
2.127573966980
2.126093626022
2.124626636505
2.123121023178
2.121692895889
2.120268821716
2.118891716003
2.117594480515
2.116269588470
2.114990234375
2.113778591156
2.112647771835
2.111537218094
2.110330104828
2.108891963959
2.107536554337
2.106101512909
2.104888439178
2.103730201721
2.102624416351
2.101616382599
2.100780248642
2.099899530411
2.098961114883
2.098017215729
2.097082614899
2.096154212952
2.095215797424
2.094287872314
2.093324184418
2.092348575592
2.091367244720
2.090392112732
2.089423179626
2.088463783264
2.087507486343
2.086559057236
2.085611820221
2.084672212601
2.083735466003
2.082806348801
2.081871986389
2.080954074860
2.080045223236
2.079139471054
2.078239440918
2.077280521393
2.076408147812
2.075546741486
2.074259281158
2.073294639587
2.072431564331
2.071577072144
2.070702552795
2.069745063782
2.068911790848
2.068093061447
2.067190408707
2.066395282745
2.065598487854
2.064682960510
2.063908100128
2.063122987747
2.062210559845
2.061437129974
2.060570716858
2.059804439545
2.058908462524
2.058144092560
2.057260036469
2.056507825851
2.055629491806
2.054891586304
2.054027795792
2.053302288055
2.052415609360
2.051710128784
2.050864934921
2.050154685974
2.049286842346
2.048589944839
2.047723770142
2.047041177750
2.046187877655
2.045413970947
2.044750690460
2.043872833252
2.043209552765
2.042329311371
2.041680812836
2.040817737579
2.040185928345
2.039336204529
2.038707733154
2.037852048874
2.037132263184
2.036421537399
2.035687685013
2.034950971603
2.034248828888
2.033504247665
2.032769203186
2.032041311264
2.031317234039
2.030594348907
2.029877424240
2.029164791107
2.028450727463
2.027705669403
2.027009248734
2.026309013367
2.025566101074
2.024873733521
2.024144172668
2.023466587067
2.022744417191
2.022064208984
2.021346807480
2.020639896393
2.019972801208
2.019259214401
2.018555641174
2.017893314362
2.017157077789
2.016504764557
2.015778064728
2.015128135681
2.014394283295
2.013749361038
2.013019323349
2.012351751328
2.011682987213
2.011009693146
2.010296821594
2.009638786316
2.008966684341
2.008258581161
2.007602453232
2.006901502609
2.006257057190
2.005563259125
2.004920482635
2.004227399826
2.003581523895
2.002889871597
2.002253532410
2.001564741135
2.000900983810
2.000275611877
1.999591588974
1.998916387558
1.998247265816
1.997625112534
1.996948003769
1.996284842491
1.995625972748
1.994976043701
1.994324922562
1.993672847748
1.993017196655
1.992356538773
1.991706132889
1.991052031517
1.990398645401
1.989746332169
1.989090323448
1.988443732262
1.987786889076
1.987145185471
1.986499190331
1.985856652260
1.985216259956
1.984571456909
1.983924865723
1.983277320862
1.982629299164
1.981300234795
1.979480504990
1.980970859528
1.979812026024
1.977089166641
1.980214357376
1.978888750076
1.976092457771
1.977938413620
1.973345041275
1.984257936478
1.970593929291
2.162503719330
3.272439718246
2.817906856537
2.291296005249
2.216216325760
2.210179090500
2.201405525208
2.197786331177
2.196219444275
2.191287279129
2.183472871780
2.174634933472
2.166456937790
2.159630537033
2.153636693954
2.146845102310
2.138505458832
2.128426313400
2.116895675659
2.105229139328
2.094038724899
2.083174467087
2.073122978210
2.064020156860
2.056219339371
2.049501657486
2.043252468109
2.037042140961
2.031280755997
2.025839805603
2.020982503891
2.016779899597
2.012917280197
2.009813070297
2.007420778275
2.005338907242
2.003306865692
2.001313686371
1.999218821526
1.997125864029
1.995048880577
1.993013739586
1.991214275360
1.989445447922
1.987661123276
1.985982656479
1.984535217285
1.983062505722
1.981641292572
1.979979991913
1.978508353233
1.976762533188
1.975247621536
1.973415255547
1.971844434738
1.969946146011
1.968433022499
1.966534852982
1.965121269226
1.963285684586
1.961967945099
1.960151314735
1.958987593651
1.957276344299
1.955865502357
1.954753398895
1.953317642212
1.952078580856
1.951042413712
1.949622750282
1.948512554169
1.946983337402
1.946029424667
1.944739580154
1.943825960159
1.942734241486
1.941804528236
1.940593242645
1.939759492874
1.938502192497
1.937837123871
1.936623096466
1.935889720917
1.934926509857
1.934053659439
1.932828068733
1.932094097137
1.930937409401
1.930313348770
1.929160237312
1.928130149841
1.927234172821
1.926404714584
1.925678253174
1.924974560738
1.923995971680
1.923334598541
1.922200560570
1.921511411667
1.921001195908
1.920497179031
1.919575452805
1.918911695480
1.917661428452
1.916732788086
1.916074037552
1.915210723877
1.914320588112
1.913603782654
1.912766933441
1.911993503571
1.911249399185
1.910482883453
1.909694433212
1.908762097359
1.907967805862
1.907193779945
1.906418085098
1.905550241470
1.904767036438
1.903803586960
1.903190612793
1.902395963669
1.902097940445
1.901423096657
1.900630831718
1.900661706924
1.921696662903
1.998658180237
2.430475473404
2.851548194885
2.641413688660
2.628715991974
2.554616928101
2.355727195740
2.350028038025
2.317481279373
2.276196002960
2.237914085388
2.206671476364
2.183207511902
2.164896011353
2.147045373917
2.127878665924
2.110132217407
2.095906734467
2.085303783417
2.077045917511
2.068678140640
2.058884143829
2.047428607941
2.035356521606
2.023954391479
2.014005899429
2.004937171936
1.996567606926
1.988406181335
1.980092287064
1.971951961517
1.963759660721
1.956009149551
1.949097633362
1.942323207855
1.936424255371
1.931141853333
1.926437616348
1.922318816185
1.919201850891
1.916181802750
1.913690090179
1.911050081253
1.908534526825
1.906096339226
1.903700113297
1.901413917542
1.899116992950
1.896882772446
1.894722700119
1.892631292343
1.890614986420
1.888611793518
1.886677265167
1.884802103043
1.883053302765
1.881321549416
1.879681348801
1.878120422363
1.876636743546
1.875213027000
1.873848915100
1.872535467148
1.871213912964
1.869836330414
1.868682146072
1.867571711540
1.866258621216
1.865095853806
1.863933563232
1.863023281097
1.862046599388
1.860966920853
1.859542250633
1.858633279800
1.857245087624
1.856109380722
1.855042695999
1.854028701782
1.853223919868
1.852401733398
1.851469516754
1.850535154343
1.849909424782
1.849447011948
1.848653554916
1.847698092461
1.846739530563
1.845806121826
1.844898343086
1.844008564949
1.843133449554
1.841899037361
1.841294884682
1.840582132339
1.839729070663
1.838894605637
1.838065624237
1.837233543396
1.836403965950
1.835583686829
1.834774017334
1.833980679512
1.833185791969
1.832404136658
1.831624269485
1.830845832825
1.830051302910
1.829264521599
1.828476309776
1.827705383301
1.826934337616
1.826162338257
1.825387239456
1.824624419212
1.823862195015
1.823102116585
1.822347044945
1.821601033211
1.820857882500
1.819898843765
1.819051265717
1.818721175194
1.817729473114
1.817205190659
1.816580176353
1.815845012665
1.815097928047
1.814263582230
1.813560247421
1.812774658203
1.812128186226
1.811255335808
1.810797929764
1.809796094894
1.809487342834
1.807686328888
1.806982874870
1.806962728500
1.807138681412
1.805197834969
1.804873824120
1.804865837097
1.804110288620
1.803152918816
1.802785396576
1.801557421684
1.801605463028
1.799720287323
1.797890186310
1.798243999481
1.798967957497
1.798435807228
1.798011660576
1.796600341797
1.796690106392
1.794453024864
1.795279264450
1.794646382332
1.793106675148
1.792903423309
1.791392564774
1.791816711426
1.790978550911
1.795998096466
1.800135970116
1.976441740990
2.766780853271
2.263696670532
2.282982826233
2.398262500763
2.257237911224
2.024204015732
2.032748937607
2.016136407852
2.007007122040
2.002929210663
1.997325897217
1.989130258560
1.977495431900
1.963458180428
1.949143052101
1.935755252838
1.923458337784
1.912114024162
1.902236461639
1.893798828125
1.886482357979
1.879833459854
1.873477220535
1.867247939110
1.861195325851
1.855249404907
1.849658727646
1.844609498978
1.839707612991
1.835437655449
1.831325411797
1.827349543571
1.824070453644
1.821092009544
1.818529486656
1.815998077393
1.813725471497
1.811345100403
1.809119343758
1.806815862656
1.804391026497
1.802312970161
1.800069808960
1.798110842705
1.796089529991
1.794111847878
1.792154788971
1.790053486824
1.788305282593
1.786260366440
1.784657239914
1.783124446869
1.781547307968
1.779969811440
1.778234958649
1.776868104935
1.775414705276
1.774012446404
1.772419810295
1.771204352379
1.769692897797
1.768491387367
1.767168045044
1.766107797623
1.764698743820
1.763682126999
1.762633085251
1.761373519897
1.760369181633
1.759412407875
1.758379101753
1.757361292839
1.756350398064
1.755337715149
1.754225730896
1.753307223320
1.752281188965
1.751382708549
1.750371217728
1.749490380287
1.748485922813
1.747627139091
1.746636629105
1.745794296265
1.744811058044
1.743981480598
1.743002414703
1.742281436920
1.741186976433
1.740818738937
1.739653229713
1.738722801208
1.738027811050
1.737016916275
1.736672043800
1.735650897026
1.734589338303
1.734306812286
1.733459949493
1.732445716858
1.731410622597
1.731184124947
1.730340480804
1.729351282120
1.728302836418
1.728197097778
1.727095246315
1.726746320724
1.725551128387
1.725180864334
1.724084377289
1.723753213882
1.722590088844
1.722614288330
1.720111608505
1.718585252762
1.720532298088
1.720075964928
1.720724463463
1.716449499130
1.718543052673
1.715112447739
1.716475248337
1.716221809387
1.718128561974
1.745013952255
1.845973372459
2.632901191711
2.446939468384
2.073540449142
1.924750208855
1.854653596878
1.850970625877
1.845368266106
1.846626281738
1.843610167503
1.837690114975
1.828128576279
1.817999124527
1.806343197823
1.796018719673
1.785991191864
1.778112649918
1.770181775093
1.763062000275
1.756897807121
1.749831080437
1.743689656258
1.738465547562
1.732919692993
1.729847788811
1.724405646324
1.722906470299
1.719559192657
1.719041347504
1.714823007584
1.713983774185
1.714104175568
1.710591435432
1.710353851318
1.711065649986
1.707372665405
1.710960149765
1.702894449234
1.718536973000
1.706231355667
1.798019766808
1.878434419632
2.432437419891
2.168764829636
1.795514464378
1.764152407646
1.791747570038
1.787887811661
1.774615049362
1.762034893036
1.755716204643
1.752276659012
1.749220609665
1.746099472046
1.741842269897
1.736934185028
1.732501268387
1.727207899094
1.723248839378
1.718425273895
1.714353561401
1.711392045021
1.708709716797
1.705939173698
1.703034639359
1.700012803078
1.697452425957
1.694968819618
1.692603826523
1.690497994423
1.688673019409
1.687375426292
1.685706138611
1.684342145920
1.683220267296
1.682572364807
1.681837081909
1.680728673935
1.679862976074
1.679066896439
1.678348064423
1.677584528923
1.676807284355
1.675970792770
1.675062179565
1.674099683762
1.673101902008
1.672087907791
1.671061635017
1.670076131821
1.669068574905
1.668109893799
1.667126655579
1.666600584984
1.665440678596
1.664847135544
1.664033889771
1.663278341293
1.662816882133
1.661778450012
1.660965085030
1.659976005554
1.659287214279
1.658617973328
1.657776713371
1.657365322113
1.656949281693
1.656156182289
1.655648708344
1.654863476753
1.654344558716
1.653998732567
1.653871655464
1.652417302132
1.651824235916
1.651730060577
1.651693105698
1.650669217110
1.649822235107
1.649316072464
1.648477911949
1.648244023323
1.647435188293
1.647174239159
1.646648883820
1.646178483963
1.645203590393
1.644802212715
1.644696474075
1.644802808762
1.643592834473
1.643051266670
1.642758250237
1.642649650574
1.641737699509
1.641548991203
1.640688657761
1.640143632889
1.639704465866
1.639360666275
1.638693690300
1.638492703438
1.638110518456
1.637181520462
1.636400699615
1.635978460312
1.635791540146
1.635737419128
1.634864330292
1.634798765182
1.634025454521
1.633916497231
1.632539868355
1.631889343262
1.631769657135
1.632441759109
1.632244467735
1.630527853966
1.629578351974
1.629131555557
1.628849864006
1.628669381142
1.628642559052
1.627805709839
1.627840757370
1.627155303955
1.625977754593
1.625924110413
1.625105738640
1.624815464020
1.624916434288
1.624294161797
1.624039649963
1.622700214386
1.622737765312
1.622656583786
1.622693419456
1.621767044067
1.621460437775
1.621772766113
1.619572520256
1.620396971703
1.619521379471
1.618799209595
1.618389368057
1.617930889130
1.617737531662
1.617411613464
1.617068290710
1.615992069244
1.616137504578
1.616204857826
1.614471197128
1.614648818970
1.617526054382
1.636493206024
2.189053058624
5.078893184662
2.968641281128
2.462704658508
2.479312896729
2.405893564224
2.417286396027
2.423499107361
2.422615528107
2.416516304016
2.406823635101
2.393781900406
2.377939224243
2.361846923828
2.348577022552
2.338711023331
2.330635070801
2.322436809540
2.312803745270
2.301442861557
2.287669658661
2.271514415741
2.254003763199
2.236822366714
2.220973014832
2.206202030182
2.192942380905
2.181049823761
2.170390367508
2.160451412201
2.151529550552
2.142891883850
2.134334325790
2.125452995300
2.116308450699
2.106926679611
2.097585916519
2.088543653488
2.079932689667
2.071759462357
2.064150810242
2.057048559189
2.050423383713
2.043917417526
2.039090633392
2.031583547592
2.043482065201
2.116047382355
3.098446607590
3.101078033447
2.579443454742
2.532700061798
2.529896736145
2.524372339249
2.512781620026
2.504598140717
2.507728815079
2.516145467758
2.509315252304
2.481888055801
2.445660352707
2.410449504852
2.379890680313
2.355015039444
2.336236238480
2.322232246399
2.310678482056
2.299000263214
2.285474538803
2.270228385925
2.253792524338
2.236486196518
2.220212221146
2.204787731171
2.190426588058
2.177087783813
2.165349006653
2.153391361237
2.142192840576
2.129929780960
2.117187976837
2.105736255646
2.092332363129
2.081175804138
2.069811820984
2.058391332626
2.047122478485
2.039601087570
2.027872323990
2.022363662720
2.011769771576
2.008476257324
1.999012470245
1.997480273247
1.989297151566
1.989287376404
1.980571150780
1.983647823334
1.970947742462
2.004867792130
2.029833793640
2.630779027939
2.988716125488
2.669613361359
2.416789054871
2.348795175552
2.330283403397
2.328223943710
2.327979803085
2.324113607407
2.315909147263
2.303810119629
2.288624525070
2.270297050476
2.248700380325
2.224523067474
2.199560642242
2.175604343414
2.153691530228
2.133565664291
2.114304304123
2.095897674561
2.078994035721
2.064612627029
2.053177118301
2.044207572937
2.036557197571
2.029129028320
2.021417140961
