0.064171122995
0.180035650624
0.184491978610
0.134581105169
0.042780748663
0.074866310160
0.074866310160
0.120320855615
0.135472370766
0.111408199643
0.095365418895
0.091800356506
0.041889483066
0.067736185383
0.133689839572
0.166666666667
0.092691622103
0.041889483066
0.108734402852
0.134581105169
0.109625668449
0.084670231729
0.091800356506
0.041889483066
0.074866310160
0.074866310160
0.074866310160
0.074866310160
0.074866310160
0.074866310160
0.074866310160
0.074866310160
0.074866310160
0.074866310160
0.074866310160
0.074866310160
0.074866310160
0.074866310160
0.074866310160
0.074866310160
0.074866310160
0.074866310160
0.074866310160
0.074866310160
0.074866310160
0.074866310160
0.074866310160
0.074866310160
0.074866310160
0.074866310160
0.074866310160
0.074866310160
0.074866310160
0.074866310160
0.074866310160
0.074866310160
0.074866310160
0.074866310160
0.074866310160
0.074866310160
0.074866310160
0.074866310160
0.074866310160
0.074866310160
0.074866310160
0.074866310160
0.074866310160
0.074866310160
0.074866310160
0.074866310160
0.074866310160
0.074866310160
0.074866310160
0.074866310160
0.074866310160
0.074866310160
0.074866310160
0.074866310160
0.074866310160
0.074866310160
0.074866310160
0.074866310160
0.074866310160
0.074866310160
0.074866310160
0.074866310160
0.074866310160
0.074866310160
0.074866310160
0.074866310160
0.074866310160
0.074866310160
0.074866310160
0.074866310160
0.074866310160
0.074866310160
0.074866310160
0.074866310160
0.074866310160
0.074866310160
