0.032619775739
0.120285423038
0.139653414883
0.108053007136
0.133537206932
0.093781855250
0.093781855250
0.140672782875
0.131498470948
0.099898063201
0.150866462793
0.037716615698
0.133537206932
0.130479102956
0.076452599388
0.098878695209
0.037716615698
0.133537206932
0.125382262997
0.079510703364
0.103975535168
0.087665647299
0.036697247706
0.133537206932
0.093781855250
0.093781855250
0.093781855250
0.093781855250
0.093781855250
0.093781855250
0.093781855250
0.093781855250
0.093781855250
0.093781855250
0.093781855250
0.093781855250
0.093781855250
0.093781855250
0.093781855250
0.093781855250
0.093781855250
0.093781855250
0.093781855250
0.093781855250
0.093781855250
0.093781855250
0.093781855250
0.093781855250
0.093781855250
0.093781855250
0.093781855250
0.093781855250
0.093781855250
0.093781855250
0.093781855250
0.093781855250
0.093781855250
0.093781855250
0.093781855250
0.093781855250
0.093781855250
0.093781855250
0.093781855250
0.093781855250
0.093781855250
0.093781855250
0.093781855250
0.093781855250
0.093781855250
0.093781855250
0.093781855250
0.093781855250
0.093781855250
0.093781855250
0.093781855250
0.093781855250
0.093781855250
0.093781855250
0.093781855250
0.093781855250
0.093781855250
0.093781855250
0.093781855250
0.093781855250
0.093781855250
0.093781855250
0.093781855250
0.093781855250
0.093781855250
0.093781855250
0.093781855250
0.093781855250
0.093781855250
0.093781855250
0.093781855250
0.093781855250
0.093781855250
0.093781855250
0.093781855250
0.093781855250
