0.140516181893
0.147070872593
0.149938549775
0.151167554281
0.151577222450
0.152396558787
0.152396558787
0.152396558787
0.152396558787
0.152396558787
0.152396558787
0.152396558787
0.152396558787
0.152396558787
0.152396558787
0.151986890619
0.150757886112
0.150757886112
0.151577222450
0.153625563294
0.158131913150
0.162638263007
0.167963949201
0.172470299058
0.182302335109
0.184760344121
0.188857025809
0.195411716510
0.203605079885
0.209340434248
0.214256452274
0.217943465793
0.220401474805
0.219582138468
0.218762802130
0.217533797624
0.217124129455
0.216714461286
0.217533797624
0.215485456780
0.213027447767
0.213437115936
0.214666120442
0.212208111430
0.212617779599
0.211388775092
0.211388775092
0.213846784105
0.214666120442
0.215075788611
0.214256452274
0.215895124949
0.217943465793
0.221220811143
0.218762802130
0.217124129455
0.219172470299
0.162638263007
0.097501024170
0.146251536256
0.159360917657
0.163457599345
0.167554281032
0.166325276526
0.165505940188
0.167144612864
0.200737402704
0.213846784105
0.220401474805
0.224907824662
0.225317492831
0.230233510856
0.229004506350
0.229823842687
0.230233510856
0.228594838181
0.231462515363
0.238836542401
0.241704219582
0.243752560426
0.244981564932
0.243752560426
0.240475215076
0.199918066366
0.107333060221
0.206472757067
0.219582138468
0.223678820156
0.233510856206
0.237197869726
0.238017206063
0.238836542401
0.241704219582
0.244162228595
0.245800901270
0.247849242114
0.254813600983
0.253584596477
0.254813600983
0.256042605490
0.258090946333
0.258500614502
0.260139287177
0.260958623515
0.262187628021
0.260958623515
0.267513314215
0.264645637034
0.273248668578
0.245800901270
0.199098730029
0.108971732896
0.176157312577
0.202785743548
0.256861941827
0.260548955346
0.259729619009
0.256452273658
0.256452273658
0.259319950840
0.261777959853
0.263826300696
0.264235968865
0.267922982384
0.272019664072
0.273658336747
0.277345350266
0.280622695617
0.282671036460
0.283080704629
0.286767718148
0.284719377304
0.285948381811
0.290864399836
0.294961081524
0.258090946333
0.222449815649
0.099549365014
0.258090946333
0.272839000410
0.289635395330
0.289225727161
0.287177386317
0.285538713642
0.287996722655
0.285948381811
0.289635395330
0.292093404342
0.292912740680
0.292912740680
0.298648095043
0.300696435887
0.302335108562
0.289225727161
0.288406390823
0.237607537894
0.224088488324
0.214666120442
0.211388775092
0.269561655059
0.245391233101
0.278164686604
0.283080704629
0.297009422368
0.297828758705
0.295780417862
0.285129045473
0.275297009422
0.249078246620
0.285129045473
0.293322408849
0.310118803769
0.319950839820
0.312986480950
0.317492830807
0.304793117575
0.298648095043
0.270380991397
0.203605079885
0.256042605490
0.281442031954
0.306841458419
0.320770176157
0.317902498976
0.314625153626
0.281442031954
0.230233510856
0.240065546907
0.254813600983
0.254403932814
0.262187628021
0.282671036460
0.291683736174
0.314625153626
0.315034821794
0.320770176157
0.323228185170
0.326915198689
0.328963539533
0.331421548546
0.333469889390
0.334698893896
0.333469889390
0.332650553052
0.333469889390
0.317492830807
0.240065546907
0.193773043834
0.207292093404
0.245800901270
0.274477673085
0.304383449406
0.316263826301
0.326505530520
0.325686194183
0.326505530520
0.330192544039
0.332240884883
0.333060221221
0.336747234740
0.339614911921
0.337976239246
0.296599754199
0.287177386317
0.215075788611
0.210979106923
0.294551413355
0.301106104056
0.331011880377
0.336747234740
0.337156902909
0.337156902909
0.322408848832
0.278984022941
0.245800901270
0.281851700123
0.342482589103
0.341663252765
0.344940598116
0.345759934453
0.343301925440
0.342892257272
0.344121261778
0.344121261778
0.343711593609
0.344940598116
0.338795575584
0.276116345760
0.278164686604
0.272429332241
0.255632937321
0.344530929947
0.342482589103
0.335518230234
0.345350266284
0.331831216714
0.351904956985
0.313805817288
0.280213027448
0.275297009422
0.332650553052
0.351085620647
0.346169602622
0.348217943466
0.347808275297
0.350266284310
0.340024580090
0.347398607128
0.308070462925
0.299467431381
0.239246210569
0.216304793118
0.370749692749
0.344940598116
0.349856616141
0.301515772224
0.299057763212
0.321999180664
0.333879557558
0.342892257272
0.360507988529
0.346579270791
0.358459647685
0.342072920934
0.354362965998
0.322408848832
0.316263826301
0.290045063499
0.328963539533
0.340843916428
0.352314625154
0.339205243753
0.342482589103
0.292503072511
0.319131503482
0.324866857845
0.350266284310
0.342892257272
0.350266284310
0.309709135600
0.321589512495
0.303973781237
0.363375665711
0.357230643179
0.327324866858
0.335518230234
0.308889799263
0.324866857845
0.322818517001
0.342072920934
0.324047521508
0.353543629660
0.345350266284
0.361736993036
0.346169602622
0.358459647685
0.341663252765
0.344121261778
0.299467431381
0.330192544039
0.370340024580
0.370749692749
0.367062679230
0.366653011061
0.332650553052
0.335927898402
0.258090946333
0.280213027448
0.366243342892
0.371159360918
0.380581728800
0.362146661204
0.371978697255
0.341663252765
0.340024580090
0.308889799263
0.320770176157
0.374846374437
0.367062679230
0.360507988529
0.366653011061
0.356411306841
0.356001638673
0.353953297829
0.299057763212
0.358459647685
0.360507988529
0.390004096682
0.375256042605
0.388775092175
0.346579270791
0.326095862351
0.320770176157
0.332240884883
0.383449405981
0.365833674723
0.285129045473
0.270380991397
0.282261368292
0.378123719787
0.393281442032
0.396558787382
0.385497746825
0.394510446538
0.383859074150
0.395739451045
0.380172060631
0.385497746825
0.360098320361
0.334698893896
0.327324866858
0.333060221221
0.331421548546
0.355182302335
0.341663252765
0.369520688243
0.382220401475
0.392052437526
0.367882015567
0.383039737812
0.335518230234
0.372388365424
0.381401065137
0.399426464564
0.384268742319
0.396968455551
0.376075378943
0.386317083163
0.344530929947
0.328963539533
0.301106104056
0.317902498976
0.399836132732
0.396558787382
0.372388365424
0.350675952478
0.347808275297
0.356411306841
0.390823433019
0.412126177796
0.391233101188
0.386726751331
0.349037279803
0.335927898402
0.363375665711
0.385497746825
0.423596886522
0.408439164277
0.425235559197
0.409258500615
0.419909873003
0.380172060631
0.401474805408
0.320360507989
0.356411306841
0.403523146252
0.394920114707
0.411716509627
0.371569029086
0.343301925440
0.275706677591
0.334698893896
0.423596886522
0.413764850471
0.410487505121
0.411306841458
0.408029496108
0.378943056125
0.378123719787
0.325686194183
0.373617369930
0.394510446538
0.387546087669
0.371159360918
0.340024580090
0.379762392462
0.426464563703
0.402294141745
0.415403523146
0.403932814420
0.404342482589
0.371159360918
0.372388365424
0.368291683736
0.387136419500
0.412945514134
0.405571487095
0.385088078656
0.363375665711
0.359278984023
0.406390823433
0.405161818927
0.384678410488
0.379352724293
0.313396149119
0.397378123720
0.413355182302
0.412535845965
0.366243342892
0.404342482589
0.394920114707
0.433019254404
0.410077836952
0.426054895535
0.409668168783
0.409258500615
0.353543629660
0.296190086030
0.234330192544
0.367882015567
0.408848832446
0.434248258910
0.412535845965
0.418271200328
0.401474805408
0.365833674723
0.367882015567
0.360098320361
0.421548545678
0.437935272429
0.437525604261
0.437935272429
0.438344940598
0.439573945104
0.435067595248
0.416222859484
0.369930356411
0.308070462925
0.281851700123
0.421548545678
0.442441622286
0.423187218353
0.431380581729
0.417042195821
0.406390823433
0.384268742319
0.338385907415
0.437525604261
0.437525604261
0.444899631299
0.432199918066
0.434248258910
0.387546087669
0.362146661204
0.282261368292
0.341253584596
0.435477263417
0.419909873003
0.427693568210
0.392871773863
0.358869315854
0.335108562065
0.407619827939
0.430970913560
0.444080294961
0.435886931585
0.439983613273
0.432609586235
0.417451863990
0.389184760344
0.316673494469
0.414174518640
0.441212617780
0.426054895535
0.434657927079
0.389594428513
0.382220401475
0.378123719787
0.406390823433
0.460876689881
0.404342482589
0.419090536665
0.291274068005
0.382220401475
0.444489963130
0.444899631299
0.446128635805
0.441622285948
0.444080294961
0.432609586235
0.409668168783
0.349446947972
0.397787791889
0.447357640311
0.439573945104
0.426874231872
0.402703809914
0.345350266284
0.394510446538
0.450225317493
0.437525604261
0.433428922573
0.395739451045
0.363375665711
0.371569029086
0.421548545678
0.432199918066
0.449815649324
0.431790249898
0.433428922573
0.404342482589
0.389594428513
0.412126177796
0.421138877509
0.414174518640
0.395739451045
0.408029496108
0.413355182302
0.442441622286
0.430151577222
0.436706267923
0.425645227366
0.411306841458
0.401474805408
0.415403523146
0.366243342892
0.391233101188
0.381810733306
0.453092994674
0.467841048751
0.458828349037
0.465383039738
0.462515362556
0.470299057763
0.458418680868
0.444080294961
0.403932814420
0.302744776731
0.282261368292
0.400245800901
0.441622285948
0.439983613273
0.458828349037
0.441622285948
0.465792707907
0.426874231872
0.439573945104
0.352314625154
0.384268742319
0.473986071282
0.453912331012
0.463744367063
0.454731667349
0.465383039738
0.410487505121
0.437935272429
0.410897173290
0.419090536665
0.421958213847
0.416632527653
0.446947972143
0.437525604261
0.452273658337
0.433428922573
0.394920114707
0.426464563703
0.402703809914
0.439164276936
0.381810733306
0.448586644818
0.442031954117
0.457189676362
0.443260958624
0.435886931585
0.397787791889
0.378123719787
0.350266284310
0.436706267923
0.452273658337
0.445309299467
0.458418680868
0.439983613273
0.404752150758
0.428922572716
0.398607128226
0.445718967636
0.446947972143
0.443260958624
0.419909873003
0.419500204834
0.425235559197
0.438754608767
0.457599344531
0.449405981155
0.420319541172
0.430970913560
0.443670626792
0.474395739451
0.462515362556
0.464563703400
0.435477263417
0.431380581729
0.403113478083
0.456370340025
0.465792707907
0.475215075789
0.471528062270
0.448996312986
0.427693568210
0.308889799263
0.437525604261
0.446947972143
0.457599344531
0.471937730438
0.461286358050
0.448996312986
0.430970913560
0.416222859484
0.424825891028
0.442851290455
0.418680868497
0.427283900041
0.449815649324
0.481769766489
0.476444080295
0.481360098320
0.463744367063
0.441212617780
0.376485047112
0.412126177796
0.419500204834
0.456370340025
0.433019254404
0.453092994674
0.454731667349
0.477263416633
0.453502662843
0.461696026219
0.422367882016
0.399426464564
0.438754608767
0.487505120852
0.481360098320
0.483408439164
0.478902089308
0.438754608767
0.450634985662
0.336747234740
0.484637443671
0.500614502253
0.483408439164
0.485866448177
0.465792707907
0.435886931585
0.394510446538
0.414584186809
0.445718967636
0.453502662843
0.442441622286
0.443260958624
0.425645227366
0.449405981155
0.438344940598
0.413764850471
0.439573945104
0.410487505121
0.473166734945
0.480131093814
0.475624743957
0.485456780008
0.471937730438
0.455141335518
0.395329782876
0.344940598116
0.393691110201
0.468660385088
0.470299057763
0.478082752970
0.472347398607
0.441622285948
0.445718967636
0.383859074150
0.464563703400
0.486276116346
0.473576403113
0.494059811553
0.446947972143
0.463334698894
0.376485047112
0.453502662843
0.491601802540
0.463334698894
0.490782466202
0.432199918066
0.466202376075
0.399016796395
0.482589102827
0.473166734945
0.435067595248
0.394100778370
0.400245800901
0.469070053257
0.492830807046
0.464973371569
0.494469479721
0.458009012700
0.474395739451
0.440393281442
0.435886931585
0.465383039738
0.468660385088
0.486685784515
0.465383039738
0.481769766489
0.432609586235
0.441622285948
0.459647685375
0.458009012700
0.482179434658
0.494059811553
0.471528062270
0.448586644818
0.430970913560
0.450634985662
0.468250716919
0.467431380582
0.476444080295
0.450225317493
0.435067595248
0.451454321999
0.483818107333
0.485866448177
0.482179434658
0.439983613273
0.434657927079
0.430151577222
0.476444080295
0.476853748464
0.487914789021
0.434657927079
0.461696026219
0.433019254404
0.485866448177
0.484637443671
0.496517820565
0.462925030725
0.497337156903
0.403523146252
0.490782466202
0.453092994674
0.508398197460
0.487505120852
0.488324457190
0.454321999181
0.366243342892
0.449405981155
0.515772224498
0.504711183941
0.510856206473
0.507988529291
0.510856206473
0.501843506760
0.485866448177
0.440802949611
0.368291683736
0.464563703400
0.495288816059
0.518639901680
0.496517820565
0.519459238017
0.477673084801
0.487914789021
0.421548545678
0.457599344531
0.481360098320
0.480950430152
0.494059811553
0.432199918066
0.432199918066
0.392462105694
0.452273658337
0.516181892667
0.483818107333
0.485866448177
0.471937730438
0.426874231872
0.483818107333
0.454731667349
0.505940188447
0.474805407620
0.486276116346
0.451454321999
0.445718967636
0.468660385088
0.455960671856
0.475215075789
0.417451863990
0.476034412126
0.496517820565
0.484227775502
0.488734125358
0.460057353544
0.487095452683
0.478082752970
0.509217533798
0.489553461696
0.496927488734
0.410897173290
0.364195002048
0.490372798034
0.485866448177
0.519459238017
0.504711183941
0.510856206473
0.497746825072
0.468660385088
0.447767308480
0.394100778370
0.464973371569
0.514133551823
0.481360098320
0.500614502253
0.456370340025
0.468660385088
0.479311757476
0.493240475215
0.487914789021
0.449815649324
0.471118394101
0.452273658337
0.495288816059
0.487914789021
0.478082752970
0.411306841458
0.428103236379
0.515772224498
0.505530520279
0.525194592380
0.515362556329
0.521917247030
0.504711183941
0.468660385088
0.453502662843
0.387546087669
0.489963129865
0.520278574355
0.519459238017
0.526833265055
0.505120852110
0.505120852110
0.359688652192
0.463744367063
0.485866448177
0.530110610406
0.505940188447
0.528881605899
0.489143793527
0.477673084801
0.410487505121
0.451863990168
0.489553461696
0.496927488734
0.487095452683
0.485456780008
0.419500204834
0.464563703400
0.504711183941
0.496927488734
0.513314215485
0.503891847603
0.511675542810
0.479311757476
0.488734125358
0.413355182302
0.498975829578
0.499795165916
0.515362556329
0.471937730438
0.472347398607
0.448586644818
0.514543219992
0.514133551823
0.526013928718
0.503072511266
0.495698484228
0.405981155264
0.404752150758
0.471118394101
0.449405981155
0.506349856616
0.539942646456
0.517820565342
0.538713641950
0.496517820565
0.469070053257
0.448586644818
0.424006554691
0.521097910692
0.489553461696
0.532568619418
0.447357640311
0.498156493240
0.408439164277
0.524375256043
0.518639901680
0.528881605899
0.505120852110
0.492830807046
0.449405981155
0.458009012700
0.461696026219
0.484227775502
0.459238017206
0.487505120852
0.525604260549
0.503072511266
0.511675542810
0.490372798034
0.448996312986
0.498156493240
0.475624743957
0.509217533798
0.465792707907
0.493650143384
0.484227775502
0.498566161409
0.524784924211
0.477673084801
0.507988529291
0.438754608767
0.506759524785
0.512085210979
0.501024170422
0.506349856616
0.461286358050
0.522736583367
0.526013928718
0.512085210979
0.519868906186
0.466612044244
0.502253174928
0.479311757476
0.539123310119
0.499385497747
0.527242933224
0.425645227366
0.518230233511
0.453092994674
0.512085210979
0.512494879148
0.507169192954
0.452273658337
0.503891847603
0.446128635805
0.505940188447
0.502253174928
0.492830807046
0.484637443671
0.478082752970
0.526833265055
0.506759524785
0.535026628431
0.478902089308
0.486685784515
0.438344940598
0.454731667349
0.478492421139
0.472347398607
0.518230233511
0.530110610406
0.523965587874
0.521097910692
0.504711183941
0.486685784515
0.485047111839
0.479721425645
0.524784924211
0.524375256043
0.530110610406
0.469889389594
0.479311757476
0.431380581729
0.526423596887
0.541171650963
0.532978287587
0.526013928718
0.526833265055
0.485866448177
0.507988529291
0.421958213847
0.506349856616
0.532978287587
0.496108152397
0.509217533798
0.462925030725
0.526013928718
0.502253174928
0.535026628431
0.455551003687
0.405161818927
0.410897173290
0.441622285948
0.512494879148
0.543219991807
0.522736583367
0.548136009832
0.512494879148
0.541990987300
0.446128635805
0.510036870135
0.491192134371
0.531339614912
0.540761982794
0.547316673494
0.550184350676
0.538713641950
0.544448996313
0.499385497747
0.479721425645
0.425235559197
0.451044653830
0.490372798034
0.538713641950
0.538713641950
0.536255632937
0.536665301106
0.496517820565
0.494879147890
0.460876689881
0.529291274068
0.532978287587
0.543219991807
0.519049569848
0.502662843097
0.442441622286
0.504711183941
0.500204834084
0.513723883654
0.514952888161
0.451044653830
0.525604260549
0.489553461696
0.527242933224
0.453912331012
0.496108152397
0.514133551823
0.528062269562
0.531339614912
0.510446538304
0.514543219992
0.491192134371
0.544039328144
0.537894305612
0.551003687014
0.522736583367
0.526013928718
0.468250716919
0.503072511266
0.529291274068
0.526833265055
0.544858664482
0.516181892667
0.510446538304
0.424416222859
0.524784924211
0.474805407620
0.534207292093
0.489553461696
0.518639901680
0.494879147890
0.519049569848
0.514133551823
0.510036870135
0.525194592380
0.489143793527
0.496927488734
0.467021712413
0.518639901680
0.537074969275
0.526423596887
0.539123310119
0.521507578861
0.511265874642
0.496108152397
0.488324457190
0.549774682507
0.506349856616
0.546497337157
0.445718967636
0.545268332651
0.510856206473
0.553052027857
0.542400655469
0.535845964769
0.511675542810
0.471118394101
0.498566161409
0.498156493240
0.551823023351
0.510036870135
0.506759524785
0.481360098320
0.482998770995
0.556329373208
0.554690700533
0.555510036870
0.527652601393
0.519049569848
0.375256042605
0.443670626792
0.530520278574
0.539123310119
0.515772224498
0.542810323638
0.480131093814
0.523555919705
0.498975829578
0.528881605899
0.549774682507
0.552232691520
0.553871364195
0.553871364195
0.528471937730
0.523146251536
0.471528062270
0.511265874642
0.546907005326
0.530520278574
0.536665301106
0.457599344531
0.529291274068
0.555919705039
0.553052027857
0.548955346170
0.521507578861
0.488734125358
0.467021712413
0.508807865629
0.577222449816
0.542400655469
0.569029086440
0.497337156903
0.519459238017
0.401884473576
0.516591560836
0.562884063908
0.524784924211
0.554281032364
0.484637443671
0.523965587874
0.494059811553
0.560835723064
0.534207292093
0.540761982794
0.492011470709
0.404342482589
0.528881605899
0.569438754609
0.548955346170
0.573125768128
0.555510036870
0.572306431790
0.542400655469
0.570667759115
0.458418680868
0.529291274068
0.471937730438
0.533797623925
0.546497337157
0.464973371569
0.489963129865
0.485047111839
0.534207292093
0.542400655469
0.525604260549
0.476444080295
0.524784924211
0.536255632937
0.557968045883
0.561245391233
0.545678000819
0.540761982794
0.470299057763
0.493650143384
0.495698484228
0.550184350676
0.568619418271
0.528062269562
0.499385497747
0.483408439164
0.512494879148
0.582138467841
0.527652601393
0.566161409259
0.435067595248
0.569848422778
0.524784924211
0.577222449816
0.552232691520
0.558377714052
0.530929946743
0.482589102827
0.495288816059
0.523146251536
0.552232691520
0.574764440803
0.563293732077
0.582957804179
0.551823023351
0.563703400246
0.496927488734
0.458828349037
0.514133551823
0.562474395739
0.563703400246
0.566980745596
0.553871364195
0.503482179435
0.452273658337
0.512085210979
0.550184350676
0.535026628431
0.519868906186
0.528881605899
0.512904547317
0.538713641950
0.481769766489
0.564522736583
0.526833265055
0.569029086440
0.479311757476
0.548136009832
0.494879147890
0.573125768128
0.541581319132
0.570258090946
0.536665301106
0.524784924211
0.489553461696
0.543629659975
0.538303973781
0.528471937730
0.476034412126
0.514133551823
0.548545678001
0.561655059402
0.560835723064
0.499795165916
0.523555919705
0.505120852110
0.568619418271
0.562474395739
0.558787382220
0.498156493240
0.517001229005
0.531749283081
0.575583777141
0.557148709545
0.586644817698
0.545268332651
0.548136009832
0.478082752970
0.531339614912
0.544039328144
0.548955346170
0.537074969275
0.501024170422
0.543629659975
0.535026628431
0.558787382220
0.562064727571
0.549365014338
0.532158951249
0.552642359689
0.518230233511
0.563293732077
0.516591560836
0.567390413765
0.491601802540
0.562474395739
0.482589102827
0.546497337157
0.513314215485
0.572716099959
0.526013928718
0.512904547317
0.523965587874
0.558787382220
0.574354772634
0.553461696026
0.563703400246
0.493650143384
0.540761982794
0.515362556329
0.583777140516
0.574764440803
0.575583777141
0.530520278574
0.534207292093
0.478082752970
0.498566161409
0.493650143384
0.558787382220
0.553052027857
0.589512494879
0.542400655469
0.545678000819
0.522326915199
0.549365014338
0.540761982794
0.564522736583
0.523965587874
0.521097910692
0.524375256043
0.566571077427
0.567390413765
0.575993445309
0.557968045883
0.569029086440
0.508398197460
0.576812781647
0.464154035231
0.565342072921
0.459238017206
0.565342072921
0.540761982794
0.542810323638
0.548955346170
0.486276116346
0.555919705039
0.565342072921
0.585415813191
0.575583777141
0.578041786153
0.557558377714
0.549365014338
0.532568619418
0.570258090946
0.579270790660
0.523965587874
0.517410897173
0.512904547317
0.571487095453
0.580499795166
0.582957804179
0.546907005326
0.547726341663
0.525604260549
0.522326915199
0.531339614912
0.467021712413
0.542810323638
0.590331831217
0.566571077427
0.596476853748
0.538303973781
0.583367472347
0.473986071282
0.594428512905
0.547316673494
0.571077427284
0.544039328144
0.525194592380
0.548136009832
0.549774682507
0.586644817698
0.569438754609
0.578861122491
0.561245391233
0.559197050389
0.531339614912
0.557968045883
0.533387955756
0.515772224498
0.522326915199
0.578451454322
0.589922163048
0.586235149529
0.527652601393
0.539123310119
0.500614502253
0.544858664482
0.583777140516
0.543629659975
0.549365014338
0.471937730438
0.524784924211
0.587464154035
0.582138467841
0.599344530930
0.579680458828
0.594018844736
0.521507578861
0.541171650963
0.459238017206
0.562474395739
0.587054485866
0.573945104465
0.590331831217
0.514543219992
0.548136009832
0.499795165916
0.594018844736
0.570258090946
0.543219991807
0.521097910692
0.476853748464
0.573945104465
0.577632117984
0.588283490373
0.553052027857
0.553461696026
0.531749283081
0.551413355182
0.562064727571
0.544448996313
0.569848422778
0.591560835723
0.581728799672
0.573125768128
0.520688242524
0.521917247030
0.523146251536
0.594018844736
0.583367472347
0.600573535436
0.579270790660
0.581728799672
0.503891847603
0.578451454322
0.571077427284
0.584186808685
0.557558377714
0.564113068415
0.532978287587
0.591151167554
0.606308889799
0.600983203605
0.609586235150
0.594428512905
0.584596476854
0.521917247030
0.535026628431
0.578041786153
0.599344530930
0.569848422778
0.560426054896
0.419090536665
0.430151577222
0.573945104465
0.575993445309
0.598115526424
0.580090126997
0.575993445309
0.548955346170
0.548136009832
0.597705858255
0.571487095453
0.577632117984
0.485456780008
0.562474395739
0.596476853748
0.600573535436
0.604670217124
0.582138467841
0.569029086440
0.380581728800
0.569438754609
0.573125768128
0.606718557968
0.573945104465
0.599754199099
0.534207292093
0.577632117984
0.515362556329
0.594428512905
0.600163867268
0.594018844736
0.573125768128
0.528062269562
0.494059811553
0.545678000819
0.577632117984
0.589922163048
0.577632117984
0.551003687014
0.496927488734
0.571896763621
0.560426054896
0.604260548955
0.526833265055
0.583777140516
0.508807865629
0.608357230643
0.595247849242
0.601392871774
0.585825481360
0.554281032364
0.572716099959
0.541581319132
0.617369930356
0.566161409259
0.609176566981
0.536255632937
0.584596476854
0.535026628431
0.539532978288
0.572306431790
0.601802539943
0.574354772634
0.546907005326
0.554690700533
0.591970503892
0.614092585006
0.581319131503
0.586235149529
0.526833265055
0.519459238017
0.546087668988
0.582138467841
0.605899221630
0.609995903318
0.596886521917
0.569029086440
0.498975829578
0.540352314625
0.556739041376
0.606718557968
0.563293732077
0.603031544449
0.523965587874
0.593609176567
0.561655059402
0.618598934863
0.582138467841
0.600573535436
0.551413355182
0.555510036870
0.544858664482
0.592789840229
0.603850880787
0.575993445309
0.568619418271
0.530110610406
0.587054485866
0.546497337157
0.583367472347
0.530929946743
0.571896763621
0.586235149529
0.596476853748
0.580090126997
0.587054485866
0.571896763621
0.586644817698
0.600163867268
0.582957804179
0.572306431790
0.568619418271
0.561245391233
0.600573535436
0.574764440803
0.612453912331
0.559606718558
0.607537894306
0.545268332651
0.568209750102
0.585825481360
0.534207292093
0.576812781647
0.548136009832
0.626382630070
0.606308889799
0.618598934863
0.591970503892
0.578451454322
0.534207292093
0.556739041376
0.610815239656
0.608766898812
0.565342072921
0.521097910692
0.446947972143
0.526833265055
0.600573535436
0.615321589512
0.612044244162
0.623924621057
0.605899221630
0.612863580500
0.529700942237
0.585415813191
0.509217533798
0.614911921344
0.563703400246
0.583367472347
0.508398197460
0.612453912331
0.606308889799
0.616550594019
0.596886521917
0.557558377714
0.462105694388
0.589922163048
0.589512494879
0.614502253175
0.581728799672
0.579680458828
0.551003687014
0.572716099959
0.600983203605
0.604670217124
0.601392871774
0.573945104465
0.560016386727
0.584596476854
0.598115526424
0.626382630070
0.579680458828
0.578041786153
0.541990987300
0.532568619418
0.622695616551
0.536255632937
0.592380172061
0.519868906186
0.630069643589
0.619418271200
0.628840639082
0.623514952888
0.585006145023
0.536255632937
0.521507578861
0.607128226137
0.613682916837
0.587054485866
0.576403113478
0.578861122491
0.603441212618
0.602212208111
0.596886521917
0.563293732077
0.549365014338
0.610815239656
0.620647275707
0.629659975420
0.632527652601
0.621056943875
0.599344530930
0.542810323638
0.558377714052
0.584596476854
0.609176566981
0.548545678001
0.594018844736
0.596886521917
0.628430970914
0.637443670627
0.620237607538
0.612863580500
0.451044653830
0.581319131503
0.599344530930
0.625153625563
0.594018844736
0.611634575993
0.507578861122
0.548955346170
0.587054485866
0.618598934863
0.599754199099
0.594838181073
0.571077427284
0.574764440803
0.616550594019
0.630479311757
0.631708316264
0.600983203605
0.596067185580
0.522326915199
0.596476853748
0.599754199099
0.589922163048
0.594428512905
0.575993445309
0.618189266694
0.591560835723
0.612044244162
0.560835723064
0.566980745596
0.600573535436
0.600573535436
0.637034002458
0.611224907825
0.609586235150
0.543629659975
0.613273248669
0.603031544449
0.612044244162
0.555510036870
0.541990987300
0.551003687014
0.632937320770
0.618598934863
0.631298648095
0.581319131503
0.614502253175
0.524784924211
0.633756657108
0.573945104465
0.637443670627
0.576403113478
0.617369930356
0.532158951249
0.585006145023
0.598525194592
0.596476853748
0.594428512905
0.594838181073
0.586644817698
0.614502253175
0.597705858255
0.613682916837
0.576403113478
0.608766898812
0.590741499385
0.628430970914
0.594018844736
0.588283490373
0.555100368701
0.605489553462
0.631708316264
0.604670217124
0.625153625563
0.532978287587
0.594838181073
0.603850880787
0.633756657108
0.630069643589
0.603441212618
0.568619418271
0.534207292093
0.615321589512
0.600983203605
0.609995903318
0.535026628431
0.607947562474
0.626792298238
0.635804997952
0.598934862761
0.583367472347
0.566980745596
0.625972961901
0.621876280213
0.611634575993
0.582548136010
0.596886521917
0.584186808685
0.627201966407
0.611224907825
0.609995903318
0.607537894306
0.590331831217
0.546087668988
0.588693158542
0.620237607538
0.642359688652
0.622285948382
0.627201966407
0.521097910692
0.595247849242
0.636624334289
0.647275706678
0.620237607538
0.621876280213
0.554690700533
0.576812781647
0.578861122491
0.633756657108
0.623105284719
0.618598934863
0.530110610406
0.535436296600
0.593609176567
0.627201966407
0.619418271200
0.614911921344
0.555100368701
0.628840639082
0.612453912331
0.636214666120
0.606718557968
0.593609176567
0.598934862761
0.619827939369
0.641540352315
0.599344530930
0.621056943875
0.551003687014
0.640311347808
0.612863580500
0.643179024990
0.590331831217
0.628021302745
0.589512494879
0.630888979926
0.624743957395
0.573125768128
0.553871364195
0.605489553462
0.624743957395
0.615731257681
0.580909463335
0.599344530930
0.622695616551
0.596886521917
0.605899221630
0.594018844736
0.620237607538
0.621466612044
0.628840639082
0.580499795166
0.614092585006
0.586644817698
0.617779598525
0.596886521917
0.581319131503
0.588283490373
0.586235149529
0.623105284719
0.648504711184
0.653830397378
0.644817697665
0.646866038509
0.623514952888
0.596067185580
0.583777140516
0.623105284719
0.635395329783
0.626792298238
0.588693158542
0.593199508398
0.600573535436
0.646456370340
0.619827939369
0.615731257681
0.532978287587
0.606308889799
0.659975419910
0.616550594019
0.619827939369
0.510036870135
0.626382630070
0.637034002458
0.654649733716
0.637034002458
0.629250307251
0.550184350676
0.631708316264
0.639901679639
0.652191724703
0.638672675133
0.629250307251
0.580499795166
0.552232691520
0.561245391233
0.641540352315
0.632117984433
0.616140925850
0.570258090946
0.597296190086
0.644817697665
0.644817697665
0.643998361327
0.596886521917
0.568209750102
0.519868906186
0.594838181073
0.646046702171
0.628430970914
0.650962720197
0.581319131503
0.611634575993
0.490782466202
0.628840639082
0.632527652601
0.638672675133
0.605079885293
0.625153625563
0.627201966407
0.648095043015
0.613682916837
0.573945104465
0.628430970914
0.641130684146
0.643179024990
0.635804997952
0.614911921344
0.623514952888
0.611634575993
0.637034002458
0.598934862761
0.585006145023
0.579680458828
0.640311347808
0.646866038509
0.640311347808
0.614911921344
0.630479311757
0.642769356821
0.645227365834
0.618598934863
0.629659975420
0.591151167554
0.621876280213
0.590741499385
0.585415813191
0.636214666120
0.653011061041
0.655059401884
0.609176566981
0.609586235150
0.557968045883
0.581319131503
0.603850880787
0.635395329783
0.654240065547
0.605079885293
0.620237607538
0.531749283081
0.648914379353
0.637853338796
0.652191724703
0.616140925850
0.616960262188
0.589512494879
0.605489553462
0.644408029496
0.645227365834
0.633756657108
0.616960262188
0.626382630070
0.628430970914
0.641130684146
0.648914379353
0.631298648095
0.615321589512
0.594018844736
0.583777140516
0.650962720197
