4.149641036987
4.148693561554
4.147284507751
4.145425796509
4.143140792847
4.140455245972
4.137386798859
4.133939266205
4.130131244659
4.125973701477
4.121475219727
4.116641998291
4.111475944519
4.105988979340
4.100175857544
4.094032287598
4.087556838989
4.080756187439
4.073634147644
4.066196918488
4.058436393738
4.050352096558
4.041943550110
4.033195018768
4.024096012115
4.014632225037
4.004781723022
3.994512319565
3.983798980713
3.972601413727
3.960879564285
3.948596715927
3.935693264008
3.922115802765
3.907816410065
3.892756223679
3.876912832260
3.860298156738
3.842941761017
3.824875354767
3.806075334549
3.786417245865
3.765764951706
3.744081258774
3.721453666687
3.698370456696
3.675186634064
3.652046680450
3.628889560699
3.606064319611
3.584599971771
3.565395832062
3.548244953156
3.532236576080
3.515984535217
3.498385906219
3.479407787323
3.459460258484
3.438981056213
3.418841123581
3.400156974792
3.384616374969
3.372855901718
3.364946603775
3.357918739319
3.350419521332
3.338609695435
3.324987649918
3.306262731552
3.290464639664
3.267706871033
3.256698608398
3.227803230286
3.241064310074
3.203553199768
3.348132133484
3.299761295319
3.309766769409
3.122878789902
3.135143995285
3.084403514862
3.064251422882
3.053558826447
3.043688774109
3.032663822174
3.020012855530
3.005817413330
2.990387916565
2.974032640457
2.957343578339
2.940737247467
2.924411773682
2.908457994461
2.892754793167
2.876966953278
2.860766649246
2.843880653381
2.826315641403
2.808383226395
2.790621757507
2.773609638214
2.757660627365
2.742624759674
2.728192329407
2.713803291321
2.699169158936
2.684505939484
2.669629812241
2.654676675797
2.639935731888
2.625494718552
2.611493110657
2.597745895386
2.584115266800
2.570401191711
2.556312322617
2.542167425156
2.526920318604
2.512616157532
2.496097564697
2.484319925308
2.467422962189
2.491972208023
2.634810447693
3.447454690933
3.525547027588
2.771434783936
2.638458728790
2.585213661194
2.572253465652
2.575147151947
2.582315444946
2.588455677032
2.591332197189
2.590246200562
2.585129499435
2.576108932495
2.563820600510
2.549312114716
2.534007549286
2.520323753357
2.510606050491
2.505352258682
2.502057552338
2.496960401535
2.488775491714
2.479354619980
2.471934556961
2.467248201370
2.464410543442
2.461884498596
2.458653688431
2.454491376877
2.449266910553
2.442681789398
2.434641361237
2.425866127014
2.417581081390
2.410738229752
2.405418634415
2.400706291199
2.395411729813
2.388393640518
2.378720998764
2.365942001343
2.350773811340
2.335302829742
2.321455717087
2.310942173004
2.304581403732
2.301784515381
2.301614999771
2.302921772003
2.303801536560
2.302489995956
2.298213481903
2.291492223740
2.283455610275
2.275430679321
2.267954111099
2.261453628540
2.255955219269
2.251349687576
2.247422218323
2.244037628174
2.241028547287
2.238442659378
2.236472606659
2.235274553299
2.234909057617
2.235091209412
2.235335111618
2.235013723373
2.234157800674
2.233211278915
2.249444007874
2.452383518219
2.869750022888
2.562511920929
2.421136379242
2.377756118774
2.356453657150
2.341367721558
2.328735351562
2.317607402802
2.307602405548
2.298596858978
2.290549278259
2.283169984818
2.276248455048
2.269695997238
2.264199495316
2.262075662613
2.266854524612
2.280115365982
2.295943975449
2.301938533783
2.294590473175
2.278771638870
2.261108160019
2.244733095169
2.230245113373
2.218875646591
2.211768865585
2.208825111389
2.208651781082
2.209752321243
2.210605859756
2.210426330566
2.208769559860
2.205711603165
2.201531171799
2.196844816208
2.192358493805
2.188539028168
2.185652017593
2.183731079102
2.182737827301
2.182545661926
2.182926893234
2.183631896973
2.184391975403
2.185078859329
2.185511589050
2.185654878616
2.185566186905
2.185193300247
2.184672832489
2.183889389038
2.182756185532
2.181153297424
2.178872823715
2.175922155380
2.172480583191
2.168739318848
2.164929866791
2.161098718643
2.157467126846
2.154160499573
2.151175737381
2.148521661758
2.146271944046
2.144289016724
2.142676591873
2.141274452209
2.140211820602
2.139465570450
2.138977289200
2.138531923294
2.138039112091
2.137398004532
2.136620044708
2.135598659515
2.134506225586
2.133341789246
2.132110357285
2.130897998810
2.129786491394
2.128611803055
2.127329826355
2.126051664352
2.124406337738
2.122623443604
2.120280027390
2.118107795715
2.115370750427
2.118979930878
2.137591123581
2.284119844437
2.519729137421
2.867833614349
2.390095710754
2.229575157166
2.176283121109
2.173802614212
2.184912204742
2.197118043900
2.208816528320
2.221732139587
2.236882209778
2.252377271652
2.264034509659
2.268176078796
2.265630722046
2.260431528091
2.255073785782
2.249562263489
2.243055820465
2.235246658325
2.225993871689
2.214957237244
2.201930046082
2.188087940216
2.175202846527
2.164196014404
2.155576944351
2.149014949799
2.143830060959
2.140014410019
2.137233257294
2.135218620300
2.133398056030
2.131402015686
2.129264116287
2.126937627792
2.124557971954
2.122277736664
2.120288133621
2.118397474289
2.116413593292
2.114040613174
2.110948324203
2.106805324554
2.101799249649
2.096259593964
2.090439319611
2.084788560867
2.079668045044
2.075018405914
2.070946693420
2.067293167114
2.063908100128
2.060704708099
2.057590007782
2.054490089417
2.051387071609
2.048381328583
2.045494079590
2.042984485626
2.040337324142
2.037787914276
2.034761428833
2.031790256500
2.028133630753
2.024673938751
2.020380020142
2.017073869705
2.012475252151
2.010382890701
2.004348039627
2.005990028381
1.993851065636
2.015521287918
1.990587949753
2.216560840607
2.307464122772
2.698661804199
2.114778280258
2.080501556396
2.059977531433
2.037446260452
2.023922920227
2.015799045563
2.014610290527
2.021320343018
2.029448032379
2.033787965775
2.035025835037
2.035508871078
2.036081552505
2.034785747528
2.029854297638
2.020784139633
2.008621215820
1.995299816132
1.982758998871
1.972845554352
1.966320633888
1.963007569313
1.962240934372
1.962933540344
1.964243531227
1.965552568436
1.966409206390
1.966459751129
1.965566039085
1.963786840439
1.961155176163
1.957532167435
1.952877283096
1.947270870209
1.941048622131
1.934608697891
1.927991390228
1.921725988388
1.915698885918
1.914920926094
1.945936799049
2.249297857285
2.946950197220
2.256657838821
2.123933792114
2.127998828888
2.146661043167
2.133248090744
2.120239257812
2.116145610809
2.122120618820
2.137999296188
2.152748346329
2.150787830353
2.133318901062
2.114267826080
2.102688550949
2.097517728806
2.094177722931
2.089904785156
2.083907604218
2.074665069580
2.061904668808
2.047942161560
2.035045623779
2.023927688599
2.014391183853
2.006131410599
1.998887062073
1.992705583572
1.986844062805
1.980201601982
1.972709655762
1.964521050453
1.956449747086
1.948877334595
1.941899776459
1.935678362846
1.929936885834
1.924956798553
1.920271277428
1.916170954704
1.912086486816
1.908481836319
1.905087828636
1.902013182640
1.899291753769
1.897109985352
1.895170807838
1.893708467484
1.892351865768
1.891057133675
1.889646887779
1.888029098511
1.885979890823
1.883581995964
1.880690097809
1.877359271049
1.873616218567
1.869648694992
1.865505456924
1.861055254936
1.856405854225
1.851817607880
1.847378015518
1.843008756638
1.839036583900
1.835621118546
1.832405328751
1.829333066940
1.826294422150
1.823201060295
1.820198655128
1.816986083984
1.816100955009
1.819265365601
1.897723674774
2.130453824997
2.617312669754
2.476823568344
2.199593305588
2.140731811523
2.136142730713
2.131222248077
2.113375186920
2.095427751541
2.085555791855
2.082662582397
2.081093072891
2.076605796814
2.066970586777
2.053874969482
2.039355754852
2.024352073669
2.010242462158
1.997929692268
1.988312125206
1.982589840889
1.980503201485
1.980955958366
1.981613397598
1.980959892273
1.978399634361
1.974934816360
1.971986889839
1.970814585686
1.971425890923
1.973084926605
1.975273251534
1.976980686188
1.977844476700
1.977200508118
1.974682211876
1.970065712929
1.963707447052
1.956758141518
1.950212597847
1.945366024971
1.942395448685
1.940914154053
1.940362691879
1.939913392067
1.939080119133
1.937254786491
1.934599161148
1.931079387665
1.927457094193
1.923976421356
1.921114087105
1.918715357780
1.916732788086
1.915013551712
1.913271427155
1.911701560020
1.909847021103
1.908501386642
1.906370878220
1.905682086945
1.902335405350
1.904196977615
1.896424889565
1.921865701675
1.948697924614
2.447386026382
2.700799703598
2.457269906998
2.216152429581
2.194920539856
2.212401390076
2.193867444992
2.173196554184
2.157963752747
2.150512456894
2.144667863846
2.135330677032
2.123329401016
2.109594821930
2.093676805496
2.076962947845
2.063213586807
2.054419040680
2.050179481506
2.048933982849
2.048836708069
2.048116922379
2.045304298401
2.040023803711
2.032340526581
2.022903680801
2.012418985367
2.002424955368
1.994178652763
1.988286256790
1.984820127487
1.982510566711
1.980266690254
1.977250814438
1.973278999329
1.968142867088
1.962468862534
1.956330299377
1.950052380562
1.943721055984
1.937892675400
1.932537794113
1.928206801414
1.924658298492
1.922268152237
1.921015381813
1.920585870743
1.921165227890
1.922527313232
1.924285411835
1.925830841064
1.926400423050
1.925526618958
1.923147678375
1.919120669365
1.914059162140
1.908611774445
1.903253436089
1.898575544357
1.894357085228
1.891701102257
1.888523936272
1.890093564987
1.893297314644
1.939362645149
2.073586702347
1.961751937866
1.893585681915
1.857208490372
1.883904218674
1.876077890396
1.872483491898
1.849689364433
1.853710889816
1.849699258804
1.853263378143
1.846007108688
1.845230698586
1.837045073509
1.834096312523
1.827166795731
1.824042677879
1.819191694260
1.816622376442
1.813152551651
1.810928940773
1.807678818703
1.804748415947
1.800543546677
1.796843767166
1.791918039322
1.788699865341
1.783649802208
1.782773375511
1.777273297310
1.787764906883
1.802863121033
1.860338807106
2.010644197464
1.873657703400
1.796951293945
1.771028757095
1.760982394218
1.768006086349
1.765319943428
1.773175001144
1.769322872162
1.775377273560
1.766985893250
1.772044897079
1.758808851242
1.766913771629
1.750722169876
1.768443584442
1.749859094620
1.790742635727
1.776254415512
1.865050315857
1.838099956512
1.927670955658
1.810973167419
1.759508252144
1.724669694901
1.695004224777
1.714296817780
1.714414238930
1.768934845924
1.777303457260
1.780545830727
1.680115222931
1.712164163589
1.673534750938
1.695136427879
1.669332981110
1.679162502289
1.664107203484
1.667797684669
1.657755851746
1.659276962280
1.649648904800
1.652556657791
1.640478491783
1.651324987411
1.635938644409
1.677960038185
1.678950548172
1.779487371445
1.704896926880
1.875900983810
1.681942105293
1.698570609093
1.635661602020
1.617549777031
1.611290335655
1.613554239273
1.602502703667
1.617617845535
1.601660251617
1.619386434555
1.607545971870
1.628757119179
1.628404498100
1.648161411285
1.664025545120
1.643311619759
1.681462287903
1.588286161423
1.648515462875
1.543878078461
1.627499103546
1.542214155197
1.621334075928
1.537979006767
1.590373992920
1.528368234634
1.557564377785
1.526197552681
1.536764860153
1.521915197372
1.520434141159
1.511077880859
1.505202412605
1.497992515564
1.491949796677
1.486477017403
1.481535077095
1.477463722229
1.474315285683
1.471470594406
1.475615739822
1.483813047409
1.539748549461
1.661683559418
1.785552501678
1.610373377800
1.543774008751
1.464056611061
1.499802589417
1.497564077377
1.552979826927
1.489824533463
1.495853185654
1.477291464806
1.486240029335
1.465314626694
1.470876932144
1.448454976082
1.455961465836
1.428793191910
1.447545409203
1.411507844925
1.460921049118
1.407594919205
1.540535330772
1.463549852371
1.678486824036
1.454574108124
1.531156063080
1.374586582184
1.410272121429
1.382588267326
1.414639472961
1.390501737595
1.421287655830
1.401319026947
1.437959671021
1.412445306778
1.457081198692
1.423612594604
1.476949453354
1.434571623802
1.485726833344
1.414798021317
1.442977786064
1.371598482132
1.406724929810
1.359646797180
1.397276997566
1.355289340019
1.398803114891
1.354024171829
1.403671383858
1.352342367172
1.403141856194
1.348773479462
1.393770813942
1.344065546989
1.378249168396
1.340956687927
1.362702012062
1.342746973038
1.352028965950
1.356275677681
1.351941823959
1.388139009476
1.361480236053
1.426949024200
1.358746409416
1.508439302444
1.443225502968
1.853640794754
1.558246254921
1.440317869186
1.350310444832
1.340687274933
1.340627670288
1.343628406525
1.343781471252
1.341218352318
1.337668299675
1.333877086639
1.329696536064
1.324222087860
1.318234801292
1.312298297882
1.307374238968
1.303386092186
1.299903988838
1.297438263893
1.293689846992
1.292667150497
1.286743640900
1.293849468231
1.294217348099
1.377781391144
1.546734571457
1.919313073158
2.220649719238
2.395274877548
1.831160306931
1.835961580276
1.700240135193
1.762699842453
1.781157374382
1.763069868088
1.740397214890
1.725209712982
1.711377263069
1.699604630470
1.691599249840
1.685662269592
1.680642724037
1.676128745079
1.668918609619
1.656615495682
1.639747381210
1.621879458427
1.605963706970
1.592242240906
1.580981135368
1.571565747261
1.563111305237
1.556293368340
1.550627231598
1.545603990555
1.539899468422
1.532547831535
1.523397684097
1.514215230942
1.506966114044
1.502507686615
1.500148534775
1.498618602753
1.497630000114
1.496925950050
1.496172785759
1.494534492493
1.491867423058
1.488128781319
1.483899354935
1.478763818741
1.474670886993
1.468741059303
1.466797828674
1.458806514740
1.463750362396
1.449340701103
1.490623235703
1.495382070541
1.886548757553
2.095253944397
1.851497411728
1.617605566978
1.510393142700
1.500854611397
1.517563343048
1.525661826134
1.529160380363
1.529693722725
1.526745080948
1.521275281906
1.514378428459
1.505455970764
1.495057582855
1.484954118729
1.476373910904
1.470468759537
1.467646241188
1.467574834824
1.468741178513
1.469822525978
1.470221877098
1.469135761261
1.467454195023
1.465156078339
1.463257789612
1.460964441299
1.459037184715
1.456595659256
1.454758286476
1.452152252197
1.450639724731
1.447496414185
1.445855379105
1.442385911942
1.441140890121
1.437525629997
1.437527418137
1.433321833611
1.435857534409
1.430223703384
1.442722558975
1.446111202240
1.509321212769
1.593969106674
1.590162992477
1.484199523926
1.488201022148
1.448048830032
1.432217955589
1.414777636528
1.416779756546
1.412672519684
1.408537030220
1.404391527176
1.399764418602
1.395690679550
1.391720771790
1.387954592705
1.384710907936
1.381313204765
1.378527402878
1.375259757042
1.373052000999
1.370002746582
1.371259570122
1.372594714165
1.407857418060
1.444499731064
1.587244868279
1.533068418503
1.371407985687
1.519941926003
1.345332026482
1.469000101089
1.334481120110
1.398222923279
1.335496902466
1.356235384941
1.341710209846
1.345612883568
1.342628836632
1.341719508171
1.339028477669
1.337260484695
1.333598732948
1.333002090454
1.328227639198
1.331263899803
1.323403477669
1.347587347031
1.353174924850
1.548171758652
1.620255589485
1.670595645905
1.398382425308
1.348031997681
1.329499006271
1.336633801460
1.335860967636
1.331002831459
1.322766065598
1.316774487495
1.312592267990
1.309669494629
1.307154655457
1.304815173149
1.302288293839
1.299402594566
1.295975565910
1.292352795601
1.289144992828
1.286196827888
1.283687591553
1.281148552895
1.278563857079
1.275591969490
1.272511720657
1.269061684608
1.266151309013
1.262636899948
1.260730266571
1.257176160812
1.256577849388
1.251889109612
1.254161596298
1.246131777763
1.258363723755
1.241976261139
1.301844120026
1.295725822449
1.567641258240
1.565981388092
1.433540582657
1.607903838158
1.737110137939
1.681068420410
1.454295277596
1.330112338066
1.340768814087
1.332914352417
1.329477310181
1.330601453781
1.332160234451
1.329951405525
1.324539422989
1.316952347755
1.308153748512
1.299170017242
1.290271043777
1.281672835350
1.273862600327
1.267169594765
1.261654615402
1.256510138512
1.252007842064
1.247132182121
1.243431806564
1.239597439766
1.236849427223
1.232282161713
1.231391668320
1.226099729538
1.228767633438
1.220325946808
1.235543608665
1.217356443405
1.317633628845
1.357964515686
2.057853937149
1.522051334381
1.695388793945
1.343771696091
1.479217767715
1.370634078979
1.369426250458
1.333583831787
1.331814169884
1.320926427841
1.314978837967
1.310219883919
1.308000564575
1.305966377258
1.302369594574
1.297596693039
1.292057752609
1.286962747574
1.282255053520
1.278269767761
1.275382041931
1.273241043091
1.271301269531
1.269022822380
1.265990734100
1.262234210968
1.258018136024
1.252969264984
1.247601151466
1.241183638573
1.235626339912
1.229691982269
1.225512266159
1.223414063454
1.224832296371
1.253481745720
1.337773203850
1.646093726158
1.852380275726
1.648629426956
1.646173834801
1.420160293579
1.359704494476
1.306263446808
1.302425980568
1.299708604813
1.295650362968
1.291740179062
1.290646553040
1.291840910912
1.291051864624
1.284508943558
1.272997498512
1.260551571846
1.249791383743
1.242213964462
1.237695574760
1.235841870308
1.235676169395
1.236063718796
1.236104488373
1.235624551773
1.233852863312
1.231810092926
1.228899121284
1.226917266846
1.223599910736
1.222374558449
1.218867301941
1.218596696854
1.213208794594
1.216067671776
1.206497550011
1.221410632133
1.209246873856
1.291127443314
1.367799520493
1.682626366615
1.792057991028
1.837454199791
2.326329469681
1.937379360199
1.605058670044
1.458256721497
1.406562566757
1.418244481087
1.457519769669
1.484980463982
1.488842844963
1.482159137726
1.473427534103
1.464127182961
1.454870223999
1.445655584335
1.434084057808
1.418205261230
1.398980498314
1.380295157433
1.365412235260
1.355460643768
1.349839448929
1.346379518509
1.343534708023
1.340249419212
1.337237238884
1.334471225739
1.331320762634
1.328248381615
1.325338125229
1.322101354599
1.319233655930
1.316105842590
1.312925338745
1.309099435806
1.305374026299
1.301821708679
1.299125552177
1.297336816788
1.296219944954
1.295792341232
1.296177029610
1.297284841537
1.298915743828
1.300436854362
1.302157044411
1.303042173386
1.303861498833
1.302111506462
1.301996588707
1.295418620110
1.298986434937
1.280644774437
1.313234329224
1.265604376793
1.604098796844
1.658617734909
2.673187494278
2.102295875549
1.886066675186
1.596117496490
1.539253950119
1.469114899635
1.415687918663
1.391259193420
1.386335372925
1.386304855347
1.389999032021
1.393946647644
1.395115375519
1.392020106316
1.386317729950
1.378890514374
1.371731877327
1.363473773003
1.357423067093
1.350552320480
1.347007989883
1.341254115105
1.341801166534
1.336099505424
1.340323328972
1.332035303116
1.339829802513
1.327955007553
1.338618636131
1.323445677757
1.333661794662
1.321286439896
1.327926158905
1.322633743286
1.323813915253
1.325937509537
1.323104381561
1.334115028381
1.329246401787
1.354424238205
1.346697092056
1.381664633751
1.357737064362
1.369166970253
1.340849995613
1.334882020950
1.319879889488
1.314541101456
1.306987524033
1.303033113480
1.301298975945
1.296532273293
1.299580812454
1.292344450951
1.311812281609
1.312485694885
1.419591307640
1.585313081741
1.600027680397
1.467552781105
1.325582504272
1.297348737717
1.287071704865
1.283382177353
1.276683449745
1.275712370872
1.272557497025
1.272781014442
1.271831750870
1.273104667664
1.272367954254
1.273602366447
1.271386623383
1.272924423218
1.267792940140
1.275097608566
1.267277598381
1.312095642090
1.341443896294
1.593524456024
1.608968257904
1.390486359596
1.272357702255
1.288093090057
1.281233072281
1.268445253372
1.256478786469
1.251595973969
1.250080108643
1.251013278961
1.252170443535
1.252326011658
1.251434803009
1.250032424927
1.248588085175
1.247073888779
1.245539426804
1.243678569794
1.241383075714
1.238795518875
1.235926985741
1.232480764389
1.229169607162
1.226035952568
1.222500562668
1.219965815544
1.216522574425
1.215085983276
1.211642980576
1.211667299271
1.207103967667
1.210094451904
1.201232433319
1.212305665016
1.191577196121
1.231362819672
1.182495832443
1.348790168762
1.250353336334
2.019047260284
1.318298101425
1.472615957260
1.207619667053
1.205043077469
1.208505988121
1.230414748192
1.223531603813
1.234198331833
1.219841003418
1.222469091415
1.213841557503
1.211473941803
1.207286357880
1.202430009842
1.200719833374
1.195513486862
1.197410345078
1.192773342133
1.202652573586
1.198946833611
1.229592561722
1.224211812019
1.289006710052
1.259737133980
1.291482210159
1.230532169342
1.215532183647
1.166379690170
1.186081886292
1.168193697929
1.181031465530
1.169169425964
1.178952693939
1.170084357262
1.183901071548
1.174872040749
1.194594740868
1.179661989212
1.203849792480
1.177438616753
1.204663872719
1.168240189552
1.200204730034
1.161128520966
1.195984363556
1.169493675232
1.204035520554
1.218244671822
1.255013465881
1.324793696404
1.329615831375
1.273233890533
1.162805080414
1.141117453575
1.128788113594
1.135519504547
1.133061885834
1.135228395462
1.132785797119
1.132385015488
1.129637241364
1.128368496895
1.125407695770
1.123991012573
1.120960712433
1.119869232178
1.116960883141
1.116572380066
1.113216638565
1.113769769669
1.108265280724
1.111098885536
1.100303053856
1.111995935440
1.089191198349
1.139517426491
1.095724344254
1.378547191620
1.309555530548
2.082182407379
1.311017990112
1.474358916283
1.229320883751
1.186832666397
1.150034666061
1.168623924255
1.159896492958
1.165152430534
1.163511633873
1.164851784706
1.162220954895
1.158424615860
1.152384400368
1.146049976349
1.139204502106
1.133555173874
1.128614544868
1.124157190323
1.120081543922
1.116072416306
1.112716913223
1.109671115875
1.107086777687
1.104415893555
1.102908730507
1.099502921104
1.100000262260
1.093118071556
1.104886651039
1.097480773926
1.249469518661
1.572423219681
3.838617086411
7.469359874725
6.154293060303
4.245646476746
2.738013744354
2.665169715881
2.652235031128
2.661122083664
2.695912599564
2.710950613022
2.728210449219
2.753970384598
2.778536796570
2.802468776703
2.826476812363
2.835361957550
2.845947027206
2.867875576019
2.902877569199
2.930711746216
3.153020143509
3.065471649170
3.129077672958
3.175997257233
3.221341133118
3.262050628662
3.296988010406
3.333267927170
3.369384050369
3.415530681610
3.446821689606
3.529647350311
3.543190002441
3.651234626770
3.705170869827
3.774170160294
3.810607910156
3.876625537872
3.914189100266
3.989283084869
4.007423877716
4.143320560455
4.115401744843
4.215336322784
4.251523971558
4.282821655273
4.372550010681
4.401624679565
4.453435897827
4.516846179962
4.560470581055
4.650492191315
4.697577953339
4.715219497681
4.766422271729
4.820487976074
4.869265079498
4.919459342957
4.966651916504
5.014778137207
5.059800148010
5.109688282013
5.147793769836
5.230675220490
5.278492927551
5.459056854248
5.506756782532
5.563526153564
5.609470367432
5.654189109802
5.695692062378
5.735648632050
5.782130241394
5.828444957733
5.873894214630
5.918774604797
5.962074279785
6.002989292145
6.042310714722
6.080599784851
6.119793891907
6.155965328217
6.196994781494
6.224759101868
6.289334297180
6.325110912323
6.359860420227
6.393546104431
6.426126480103
6.457583427429
6.487979888916
6.517489910126
6.546176910400
6.573844909668
6.600455284119
6.626096725464
6.650725364685
6.674210548401
6.696394920349
6.716930389404
6.736477851868
6.755083084106
6.772401809692
6.789261817932
6.804412841797
6.822710990906
6.834302425385
6.858377933502
6.871105194092
6.882581710815
6.892807006836
6.901464939117
6.908411026001
6.914683341980
6.920910835266
6.926556587219
6.931176185608
6.934334278107
6.935039043427
6.936671257019
6.935026168823
6.945841789246
6.945086956024
6.943392276764
6.940812110901
6.937354564667
6.933033466339
6.927857398987
6.921839714050
6.914989948273
6.907320976257
6.898844242096
6.889572620392
6.879517078400
6.868692398071
6.857110023499
6.844781875610
6.831719875336
6.817936897278
6.803446769714
6.788261890411
6.772394180298
6.755856513977
6.738663673401
6.720826148987
6.702359676361
6.683276176453
6.663586139679
6.643306732178
6.622449398041
6.601026535034
6.579051971436
6.556537628174
6.533497810364
6.509944915771
6.485891342163
6.461350440979
6.436335563660
6.410859107971
6.384934425354
6.358572959900
6.331789016724
6.304594516754
6.277001380920
6.249023914337
6.220673561096
6.191963195801
6.162904739380
6.133511543274
6.103794097900
6.073768615723
6.043442249298
6.012830734253
5.981944561005
5.950796604156
5.919397354126
5.887761116028
5.855896949768
5.823818683624
5.791538238525
5.759066581726
5.726412773132
5.693592548370
5.660614013672
5.627489089966
5.594229698181
5.560845375061
5.527348518372
5.493748664856
5.460057258606
5.426285743713
5.392442703247
5.358538627625
5.324584960938
5.290590286255
5.256566524506
5.222520828247
5.188464641571
5.154407024384
5.120358467102
5.086325645447
5.052319526672
5.018347740173
4.984420776367
4.950544834137
4.916729927063
4.882984161377
4.849314689636
4.815730094910
4.782238483429
4.748847007751
4.715561866760
4.682391166687
4.649343967438
4.616423606873
4.583639144897
4.550995826721
4.518501281738
4.486160755157
4.453979492188
4.421964645386
4.390120506287
4.358454704285
4.326971054077
4.295673847198
4.264569282532
4.233661651611
4.202955722809
4.172457695007
4.142168521881
4.112093448639
4.082237243652
4.052604675293
4.023197174072
3.994019508362
3.965074777603
3.936366081238
3.907896518707
3.879669189453
3.851686239243
3.823950767517
3.796465873718
3.769233226776
3.742254495621
3.715533256531
3.689071416855
3.662868499756
3.636917591095
3.611223697662
3.585795879364
3.560634613037
3.535744190216
3.511121273041
3.486771106720
3.462692737579
3.438889026642
3.415357828140
3.392102956772
3.369122266769
3.346418380737
3.323991775513
3.301842451096
3.279969692230
3.258375883102
3.237059831619
3.216021776199
3.195262670517
3.174780607224
3.154577732086
3.134653091431
3.115005016327
3.095635890961
3.076542615891
3.057726621628
3.039186716080
3.020923137665
3.002933979034
2.985220432281
2.967779159546
2.950610876083
2.933716058731
2.917092800140
2.900739192963
2.884654998779
2.868839263916
2.853291988373
2.838009595871
2.822992801666
2.808240413666
2.793749570847
2.779521703720
2.765553951263
2.751843214035
2.738391160965
2.725194931030
2.712252616882
2.699563026428
2.687125205994
2.674936294556
2.662995576859
2.651300907135
2.639851331711
2.628644943237
2.617678642273
2.606951713562
2.596462011337
2.586208105087
2.576187610626
2.566398620605
2.556838274002
2.547505855560
2.538399696350
2.529515266418
2.520853281021
2.512409448624
2.504183053970
2.496170520782
2.488370895386
2.480781555176
2.473399400711
2.466223716736
2.459250688553
2.452478408813
2.445904493332
2.439527273178
2.433342933655
2.427350044250
2.421547174454
2.415929079056
2.410496711731
2.405244350433
2.400171518326
2.395275115967
2.390551805496
2.386000871658
2.381618499756
2.377400636673
2.373348474503
2.369456529617
2.365723133087
2.362145662308
2.358720779419
2.355447769165
2.352323055267
2.349342584610
2.346506357193
2.343810081482
2.341251611710
2.338827371597
2.336538076401
2.334376811981
2.332344055176
2.330435276031
2.328650474548
2.326985120773
2.325436353683
2.324002504349
2.322680950165
2.321470260620
2.320365667343
2.319365978241
2.318467855453
2.317670345306
2.316968917847
2.316363334656
2.315847158432
2.315420627594
2.315082311630
2.314833164215
2.314671278000
2.314592599869
2.314592599869
2.314670085907
2.314825773239
2.315062999725
2.315384864807
2.315800428391
2.316310644150
2.316912889481
2.317605972290
2.318385362625
2.319238662720
2.320180892944
2.321215391159
2.322413444519
2.323910236359
2.325724601746
2.327894926071
2.330553770065
2.333810329437
2.337778329849
2.342605113983
2.348082304001
2.353671073914
2.358618736267
2.362343549728
2.365285158157
2.367663621902
2.369683027267
2.370554208755
2.369206428528
2.366366624832
2.362661123276
2.358712434769
2.355035543442
2.351860761642
2.349743604660
2.348234176636
2.347409486771
2.347534656525
2.348781347275
2.351198196411
2.354760408401
2.358969688416
2.363763093948
2.368611335754
2.373116493225
2.376499652863
2.379068851471
2.380807399750
2.380628585815
2.379363536835
2.378471851349
2.378129243851
2.378574371338
2.378486871719
2.378079652786
2.376537084579
2.376071453094
2.374967575073
2.372700214386
2.368674039841
2.370951890945
2.389813184738
2.399791240692
2.401036024094
2.402789592743
2.397067070007
2.389252662659
2.382459640503
2.376639842987
2.371882438660
2.367589473724
2.363626241684
2.356780767441
2.356874704361
2.418011188507
2.943052291870
2.384930133820
2.391072988510
2.382949352264
2.383805274963
2.385600328445
2.390410661697
2.401230573654
2.417829513550
2.425775766373
2.422325372696
2.416726589203
2.413570642471
2.411981821060
2.411298751831
2.410803794861
2.438899278641
2.409819841385
2.408425092697
2.407382011414
2.405427217484
2.403562545776
2.401977777481
2.400288581848
2.397943019867
2.394643545151
2.390453338623
2.385405063629
2.378794193268
2.372386455536
2.363628625870
2.394459247589
2.549336671829
2.381558179855
2.370714902878
2.365096569061
2.351286888123
2.337741374969
2.330003499985
2.328535556793
2.328484773636
2.324333667755
2.319513082504
2.316094160080
2.313456535339
2.310016870499
2.307181835175
2.301780462265
2.300184011459
2.298815727234
2.366436719894
2.576068401337
2.471025705338
2.429725408554
2.417989015579
2.419525623322
2.426562786102
2.434317350388
2.440244913101
2.443387746811
2.444622755051
2.445649385452
2.447899818420
2.450951099396
2.452214956284
2.449514389038
2.441141843796
2.429749250412
2.419570922852
2.412534713745
2.408380985260
2.406584501266
2.406235694885
2.406398534775
2.404634237289
2.398836374283
2.388893842697
2.377938747406
2.368006944656
2.363687276840
2.350410699844
2.588111400604
3.625164270401
2.614848136902
2.529837131500
2.527681350708
2.526019096375
2.526320219040
2.527462482452
2.527444601059
2.525233030319
2.521305561066
2.515877008438
2.506740570068
2.495752573013
2.488888263702
2.480034828186
2.472560882568
2.466061592102
2.460574150085
2.454992294312
2.449894189835
2.447078943253
2.446880340576
2.450259923935
2.456411361694
2.463170766830
2.467952251434
2.468144893646
2.463256120682
2.454659223557
2.443829536438
2.432436466217
2.422792673111
2.414839744568
2.425380706787
2.503806591034
2.622308969498
2.531760692596
2.419988870621
2.421319961548
2.436172008514
2.439174413681
2.440200328827
2.442820310593
2.447036981583
