4.138831138611
4.137928009033
4.136583328247
4.134811401367
4.132634162903
4.130069732666
4.127131462097
4.123830795288
4.120182037354
4.116195678711
4.111878871918
4.107244491577
4.102293491364
4.097023010254
4.091423034668
4.085495948792
4.079234123230
4.072638034821
4.065706253052
4.058439254761
4.050830841064
4.042874336243
4.034563541412
4.025884151459
4.016825675964
4.007372856140
3.997507572174
3.987191677094
3.976397037506
3.965083122253
3.953203201294
3.940718889236
3.927579402924
3.913732051849
3.899140357971
3.883774518967
3.867636203766
3.850777149200
3.833286046982
3.815273523331
3.796876430511
3.778123378754
3.758967638016
3.739458560944
3.719769954681
3.700286388397
3.681184768677
3.662268638611
3.643052101135
3.623326301575
3.603625774384
3.584588289261
3.566271305084
3.548729896545
3.532009840012
3.515788793564
3.499680519104
3.483104944229
3.466030597687
3.449309349060
3.433665752411
3.420063972473
3.408513069153
3.398931741714
3.389373302460
3.377880096436
3.362122535706
3.343495130539
3.321734189987
3.301307439804
3.279591560364
3.262829780579
3.242191791534
3.237575054169
3.228628158569
3.306354045868
3.287651062012
3.337465286255
3.146015882492
3.104645967484
3.094977378845
3.084862709045
3.070603847504
3.055524349213
3.040383577347
3.025073528290
3.009335041046
2.992993831635
2.976031303406
2.958571195602
2.940884828568
2.923203706741
2.905776023865
2.888676166534
2.871874570847
2.855226993561
2.838653087616
2.822213172913
2.805976629257
2.790171623230
2.774867057800
2.759944677353
2.745013237000
2.729791164398
2.713878631592
2.697183609009
2.679954051971
2.662239789963
2.644577026367
2.627426147461
2.611101388931
2.595670223236
2.581130027771
2.567121744156
2.553269863129
2.539251089096
2.525198459625
2.510554313660
2.496761560440
2.481923103333
2.470711231232
2.458188295364
2.481157302856
2.645274400711
3.474490880966
3.682013034821
2.863244056702
2.749088764191
2.700304508209
2.683006048203
2.678513526917
2.677997589111
2.677239656448
2.674156188965
2.667987346649
2.658601760864
2.646031856537
2.630721807480
2.613265752792
2.594601154327
2.576225280762
2.559521198273
2.544461011887
2.529022932053
2.510881423950
2.490461111069
2.470519781113
2.454193115234
2.441744327545
2.431960344315
2.423135280609
2.414386987686
2.405830621719
2.398078441620
2.391396284103
2.385770559311
2.381507873535
2.379039287567
2.378535985947
2.379796743393
2.381661415100
2.382889032364
2.382471084595
2.379808187485
2.374505519867
2.367258548737
2.360003471375
2.354114532471
2.350379943848
2.348833560944
2.348872423172
2.349627017975
2.350053787231
2.348693132401
2.344079732895
2.335905551910
2.325010061264
2.313023567200
2.301192522049
2.290455102921
2.281024932861
2.273082733154
2.266365289688
2.260494947433
2.255145549774
2.250031709671
2.245301961899
2.240884780884
2.237258434296
2.234370470047
2.232448816299
2.230841875076
2.229959726334
2.227508783340
2.230148077011
2.234832525253
2.436683416367
2.826009988785
2.582232952118
2.466121673584
2.431099653244
2.412963628769
2.398300170898
2.384413719177
2.370503902435
2.355985164642
2.340780258179
2.325054407120
2.309124708176
2.293743848801
2.279869318008
2.269184827805
2.264296054840
2.268579006195
2.283899307251
2.303595066071
2.314310073853
2.310920238495
2.297573089600
2.281311511993
2.265301704407
2.250337600708
2.237886428833
2.229684591293
2.225766897202
2.225160598755
2.226202964783
2.227495431900
2.228102684021
2.227457284927
2.225503444672
2.222505331039
2.218997716904
2.215658903122
2.213104486465
2.211657285690
2.211163043976
2.211212396622
2.211495637894
2.211553335190
2.211122035980
2.209943294525
2.208095312119
2.205894708633
2.203322410583
2.200889825821
2.198558092117
2.196410179138
2.194380760193
2.192364931107
2.190336227417
2.188139438629
2.185883045197
2.183819532394
2.182150602341
2.181005716324
2.180286407471
2.179850816727
2.179543733597
2.179114580154
2.178301095963
2.176885604858
2.174738407135
2.171889305115
2.168444156647
2.164421558380
2.159994840622
2.155361890793
2.150585651398
2.145809650421
2.141008615494
2.136420726776
2.131939649582
2.127744197845
2.123861312866
2.120184898376
2.116724967957
2.113516092300
2.110322713852
2.106882333755
2.103574275970
2.100155353546
2.096880197525
2.093829393387
2.090723514557
2.089937210083
2.091715335846
2.123260498047
2.260220766068
2.561633586884
2.871310710907
2.428221464157
2.309269905090
2.281671524048
2.285485267639
2.289144992828
2.286796569824
2.281748056412
2.277688026428
2.276721954346
2.277077913284
2.274031162262
2.263878822327
2.248367547989
2.232856988907
2.221437215805
2.215277910233
2.213564395905
2.214879512787
2.217157363892
2.217886447906
2.215808391571
2.211416006088
2.206187486649
2.201205015182
2.196542978287
2.191374301910
2.185066223145
2.178044319153
2.170561075211
2.163166999817
2.156051635742
2.149483203888
2.143594980240
2.138598442078
2.134524583817
2.131333827972
2.128962278366
2.127299785614
2.125601768494
2.123339414597
2.120107650757
2.115629196167
2.110089302063
2.104007244110
2.097751855850
2.091866016388
2.086858034134
2.082537651062
2.079207897186
2.076899528503
2.075081110001
2.073544263840
2.071589946747
2.069267988205
2.066056013107
2.062059879303
2.056980848312
2.051417350769
2.044885396957
2.038530111313
2.031392812729
2.024844408035
2.017768383026
2.011739730835
2.004573583603
1.999690890312
1.992546916008
1.990050911903
1.980763435364
1.984879255295
1.966041207314
1.999096751213
1.950615286827
2.228273391724
2.234121322632
2.698412418365
2.035159587860
2.006102561951
2.003207683563
2.001620769501
2.006977558136
2.012889146805
2.018102645874
2.023156166077
2.021343231201
2.009765386581
1.992715716362
1.976630210876
1.965212821960
1.958994388580
1.955966711044
1.954165816307
1.952076435089
1.948902010918
1.944785594940
1.939949035645
1.935183167458
1.930479049683
1.926201105118
1.922239422798
1.918467283249
1.914849996567
1.911587119102
1.908817172050
1.906465768814
1.904263377190
1.901871442795
1.899242520332
1.896155118942
1.892437815666
1.888479828835
1.884095430374
1.880071282387
1.875732421875
1.874010920525
1.870848298073
1.926097989082
2.186697006226
3.080566406250
2.368997335434
2.227110385895
2.193189382553
2.197396993637
2.180664539337
2.160488605499
2.139912843704
2.118695974350
2.101768255234
2.089304208755
2.075775623322
2.061790943146
2.053490400314
2.051567077637
2.050582885742
2.044720649719
2.033474206924
2.021496295929
2.012924194336
2.009059906006
2.008705139160
2.009534835815
2.009652853012
2.007884740829
2.003993272781
1.998624324799
1.992673158646
1.986274242401
1.979646801949
1.973118782043
1.967065095901
1.961861491203
1.957427263260
1.953122496605
1.948590636253
1.943314909935
1.937128186226
1.930535554886
1.924034357071
1.917542934418
1.911531448364
1.905871510506
1.900470972061
1.895250201225
1.890257239342
1.885218143463
1.880355834961
1.875766038895
1.871604919434
1.868165969849
1.865047812462
1.862294554710
1.859658837318
1.857033967972
1.853963851929
1.850578069687
1.846601009369
1.841945290565
1.836485028267
1.830417394638
1.824381351471
1.818316459656
1.812113046646
1.806448578835
1.801241159439
1.796790719032
1.792085886002
1.788596272469
1.783983945847
1.782450675964
1.775075435638
1.783716917038
1.761291503906
1.920198917389
2.014551162720
2.784060716629
2.567227125168
2.263154268265
2.112569808960
2.102702856064
2.079054832458
2.043168067932
2.007772922516
1.981718301773
1.967882633209
1.963084578514
1.962636113167
1.962876796722
1.964278340340
1.966982126236
1.969728469849
1.971781492233
1.971765637398
1.968617796898
1.963240265846
1.956692934036
1.950182914734
1.943734884262
1.937202215195
1.931279659271
1.927003860474
1.925586462021
1.926761627197
1.928901672363
1.930491685867
1.930668354034
1.929352045059
1.927299261093
1.924867868423
1.922173023224
1.919134497643
1.915513277054
1.911933541298
1.908352375031
1.905377984047
1.902642250061
1.899935722351
1.897111296654
1.894095182419
1.891229391098
1.888084053993
1.885152935982
1.882156372070
1.879507780075
1.876624822617
1.873698949814
1.870611190796
1.867728710175
1.864910840988
1.861647605896
1.858576655388
1.854902148247
1.852255821228
1.848080396652
1.847074747086
1.840975522995
1.845231771469
1.829336881638
1.871208190918
1.854713678360
2.445201873779
2.641721487045
2.446912288666
2.128370523453
2.058511495590
2.074829578400
2.078082561493
2.081977844238
2.088398933411
2.095884799957
2.097769975662
2.089903354645
2.076164722443
2.060310840607
2.043931007385
2.029518604279
2.019171237946
2.012951374054
2.009194374084
2.006720066071
2.004525661469
2.001801013947
1.997656822205
1.991447806358
1.983644604683
1.974713087082
1.965496540070
1.956820964813
1.949894189835
1.944729447365
1.941150188446
1.938206434250
1.934546709061
1.929332017899
1.922185897827
1.913742899895
1.905053853989
1.896934747696
1.890491008759
1.886062383652
1.883065938950
1.881843209267
1.881656527519
1.882324934006
1.883021950722
1.883496642113
1.882898569107
1.881284952164
1.878609180450
1.875345230103
1.871823430061
1.868403673172
1.865360260010
1.863045930862
1.860769629478
1.858973622322
1.856628298759
1.854026317596
1.849951505661
1.845633745193
1.838790893555
1.834789752960
1.823176622391
1.839171886444
1.833582282066
2.050102710724
1.913593888283
1.818549394608
1.816076874733
1.791874051094
1.831806898117
1.788602471352
1.776271462440
1.767912149429
1.771481633186
1.766025304794
1.766568422318
1.759785652161
1.759029865265
1.753820061684
1.753192901611
1.749194383621
1.747560977936
1.743829369545
1.741112351418
1.737305283546
1.734473586082
1.730806112289
1.727618694305
1.723525762558
1.720288515091
1.715757489204
1.713509678841
1.707173228264
1.710469603539
1.699557304382
1.750688552856
1.738778471947
1.976644039154
1.846367359161
1.704551458359
1.693941354752
1.675943374634
1.674536943436
1.676368713379
1.671068191528
1.672489523888
1.664617538452
1.665441513062
1.656576633453
1.659717798233
1.650761842728
1.659546852112
1.650029420853
1.671253681183
1.665481805801
1.717444300652
1.737017869949
1.792115449905
1.824556112289
1.739964962006
1.696532845497
1.650357246399
1.621479272842
1.639043688774
1.625205874443
1.698477029800
1.685121059418
1.683706402779
1.615821123123
1.623426198959
1.596319437027
1.609739303589
1.585072278976
1.591362476349
1.576372623444
1.578153133392
1.569730997086
1.569229125977
1.564325332642
1.562185287476
1.562096714973
1.558581829071
1.571561574936
1.576007723808
1.644923925400
1.680322289467
1.693426012993
1.778079628944
1.643227815628
1.664922595024
1.520659208298
1.574885010719
1.514282822609
1.557454466820
1.516296267509
1.554787278175
1.508244276047
1.553270697594
1.501848459244
1.566814780235
1.507580757141
1.595660448074
1.525804519653
1.609337091446
1.521426916122
1.593361854553
1.484657883644
1.572233796120
1.471186161041
1.571193456650
1.468684911728
1.548868298531
1.455960869789
1.505052685738
1.447809576988
1.473411440849
1.444448709488
1.454255223274
1.439455270767
1.441420078278
1.432063221931
1.431849479675
1.424532413483
1.424572944641
1.417042732239
1.418707132339
1.410212993622
1.414685368538
1.408208608627
1.427283048630
1.459452271461
1.597629785538
1.643938064575
1.553770065308
1.485470294952
1.426052093506
1.474193930626
1.431471586227
1.498766422272
1.430171728134
1.397382736206
1.388597726822
1.386827111244
1.386197090149
1.371412754059
1.377952694893
1.359623312950
1.372104883194
1.348472833633
1.375593662262
1.341370224953
1.413962602615
1.364670515060
1.554971933365
1.450669527054
1.533569574356
1.411219596863
1.338611245155
1.372372627258
1.322222113609
1.380126476288
1.325247049332
1.379083514214
1.332194328308
1.391953229904
1.345057010651
1.408489108086
1.365962147713
1.424392342567
1.388013362885
1.427247405052
1.367738008499
1.374035358429
1.313584089279
1.333387017250
1.299759387970
1.326385974884
1.297152638435
1.326407909393
1.294803261757
1.327530145645
1.294145941734
1.325011849403
1.294489741325
1.315096855164
1.297068476677
1.299137711525
1.303685307503
1.280934095383
1.317913651466
1.263094067574
1.347598075867
1.250943422318
1.397785067558
1.251339197159
1.441039204597
1.265689492226
1.460406303406
1.429120898247
1.654006958008
1.591551542282
1.388243913651
1.282777905464
1.272973060608
1.273113489151
1.267636179924
1.262033224106
1.257079482079
1.253337502480
1.250908255577
1.248939156532
1.246495127678
1.243531107903
1.240480661392
1.238136768341
1.235621929169
1.234510421753
1.232549071312
1.232936501503
1.229733943939
1.233103513718
1.226953744888
1.256826639175
1.278306961060
1.565159559250
1.789914965630
2.190680503845
2.804214239120
2.093760490417
1.627544641495
1.641473054886
1.689258575439
1.691365122795
1.657102823257
1.615650057793
1.589967131615
1.581259250641
1.586020588875
1.594969511032
1.595981717110
1.585070848465
1.566858887672
1.547835111618
1.531289577484
1.518891811371
1.511208534241
1.506393313408
1.501605272293
1.496271848679
1.491631388664
1.486645936966
1.483238220215
1.479313373566
1.476005554199
1.472157120705
1.468010067940
1.462785005569
1.457994461060
1.453317880630
1.449114680290
1.446465849876
1.443884491920
1.441631078720
1.438869714737
1.435717821121
1.431688785553
1.427191853523
1.423159837723
1.418595910072
1.415500760078
1.411161899567
1.409826755524
1.404043793678
1.407618641853
1.393735647202
1.419061422348
1.381532192230
1.563677310944
1.584019184113
2.600785493851
1.768710374832
1.466703534126
1.414247393608
1.433480262756
1.447955369949
1.435717344284
1.424702763557
1.417926073074
1.413928866386
1.410546064377
1.408455371857
1.407598137856
1.407206535339
1.405518054962
1.402787685394
1.399164795876
1.395338654518
1.392075657845
1.389280915260
1.386716961861
1.384212732315
1.382074236870
1.380026102066
1.378408432007
1.376570701599
1.374620318413
1.372209191322
1.369743943214
1.366906404495
1.364372372627
1.361928701401
1.359876155853
1.357583880424
1.356384873390
1.353943943977
1.354179859161
1.350823163986
1.353828430176
1.346602320671
1.358488559723
1.341288328171
1.397043466568
1.371338605881
1.602740168571
1.469074726105
1.435775756836
1.382428765297
1.414448261261
1.342082500458
1.337013363838
1.332183837891
1.334674596786
1.328873634338
1.329729914665
1.326579451561
1.325736045837
1.323028564453
1.321405768394
1.318372726440
1.316420435905
1.313347339630
1.311439275742
1.308355927467
1.307108163834
1.305742979050
1.311133742332
1.334348320961
1.379619836807
1.493625283241
1.423447728157
1.347263574600
1.415451049805
1.314866662025
1.371938943863
1.295710444450
1.309759616852
1.280365228653
1.284087181091
1.277866840363
1.275335192680
1.273238658905
1.267947673798
1.266349792480
1.261070847511
1.260544419289
1.254448890686
1.256750345230
1.247303128242
1.260674953461
1.245539188385
1.327722430229
1.373084902763
1.705419778824
1.549818992615
1.338370084763
1.271803021431
1.251649737358
1.257991194725
1.257876157761
1.258759498596
1.257915735245
1.259675383568
1.261201858521
1.261661171913
1.260404706001
1.257641553879
1.253886699677
1.249358773232
1.244514346123
1.239705681801
1.235147714615
1.230857491493
1.227162957191
1.223004221916
1.219547510147
1.215906858444
1.213384032249
1.210156440735
1.208327174187
1.204970836639
1.203809022903
1.199960470200
1.200395822525
1.194284319878
1.199214577675
1.186313986778
1.205754518509
1.174791216850
1.254706978798
1.196404576302
1.535396814346
1.343456268311
1.560610771179
1.355021595955
1.860275030136
1.766460180283
1.369625329971
1.254697561264
1.268057107925
1.271386384964
1.270270228386
1.268772006035
1.268143653870
1.266665935516
1.263044238091
1.257184028625
1.250376582146
1.243363857269
1.237557768822
1.232867121696
1.229291915894
1.225798130035
1.222311735153
1.219160676003
1.216327667236
1.213626861572
1.210789084435
1.207742929459
1.205364704132
1.202523231506
1.200103640556
1.195990681648
1.194793820381
1.188648104668
1.195546984673
1.187284350395
1.265207290649
1.363646268845
1.987530469894
1.868454813957
1.519303202629
1.343616247177
1.329449534416
1.276524543762
1.260840892792
1.246376514435
1.248464465141
1.245720624924
1.243793606758
1.241301059723
1.239630937576
1.237325429916
1.234487771988
1.231473922729
1.228139877319
1.224584341049
1.220550537109
1.216436028481
1.212558150291
1.209064006805
1.206793904305
1.204097628593
1.202223181725
1.199102878571
1.196789026260
1.193413138390
1.191083192825
1.186675786972
1.185398101807
1.179394364357
1.182479858398
1.169147968292
1.196062088013
1.172190546989
1.374118804932
1.463942289352
1.959959030151
1.689944744110
1.341095685959
1.377469182014
1.233298301697
1.260018110275
1.259573221207
1.256515979767
1.245412349701
1.230818748474
1.219479680061
1.213425636292
1.210945725441
1.207640409470
1.202372312546
1.196991920471
1.192991971970
1.189937114716
1.187010884285
1.184366941452
1.181911230087
1.179520606995
1.176948070526
1.174329161644
1.171893835068
1.169764280319
1.167783141136
1.166415691376
1.165377378464
1.164426088333
1.164126634598
1.161904811859
1.162224650383
1.157188534737
1.162859439850
1.151898622513
1.187093853951
1.179829597473
1.407264709473
1.477603077888
1.859084963799
1.725026130676
2.049895524979
2.014853000641
1.617894768715
1.470052599907
1.394883275032
1.379734635353
1.394165277481
1.402983069420
1.394816517830
1.381177425385
1.370986938477
1.366354942322
1.365135908127
1.364371061325
1.360123634338
1.350220680237
1.335513591766
1.319934844971
1.306639790535
1.296705245972
1.290495753288
1.287122011185
1.285002946854
1.283297896385
1.282310605049
1.281656146049
1.280574798584
1.278283119202
1.274473071098
1.269273996353
1.264045953751
1.258739471436
1.254370570183
1.250347971916
1.247604489326
1.245473980904
1.243836641312
1.242140054703
1.240484595299
1.238899111748
1.237555503845
1.236066579819
1.235151410103
1.234365820885
1.233642101288
1.232257604599
1.231000781059
1.227868199348
1.225986242294
1.219965815544
1.220844864845
1.207711100578
1.230088472366
1.203122258186
1.473105788231
1.611093521118
2.499977350235
2.117265701294
1.594240665436
1.557457804680
1.518286824226
1.458591699600
1.401393294334
1.360981702805
1.340711236000
1.329035639763
1.319215774536
1.312894105911
1.308126330376
1.303889036179
1.300086736679
1.298231601715
1.294918417931
1.293565988541
1.290808081627
1.292176723480
1.291053652763
1.294801712036
1.291373968124
1.296928644180
1.289162874222
1.297779798508
1.283706784248
1.298154115677
1.277205467224
1.296009063721
1.271138310432
1.287943124771
1.266939878464
1.277551293373
1.265381932259
1.269447565079
1.266968250275
1.267937779427
1.275030612946
1.278184890747
1.294130325317
1.300551414490
1.299668550491
1.295852541924
1.275186300278
1.268478512764
1.256982326508
1.252086281776
1.243472814560
1.243221282959
1.233042955399
1.239398479462
1.221890687943
1.246915340424
1.209973692894
1.313121318817
1.243727207184
1.775184392929
1.327365756035
1.496314287186
1.209759712219
1.221519708633
1.226659059525
1.220390915871
1.221598982811
1.215489625931
1.215997695923
1.212277770042
1.212956905365
1.210479497910
1.211493253708
1.208136558533
1.209550142288
1.204508066177
1.209548950195
1.201179981232
1.222844600677
1.215403199196
1.342270731926
1.425025105476
1.667979717255
1.344089984894
1.191736698151
1.214663743973
1.205747723579
1.211428880692
1.207652568817
1.206876993179
1.204561948776
1.202530980110
1.200475692749
1.197957396507
1.195354819298
1.192228436470
1.189354658127
1.186345696449
1.183477878571
1.180624246597
1.177666783333
1.174592256546
1.171257734299
1.167675852776
1.163978338242
1.160386562347
1.157085180283
1.154010534286
1.151258349419
1.149066686630
1.146675348282
1.144780397415
1.142803907394
1.140997290611
1.139045238495
1.137897253036
1.136644363403
1.142687320709
1.149183988571
1.212986946106
1.277345180511
1.685506939888
1.331744194031
1.321595907211
1.165150880814
1.144943714142
1.181120157242
1.145629048347
1.183254599571
1.147992134094
1.175566911697
1.144649744034
1.167774081230
1.139103651047
1.162808418274
1.134344339371
1.161483526230
1.129351377487
1.166844129562
1.124809861183
1.184612870216
1.121688246727
1.230500578880
1.130493879318
1.316414117813
1.155194044113
1.325330734253
1.145243406296
1.202508926392
1.116036057472
1.129365205765
1.124977469444
1.114806413651
1.126035332680
1.112398028374
1.130999803543
1.113716602325
1.143928527832
1.119293928146
1.159874081612
1.124853610992
1.161669850349
1.126968860626
1.145513057709
1.131358385086
1.121977567673
1.146642208099
1.102100610733
1.190410375595
1.105467200279
1.313403844833
1.152472853661
1.462633609772
1.125851988792
1.170281887054
1.084120869637
1.093746900558
1.088584423065
1.088745594025
1.086567401886
1.084712147713
1.082556366920
1.080397605896
1.078231096268
1.075459003448
1.072820425034
1.069716215134
1.066975235939
1.063678622246
1.060731172562
1.057256937027
1.054379105568
1.050604224205
1.048029541969
1.043981790543
1.042726159096
1.041685342789
1.049728631973
1.081707954407
1.200589179993
1.440793991089
1.769704461098
1.397669911385
1.398114681244
1.164903283119
1.163671970367
1.117268562317
1.125259637833
1.109555006027
1.115096449852
1.113512635231
1.114257454872
1.110798120499
1.105969905853
1.099632263184
1.093757510185
1.088351964951
1.083650708199
1.079653024673
1.075933933258
1.072242736816
1.068058371544
1.063915967941
1.059199094772
1.055731534958
1.051372766495
1.049379587173
1.044055581093
1.045736074448
1.035246610641
1.054155826569
1.031392931938
1.231934547424
1.505748033524
3.975775241852
8.154870033264
6.268412113190
3.865691661835
2.786042690277
2.700739860535
2.694167137146
2.711933135986
2.731924057007
2.749037265778
2.762453079224
2.779349088669
2.803849697113
2.825527429581
2.845916748047
2.870265007019
2.894863605499
2.921886444092
2.946698188782
2.999301433563
3.080315589905
3.156332492828
3.163733959198
3.204914331436
3.244668960571
3.283855915070
3.324186801910
3.366308689117
3.408444643021
3.454616069794
3.496800184250
3.559087276459
3.590241432190
3.686230659485
3.725473880768
3.761816024780
3.821557044983
3.865769386292
3.926408767700
3.968880176544
4.050062179565
4.074841022491
4.176424980164
4.222192287445
4.270876407623
4.333584308624
4.385903358459
4.438441276550
4.493919372559
4.548435688019
4.605020046234
4.662368774414
4.704343795776
4.769519805908
4.823803424835
4.876727581024
4.930334568024
4.982996463776
5.035783767700
5.087903022766
5.140441894531
5.191576004028
5.245515823364
5.300925254822
5.419570922852
5.478523731232
5.503331184387
5.499965667725
5.582326889038
5.629209518433
5.672873020172
5.712163925171
5.757414817810
5.803691387177
5.849603176117
5.895210266113
5.938297271729
5.978391647339
6.016764163971
6.054893016815
6.095048427582
6.131718635559
6.173700332642
6.199788093567
6.261221408844
6.296516418457
6.330688476562
6.363625526428
6.395172595978
6.425150871277
6.453518867493
6.480697631836
6.507621765137
6.534961223602
6.562448501587
6.589356422424
6.615135192871
6.639461517334
6.661804676056
6.681028366089
6.699636936188
6.718163490295
6.734857559204
6.752638816833
6.765652656555
6.789863586426
6.789736747742
6.830180644989
6.843094825745
6.854731559753
6.864932060242
6.873089790344
6.878340721130
6.882238388062
6.889020919800
6.896993637085
6.903451919556
6.907643318176
6.907367706299
6.910772323608
6.903935432434
6.925299644470
6.925204277039
6.924214363098
6.922350406647
6.919621467590
6.916038513184
6.911610126495
6.906348228455
6.900263309479
6.893364906311
6.885666370392
6.877176761627
6.867909431458
6.857874870300
6.847085475922
6.835551261902
6.823284149170
6.810297012329
6.796602249146
6.782209396362
6.767132282257
6.751380920410
6.734971523285
6.717911720276
6.700217723846
6.681899070740
6.662967681885
6.643436908722
6.623319625854
6.602627277374
6.581372261047
6.559565544128
6.537221908569
6.514353752136
6.490969657898
6.467083930969
6.442709922791
6.417859077454
6.392542362213
6.366773605347
6.340564727783
6.313927650452
6.286873817444
6.259416580200
6.231566429138
6.203338146210
6.174739837646
6.145787715912
6.116491317749
6.086863517761
6.056914329529
6.026659011841
5.996107101440
5.965270996094
5.934161663055
5.902792453766
5.871173858643
5.839317321777
5.807236671448
5.774941921234
5.742443084717
5.709753990173
5.676885604858
5.643849372864
5.610654830933
5.577313899994
5.543839454651
5.510240077972
5.476528644562
5.442715644836
5.408811569214
5.374825477600
5.340769767761
5.306654930115
5.272489070892
5.238284111023
5.204050064087
5.169796943665
5.135534286499
5.101271152496
5.067017555237
5.032782554626
4.998577117920
4.964406967163
4.930284976959
4.896216392517
4.862212181091
4.828279018402
4.794426918030
4.760663032532
4.726996421814
4.693432331085
4.659981727600
4.626649379730
4.593444347382
4.560372352600
4.527441501617
4.494657993317
4.462027549744
4.429558753967
4.397255897522
4.365126132965
4.333174705505
4.301406860352
4.269829273224
4.238447189331
4.207264423370
4.176288127899
4.145521640778
4.114969730377
4.084637641907
4.054529190063
4.024648666382
3.995000362396
3.965587377548
3.936413764954
3.907483100891
3.878799915314
3.850365161896
3.822183609009
3.794258117676
3.766591548920
3.739185333252
3.712043285370
3.685167074203
3.658559322357
3.632220268250
3.606151580811
3.580357551575
3.554838657379
3.529599428177
3.504638671875
3.479959487915
3.455562114716
3.431448459625
3.407618522644
3.384074926376
3.360817909241
3.337846994400
3.315164089203
3.292770862579
3.270665645599
3.248850584030
3.227324724197
3.206088304520
3.185143232346
3.164486885071
3.144120931625
3.124046325684
3.104259490967
3.084763526917
3.065556287766
3.046637773514
3.028008699417
3.009665012360
2.991610050201
2.973841190338
2.956357002258
2.939158439636
2.922243595123
2.905611753464
2.889261722565
2.873191118240
2.857401847839
2.841890573502
2.826656103134
2.811698675156
2.797013998032
2.782602310181
2.768463373184
2.754595279694
2.740993738174
2.727659225464
2.714590549469
2.701784610748
2.689240694046
2.676956415176
2.664929389954
2.653158664703
2.641642093658
2.630377531052
2.619363307953
2.608596801758
2.598075151443
2.587798833847
2.577762603760
2.567965507507
2.558406591415
2.549081087112
2.539987325668
2.531124114990
2.522487878799
2.514077186584
2.505888700485
2.497920989990
2.490170001984
2.482633590698
2.475310564041
2.468196868896
2.461290121078
2.454588890076
2.448087692261
2.441786527634
2.435682535172
2.429771184921
2.424051761627
2.418520212173
2.413173913956
2.408010721207
2.403027534485
2.398221254349
2.393589019775
2.389128923416
2.384837627411
2.380712032318
2.376749038696
2.372946977615
2.369301795959
2.365811824799
2.362473964691
2.359283447266
2.356241703033
2.353342294693
2.350583076477
2.347962141037
2.345475912094
2.343122243881
2.340898275375
2.338800907135
2.336828231812
2.334976434708
2.333243608475
2.331627130508
2.330123662949
2.328731298447
2.327445983887
2.326266527176
2.325189590454
2.324213743210
2.323336362839
2.322554111481
2.321866273880
2.321268558502
2.320759534836
2.320337533951
2.319999694824
2.319741964340
2.319565534592
2.319462537766
2.319430589676
2.319473028183
2.319587707520
2.319774627686
2.320038557053
2.320374965668
2.320794582367
2.321305036545
2.321920633316
2.322644710541
2.323492288589
2.324520111084
2.325783252716
2.327299118042
2.329063653946
2.331101417542
2.333520412445
2.336448669434
2.340006589890
2.344262838364
2.349227190018
2.354871273041
2.360582828522
2.365139245987
2.367035388947
2.365401744843
2.361433982849
2.357016801834
2.352686405182
2.350637912750
2.350882530212
2.351700067520
2.352878808975
2.354756593704
2.357075691223
2.359434843063
2.361248493195
2.362739562988
2.364001750946
2.364508867264
2.364265441895
2.363490581512
2.362701177597
2.362720012665
2.363164186478
2.364594936371
2.366915225983
2.369798183441
2.372356891632
2.374716997147
2.376078367233
2.375482082367
2.375637531281
2.375641107559
2.376359939575
2.378747224808
2.377412319183
2.378720521927
2.376029968262
2.379475831985
2.376244068146
2.381078243256
2.370032310486
2.424018383026
2.377937793732
2.369183778763
2.384351968765
2.384068727493
2.383859395981
2.386065959930
2.387376308441
2.387698173523
2.385350465775
2.380530595779
2.371270179749
2.368914365768
2.439324140549
2.906820297241
2.382673978806
2.383277654648
2.384921550751
2.384764671326
2.386733770370
2.390049457550
2.401775836945
2.418970108032
2.428275585175
2.424503564835
2.416657924652
2.410691499710
2.407112836838
2.405907392502
2.406677722931
2.437865018845
2.403254032135
2.406577110291
2.407857179642
2.406851530075
2.405541896820
2.404400587082
2.402884006500
2.400354146957
2.396660804749
2.391976356506
2.386507987976
2.379343509674
2.372876644135
2.363234758377
2.395341396332
2.558600425720
2.389992952347
2.373120069504
2.367496013641
2.355761289597
2.348673582077
2.349725723267
2.354134082794
2.355058670044
2.350687980652
2.343081712723
2.336139440536
2.331768035889
2.330488681793
2.330958366394
2.333115577698
2.335966587067
2.343459844589
2.409270524979
2.624104261398
2.512213468552
2.454610824585
2.434867382050
2.433218240738
2.439350128174
2.445804595947
2.448954582214
2.447673082352
2.443986892700
2.440997362137
2.442228794098
2.449182987213
2.458762407303
2.465440273285
2.464253902435
2.458788156509
2.454508543015
2.452009677887
2.449063301086
2.444164752960
2.438718795776
2.434431314468
2.429662227631
2.422601461411
2.412285804749
2.400393486023
2.386231184006
2.378557682037
2.351696729660
2.634035348892
3.451450824738
2.574678421021
2.497259140015
2.487961053848
2.479084491730
2.473761320114
2.472087383270
2.472821712494
2.474392175674
2.476293325424
2.477855920792
2.476981163025
2.478781461716
2.481480598450
2.476279497147
2.472548007965
2.467926502228
2.462613582611
2.456312179565
2.450294494629
2.445826053619
2.442471981049
2.441920995712
2.443853616714
2.446832180023
2.450584650040
2.453508615494
2.455745697021
2.455992221832
2.454009771347
2.450446844101
2.446368694305
2.443295955658
2.449691295624
2.545688152313
2.629290819168
2.546619892120
2.430829524994
2.436117887497
2.453461647034
2.456797361374
2.456981420517
2.458133459091
2.459700584412
