4.136694908142
4.132463455200
4.128269195557
4.124113559723
4.119996070862
4.115896701813
4.111798286438
4.107698440552
4.103583812714
4.099460124969
4.095311164856
4.091128349304
4.086929798126
4.082706451416
4.078456401825
4.074171543121
4.069835662842
4.065448760986
4.061011314392
4.056501865387
4.051905632019
4.047207832336
4.042396068573
4.037455558777
4.032360553741
4.027087688446
4.021599769592
4.015874862671
4.009889125824
4.003624916077
3.997063159943
3.990177154541
3.982965230942
3.975422143936
3.967537879944
3.959362268448
3.950896739960
3.942137479782
3.933045864105
3.923612117767
3.913796424866
3.903650283813
3.893140316010
3.882296562195
3.871161937714
3.859816789627
3.848263263702
3.836644887924
3.824987888336
3.813462734222
3.801955699921
3.791850566864
3.793858051300
3.964970111847
4.124288082123
3.921268939972
3.894270896912
3.868109226227
3.842667579651
3.818309307098
3.795772075653
3.775786399841
3.758066177368
3.741885423660
3.727308750153
3.714271783829
3.702366828918
3.691218852997
3.680619716644
3.670539855957
3.661008834839
3.652285337448
3.643672227859
3.640610218048
3.675521373749
4.049543857574
3.881628513336
3.744926929474
3.713519096375
3.687062740326
3.665095806122
3.646497726440
3.631180286407
3.618486404419
3.607509136200
3.597724199295
3.588742256165
3.580430984497
3.572695016861
3.565469264984
3.558748722076
3.552388668060
3.546390771866
3.540738105774
3.535409688950
3.532978534698
3.542383909225
3.659730672836
3.946249008179
3.726770877838
