4.137269496918
4.132863998413
4.128494739532
4.124154090881
4.119833946228
4.115500450134
4.111161708832
4.106803894043
4.102406501770
4.097993373871
4.093556880951
4.089080810547
4.084587574005
4.080078125000
4.075540065765
4.070952892303
4.066300868988
4.061563968658
4.056714534760
4.051731586456
4.046579360962
4.041245460510
4.035695075989
4.029914855957
4.023875713348
4.017538547516
4.010865211487
4.003836631775
3.996433258057
3.988586902618
3.980279922485
3.971526145935
3.962334394455
3.952711820602
3.942772865295
3.932537317276
3.922211647034
3.911811590195
3.901415109634
3.891061544418
3.880728244781
3.870477199554
3.860457420349
3.850496768951
3.840732574463
3.830901861191
3.821477890015
3.811575412750
3.802891969681
3.792142868042
3.787435531616
3.767000198364
3.821159362793
3.866755962372
4.396199703217
3.993812322617
3.949283123016
3.910266876221
3.871518611908
3.832163810730
3.794245958328
3.762380123138
3.740049362183
3.726041316986
3.715351581573
3.705659866333
3.696356773376
3.687348365784
3.678359270096
3.670364856720
3.661525726318
3.656077861786
3.643652439117
3.659200191498
3.644654273987
4.302096366882
3.810009479523
3.708659648895
3.680452585220
3.659174442291
3.643275260925
3.630722999573
3.620605945587
3.612180709839
3.604608535767
3.597657442093
3.591235637665
3.585375308990
3.579644680023
3.574631690979
3.568997859955
3.565097808838
3.558475732803
3.557637691498
3.545948743820
3.561117172241
3.533980369568
3.769250631332
3.851928710938
3.834382534027
