4.155427932739
4.154325962067
4.152767181396
4.150815963745
4.148532390594
4.145973682404
4.143186569214
4.140203475952
4.137046337128
4.133736133575
4.130290031433
4.126728057861
4.123064994812
4.119313716888
4.115484714508
4.111586570740
4.107625484467
4.103604793549
4.099522590637
4.095385074615
4.091190338135
4.086938858032
4.082636833191
4.078283786774
4.073876857758
4.069415092468
4.064895153046
4.060313224792
4.055662155151
4.050933837891
4.046130180359
4.041234493256
4.036233901978
4.031121730804
4.025879859924
4.020495414734
4.014953613281
4.009241104126
4.003336906433
3.997222900391
3.990874290466
3.984271049500
3.977387666702
3.970197200775
3.962682247162
3.954799175262
3.946530818939
3.937854766846
3.928729534149
3.919142246246
3.909069538116
3.898528099060
3.887534379959
3.876136302948
3.864427804947
3.852495431900
3.840476036072
3.828542947769
3.816847085953
3.805531740189
3.794702053070
3.784427642822
3.774676799774
3.765370368958
3.756405591965
3.747588634491
3.738800525665
3.729944229126
3.721051454544
3.712316036224
3.704011678696
3.696246385574
3.689038515091
3.682198047638
3.675503969193
3.668747901917
3.661735534668
3.654437541962
3.646895408630
3.639181613922
3.631160974503
3.622890472412
3.614482402802
3.606014728546
3.597484827042
3.588956356049
3.580615043640
3.572653293610
3.565204620361
3.558285713196
3.551886558533
3.546046972275
3.540492057800
3.535356760025
3.530478000641
3.525620937347
3.520859718323
3.516106605530
3.511330604553
3.506454944611
3.501729488373
3.496779680252
3.491842508316
3.486693859100
3.481536388397
3.476394176483
3.471155166626
3.466024875641
3.460865974426
3.455834388733
3.450645685196
3.445597648621
3.440503120422
3.435518264771
3.430533885956
3.425613880157
3.420644044876
3.415744304657
3.410765171051
3.405846118927
3.400894641876
3.395879745483
3.390805721283
3.385718345642
3.380545139313
3.375471830368
3.370307445526
3.365077018738
3.359811782837
3.354561805725
3.349147558212
3.343944549561
3.338391304016
3.333283662796
3.327483177185
3.322459220886
3.316318988800
3.311882972717
3.304452896118
3.302265644073
3.290730953217
3.297215938568
3.269519805908
3.320399761200
3.239678382874
3.645008087158
3.609476089478
3.792932033539
3.402760028839
3.332930564880
3.297923088074
3.276629447937
3.265576362610
3.260553598404
3.258206605911
3.256391286850
3.253654956818
3.249087810516
3.242511987686
3.234282970428
3.225109577179
3.215983152390
3.207921266556
3.201401710510
3.196686744690
3.193338632584
3.190724372864
3.188146352768
3.185024738312
3.181181192398
3.176733016968
3.171724319458
3.166517734528
3.160861492157
3.155140399933
3.149238109589
3.143474578857
3.137814760208
3.132398128510
3.126887083054
3.121765613556
3.116423606873
3.111453533173
3.106072902679
3.101773738861
3.095865249634
3.094022512436
3.088209867477
3.109643220901
3.160329341888
3.556529998779
3.557354688644
3.393528938293
3.089644908905
3.100424051285
3.120871067047
3.126682996750
3.122876882553
3.114056110382
3.103760957718
3.094058036804
3.085819721222
3.079297542572
3.073975086212
3.068803787231
3.062877178192
3.056103229523
3.049069881439
3.042498350143
3.036776065826
3.031672716141
3.026815891266
3.021930932999
3.016973495483
3.011776447296
3.006327152252
3.000800132751
2.995238780975
2.989833831787
2.984615325928
2.979599475861
2.974740982056
2.970052719116
2.965430259705
2.960835933685
2.956271886826
2.951766490936
2.947375535965
2.943007946014
2.938695907593
2.934413909912
2.930161476135
2.925996303558
2.921775579453
2.917497634888
2.913248538971
2.908978939056
2.904740333557
2.900631904602
2.896303653717
2.892380237579
2.887909412384
2.884962797165
2.879914283752
2.885423183441
2.897567749023
3.068651199341
3.477529048920
4.210402011871
3.013783454895
2.915736675262
2.962003231049
2.999489545822
3.024153947830
3.036682128906
3.038152217865
3.030452251434
3.015814542770
2.996692657471
2.975399971008
2.954338550568
2.935841560364
2.921611785889
2.911499500275
2.904017925262
2.897307872772
2.890556335449
2.883949279785
2.877421379089
2.870493412018
2.863104581833
2.855729103088
2.848834276199
2.842065334320
2.835231781006
2.828154087067
2.820757389069
2.813680410385
2.806849241257
2.800488710403
2.794556617737
2.789113044739
2.783935308456
2.778857231140
2.773974895477
2.769275188446
2.764770030975
2.760284900665
2.755875349045
2.751572608948
2.747403621674
2.743065595627
2.738886356354
2.734540939331
2.730255126953
2.725819587708
2.721596240997
2.717030048370
2.713168621063
2.708234786987
2.705460548401
2.698982238770
2.700078487396
2.687443017960
2.708420991898
2.682858467102
2.861688613892
2.899211883545
3.153024911880
2.654988527298
2.653449058533
2.673915863037
2.681173801422
2.687388181686
2.688070774078
2.685728549957
2.681138277054
2.675407171249
2.669146776199
2.662828922272
2.656760692596
2.651165962219
2.646173477173
2.641768693924
2.637848377228
2.634078502655
2.630435705185
2.626780509949
2.623077392578
2.619308471680
2.615370750427
2.611572742462
2.607404708862
2.603582143784
2.599412918091
2.596021652222
2.591478347778
2.588855028152
2.583335399628
2.583479404449
2.574390888214
2.585496902466
2.570654392242
2.653594970703
2.707393884659
3.293063640594
2.924024343491
2.909622430801
2.633720159531
2.601423025131
2.598687648773
2.603322267532
2.606371164322
2.604652404785
2.599090099335
2.592239141464
2.585557937622
2.579628467560
2.573884487152
2.567643642426
2.560615062714
2.553038120270
2.545398473740
2.538170337677
2.531530857086
2.525614261627
2.520295858383
2.515679121017
2.511387586594
2.507518291473
2.503754138947
2.500131368637
2.496330261230
2.492744445801
2.488940000534
2.485486984253
2.481623172760
2.478561878204
2.474432229996
2.472063302994
2.466961383820
2.466639995575
2.458337783813
2.464500427246
2.445747613907
2.474565267563
2.425097465515
2.547625064850
2.434077739716
2.916998863220
2.519947052002
2.713387966156
2.405520439148
2.447892665863
2.445914983749
2.449459314346
2.448093414307
2.444702148438
2.440711498260
2.436753749847
2.432840347290
2.428695678711
2.424350500107
2.420048952103
2.415902853012
2.411952972412
2.408123970032
2.404573917389
2.401143789291
2.397672414780
2.394428014755
2.390999555588
2.387659311295
2.384190320969
2.380733489990
2.377486705780
2.374235630035
2.371280193329
2.367969512939
2.365578174591
2.361842632294
2.360699653625
2.355015516281
2.357900619507
2.345690727234
2.364187955856
2.331892967224
2.420250892639
2.353485584259
2.698648452759
2.527160644531
2.458439111710
2.459988117218
2.337717771530
2.386051893234
2.351741790771
2.350539684296
2.343187093735
2.339408874512
2.336268424988
2.333550453186
2.330719470978
2.327102184296
2.323105812073
2.318761825562
2.314462661743
2.310158967972
2.306330680847
2.302672624588
2.299412488937
2.296151161194
2.293080091476
2.289833307266
2.286497592926
2.283461332321
2.279881238937
2.277416944504
2.273271322250
2.272354841232
2.266083240509
2.269506454468
2.255900382996
2.274230003357
2.236048698425
2.313729524612
2.206408977509
2.553342342377
2.332637548447
2.892158031464
2.481230020523
2.309414863586
2.338954448700
2.257785320282
2.285645961761
2.268455028534
2.267628908157
2.262825965881
2.258326530457
2.254022121429
2.249944210052
2.245471000671
2.240488290787
2.235124588013
2.230028390884
2.225455760956
2.221298694611
2.218017816544
2.214565515518
2.211523532867
2.208169698715
2.205573081970
2.201753139496
2.200556039810
2.194673538208
2.198557853699
2.183206558228
2.211591243744
2.157522439957
2.355304002762
2.241368532181
3.438512563705
2.228352785110
2.282057762146
2.191353797913
2.233380079269
2.216198921204
2.216317176819
2.213129520416
2.210670948029
2.207202434540
2.201941967010
2.195050239563
2.187593936920
2.180614471436
2.174761533737
2.169976472855
2.165538311005
2.161578655243
2.157630920410
2.153972625732
2.150456190109
2.147013425827
2.144026756287
2.140533208847
2.138784885406
2.133924961090
2.135861873627
2.123909950256
2.144143819809
2.100283145905
2.239572525024
2.144796609879
2.666603088379
2.195774078369
2.233050346375
2.203439950943
2.202761173248
2.184388637543
2.165971517563
2.154456615448
2.143568277359
2.134869575500
2.127654314041
2.121193885803
2.115830183029
2.111800193787
2.108791828156
2.106449842453
2.104203701019
2.101745128632
2.099140405655
2.095872402191
2.092125892639
2.088165283203
2.084267616272
2.080456733704
2.077107667923
2.073873996735
2.071635961533
2.069054841995
2.067687749863
2.067215204239
2.068917512894
2.094590187073
2.143431663513
2.414050579071
2.511203765869
2.204845190048
2.340389013290
2.066332340240
2.115584373474
2.078238248825
2.090462684631
2.080984592438
2.081876754761
2.076036691666
2.072723388672
2.065911054611
2.060623407364
2.053608417511
2.048467874527
2.042491436005
2.038658380508
2.033928871155
2.031908273697
2.027082443237
2.027396917343
2.019343614578
2.026630401611
2.006283044815
2.048884868622
1.994005680084
2.300693750381
2.274810314178
3.048960208893
2.094230413437
2.088465690613
2.032561779022
2.054951190948
2.043754100800
2.043192386627
2.037762880325
2.033452272415
2.027351856232
2.021268129349
2.015189170837
2.009469985962
2.004305362701
1.999739170074
1.995965719223
1.992839574814
1.990303039551
1.987977266312
1.986009836197
1.983479380608
1.981462001801
1.977910041809
1.976838350296
1.970718383789
1.974815249443
1.958319664001
1.988244175911
1.928296446800
2.121631860733
1.992951154709
2.650903940201
1.983269572258
2.261763095856
2.088823080063
2.053045511246
2.017120361328
2.007731914520
1.998230218887
1.989876389503
1.982270717621
1.975134372711
1.967921972275
1.961055278778
1.954858541489
1.949829101562
1.945863723755
1.943013429642
1.941020488739
1.939397573471
1.937683105469
1.935208797455
1.932496309280
1.929214954376
1.926020026207
1.922920227051
1.920105695724
1.917751789093
1.915463447571
1.913644790649
1.911200284958
1.910740613937
1.906466722488
1.916806101799
1.917356014252
2.057633399963
2.174161195755
2.704762697220
2.155639171600
2.019932985306
1.950493335724
1.958073735237
1.965716481209
1.958022594452
1.949516296387
1.942311525345
1.935860872269
1.928688287735
1.920825242996
1.912680268288
1.905176401138
1.899263024330
1.894417524338
1.891196966171
1.888172745705
1.885936617851
1.883158683777
1.880930185318
1.877851009369
1.875885486603
1.872239589691
1.871682524681
1.865292787552
1.870647192001
1.852405309677
1.886719465256
1.819878697395
2.041642665863
1.898535132408
2.833862543106
2.023351192474
1.925153255463
1.964446544647
1.960525751114
1.934751749039
1.912042617798
1.897815227509
1.888705968857
1.882738113403
1.876061081886
1.868837833405
1.861604928970
1.855796337128
1.851184248924
1.848249197006
1.846172094345
1.844882130623
1.842768192291
1.841079711914
1.837990641594
1.835712671280
1.831241846085
1.829940557480
1.823770523071
1.828450441360
1.821364641190
1.864897012711
1.940623402596
2.344778299332
2.762306213379
2.680624008179
1.947016239166
2.028531312943
1.952883481979
1.971320390701
1.980729818344
1.978640079498
1.966252326965
1.947621822357
1.928001523018
1.910075187683
1.895258426666
1.883077263832
1.872099757195
1.861719131470
1.851815700531
1.842593431473
1.834040641785
1.826922655106
1.821356415749
1.817036151886
1.814049959183
1.811397671700
1.809216976166
1.806397199631
1.804516911507
1.800790786743
1.799804687500
1.793804049492
1.796050071716
1.782952308655
1.798727273941
1.763557195663
1.836186885834
1.746471166611
2.144871234894
1.996315360069
2.783596038818
1.875150680542
1.979954242706
1.785997033119
1.841437578201
1.815342068672
1.814261674881
1.810108304024
1.805298328400
1.799631834030
1.793327212334
1.786778688431
1.780455708504
1.774634599686
1.769661068916
1.765682697296
1.762701034546
1.760362625122
1.758439779282
1.756431698799
1.754450559616
1.752472400665
1.750276803970
1.747938513756
1.745470285416
1.743289947510
1.740224719048
1.739078640938
1.733715057373
1.738129854202
1.720834493637
1.761319160461
1.698962688446
2.089572668076
2.105666399002
2.705247640610
1.982620477676
1.787196159363
1.788469672203
1.814941167831
1.813455581665
1.799196720123
1.785581588745
1.775453329086
1.767270326614
1.759428739548
1.751750707626
1.744818925858
1.738900899887
1.734185695648
1.730615854263
1.727947473526
1.725456714630
1.723026037216
1.720165252686
1.717196345329
1.713630557060
1.710409045219
1.706836104393
1.703763723373
1.700394034386
1.697806358337
1.694796085358
1.692533731461
1.690527677536
1.688092231750
1.695037126541
1.703298568726
1.826027512550
1.990247249603
2.277649402618
2.087978124619
1.813618183136
1.763717889786
1.753953933716
1.754001498222
1.733149051666
1.724967360497
1.716398715973
1.711471915245
1.704997539520
1.699963808060
1.693884968758
1.689059972763
1.683589696884
1.680204272270
1.675751924515
1.674469709396
1.669636249542
1.670601367950
1.662340641022
1.670618057251
1.649125576019
1.691991806030
1.629941940308
1.906737565994
1.877461194992
2.833936691284
1.939204931259
1.657301425934
1.813110351562
1.731235504150
1.713006734848
1.700075626373
1.701804041862
1.696510553360
1.695538878441
1.688870191574
1.685304403305
1.677257299423
1.673974037170
1.666644811630
1.666771531105
1.658755540848
1.664907693863
1.649722576141
1.675347566605
1.636976480484
1.775572538376
1.778757214546
2.073832035065
1.891879796982
1.722520112991
1.748889088631
1.714344739914
1.692608356476
1.676421284676
1.669020891190
1.662566184998
1.657295465469
1.651868104935
1.647039413452
1.642712831497
1.639261603355
1.636072397232
1.633132457733
1.630332231522
1.627409815788
1.624270439148
1.621255636215
1.617855787277
1.615248918533
1.611681938171
1.610815644264
1.606005668640
1.610897064209
1.602265357971
1.641722440720
1.649141669273
1.964759469032
1.698071718216
1.829969167709
1.689125776291
1.608631134033
1.677927970886
1.591117620468
1.638639211655
1.592017173767
1.627048015594
1.593288183212
1.628400325775
1.603143095970
1.651986002922
1.651867628098
1.716550707817
1.744712471962
1.691636323929
1.652282357216
1.599500417709
1.615059733391
1.569068670273
1.610745549202
1.560914397240
1.615487694740
1.551750898361
1.645265817642
1.552510976791
1.739680171013
1.618962526321
1.755752086639
1.586471676826
1.654699325562
1.573872089386
1.600428104401
1.570324301720
1.577843904495
1.566629886627
1.568285226822
1.563355207443
1.563602209091
1.561723232269
1.562744498253
1.564381718636
1.569734215736
1.579127311707
1.595515251160
1.620694875717
1.640824317932
1.650235652924
1.689563751221
1.642065763474
1.841570019722
1.683192729950
1.769211769104
1.533082365990
1.602338314056
1.537396073341
1.582357287407
1.535463094711
1.574948072433
1.528922080994
1.578930854797
1.521385788918
1.616918683052
1.534569025040
1.773436069489
1.592210412025
1.850544691086
1.620831012726
1.604103207588
1.624884486198
1.532942652702
1.651250839233
1.510392069817
1.609505653381
1.507275104523
1.583781838417
1.502685546875
1.575030326843
1.493714809418
1.586771488190
1.483306407928
1.637271165848
1.483448028564
1.770209312439
1.518410205841
1.874896049500
1.525480985641
1.686869859695
1.507878422737
1.563053131104
1.528886914253
1.526108145714
1.547604918480
1.521170616150
1.558767199516
1.527586460114
1.568167924881
1.544296860695
1.573698520660
1.575273156166
1.573861360550
1.633032798767
1.584293365479
1.644571542740
1.542881846428
1.560825347900
1.493527531624
1.537736654282
1.488402843475
1.516351938248
1.485007882118
1.506314396858
1.481481790543
1.503548264503
1.480559110641
1.512023687363
1.498345732689
1.568498849869
1.628118276596
1.743669867516
1.753846645355
1.600300431252
1.713743925095
1.543297052383
1.548337101936
1.497980952263
1.504303574562
1.494630813599
1.494525671005
1.490944623947
1.488237023354
1.485977053642
1.481754422188
1.480848193169
1.475332856178
1.477681875229
1.467596173286
1.479568243027
1.453115582466
1.507972955704
1.430249571800
1.765812039375
1.626375436783
2.411554813385
1.721467733383
1.756061553955
1.565439701080
1.530956029892
1.531402230263
1.526993513107
1.520111918449
1.513381719589
1.507224798203
1.501102685928
1.495034217834
1.489663600922
1.485139250755
1.481245756149
1.477856993675
1.474472165108
1.471034169197
1.467651963234
1.464229345322
1.460660576820
1.457574963570
1.453815698624
1.451938509941
1.446914434433
1.448352813721
1.438279628754
1.454360008240
1.429502964020
1.550382614136
1.601014256477
2.411681175232
1.972198486328
1.671284914017
1.618868947029
1.484869599342
1.511787652969
1.510063767433
1.498802661896
1.493872284889
1.486782312393
1.480325818062
1.471674680710
1.464072585106
1.456493854523
1.451857089996
1.446918725967
1.445951938629
1.443988919258
1.453105568886
1.485162258148
1.627428412437
1.805740952492
2.042632579803
1.529044270515
1.693480968475
1.499293208122
1.536572694778
1.516047596931
1.493276000023
1.488969683647
1.477174162865
1.471883177757
1.462450027466
1.456258416176
1.447768330574
1.443086743355
1.436218380928
1.434020876884
1.427693128586
1.429319858551
1.419296383858
1.431234598160
1.407332897186
1.471660494804
1.434419870377
1.875089168549
1.669813156128
1.785069465637
1.406475305557
1.478490233421
1.422997951508
1.433018922806
1.427031517029
1.429192304611
1.427121877670
1.424122333527
1.419942140579
1.414855599403
1.410581350327
1.405990123749
1.403283119202
1.399511933327
1.398905038834
1.394042134285
1.396936178207
1.386631250381
1.404061794281
1.379490494728
1.489319324493
1.510697007179
2.298951148987
2.216780185699
1.929704904556
1.802161097527
1.694199085236
1.688778042793
1.620707631111
1.580894708633
1.560447692871
1.549050092697
1.537462353706
1.522589325905
1.506987571716
1.492785453796
1.480248570442
1.469523787498
1.460873484612
1.453911542892
1.448133826256
1.443069100380
1.437998056412
1.432674884796
1.427043318748
1.421286225319
1.415552496910
1.409692525864
1.405757665634
1.398566484451
1.402143239975
1.384496212006
1.453168749809
1.463258743286
2.267429828644
1.505386471748
1.871244072914
1.452173471451
1.534355044365
1.470786571503
1.445836663246
1.428776741028
1.421805858612
1.413942098618
1.407150506973
1.399472475052
1.393732666969
1.389538168907
1.386896133423
1.384306550026
1.381444215775
1.378178119659
1.374755024910
1.370909094810
1.367726922035
1.363853693008
1.361479997635
1.357141256332
1.357351064682
1.349495053291
1.361913442612
1.344787716866
1.454605817795
1.527889370918
2.136951923370
1.667591214180
1.458023071289
1.409305095673
1.405676126480
1.399413824081
1.388391017914
1.394361257553
1.378181338310
1.387041687965
1.370850682259
1.380321264267
1.360548973083
1.382180690765
1.354522347450
1.420750379562
1.386221647263
1.559232354164
1.432101249695
1.421035051346
1.354287385941
1.373017430305
1.363727927208
1.367853403091
1.439328908920
1.419148802757
1.587313413620
1.403230309486
1.409833908081
1.341256976128
1.366253614426
1.326553106308
1.366285324097
1.317514657974
1.380967497826
1.308476567268
1.435035824776
1.317465305328
1.634998559952
1.412270545959
1.963440060616
1.403544068336
1.430787801743
1.335804104805
1.341334700584
1.341637492180
1.340526819229
1.337139368057
1.333628892899
1.330652713776
1.326315879822
1.324850082397
1.319050312042
1.321737527847
1.311373353004
1.329166173935
1.306146025658
1.409536838531
1.371369838715
1.776897192001
1.369773387909
1.410617589951
1.329095125198
1.338991761208
1.319864988327
1.319815516472
1.314463496208
1.310334444046
1.313875198364
1.304619550705
1.321524381638
1.304775953293
1.353481411934
1.336194872856
1.435322999954
1.402369141579
1.432420253754
1.284187316895
1.390975236893
1.279614210129
1.383293747902
1.302227854729
1.432274580002
1.348433375359
1.479924917221
1.348549842834
1.424021482468
1.294702768326
1.350387454033
1.287243127823
1.323570251465
1.302725315094
1.332621335983
1.343260765076
1.379518747330
1.432216167450
1.397393226624
1.464350938797
1.314626693726
1.358150959015
1.277410984039
1.322679042816
1.276459455490
1.317733049393
1.278985857964
1.322151184082
1.284158110619
1.342590212822
1.297249555588
1.372059822083
1.300470352173
1.357338190079
1.280001282692
1.315367698669
1.270973682404
1.310306072235
1.276332259178
1.353227376938
1.307704091072
1.451424837112
1.344455480576
1.442045927048
1.288161754608
1.352715015411
1.256551384926
1.311514139175
1.249907970428
1.310298204422
1.242089509964
1.338867783546
1.243589878082
1.434341549873
1.291727542877
1.539196491241
1.280401945114
1.395346164703
1.250384211540
1.315691351891
1.262644529343
1.357687234879
1.308475732803
1.542420864105
1.400528907776
1.591822028160
1.257747530937
1.331738591194
1.266704201698
1.273111224174
1.265725374222
1.267381906509
1.261852502823
1.265013456345
1.261205673218
1.273940443993
1.277849674225
1.341849207878
1.375695347786
1.553410887718
1.354129076004
1.352462053299
1.253248929977
1.301839709282
1.268651485443
1.288312196732
1.274032115936
1.272377252579
1.274094462395
1.267584204674
1.284946560860
1.277890801430
1.320997834206
1.300849914551
1.392029881477
1.310467004776
1.498732447624
1.335444211960
1.605215549469
1.389710664749
1.345369696617
1.294549226761
1.250812292099
1.287375092506
1.244168877602
1.273596286774
1.238056659698
1.264956235886
1.231172800064
1.267665386200
1.226598739624
1.301954269409
1.238440275192
1.431795120239
1.254547119141
1.428890466690
1.268832683563
1.361986637115
1.301478505135
1.283799886703
1.346022844315
1.246620178223
1.346703410149
1.215158700943
1.298246383667
1.207809925079
1.268029689789
1.203878164291
1.261880636215
1.198757410049
1.286410689354
1.204343557358
1.416769742966
1.290598750114
1.841099619865
1.385360002518
1.424401998520
1.230117321014
1.228741884232
1.241082191467
1.223996162415
1.262661457062
1.238443851471
1.353202104568
1.265752553940
1.418719530106
1.241799354553
1.262203693390
1.244589328766
1.228860855103
1.233169436455
1.216705203056
1.228861570358
1.222889661789
1.237201809883
1.267351746559
1.293772935867
1.389037370682
1.324197769165
1.479371428490
1.286666274071
1.433155894279
1.222681164742
1.284482002258
1.210093259811
1.228062987328
1.209977626801
1.211415529251
1.203571915627
1.202013850212
1.196981668472
1.196499228477
1.193075180054
1.196818113327
1.197191238403
1.224765062332
1.265942573547
1.445809364319
1.542120218277
1.358278632164
1.313885331154
1.218065500259
1.240878582001
1.209404706955
1.217848062515
1.204585552216
1.206533193588
1.199540376663
1.198249697685
1.200273036957
1.191700696945
1.222174286842
1.199454545975
1.400047302246
1.272884845734
1.735898971558
1.253231525421
1.483226299286
1.234541416168
1.302338480949
1.194794893265
1.220742344856
1.197285175323
1.201985716820
1.194270730019
1.190851569176
1.189306497574
1.180815696716
1.189265012741
1.170365571976
1.215777277946
1.182570934296
1.463848590851
1.570154786110
1.992344737053
1.458993434906
1.356603860855
1.355803251266
1.279427886009
1.257701754570
1.249431967735
1.242549777031
1.231264352798
1.220384955406
1.211622357368
1.204628467560
1.198764443398
1.194356560707
1.190660238266
1.187945365906
1.185045242310
1.182300567627
1.179129600525
1.176030158997
1.172570705414
1.170058250427
1.166535854340
1.165585875511
1.161234736443
1.164131045341
1.158001780510
1.180635094643
1.205826520920
1.404157042503
1.720203995705
1.935165166855
1.477924585342
1.393011569977
1.313668370247
1.316563129425
1.309561014175
1.295355916023
1.277257561684
1.260153770447
1.245538830757
1.233426570892
1.223827719688
1.216713190079
1.210634350777
1.205336451530
1.200275897980
1.195787906647
1.190656185150
1.186148405075
1.180202722549
1.177116394043
1.168937683105
1.173007726669
1.156902790070
1.212899684906
1.204353570938
1.794052720070
1.411423444748
1.687602877617
1.473201870918
1.388467550278
1.250644803047
1.219529867172
1.232621908188
1.220042228699
1.211771965027
1.198856592178
1.191385507584
1.182705640793
1.177481770515
1.170658826828
1.167135834694
1.161355733871
1.159807205200
1.153296947479
1.155634641647
1.144112825394
1.158340454102
1.130461215973
1.203098297119
1.143553733826
1.749332904816
1.542312860489
3.002132177353
1.687043190002
1.378620743752
1.245606422424
1.236623287201
1.251515865326
1.246943593025
1.236874699593
1.224067568779
1.213505506516
1.204574346542
1.198701620102
1.192301511765
1.187318921089
1.179962277412
1.177267909050
1.167723894119
1.173183083534
1.154555201530
1.212539434433
1.204617142677
1.691126346588
1.361488342285
1.348498940468
1.391092777252
1.229293107986
1.197755813599
1.178096890450
1.179997920990
1.170010685921
1.165197372437
1.158387660980
1.154188036919
1.148208141327
1.144344806671
1.139082431793
1.137428998947
1.132610678673
1.135065436363
1.128393888474
1.152075171471
1.163654088974
1.429554462433
1.490645885468
1.590825438499
1.194687128067
1.201643705368
1.194644689560
1.191551327705
1.186694383621
1.173675179482
1.162134528160
1.152681112289
1.145307779312
1.139016866684
1.133754253387
1.129887819290
1.127282977104
1.125310540199
1.123311996460
1.121921658516
1.118739843369
1.118515253067
1.112387061119
1.125302791595
1.120956659317
1.304488539696
1.475549221039
2.410068988800
1.667131423950
1.255901575089
1.258957982063
1.213989734650
1.208121776581
1.206223011017
1.196766376495
1.185339689255
1.173472166061
1.164021253586
1.156364560127
1.150399208069
1.145092248917
1.141401290894
1.137891769409
1.135709285736
1.131766080856
1.130378723145
1.123542070389
1.126886010170
1.111792445183
1.148482203484
1.129824995995
1.463424682617
1.593358874321
1.511049985886
1.373338460922
1.253400802612
1.200314640999
1.199878215790
1.183517575264
1.172836422920
1.162958383560
1.154464960098
1.146828174591
1.139242887497
1.132410049438
1.126649737358
1.121809005737
1.117990493774
1.114854574203
1.112092018127
1.109121799469
1.106223106384
1.102680087090
1.100469589233
1.096876621246
1.100123524666
1.102817416191
1.150986194611
1.249846577644
1.833685994148
2.884385824203
1.923852920532
2.211310863495
1.753864765167
1.617912530899
1.583979606628
1.554104924202
1.518460273743
1.480882048607
1.448114395142
1.416544675827
1.385247945786
1.360500335693
1.342852950096
1.327926158905
1.310832738876
1.293075680733
1.278213739395
1.266248583794
1.257318854332
1.249289989471
1.242704153061
1.235331416130
1.228705286980
1.220239996910
1.213294148445
1.203586339951
1.197678804398
1.188514232635
1.190404891968
1.209195971489
1.338679194450
1.833277225494
2.147309064865
1.549420356750
1.299682736397
1.280722856522
1.269787549973
1.259115576744
1.243753552437
1.229331970215
1.218033790588
1.208727002144
1.200703263283
1.193256258965
1.186014175415
1.178727626801
1.171401023865
1.165090441704
1.159397482872
1.154381513596
1.149660587311
1.145439743996
1.141116499901
1.137368679047
1.133074283600
1.129749536514
1.124682307243
1.123287558556
1.115728259087
1.123734593391
1.111873626709
1.194507122040
1.282694578171
1.651518106461
1.370194315910
1.296419501305
1.184531092644
1.191770792007
1.157989263535
1.154741883278
1.145674943924
1.140321731567
1.133999943733
1.128295183182
1.122092723846
1.117007493973
1.112008690834
1.108624577522
1.104368209839
1.102518677711
1.097877621651
1.099609851837
1.093848943710
1.120531320572
1.163992643356
1.516027927399
2.023769140244
1.788968324661
1.281383872032
1.367122411728
1.279148817062
1.239045023918
1.216092348099
1.200470209122
1.186827898026
1.175257205963
1.165148258209
1.155122160912
1.145763874054
1.136484622955
1.128242969513
1.120945215225
1.114544630051
1.109058380127
1.104296207428
1.099689960480
1.095803022385
1.091615319252
1.088577985764
1.084156036377
1.082960128784
1.076094746590
1.081376791000
1.064189076424
1.100019693375
1.051700353622
1.315508604050
1.317964911461
2.609147787094
1.271882295609
1.302480936050
1.226314306259
1.219606280327
1.201480865479
1.178245544434
1.161481380463
1.150903582573
1.142987728119
1.136359691620
1.129345417023
1.121495366096
1.113889575005
1.106858968735
1.101139783859
1.096010327339
1.091584682465
1.087533712387
1.083871483803
1.080391883850
1.076901674271
1.073753356934
1.070572495461
1.067950487137
1.064716339111
1.063228845596
1.059900999069
1.065213680267
1.072525501251
1.149493932724
1.332160711288
1.468264818192
1.575888395309
1.214316725731
1.217544794083
1.132393360138
1.113760113716
1.111608147621
1.104533791542
1.098536491394
1.091245055199
1.084460616112
1.077519416809
1.071487069130
1.066108703613
1.061703920364
1.057966947556
1.054779648781
1.051996588707
1.049213886261
1.047396302223
1.044290781021
1.046916127205
1.048745393753
1.113949418068
1.251910924911
2.027696847916
2.017872571945
1.243921756744
1.228058338165
1.132072448730
1.130762577057
1.123046159744
1.116597294807
1.109324693680
1.100799679756
1.091468811035
1.082480430603
1.074729800224
1.069013357162
1.064683914185
1.060991764069
1.057706832886
1.054148674011
1.050536513329
1.046879053116
1.043815612793
1.040508031845
1.038393735886
1.034998893738
1.034692287445
1.029136657715
1.034707427025
1.021136403084
1.056665182114
1.037082314491
1.266926527023
1.396221399307
1.505597114563
1.548848390579
1.305508136749
1.117476820946
1.179607391357
1.158832311630
1.136348009109
1.116711139679
1.101858019829
1.089431405067
1.080600023270
1.072823405266
1.065993547440
1.059630155563
1.054820775986
1.050259709358
1.047058463097
1.041919946671
1.040555357933
1.033751010895
1.041075587273
1.031704664230
1.105177164078
1.136801004410
1.713616490364
1.134025216103
1.236920356750
1.131145000458
1.240268230438
1.106593132019
1.156359791756
1.060354709625
1.073101282120
1.047995805740
1.046403765678
1.036783933640
1.032422542572
1.029164314270
1.024438142776
1.028088688850
1.021139621735
1.047498941422
1.048292160034
1.222754478455
1.280251502991
1.656957626343
1.135163426399
1.085683822632
1.142261385918
1.040378332138
1.074832677841
1.031976699829
1.055759668350
1.025375127792
1.044926047325
1.013915657997
1.042841911316
1.003739476204
1.067182421684
1.010371446609
1.205633163452
1.149599194527
1.628968954086
1.215045928955
1.172782063484
1.071760177612
1.044670343399
1.041059374809
1.034108877182
1.031017184258
1.024695396423
1.022966861725
1.015657424927
1.017503261566
1.008036494255
1.024088025093
1.015535950661
