4.140161991119
4.139317989349
4.138117790222
4.136601924896
4.134808540344
4.132773876190
4.130528450012
4.128100872040
4.125510692596
4.122775077820
4.119912147522
4.116934776306
4.113856315613
4.110685348511
4.107426643372
4.104095458984
4.100693702698
4.097224712372
4.093695640564
4.090107440948
4.086463928223
4.082769870758
4.079027652740
4.075242519379
4.071416378021
4.067547798157
4.063632011414
4.059672355652
4.055669307709
4.051622390747
4.047528743744
4.043386459351
4.039195060730
4.034950733185
4.030644416809
4.026273250580
4.021832942963
4.017316818237
4.012715816498
4.008022308350
4.003227233887
3.998324871063
3.993303537369
3.988150596619
3.982851028442
3.977394104004
3.971764087677
3.965941190720
3.959918975830
3.953686714172
3.947237014771
3.940560817719
3.933651208878
3.926504135132
3.919116497040
3.911485433578
3.903619766235
3.895498275757
3.887127399445
3.878489255905
3.869563579559
3.860365390778
3.850898742676
3.841171741486
3.831257343292
3.821198940277
3.811005830765
3.800688266754
3.790253639221
3.779711246490
3.769086360931
3.758436918259
3.747816085815
3.737321853638
3.727026939392
3.717008590698
3.707340478897
3.698042392731
3.689114570618
3.680546045303
3.672367572784
3.664567232132
3.657194614410
3.650250911713
3.643756389618
3.637717008591
3.632090091705
3.626855373383
3.621963739395
3.617315292358
3.612820863724
3.608366489410
3.603882312775
3.599291324615
3.594526767731
3.589548587799
3.584382534027
3.579056978226
3.573624372482
3.568140029907
3.562619924545
3.557112216949
3.551621913910
3.546164989471
3.540744304657
3.535363674164
3.530046224594
3.524744510651
3.519481182098
3.514226675034
3.509004592896
3.503785133362
3.498568534851
3.493320465088
3.488043308258
3.482722282410
3.477384328842
3.472001552582
3.466578722000
3.461124420166
3.455646038055
3.450144767761
3.444631338120
3.439079523087
3.433504104614
3.427869796753
3.422209262848
3.416507244110
3.410735130310
3.404883861542
3.398983955383
3.392989397049
3.386968135834
3.380815267563
3.374689817429
3.368381977081
3.362149715424
3.355622291565
3.349461793900
3.342492341995
3.336946010590
3.328879117966
3.327247619629
3.318822145462
3.362661838531
3.460204601288
4.018640041351
3.510105133057
3.371212482452
3.324226140976
3.322530508041
3.324539661407
3.324165821075
3.319977045059
3.312821865082
3.304014205933
3.294513702393
3.284931182861
3.275555849075
3.266428470612
3.257692337036
3.249415874481
3.241555452347
3.234119892120
3.227058410645
3.220418691635
3.214227199554
3.208298683167
3.202525615692
3.196846961975
3.191122770309
3.185398578644
3.179617404938
3.173910140991
3.168204784393
3.162660598755
3.157155752182
3.151871204376
3.146657943726
3.141728878021
3.136671781540
3.131988048553
3.126791954041
3.122543334961
3.116712093353
3.114072561264
3.106117248535
3.112983703613
3.107116460800
3.221910953522
3.460958957672
3.856880664825
3.357142925262
3.148401975632
3.144358158112
3.145577430725
3.143227100372
3.139164924622
3.133724689484
3.127168178558
3.119780778885
3.111902236938
3.103927135468
3.096138000488
3.088532447815
3.080892562866
3.073126316071
3.065437316895
3.058072090149
3.051127433777
3.044530868530
3.038167476654
3.032000303268
3.026071071625
3.020341634750
3.014872550964
3.009653091431
3.004736185074
3.000043630600
2.995504140854
2.991057395935
2.986698389053
2.982396602631
2.978125572205
2.973880767822
2.969677448273
2.965506792068
2.961362838745
2.957288265228
2.953263998032
2.949301004410
2.945377588272
2.941485881805
2.937679052353
2.933845758438
2.930068016052
2.926225185394
2.922523260117
2.918626785278
2.915172576904
2.910976409912
2.908397197723
2.902727127075
2.904924154282
2.896148681641
2.945985078812
3.040435791016
3.741007328033
4.011802673340
3.183788537979
3.059484481812
3.048210620880
3.048959255219
3.051921844482
3.052772998810
3.049537658691
3.042021274567
3.030765533447
3.016777276993
3.001169681549
2.985109567642
2.969799280167
2.956008434296
2.943713188171
2.932185411453
2.920716047287
2.909380912781
2.898934364319
2.889619827271
2.881237745285
2.873420715332
2.865902423859
2.858628749847
2.851522207260
2.844662666321
2.838117361069
2.831902027130
2.825988531113
2.820438861847
2.815157890320
2.810023784637
2.804998397827
2.800074100494
2.795289039612
2.790620326996
2.786036252975
2.781576633453
2.777236938477
2.773032665253
2.768941879272
2.764956712723
2.761059999466
2.757191896439
2.753374099731
2.749541997910
2.745779037476
2.741955757141
2.738227605820
2.734416484833
2.730864048004
2.727011680603
2.723846435547
2.719852447510
2.718874692917
2.718288898468
2.744425058365
2.831812381744
3.112263202667
3.051709175110
2.755424261093
2.704638957977
2.703474283218
2.707461833954
2.708611488342
2.709062576294
2.707355976105
2.704022884369
2.699343919754
2.693826913834
2.687952995300
2.682098150253
2.676452159882
2.671124935150
2.666267871857
2.661834716797
2.658004283905
2.654546737671
2.651377677917
2.648379802704
2.645324707031
2.642198324203
2.638859987259
2.635545730591
2.631989002228
2.628778219223
2.625128746033
2.622393608093
2.618439435959
2.616837024689
2.611464500427
2.614049434662
2.605238437653
2.631539821625
2.640856504440
2.863981485367
3.154363870621
3.216428279877
2.771517276764
2.633076667786
2.641932725906
2.641611099243
2.638931989670
2.635493278503
2.630675792694
2.624496936798
2.617588043213
2.610579729080
2.603792190552
2.597311019897
2.591071605682
2.584978103638
2.579006910324
2.573203086853
2.567670822144
2.562402248383
2.557465791702
2.552942752838
2.548889636993
2.545211791992
2.541867733002
2.538657188416
2.535552501678
2.532448053360
2.529373407364
2.526289939880
2.523262262344
2.520245790482
2.517275094986
2.514278650284
2.511377573013
2.508324384689
2.505585432053
2.502422094345
2.500293254852
2.496996641159
2.498194694519
2.498453617096
2.525748252869
2.573204755783
2.744907379150
2.726541280746
2.621295452118
2.505551338196
2.482915401459
2.482259988785
2.480589866638
2.480292797089
2.478582382202
2.476430177689
2.473532676697
2.469973087311
2.465737819672
2.461136341095
2.456535100937
2.452270030975
2.448454380035
2.445075273514
2.442149162292
2.439373493195
2.436764717102
2.434005975723
2.431215524673
2.428212404251
2.425322532654
2.422287464142
2.419498443604
2.416605472565
2.414047479630
2.411184310913
2.408904075623
2.405778646469
2.404074907303
2.400141716003
2.400144815445
2.394293785095
2.401175260544
2.394665718079
2.439535379410
2.478792428970
2.698253154755
2.759760379791
2.563400506973
2.432990550995
2.419793605804
2.399314641953
2.397263526917
2.392637968063
2.388665914536
2.384370565414
2.380301952362
2.376492977142
2.372771978378
2.368999481201
2.365173339844
2.361340045929
2.357713222504
2.354305982590
2.351155757904
2.348196506500
2.345469236374
2.342716932297
2.340068578720
2.337346553802
2.334732055664
2.331996202469
2.329469442368
2.326670169830
2.324348926544
2.321264266968
2.319405794144
2.315495729446
2.315253734589
2.309150218964
2.316308021545
2.308131694794
2.362996578217
2.399212837219
2.716968536377
2.553718090057
2.534462690353
2.415056705475
2.364965200424
2.335016250610
2.321492910385
2.312590599060
2.307807445526
2.303658246994
2.299483537674
2.294944286346
2.290264606476
2.285748720169
2.281568765640
2.277861118317
2.274564981461
2.271470546722
2.268464088440
2.265496492386
2.262521505356
2.259704589844
2.256924867630
2.254383087158
2.251750469208
2.249554395676
2.246756076813
2.245329618454
2.241409778595
2.245027303696
2.242793083191
2.311032533646
2.444017410278
2.983491420746
2.366127967834
2.329961061478
2.266165018082
2.253291845322
2.256990432739
2.254621982574
2.251711845398
2.247651100159
2.243478059769
2.239007472992
2.233927488327
2.228365898132
2.222769021988
2.217522859573
2.212849855423
2.208820343018
2.205315351486
2.202225208282
2.199280261993
2.196471452713
2.193716287613
2.190948009491
2.188338756561
2.185585975647
2.183224678040
2.180273056030
2.179060935974
2.175945758820
2.186670780182
2.212141036987
2.422516345978
2.476774454117
2.552292823792
2.313242912292
2.243342399597
2.244563817978
2.221047639847
2.209120512009
2.195569515228
2.184505939484
2.176124334335
2.169764757156
2.164335727692
2.159315586090
2.155134677887
2.152080059052
2.150181055069
2.148971557617
2.147960186005
2.146573543549
2.144517660141
2.141628026962
2.138417959213
2.134796619415
2.131715536118
2.128302812576
2.126375198364
2.122871398926
2.123143196106
2.117569923401
2.124829769135
2.114398479462
2.162609577179
2.181120634079
2.528415679932
2.577499389648
2.441556453705
2.207660198212
2.155221223831
2.146651268005
2.143617153168
2.143041849136
2.139747142792
2.135592937469
2.129982233047
2.123826026917
2.117113113403
2.110631227493
2.104469060898
2.099267959595
2.094889640808
2.091480731964
2.088504791260
2.086006641388
2.083322763443
2.081104516983
2.078206062317
2.076781511307
2.073931455612
2.080280303955
2.099078416824
2.222810268402
2.505056381226
2.505141258240
2.143794536591
2.135520935059
2.104889869690
2.094574928284
2.089399814606
2.084899663925
2.081282615662
2.077168941498
2.071880578995
2.065940380096
2.060224533081
2.055224895477
2.051043510437
2.047640562057
2.044893741608
2.042566061020
2.040402889252
2.038203716278
2.035863637924
2.033354759216
2.030596256256
2.027864217758
2.024911403656
2.022314071655
2.019402027130
2.017841815948
2.016628265381
2.028592348099
2.077811717987
2.342313051224
2.429281711578
2.346400737762
2.253324031830
2.133026361465
2.102649688721
2.076971769333
2.063220024109
2.051077127457
2.040641307831
2.031800508499
2.023938655853
2.016626596451
2.009907245636
2.004209756851
1.999845027924
1.996941328049
1.995333313942
1.994441986084
1.993675231934
1.992401361465
1.990370988846
1.987579345703
1.984456062317
1.981174111366
1.978193521500
1.975304603577
1.973040819168
1.970341920853
1.969049215317
1.965451955795
1.966735959053
1.959160089493
1.975051522255
1.965353012085
2.120169639587
2.229584693909
2.723817825317
2.281201601028
2.119507312775
2.018200159073
2.008757591248
2.007316350937
2.004245758057
1.999024152756
1.992495536804
1.985089659691
1.977384686470
1.969766139984
1.962574839592
1.956173181534
1.950839281082
1.946583271027
1.943156957626
1.940247535706
1.937546491623
1.934823036194
1.932049751282
1.929283857346
1.926622390747
1.923968076706
1.921411871910
1.918719291687
1.916343688965
1.913803100586
1.914304971695
1.920664429665
1.976235151291
2.206981658936
2.389919519424
2.356250524521
2.059540033340
1.986472845078
1.987163543701
1.970780849457
1.960619449615
1.949389696121
1.940136671066
1.931548833847
1.924242377281
1.917291879654
1.911338567734
1.906496524811
1.903321027756
1.901492118835
1.900613546371
1.899862527847
1.898792266846
1.896838188171
1.894229173660
1.890827536583
1.887626647949
1.883760213852
1.881705522537
1.878510475159
1.885594844818
1.904292821884
2.038616418839
2.340854644775
3.039669513702
2.576860904694
2.215694904327
2.128542661667
2.062982082367
2.046620368958
2.039195060730
2.032013893127
2.022602558136
2.009394168854
1.992589831352
1.974231481552
1.957414865494
1.943927764893
1.932964801788
1.923366546631
1.914534568787
1.906404733658
1.899014711380
1.892532348633
1.887231469154
1.882901430130
1.879165410995
1.875631213188
1.872121810913
1.868493556976
1.864953637123
1.861246824265
1.857982993126
1.853981852531
1.851442337036
1.846289157867
1.847153306007
1.838898539543
1.859900236130
1.861923694611
2.051881313324
2.248327732086
2.467792510986
2.033063888550
1.916255474091
1.902680397034
1.866503477097
1.865956664085
1.861116647720
1.856931567192
1.852292537689
1.846822261810
1.840758919716
1.834561586380
1.828672409058
1.823441982269
1.819005370140
1.815411567688
1.812489509583
1.809989809990
1.807690501213
1.805421113968
1.803101062775
1.800705671310
1.798228263855
1.795756459236
1.793334484100
1.790851593018
1.788584947586
1.785914301872
1.784216403961
1.780576586723
1.782276153564
1.776673078537
1.818975448608
1.910284280777
2.503044843674
2.165730476379
2.013211488724
1.905769586563
1.870565295219
1.857300758362
1.844705104828
1.831506133080
1.820488691330
1.810736179352
1.801414012909
1.792752265930
1.785248994827
1.779110789299
1.774290800095
1.770774841309
1.768484354019
1.766945600510
1.765678524971
1.764022350311
1.761718988419
1.758809924126
1.755493402481
1.752084970474
1.748900771141
1.745911121368
1.743454813957
1.740893125534
1.739504456520
1.736444473267
1.737608194351
1.731761693954
1.747153639793
1.746227264404
1.905246138573
2.082644462585
2.448198795319
2.031227350235
1.925826072693
1.842455863953
1.797017097473
1.788055896759
1.778880596161
1.773576855659
1.767127990723
1.760238051414
1.752656221390
1.745989561081
1.740133523941
1.735778689384
1.732333183289
1.730113625526
1.727703571320
1.725665330887
1.722366094589
1.720258712769
1.715838193893
1.715998411179
1.709421157837
1.722115039825
1.720148801804
1.852618694305
2.092496871948
2.403225183487
2.137009382248
1.802266836166
1.774522304535
1.762476205826
1.755935430527
1.754819869995
1.750762581825
1.746694684029
1.740952253342
1.734929084778
1.727872610092
1.721443891525
1.715261220932
1.710721969604
1.706536769867
1.704334020615
1.701235532761
1.701691389084
1.699569702148
1.716902613640
1.749072551727
2.013999938965
1.924665451050
2.189092159271
1.750455975533
1.770584583282
1.743773698807
1.734006404877
1.722836852074
1.712758779526
1.705637693405
1.699890613556
1.694948434830
1.690696239471
1.687057495117
1.684166908264
1.681951522827
1.680139303207
1.678311586380
1.676183462143
1.673511266708
1.670454025269
1.666996479034
1.663825035095
1.660413265228
1.658149003983
1.655268907547
1.655993700027
1.656803131104
1.682017326355
1.736979365349
2.015238285065
1.847584247589
1.882408618927
1.726168990135
1.706419229507
1.672959566116
1.674683690071
1.656714677811
1.667446136475
1.649831175804
1.667397737503
1.645069360733
1.681998848915
1.652119278908
1.743838548660
1.691422462463
1.848235368729
1.689302206039
1.735717177391
1.641335725784
1.659351468086
1.630345821381
1.638584136963
1.630120515823
1.633722901344
1.634722948074
1.642045021057
1.672214508057
1.688459873199
1.813604831696
1.684418797493
1.714938521385
1.655313849449
1.657691001892
1.629204392433
1.633829712868
1.615438938141
1.622485160828
1.608504772186
1.617310285568
1.605251312256
1.617112636566
1.605149269104
1.624335765839
1.611068844795
1.649955630302
1.632873654366
1.715592026711
1.667127609253
1.770829916000
1.683139085770
1.766017675400
1.742290616035
1.812490582466
1.648007750511
1.630126237869
1.617457628250
1.608876705170
1.610493302345
1.598159909248
1.605826020241
1.590181827545
1.609050035477
1.587405681610
1.640246391296
1.611657381058
1.772414445877
1.683699846268
1.842947721481
1.698125004768
1.707692742348
1.662600874901
1.661567330360
1.658320546150
1.616355657578
1.615165710449
1.594366669655
1.598139762878
1.584906578064
1.587558269501
1.580118536949
1.584742784500
1.584821581841
1.596962690353
1.615943193436
1.643725037575
1.689705133438
1.683794021606
1.682536363602
1.626155257225
1.605959892273
1.585696220398
1.580448031425
1.578439235687
1.575272083282
1.583094954491
1.575163125992
1.594954252243
1.577013015747
1.615499496460
1.578456163406
1.647741675377
1.589438676834
1.707879424095
1.659940004349
1.723909378052
1.655209064484
1.608940362930
1.556643486023
1.568386077881
1.547877550125
1.554729700089
1.541666626930
1.548672437668
1.536100387573
1.548392772675
1.532617092133
1.562039136887
1.544237136841
1.636159300804
1.657026290894
1.864495635033
1.765258908272
1.780945539474
1.658952951431
1.623748540878
1.578521370888
1.558505892754
1.552024483681
1.548474550247
1.543494462967
1.539990186691
1.535925984383
1.533051371574
1.529608249664
1.527406692505
1.523953795433
1.522753715515
1.518405199051
1.520444869995
1.513071179390
1.532899856567
1.534868359566
1.727430343628
1.985615730286
2.131439924240
1.979277610779
1.704541563988
1.600701808929
1.592030167580
1.579152345657
1.572721004486
1.564900517464
1.557039022446
1.549849033356
1.543055057526
1.536638855934
1.531185746193
1.526797890663
1.523180007935
1.520034909248
1.517183899879
1.514638543129
1.512428164482
1.510353446007
1.508392691612
1.506469249725
1.504768371582
1.502754449844
1.501319050789
1.498632431030
1.498608112335
1.495089292526
1.508676052094
1.530916094780
1.735162615776
2.004446983337
2.102089881897
1.689691066742
1.677060604095
1.567264795303
1.558312416077
1.547578334808
1.544193983078
1.538408398628
1.532891750336
1.525654911995
1.519048571587
1.511873245239
1.506268501282
1.500333547592
1.496914386749
1.492504358292
1.494609117508
1.498137593269
1.544187903404
1.698718070984
1.931097865105
2.084298610687
1.664253354073
1.648065567017
1.607918739319
1.550630569458
1.555834293365
1.539085745811
1.535026192665
1.524759888649
1.518799185753
1.510305881500
1.504271864891
1.497178554535
1.492700934410
1.487074494362
1.484629988670
1.479525327682
1.479803085327
1.472632408142
1.480687379837
1.465543031693
1.517781257629
1.514329433441
1.927237987518
1.826915264130
1.779819846153
1.513274908066
1.509347200394
1.487187147141
1.489124655724
1.485056161880
1.485774278641
1.482077717781
1.478716373444
1.472740411758
1.467595338821
1.461782217026
1.457974076271
1.453844308853
1.452082872391
1.448750495911
1.448949098587
1.444436669350
1.448580384254
1.440282583237
1.465372562408
1.467852354050
1.690354347229
1.949398159981
2.808516502380
2.084356784821
1.866715192795
1.740269303322
1.671752452850
1.646646022797
1.627367496490
1.608718633652
1.590883255005
1.573910713196
1.557575225830
1.542657017708
1.530117869377
1.520019650459
1.511637568474
1.504487991333
1.498353242874
1.492997527122
1.488096714020
1.483493566513
1.478881835938
1.474431753159
1.469898462296
1.465910196304
1.461709022522
1.459111213684
1.454178690910
1.456351518631
1.447792410851
1.502185940742
1.597707033157
2.346747875214
1.760088562965
1.688116908073
1.591458678246
1.525492548943
1.517548799515
1.496992945671
1.486943602562
1.475390672684
1.466304302216
1.457778215408
1.450559854507
1.444782018661
1.440580487251
1.437246561050
1.434397816658
1.431430339813
1.428406119347
1.425362467766
1.422657608986
1.420201301575
1.418265342712
1.416118383408
1.415098071098
1.412371158600
1.413608193398
1.408973574638
1.426934242249
1.446436762810
1.670775175095
1.852735757828
1.803524255753
1.472935199738
1.460123181343
1.450138807297
1.449383854866
1.438156843185
1.437643289566
1.425988197327
1.428753495216
1.415191411972
1.421696662903
1.403918504715
1.423671126366
1.399820566177
1.465537905693
1.447054386139
1.620018720627
1.523873090744
1.479727268219
1.401201725006
1.415396094322
1.417170405388
1.424322009087
1.502608537674
1.501250505447
1.660911560059
1.487923979759
1.453796505928
1.407740235329
1.404708623886
1.393965125084
1.398600935936
1.391785621643
1.400665640831
1.396140456200
1.422686934471
1.434723138809
1.526830673218
1.586420536041
1.705668091774
1.539531826973
1.430376768112
1.389431238174
1.392600297928
1.391430616379
1.389077544212
1.387661218643
1.384010910988
1.382014870644
1.377837777138
1.376754522324
1.371823072433
1.373976230621
1.366639852524
1.380960941315
1.370549798012
1.464009642601
1.496158123016
1.858269691467
1.520131707191
1.403741717339
1.417346954346
1.377488136292
1.392313003540
1.370434045792
1.379808068275
1.363841056824
1.375331401825
1.359089612961
1.380176782608
1.362105965614
1.409723281860
1.406458258629
1.483490228653
1.502656698227
1.440248489380
1.383858323097
1.390103220940
1.375782966614
1.376776218414
1.406221151352
1.396729946136
1.464380025864
1.422432184219
1.467629671097
1.401400804520
1.394554018974
1.374497652054
1.358803749084
1.375911235809
1.353402018547
1.403301239014
1.375417232513
1.472002625465
1.437537431717
1.508421778679
1.445299744606
1.418843984604
1.361153244972
1.365576863289
1.352319359779
1.358262181282
1.356473088264
1.358893752098
1.365092277527
1.367441654205
1.388527154922
1.390927672386
1.423163056374
1.395444512367
1.412917137146
1.354900598526
1.373432755470
1.334484457970
1.372052669525
1.341403365135
1.415887117386
1.387536525726
1.512303590775
1.447573184967
1.483535885811
1.375591874123
1.371868133545
1.332355976105
1.338630318642
1.325106382370
1.337954640388
1.324617147446
1.357447147369
1.345843553543
1.433219194412
1.432775378227
1.517103910446
1.405762553215
1.390236258507
1.338500142097
1.332011580467
1.356175899506
1.346046924591
1.434054732323
1.448740720749
1.571542263031
1.498365640640
1.393068075180
1.332755923271
1.333072662354
1.320799946785
1.320440530777
1.315932631493
1.314791202545
1.312716960907
1.314967989922
1.320263147354
1.339457273483
1.385754942894
1.470546007156
1.592857599258
1.475261092186
1.380147695541
1.335052013397
1.356285214424
1.333528757095
1.360009074211
1.324707746506
1.353120803833
1.317636251450
1.354472875595
1.318712353706
1.375102043152
1.334899067879
1.413924217224
1.368359804153
1.440223097801
1.432098507881
1.494767427444
1.537460088730
1.592826962471
1.372406959534
1.357236385345
1.320352435112
1.332456827164
1.311715960503
1.324486255646
1.303936958313
1.319154620171
1.296411037445
1.323559761047
1.292847514153
1.361258149147
1.309566259384
1.498669385910
1.331404924393
1.481136322021
1.341526627541
1.438442945480
1.355836272240
1.401804924011
1.375588655472
1.382116436958
1.360511660576
1.322506666183
1.316551327705
1.299361944199
1.295360565186
1.291816234589
1.285612940788
1.293182134628
1.285074114799
1.318032145500
1.320897102356
1.438881874084
1.476653575897
1.537050008774
1.335086941719
1.306607484818
1.282236576080
1.286882162094
1.284872770309
1.304637789726
1.312293052673
1.395812869072
1.365154981613
1.466307520866
1.322304725647
1.311121225357
1.287144899368
1.285871386528
1.276051521301
1.276525259018
1.274609565735
1.282018303871
1.291414856911
1.323377609253
1.382822513580
1.428012609482
1.473484992981
1.451075196266
1.440685987473
1.398960113525
1.320000290871
1.313811898232
1.278620243073
1.282216072083
1.269202828407
1.271624207497
1.262295246124
1.264570355415
1.255441308022
1.261167049408
1.249455213547
1.266255497932
1.246483683586
1.312306880951
1.295477628708
1.603749990463
1.554617524147
1.585248351097
1.331838607788
1.293802738190
1.284539341927
1.276303887367
1.269657611847
1.267431735992
1.260029077530
1.260452270508
1.252557158470
1.259617567062
1.248919248581
1.280161738396
1.272720336914
1.459956884384
1.416983366013
1.757206320763
1.415657997131
1.386564970016
1.342606544495
1.296977400780
1.275177240372
1.265632390976
1.260602355003
1.255893945694
1.252185106277
1.247568845749
1.244609832764
1.240501523018
1.240310549736
1.238772511482
1.250805377960
1.285550832748
1.405800700188
1.835486769676
1.623650908470
1.598538875580
1.437963604927
1.410607933998
1.344679355621
1.309566736221
1.301978111267
1.294791579247
1.285638093948
1.275967836380
1.267202973366
1.259984970093
1.254264354706
1.250001430511
1.246491432190
1.243717789650
1.241102218628
1.238639950752
1.236131310463
1.233654856682
1.231195688248
1.229126691818
1.226796507835
1.225289821625
1.222798347473
1.222976088524
1.221695184708
1.237404346466
1.281170129776
1.479211926460
1.903025746346
1.884742021561
1.791061282158
1.534686923027
1.399358868599
1.367909431458
1.349775671959
1.339378833771
1.329770088196
1.320277810097
1.309371471405
1.297240018845
1.286307692528
1.277857542038
1.271407246590
1.266592144966
1.262274980545
1.258416533470
1.254233598709
1.250601172447
1.245676755905
1.242919445038
1.235820055008
1.239454507828
1.226897120476
1.281193017960
1.305898070335
1.890131711960
1.623089313507
1.634588360786
1.656524538994
1.490629673004
1.312499046326
1.289158344269
1.288557052612
1.279281497002
1.268520951271
1.259075880051
1.250855565071
1.243829250336
1.237854003906
1.233012318611
1.228759169579
1.225295424461
1.221941709518
1.219617247581
1.216444015503
1.215295553207
1.211512565613
1.215916872025
1.217466831207
1.274130702019
1.431387186050
1.807599782944
1.959209442139
1.506480216980
1.432800292969
1.343925237656
1.299508571625
1.287775754929
1.278461098671
1.270307779312
1.261605978012
1.254056215286
1.247892022133
1.243548154831
1.238761901855
1.234529018402
1.228920221329
1.226172566414
1.219558835030
1.222833514214
1.213282942772
1.263195514679
1.313342332840
1.774797201157
1.628204703331
1.409736633301
1.466542959213
1.276394009590
1.244795203209
1.238047480583
1.237374544144
1.230525732040
1.225200772285
1.219012498856
1.213294625282
1.207247853279
1.201970100403
1.197704076767
1.194500207901
1.192396521568
1.190843701363
1.193239927292
1.202836990356
1.261156320572
1.484186887741
1.750492334366
1.672653794289
1.289213180542
1.255017042160
1.259625554085
1.249428749084
1.247378110886
1.236698150635
1.226455688477
1.217508792877
1.210354328156
1.204260110855
1.199205398560
1.195360422134
1.192183971405
1.189930558205
1.187435746193
1.186171054840
1.182550907135
1.183742284775
1.175522089005
1.193201065063
1.180720925331
1.385118126869
1.545982360840
2.403470277786
1.756471872330
1.295958757401
1.301982164383
1.277697920799
1.269880771637
1.266074180603
1.256911039352
1.244466066360
1.232266545296
1.222254514694
1.214270591736
1.207953453064
1.202947974205
1.199126243591
1.196195006371
1.194091796875
1.191802263260
1.189778089523
1.186722040176
1.185611844063
1.182703137398
1.197275757790
1.241418838501
1.474230527878
2.005045413971
1.495650529861
1.523634910583
1.308486461639
1.263894438744
1.257580280304
1.243944048882
1.234962344170
1.225147724152
1.217819452286
1.210163950920
1.202701449394
1.195157647133
1.188506484032
1.182704091072
1.178352594376
1.174582481384
1.171895861626
1.168717861176
1.166882991791
1.162981510162
1.163119554520
1.157522439957
1.166276454926
1.161422133446
1.229570627213
1.312880754471
2.011595964432
3.176254034042
2.325009584427
1.848630785942
1.682919383049
1.669347643852
1.669399499893
1.635535717010
1.584761023521
1.535044908524
1.497162938118
1.468361973763
1.445938944817
1.430822134018
1.417843103409
1.403026580811
1.386472821236
1.370657324791
1.357232332230
1.346330046654
1.337502717972
1.329863190651
1.322592258453
1.314900994301
1.306589007378
1.297336220741
1.288237810135
1.278030514717
1.270847558975
1.260033488274
1.267248630524
1.273846626282
1.459551095963
1.878514766693
2.449195861816
1.427254438400
1.365779638290
1.347729325294
1.332512378693
1.321072340012
1.308912992477
1.296525478363
1.285699367523
1.276978850365
1.269527196884
1.262073993683
1.254019975662
1.245568513870
1.237674713135
1.230847835541
1.225079774857
1.220022082329
1.215471982956
1.211092114449
1.206858277321
1.202674150467
1.198715925217
1.194561123848
1.190871596336
1.187051177025
1.184274673462
1.183324933052
1.191639661789
1.239868640900
1.446865797043
1.668360114098
1.589874744415
1.320050001144
1.256376862526
1.230042576790
1.221939563751
1.214100241661
1.207225680351
1.200622558594
1.194461584091
1.188174009323
1.182243466377
1.176254749298
1.171113967896
1.166013717651
1.162294268608
1.157844781876
1.156783699989
1.151600599289
1.160051941872
1.159873962402
1.269724965096
1.483775258064
2.317240715027
1.690458416939
1.443924665451
1.419434785843
1.332322239876
1.285419225693
1.260588169098
1.247038245201
1.236481189728
1.227429509163
1.219091296196
1.211421728134
1.204052925110
1.196926832199
1.189933061600
1.183326721191
1.177371263504
1.171881914139
1.166940689087
1.162543773651
1.158451676369
1.154775738716
1.151295065880
1.147954463959
1.144732713699
1.141710400581
1.138991117477
1.137717485428
1.140454173088
1.167076468468
1.275432586670
1.721543908119
1.973196864128
1.660745143890
1.422673344612
1.305172801018
1.264576315880
1.245965957642
1.233467102051
1.222443819046
1.210958957672
1.201006770134
1.193532705307
1.187204122543
1.180790781975
1.174365878105
1.168302893639
1.163188934326
1.158936500549
1.155287265778
1.151957392693
1.148836970329
1.145790100098
1.142578244209
1.139530420303
1.136185765266
1.133521080017
1.129645705223
1.128657817841
1.123706698418
1.132696866989
1.137282371521
1.237774729729
1.454220294952
1.622751474380
1.581825256348
1.317199468613
1.276315212250
1.191825389862
1.178204655647
1.172912359238
1.165274381638
1.157714128494
1.150277733803
1.143053531647
1.136302232742
1.130187988281
1.125014901161
1.120351552963
1.116789340973
1.113084077835
1.110942721367
1.107216358185
1.107352018356
1.101052165031
1.110908985138
1.099358320236
1.198046445847
1.267349720001
2.192544937134
1.896041750908
1.389045000076
1.221620321274
1.183570146561
1.188174366951
1.181364536285
1.172579050064
1.163010716438
1.153729796410
1.144852638245
1.136681079865
1.129577517509
1.123871207237
1.119616389275
1.116419792175
1.113657236099
1.110980153084
1.108356714249
1.105627775192
1.103025674820
1.100311040878
1.097847938538
1.095080614090
1.093317389488
1.089953541756
1.090674638748
1.086242437363
1.104293227196
1.128653287888
1.288137555122
1.663306236267
1.477869272232
1.815398216248
1.472698092461
1.231036663055
1.233006119728
1.215914726257
1.197051405907
1.183669328690
1.170627355576
1.157986044884
1.147923707962
1.139985918999
1.132959842682
1.126346349716
1.120591402054
1.115442991257
1.111061573029
1.106359958649
1.103551864624
1.098724126816
1.102415561676
1.101905584335
1.167654514313
1.258600950241
1.817449450493
1.287409782410
1.221257686615
1.234217882156
1.185637354851
1.206724047661
1.143043398857
1.139194250107
1.114770293236
1.111214995384
1.099191308022
1.097948908806
1.089002370834
1.090929746628
1.081918239594
1.090877294540
1.078084707260
1.113237857819
1.104164004326
1.299392223358
1.347107887268
1.709794282913
1.215044379234
1.149440407753
1.188675999641
1.117485046387
1.107458591461
1.098787426949
1.097277164459
1.089917898178
1.087658047676
1.081576824188
1.082231402397
1.079957127571
1.091721057892
1.111389994621
1.174411058426
1.338776111603
1.406768798828
1.447432279587
1.159324884415
1.121588230133
1.098226547241
1.095192193985
1.087918877602
1.087042570114
1.081924557686
1.081366539001
1.075131058693
1.076031446457
1.068996071815
1.081579923630
1.083194494247
