4.149641036987
4.148736953735
4.147450923920
4.145827293396
4.143912315369
4.141751766205
4.139379501343
4.136820793152
4.134094238281
4.131224155426
4.128230094910
4.125121593475
4.121915817261
4.118618965149
4.115239620209
4.111782550812
4.108263015747
4.104679584503
4.101038932800
4.097344398499
4.093602180481
4.089822292328
4.086014747620
4.082181930542
4.078324794769
4.074440002441
4.070530414581
4.066592216492
4.062623500824
4.058619976044
4.054578304291
4.050491333008
4.046355247498
4.042160034180
4.037903308868
4.033573150635
4.029166698456
4.024672508240
4.020081520081
4.015380859375
4.010554790497
4.005587100983
4.000464439392
3.995177268982
3.989710807800
3.984039306641
3.978151082993
3.972030639648
3.965655565262
3.959007263184
3.952068328857
3.944828033447
3.937277317047
3.929416179657
3.921251535416
3.912787199020
3.904034376144
3.895007371902
3.885712623596
3.876152992249
3.866343021393
3.856283187866
3.846004962921
3.835566997528
3.825007438660
3.814386129379
3.803769588470
3.793203830719
3.782753944397
3.772507667542
3.762555837631
3.752931594849
3.743654489517
3.734674930573
3.725907087326
3.717232704163
3.708572626114
3.699872970581
3.691122055054
3.682345390320
3.673539638519
3.664794206619
3.656188964844
3.647791385651
3.639735460281
3.632129430771
3.625122070312
3.618808269501
3.613212347031
3.608269691467
3.603841066360
3.599699497223
3.595642805099
3.591520786285
3.587218761444
3.582675933838
3.577862739563
3.572843074799
3.567628622055
3.562288761139
3.556909084320
3.551528930664
3.546194553375
3.540878057480
3.535636901855
3.530449867249
3.525305747986
3.520231723785
3.515210628510
3.510204553604
3.505187034607
3.500174522400
3.495138406754
3.490100145340
3.485022068024
3.479917526245
3.474776983261
3.469634056091
3.464499950409
3.459395170212
3.454279899597
3.449171066284
3.444050312042
3.438918590546
3.433784484863
3.428647041321
3.423462629318
3.418242931366
3.413019657135
3.407764911652
3.402451753616
3.397125244141
3.391713142395
3.386292219162
3.380761146545
3.375275850296
3.369676113129
3.364186763763
3.358464479446
3.353146314621
3.347212314606
3.342687129974
3.336857318878
3.340265274048
3.358927011490
3.512431144714
3.908758163452
3.580088138580
3.423419475555
3.359378814697
3.339950561523
3.329911470413
3.323615789413
3.318944215775
3.315269231796
3.312420845032
3.310002803802
3.307340621948
3.303611516953
3.298209667206
3.290947437286
3.282289028168
3.273012638092
3.263815879822
3.255181789398
3.247488021851
3.240761756897
3.234921455383
3.229878664017
3.225484848022
3.221584081650
3.217923641205
3.214223384857
3.210347652435
3.206236839294
3.202005147934
3.197594165802
3.193042755127
3.188378095627
3.183616638184
3.178781509399
3.173932552338
3.169112205505
3.164353609085
3.159568071365
3.155095338821
3.150796175003
3.149754524231
3.159109115601
3.230357170105
3.533851623535
3.727195501328
3.404673576355
3.162998199463
3.153095722198
3.163819313049
3.170084953308
3.171895027161
3.170229434967
3.166013240814
3.159928798676
3.152492046356
3.144368171692
3.136163234711
3.128122329712
3.120213508606
3.112493991852
3.105080127716
3.098011016846
3.091209888458
3.084584712982
3.078349113464
3.072597026825
3.067388057709
3.062679767609
3.058344841003
3.054231643677
3.050270080566
3.046372890472
3.042459964752
3.038420677185
3.034307479858
3.030068397522
3.025640010834
3.021061420441
3.016382455826
3.011658906937
3.006959676743
3.002256393433
2.997621536255
2.993072986603
2.988566875458
2.984119415283
2.979709863663
2.975324153900
2.971028327942
2.966776371002
2.962622165680
2.958440542221
2.954391479492
2.950064659119
2.946450948715
2.941639900208
2.940614700317
2.936952590942
2.970366954803
3.082716941833
3.665597915649
4.047616481781
3.195559978485
3.020669460297
3.020103454590
3.038055896759
3.057126998901
3.071512222290
3.079073905945
3.079601764679
3.073732376099
3.062339782715
3.046606302261
3.028170585632
3.009083986282
2.991329669952
2.976280212402
2.964159965515
2.954457283020
2.946341991425
2.938890457153
2.930972099304
2.921888351440
2.911907672882
2.902038812637
2.893279552460
2.885893583298
2.879830837250
2.874505519867
2.869432926178
2.864428043365
2.859302997589
2.854149341583
2.849014282227
2.843913555145
2.838758230209
2.833504676819
2.828305721283
2.823138713837
2.818090438843
2.813140869141
2.808338165283
2.803666591644
2.799037694931
2.794464588165
2.790042877197
2.785558462143
2.781328201294
2.776932954788
2.772917270660
2.768431425095
2.764822721481
2.759714603424
2.757390975952
2.750170230865
2.752677917480
2.737572669983
2.764021396637
2.730892658234
2.935589551926
2.970108985901
3.222234964371
2.785983800888
2.775076866150
2.763075351715
2.753588676453
2.747135400772
2.742110252380
2.736935138702
2.731421947479
2.725819587708
2.720609903336
2.716162919998
2.712559700012
2.709549427032
2.706735849380
2.703685998917
2.700068473816
2.695716381073
2.690726041794
2.685276508331
2.679751396179
2.674527645111
2.669654369354
2.665276050568
2.661303043365
2.657710313797
2.654195785522
2.650978326797
2.647335052490
2.644214630127
2.640101432800
2.637815952301
2.632908821106
2.635897636414
2.636651754379
2.687550067902
2.809458255768
3.211605072021
3.080306529999
2.822567939758
2.677316427231
2.669633865356
2.661307573318
2.655497074127
2.652201414108
2.649848222733
2.647755622864
2.645695924759
2.643094301224
2.639345169067
2.633910894394
2.626677989960
2.618072986603
2.608945369720
2.600178241730
2.592403888702
2.585903167725
2.580693483353
2.576588630676
2.573327064514
2.570448637009
2.567778587341
2.564899921417
2.561697959900
2.558120727539
2.554400920868
2.550519704819
2.546838998795
2.543065547943
2.539832115173
2.536163806915
2.533379316330
2.529246330261
2.527363538742
2.521641969681
2.522817611694
2.512506246567
2.525224924088
2.504302978516
2.570795059204
2.551532030106
2.851438999176
2.678078413010
2.721487045288
2.506291866302
2.518727779388
2.518216609955
2.515954256058
2.510675430298
2.504643917084
2.499508619308
2.495776414871
2.493179559708
2.491028308868
2.488817691803
2.486212730408
2.483044147491
2.479331731796
2.475164651871
2.470740079880
2.466263532639
2.461871147156
2.457796335220
2.454004287720
2.450615406036
2.447429180145
2.444478034973
2.441650629044
2.438859701157
2.436075687408
2.433199405670
2.430388212204
2.427325963974
2.424695491791
2.421320915222
2.419829607010
2.415527343750
2.419558525085
2.415108442307
2.453328371048
2.484063386917
2.683979749680
2.705133914948
2.522624969482
2.469338417053
2.423479318619
2.428506851196
2.412536621094
2.408754825592
2.405302047729
2.404114007950
2.403354167938
2.401913881302
2.399033069611
2.394569396973
2.389074087143
2.383193254471
2.377565860748
2.372557640076
2.368434429169
2.365156650543
2.362646341324
2.360513687134
2.358503580093
2.356275558472
2.353641748428
2.350888252258
2.347632408142
2.344780921936
2.341166973114
2.338964223862
2.334731817245
2.334400177002
2.327771186829
2.333455562592
2.319325208664
2.351385116577
2.330715179443
2.507972717285
2.580866336823
2.733834981918
2.520665645599
2.399826526642
2.347630262375
2.327083110809
2.335173368454
2.334204196930
2.335930109024
2.335324525833
2.334198236465
2.332162380219
2.328291416168
2.321957111359
2.313507795334
2.304182052612
2.295654058456
2.288906097412
2.284074783325
2.281072616577
2.279104471207
2.277781248093
2.276305437088
2.274691104889
2.272225856781
2.270020484924
2.266117811203
2.265036106110
2.258439540863
2.266212463379
2.254693269730
2.346396684647
2.436481475830
3.124160051346
2.372871875763
2.314376831055
2.296886444092
2.280933856964
2.284420490265
2.287297725677
2.288368225098
2.287238597870
2.283851861954
2.277975320816
2.270203113556
2.261653900146
2.253672838211
2.246867895126
2.241308927536
2.236644744873
2.232649803162
2.229042530060
2.225580215454
2.222331762314
2.219071149826
2.216118812561
2.212867498398
2.210311174393
2.206492424011
2.205040931702
2.199271202087
2.204553604126
2.194990158081
2.261152744293
2.360741138458
2.589645147324
2.448466300964
2.272860765457
2.234501361847
2.210566759109
2.212885856628
2.213021755219
2.213786125183
2.212912797928
2.211353302002
2.209720134735
2.207629203796
2.204612255096
2.200309276581
2.194572448730
2.187675714493
2.180131196976
2.172794818878
2.166236400604
2.160894393921
2.156702995300
2.153814554214
2.151832103729
2.150506019592
2.149240016937
2.147729873657
2.145733356476
2.143448591232
2.140771150589
2.139879226685
2.140962600708
2.164110422134
2.221050024033
2.486966133118
2.602073431015
2.332324504852
2.293578386307
2.181639194489
2.162710666656
2.145907640457
2.144057035446
2.144868373871
2.146020650864
2.145186901093
2.141608238220
2.136501550674
2.130278110504
2.123942375183
2.117493629456
2.111719131470
2.106513500214
2.102569103241
2.099442005157
2.097371339798
2.095417976379
2.094166278839
2.092043399811
2.092455387115
2.094123840332
2.124032020569
2.232578516006
2.565863370895
2.650925636292
2.203268051147
2.144989490509
2.104756355286
2.106806278229
2.098418712616
2.094395160675
2.089796066284
2.087472677231
2.085739135742
2.084117412567
2.081486225128
2.077225685120
2.071717262268
2.065802097321
2.060382843018
2.056010246277
2.052881479263
2.050568580627
2.048839569092
2.047128438950
2.045460224152
2.043044328690
2.041257381439
2.037542581558
2.037342548370
2.030401706696
2.040549278259
2.027132034302
2.129487991333
2.255971431732
2.571719646454
2.237951040268
2.216616153717
2.096966028214
2.057286977768
2.040836095810
2.048088550568
2.055999279022
2.062524557114
2.067649841309
2.070759057999
2.070547103882
2.066385269165
2.058570384979
2.048359632492
2.037349700928
2.026851177216
2.017955780029
2.011071920395
2.006204605103
2.003027677536
2.001238346100
2.000194311142
1.999457240105
1.998521327972
1.997040748596
1.994908332825
1.992151021957
1.989008188248
1.985586643219
1.982762098312
1.979858636856
1.983706235886
1.997237920761
2.105617523193
2.296916961670
2.664982318878
2.227778911591
2.042954921722
1.993175745010
2.008555889130
2.018318653107
2.023487329483
2.026315212250
2.026428461075
2.023025035858
2.016170978546
2.006959915161
1.996629476547
1.986299991608
1.976941704750
1.968911170959
1.962311267853
1.956970572472
1.952721476555
1.949310064316
1.946725845337
1.944612979889
1.942925453186
1.941106081009
1.939382314682
1.936783075333
1.935236215591
1.931288957596
1.934627056122
1.934798240662
2.002792835236
2.205645322800
2.492135047913
2.407592296600
2.050730228424
1.987984418869
1.973792076111
1.959067106247
1.952486515045
1.945861816406
1.943277597427
1.942551851273
1.942794084549
1.942251205444
1.940245628357
1.936600208282
1.931752443314
1.926544427872
1.921636581421
1.917487144470
1.913603544235
1.910397529602
1.907336950302
1.904796957970
1.902113318443
1.900246858597
1.897788763046
1.897930383682
1.900898218155
1.926760792732
2.045692920685
2.352337360382
2.991849184036
2.664809226990
2.032102823257
2.041751146317
1.988772153854
1.996443033218
2.002659320831
2.004968404770
2.004189491272
2.001020193100
1.995850920677
1.988950014114
1.981388568878
1.974032878876
1.966809511185
1.959224224091
1.950592279434
1.940454483032
1.928957462311
1.917467355728
1.907404303551
1.899634361267
1.894345521927
1.891082167625
1.889338493347
1.887850761414
1.886715531349
1.884166002274
1.881955265999
1.876856207848
1.874613046646
1.865870714188
1.869077444077
1.853115081787
1.884094238281
1.867185354233
2.095227241516
2.219555139542
2.529409170151
1.982171177864
1.954340457916
1.863557457924
1.877203702927
1.869180798531
1.874249219894
1.877010941505
1.877418041229
1.875255823135
1.870924353600
1.865030288696
1.858138084412
1.850831985474
1.843786001205
1.837527990341
1.832497119904
1.828689217567
1.825893163681
1.823838353157
1.822158694267
1.820632934570
1.818863153458
1.816778540611
1.814321041107
1.811731100082
1.808626294136
1.806197285652
1.802328348160
1.801884889603
1.795187473297
1.809103488922
1.807334661484
2.023694753647
2.393811225891
2.498769283295
1.914040565491
1.903548240662
1.850585937500
1.837496519089
1.836094856262
1.831143260002
1.828265905380
1.828261613846
1.829918503761
1.831228971481
1.830321311951
1.826373815536
1.819697618484
1.811162948608
1.802314758301
1.794254779816
1.787782311440
1.782954692841
1.779730558395
1.777488112450
1.775992035866
1.774601817131
1.773169398308
1.771200656891
1.768703103065
1.765823841095
1.762320160866
1.759739160538
1.755424261093
1.757149934769
1.752961277962
1.790781259537
1.859841585159
2.188023328781
2.302590370178
2.099024295807
1.833879232407
1.829471111298
1.775477409363
1.780439496040
1.776700615883
1.780728101730
1.786958456039
1.792577147484
1.793404698372
1.789564609528
1.781431794167
1.770926833153
1.759726047516
1.749690651894
1.741579532623
1.736377954483
1.732845902443
1.731934070587
1.730389595032
1.732183933258
1.728684425354
1.739615440369
1.743045806885
1.867177724838
2.125930786133
2.471115112305
2.061075925827
1.752458095551
1.824034929276
1.778498649597
1.755269050598
1.750797986984
1.748780369759
1.749666810036
1.749387860298
1.748807907104
1.745333194733
1.740723371506
1.733974933624
1.728276968002
1.721715688705
1.718236923218
1.713572263718
1.714349031448
1.711856842041
1.730692863464
1.766640424728
2.026825428009
1.998121976852
2.184836864471
1.804082632065
1.742544770241
1.735187053680
1.728982210159
1.719318747520
1.718641996384
1.716666698456
1.717251539230
1.716316223145
1.714561939240
1.710731029510
1.706238508224
1.700682401657
1.695497035980
1.690415859222
1.686499118805
1.682612657547
1.680167675018
1.677211284637
1.676068782806
1.672729611397
1.673317909241
1.667500138283
1.674277305603
1.663021206856
1.709635019302
1.714992523193
2.080111503601
1.769386172295
1.886547207832
1.752868294716
1.668407678604
1.706244349480
1.649493694305
1.688796162605
1.654478192329
1.693284749985
1.654211282730
1.700908184052
1.648045063019
1.730846643448
1.663180947304
1.811895608902
1.714163541794
1.801975131035
1.650588631630
1.700070619583
1.641162276268
1.657711744308
1.647961378098
1.649267911911
1.649104595184
1.652321815491
1.657688617706
1.691233038902
1.710663676262
1.839500546455
1.731846451759
1.716501235962
1.664967298508
1.650406599045
1.633988499641
1.630077481270
1.629955053329
1.626881837845
1.630577325821
1.624025106430
1.628421068192
1.618630409241
1.627539277077
1.615660548210
1.637912511826
1.625056266785
1.672431111336
1.662303328514
1.721160411835
1.697193861008
1.745469570160
1.723618268967
1.835553884506
1.799808740616
1.740453600883
1.589115858078
1.630118608475
1.595494508743
1.617746949196
1.598967313766
1.615355014801
1.600333690643
1.616104602814
1.601123809814
1.633793473244
1.626775264740
1.743053913116
1.685056924820
1.844784975052
1.670458555222
1.779030799866
1.625667691231
1.716461777687
1.631460428238
1.634067296982
1.612282752991
1.599910616875
1.603922724724
1.590961217880
1.603790760040
1.586017131805
1.609509468079
1.583029031754
1.635071754456
1.597071290016
1.716848850250
1.646302461624
1.792221069336
1.625470399857
1.685599803925
1.558889627457
1.611384868622
1.559383869171
1.596908330917
1.575390934944
1.600562214851
1.586896657944
1.604139089584
1.597478628159
1.605606436729
1.616475582123
1.603126287460
1.661916971207
1.608307600021
1.776975154877
1.596284627914
1.761932492256
1.555757641792
1.593007326126
1.557392954826
1.564764499664
1.556107282639
1.556597232819
1.553006291389
1.550643205643
1.548075199127
1.548316955566
1.551523447037
1.569396734238
1.604387521744
1.705302715302
1.793860673904
1.790648579597
1.753543615341
1.702823996544
1.623876810074
1.575878024101
1.555487275124
1.552010416985
1.548263311386
1.548795104027
1.546532988548
1.543927311897
1.539473056793
1.534672737122
1.530476927757
1.527086257935
1.525013685226
1.523279309273
1.522316932678
1.522611856461
1.526545286179
1.561758637428
1.677589416504
2.051486968994
2.181433677673
1.774989366531
1.856707811356
1.600085735321
1.564783811569
1.561682224274
1.565471649170
1.567665219307
1.569142699242
1.567189931870
1.560317754745
1.550126194954
1.539777874947
1.531429886818
1.525719285011
1.522550940514
1.520711779594
1.519257664680
1.517223954201
1.514763355255
1.511603713036
1.508579850197
1.505098104477
1.503006458282
1.499173879623
1.499438524246
1.493062973022
1.502813100815
1.489899635315
1.574952363968
1.659400701523
2.252340555191
2.040244340897
1.786800861359
1.577230572701
1.586187839508
1.543155312538
1.546322107315
1.539480686188
1.537963151932
1.531879901886
1.527458667755
1.517678737640
1.511307954788
1.501664400101
1.500581264496
1.492317199707
1.500855684280
1.485445737839
1.526782512665
1.503601551056
1.813210725784
1.804068565369
2.233907938004
1.601906418800
1.631541490555
1.632009983063
1.587868452072
1.564564824104
1.552205443382
1.539164185524
1.532181262970
1.525445818901
1.519739627838
1.512652993202
1.506013989449
1.498572707176
1.492804169655
1.486885547638
1.484165668488
1.479392528534
1.480224370956
1.473120570183
1.486422777176
1.477948427200
1.592864751816
1.731000423431
1.966207623482
1.675368189812
1.512940168381
1.516863822937
1.492207527161
1.488698124886
1.481731414795
1.478757619858
1.475182771683
1.471846342087
1.467580556870
1.463162660599
1.458720922470
1.454894065857
1.451797485352
1.449436903000
1.447813749313
1.445695281029
1.445169806480
1.442134976387
1.447080254555
1.447193622589
1.500691890717
1.626122593880
2.097350120544
2.720864534378
2.141173601151
1.822128653526
1.618852972984
1.632000803947
1.603428483009
1.585784912109
1.578979492188
1.579561471939
1.579794287682
1.573532462120
1.559565424919
1.540739059448
1.521846294403
1.506653547287
1.496047377586
1.489362001419
1.485020041466
1.481854319572
1.478805422783
1.475793957710
1.472016096115
1.468261837959
1.463558793068
1.459724068642
1.454625129700
1.452470421791
1.446009039879
1.455081701279
1.463819265366
1.657068014145
2.149011135101
1.675140261650
1.861422657967
1.471959233284
1.530811667442
1.474436402321
1.479447007179
1.475593447685
1.478851199150
1.475072383881
1.468234539032
1.457027792931
1.445817232132
1.436457514763
1.430324792862
1.426278233528
1.423471808434
1.421102404594
1.419045686722
1.416697263718
1.414697170258
1.411776065826
1.410183668137
1.406236529350
1.407080888748
1.399235248566
1.412207126617
1.393524169922
1.497734785080
1.553343296051
2.110999107361
1.710949420929
1.505874633789
1.447613120079
1.484727144241
1.448067784309
1.457902431488
1.433357000351
1.435642004013
1.418879628181
1.427830219269
1.407891154289
1.427506089211
1.397823810577
1.449439167976
1.403285741806
1.573258638382
1.487145900726
1.722757577896
1.439562559128
1.437319636345
1.407605171204
1.409233331680
1.445143818855
1.467440128326
1.548511981964
1.601657032967
1.506496548653
1.440533757210
1.403924942017
1.410137176514
1.387804031372
1.412772178650
1.379992485046
1.420832872391
1.371992230415
1.458191156387
1.384756565094
1.610725879669
1.493162631989
1.866665482521
1.482355952263
1.470640182495
1.387025117874
1.384660005569
1.385346651077
1.386206150055
1.384566783905
1.382850646973
1.378537774086
1.376392841339
1.371447563171
1.372030377388
1.365478277206
1.373288393021
1.360560417175
1.400355577469
1.395295143127
1.608287572861
1.679365754128
1.561524152756
1.432569742203
1.355888128281
1.396274805069
1.361585855484
1.389001965523
1.363089203835
1.382345199585
1.354880332947
1.379866838455
1.347415685654
1.398793339729
1.353642463684
1.488817811012
1.397158861160
1.636143684387
1.398600101471
1.420258045197
1.384935855865
1.362436294556
1.398226022720
1.360682964325
1.446017980576
1.393802642822
1.483952045441
1.401500105858
1.439410567284
1.363458633423
1.375795006752
1.359357833862
1.349812507629
1.378942966461
1.351999759674
1.428325414658
1.388437628746
1.519968986511
1.419718027115
1.526302933693
1.387288451195
1.394432306290
1.368480205536
1.351707577705
1.367307186127
1.342734575272
1.374426126480
1.342986583710
1.397959947586
1.355680942535
1.444241523743
1.378498673439
1.455276012421
1.369226574898
1.387311220169
1.341793537140
1.347417473793
1.347428679466
1.344041347504
1.391464948654
1.373944044113
1.486641049385
1.407228946686
1.488417863846
1.345750570297
1.375688314438
1.322351932526
1.334319114685
1.327852010727
1.323505878448
1.337988853455
1.325212478638
1.385358929634
1.368175625801
1.521959424019
1.440689802170
1.457823991776
1.368967533112
1.316058039665
1.351776361465
1.297535181046
1.405956983566
1.329536795616
1.576399564743
1.414683818817
1.617179989815
1.304665327072
1.365714430809
1.309608221054
1.324190020561
1.311659812927
1.316793322563
1.306950330734
1.313911676407
1.303969025612
1.325166225433
1.321655750275
1.410227417946
1.443543791771
1.659183859825
1.476376414299
1.379904270172
1.371019124985
1.321451783180
1.385156631470
1.312039852142
1.365290880203
1.303430557251
1.358901500702
1.300837159157
1.366169929504
1.308533668518
1.392911553383
1.333357095718
1.429246664047
1.369638681412
1.469356775284
1.490805149078
1.543929815292
1.690708279610
1.409297823906
1.325288176537
1.322856783867
1.324612379074
1.316018581390
1.316623926163
1.310202717781
1.305875420570
1.305109500885
1.299505472183
1.310355782509
1.310266733170
1.347938179970
1.387682676315
1.378153443336
1.385031938553
1.353674054146
1.391746282578
1.339786648750
1.422539234161
1.343072295189
1.407259702682
1.330054879189
1.315551877022
1.307483077049
1.278379082680
1.298467636108
1.265102744102
1.299709677696
1.254686594009
1.321806550026
1.248536825180
1.425949931145
1.294749498367
1.741000056267
1.356915473938
1.457554578781
1.254293203354
1.283055782318
1.281198978424
1.281736016273
1.301910996437
1.306479930878
1.383916020393
1.348412990570
1.436533808708
1.307052135468
1.290826320648
1.308867216110
1.269095301628
1.295852184296
1.258427381516
1.299343109131
1.255864620209
1.337137341499
1.277678728104
1.489716291428
1.364193677902
1.570587277412
1.419960021973
1.453546285629
1.383884906769
1.312379002571
1.309239149094
1.271460771561
1.274297952652
1.263779997826
1.261227369308
1.256665229797
1.251513361931
1.249906182289
1.243671655655
1.247805356979
1.238781213760
1.260263085365
1.251998662949
1.358624458313
1.438681125641
1.672247052193
1.459017038345
1.323950767517
1.273108124733
1.269578456879
1.269310832024
1.265504121780
1.262036919594
1.257578372955
1.250575065613
1.248519897461
1.242681503296
1.249029874802
1.248253226280
1.291854619980
1.370238065720
1.466215372086
1.612885117531
1.379654645920
1.436875104904
1.295402526855
1.354610919952
1.248248934746
1.275763034821
1.247624754906
1.256781935692
1.243498921394
1.245361089706
1.234865903854
1.237589597702
1.228280901909
1.239780664444
1.236002683640
1.312337636948
1.428312778473
2.008136987686
2.021575212479
1.384761929512
1.536168217659
1.449222087860
1.350298404694
1.302767634392
1.304049491882
1.301259279251
1.293892025948
1.283439636230
1.272507667542
1.262934923172
1.255402922630
1.249717831612
1.245283842087
1.241723299026
1.238209128380
1.234935641289
1.231349110603
1.228454113007
1.225174069405
1.223336815834
1.219798207283
1.219752907753
1.213983297348
1.220190882683
1.207384109497
1.246898174286
1.244385242462
1.553208589554
1.757933378220
1.895114421844
1.524393796921
1.400354266167
1.351605534554
1.377748847008
1.376936197281
1.365988254547
1.345455765724
1.326846837997
1.312573075294
1.299174308777
1.286810278893
1.276501655579
1.269080400467
1.263522744179
1.259121537209
1.254182100296
1.249338984489
1.243138551712
1.238382816315
1.231307744980
1.229903936386
1.220292210579
1.233630537987
1.226806282997
1.364088892937
1.626084208488
1.653115510941
1.590178251266
1.532514572144
1.442335009575
1.372642040253
1.284982562065
1.278641462326
1.275208473206
1.270444869995
1.259445428848
1.249403953552
1.239718317986
1.232154726982
1.224997043610
1.219936132431
1.214903593063
1.212371587753
1.207825303078
1.207768201828
1.200761556625
1.207546710968
1.192533493042
1.234884023666
1.219494581223
1.591937541962
1.657096862793
2.406873941422
1.608299255371
1.416427254677
1.277216792107
1.277765274048
1.270901679993
1.277945756912
1.274473547935
1.265574932098
1.254419803619
1.244183301926
1.234648227692
1.227751851082
1.221106171608
1.217721939087
1.212344288826
1.212958574295
1.204263448715
1.220095276833
1.217097401619
1.385256290436
1.599025845528
1.717985868454
1.431867599487
1.329271674156
1.269982814789
1.269772529602
1.240027546883
1.234636187553
1.226212978363
1.222478628159
1.214717864990
1.209745407104
1.201985239983
1.198327064514
1.190859317780
1.190752267838
1.181280732155
1.190046429634
1.170544385910
1.223757982254
1.202447056770
1.659905195236
1.716793894768
1.855817198753
1.338712692261
1.269576191902
1.240649580956
1.258430600166
1.246377348900
1.237195968628
1.225601196289
1.216985702515
1.209204435349
1.202010273933
1.195318698883
1.189584016800
1.185435056686
1.182088017464
1.179625034332
1.176731705666
1.175358772278
1.170743703842
1.174826860428
1.164567589760
1.214279174805
1.261016249657
1.712746620178
1.945838332176
1.566793680191
1.386922717094
1.355289816856
1.294003725052
1.273236513138
1.264115333557
1.256885290146
1.249320149422
1.240634918213
1.231099009514
1.221452951431
1.212536811829
1.205556154251
1.200247883797
1.196578025818
1.192776679993
1.189681291580
1.185125827789
1.182772517204
1.176890492439
1.181908845901
1.180135488510
1.269984722137
1.430948972702
2.154122829437
1.602222442627
1.320341110229
1.342726230621
1.254881381989
1.260033130646
1.243066668510
1.238355398178
1.228554606438
1.221486687660
1.212146759033
1.202908158302
1.193316459656
1.185288190842
1.178667545319
1.174002289772
1.170064449310
1.166883230209
1.163380265236
1.160127520561
1.156920671463
1.154077410698
1.152569055557
1.152202367783
1.163258671761
1.196086406708
1.333017110825
1.875086545944
3.050338983536
2.623534202576
2.281606435776
1.869090437889
1.742702841759
1.707355260849
1.676241755486
1.638751387596
1.598082184792
1.559975981712
1.520293593407
1.475814461708
1.436086535454
1.407968521118
1.389637231827
1.375088214874
1.362437486649
1.351352930069
1.341473698616
1.331965088844
1.322795867920
1.313574075699
1.304909467697
1.295567750931
1.287625789642
1.277664303780
1.271860241890
1.259331941605
1.262699842453
1.242447257042
1.310827493668
1.357263922691
2.087010860443
2.092197418213
1.518860936165
1.353659152985
1.328279852867
1.328727722168
1.327588081360
1.321603417397
1.310804963112
1.297238826752
1.282973766327
1.270192384720
1.259776353836
1.251195549965
1.243525981903
1.236436367035
1.230350375175
1.224861264229
1.219658732414
1.214536190033
1.209176898003
1.204254746437
1.199257850647
1.195305466652
1.190627217293
1.188004970551
1.182492017746
1.183839559555
1.175862669945
1.203961610794
1.224448442459
1.569682478905
1.710378766060
1.694211959839
1.363451004028
1.215000391006
1.230105876923
1.212633490562
1.212392091751
1.206706881523
1.202839612961
1.198139905930
1.192731142044
1.186531662941
1.180481195450
1.175169706345
1.170742988586
1.166951537132
1.163386225700
1.160426735878
1.157640576363
1.158852458000
1.170203685760
1.242883324623
1.496002316475
2.119186878204
1.649345278740
1.480295658112
1.389457941055
1.295500516891
1.263309359550
1.253567695618
1.244204878807
1.234658956528
1.226908206940
1.218572497368
1.208428144455
1.198095679283
1.188933491707
1.181418418884
1.175524830818
1.170600175858
1.166761517525
1.163226127625
1.159566521645
1.156229257584
1.152591466904
1.149615287781
1.145903825760
1.144010186195
1.138694882393
1.141188621521
1.128693580627
1.155126094818
1.127523541451
1.352185010910
1.485079050064
2.339995622635
1.464080691338
1.362664461136
1.260020732880
1.248716592789
1.242283344269
1.233437657356
1.223862051964
1.213703513145
1.203406333923
1.194056630135
1.185082435608
1.176688194275
1.169732093811
1.164429903030
1.160163044930
1.156184554100
1.152256488800
1.147799015045
1.143592357635
1.139353275299
1.135817408562
1.131851196289
1.129429936409
1.124868988991
1.124967336655
1.117006182671
1.127035975456
1.107947468758
1.176740884781
1.162897825241
1.703167915344
1.513786554337
1.523596405983
1.251988410950
1.293601155281
1.193024873734
1.177676439285
1.171438097954
1.166340112686
1.162812471390
1.157002568245
1.149534702301
1.141447186470
1.134494543076
1.128623843193
1.124253869057
1.119867444038
1.117135047913
1.112937569618
1.111783981323
1.105963587761
1.110105276108
1.097579598427
1.131757736206
1.124101161957
1.420395970345
1.774009227753
2.105596780777
1.318526625633
1.306701779366
1.209858417511
1.193969726562
1.188977003098
1.186854720116
1.181650161743
1.172742128372
1.161480426788
1.150177121162
1.140637397766
1.133279561996
1.127889871597
1.123590230942
1.119644045830
1.115871310234
1.112086772919
1.108682870865
1.105350732803
1.102553009987
1.099515080452
1.097505331039
1.093853592873
1.093919992447
1.087521672249
1.098265886307
1.088510513306
1.194783091545
1.252711057663
2.079951286316
1.708071231842
1.563888311386
1.314330697060
1.201116085052
1.252406239510
1.229609131813
1.205347180367
1.186145782471
1.175798773766
1.166088581085
1.156907081604
1.145877122879
1.135682225227
1.126833200455
1.120652914047
1.114693284035
1.110600829124
1.104508996010
1.102198839188
1.094883203506
1.100356221199
1.095092773438
1.161347389221
1.226514458656
1.754419803619
1.168465495110
1.357371568680
1.227965593338
1.254802942276
1.169713973999
1.181716561317
1.125537037849
1.126101016998
1.109144449234
1.107596397400
1.098350763321
1.094677686691
1.087790012360
1.086086988449
1.081756234169
1.086221218109
1.089743733406
1.128918170929
1.216305971146
1.393970251083
1.487484931946
1.180170297623
1.217144846916
1.171933293343
1.105846285820
1.120043516159
1.102085113525
1.105320811272
1.093153119087
1.093994975090
1.083649635315
1.087794184685
1.080613732338
1.099795222282
1.110125303268
1.197469711304
1.322547912598
1.494202971458
1.382250428200
1.175940275192
1.099409103394
1.114642143250
1.083205342293
1.095257759094
1.080148935318
1.084416985512
1.072547674179
1.075548887253
1.063183426857
1.071686387062
1.062123775482
1.097198009491
