4.133926391602
4.133120536804
4.131973266602
4.130516052246
4.128785610199
4.126816749573
4.124633789062
4.122265338898
4.119731903076
4.117053031921
4.114244461060
4.111324310303
4.108300209045
4.105178356171
4.101969718933
4.098683357239
4.095327377319
4.091903686523
4.088419437408
4.084880828857
4.081294059753
4.077664375305
4.073997020721
4.070300579071
4.066569328308
4.062804222107
4.059002876282
4.055164813995
4.051286697388
4.047369003296
4.043406486511
4.039398193359
4.035346031189
4.031246185303
4.027094364166
4.022887229919
4.018620014191
4.014291763306
4.009895801544
4.005426883698
4.000874519348
3.996228694916
3.991482019424
3.986618518829
3.981630802155
3.976501464844
3.971214771271
3.965746402740
3.960079431534
3.954196453094
3.948073863983
3.941687107086
3.935013532639
3.928018093109
3.920669317245
3.912933826447
3.904770851135
3.896145343781
3.887012243271
3.877330303192
3.867083549500
3.856294631958
3.844995021820
3.833259582520
3.821169137955
3.808810234070
3.796275138855
3.783638000488
3.770936250687
3.758192539215
3.745407581329
3.732623100281
3.719891309738
3.707311630249
3.694960117340
3.682899475098
3.671185731888
3.659781932831
3.648635864258
3.637678623199
3.626902103424
3.616269350052
3.605799198151
3.595503330231
3.585425138474
3.575671672821
3.566347599030
3.557532548904
3.549299240112
3.541720628738
3.534777402878
3.528355121613
3.522424936295
3.516849994659
3.511537551880
3.506499767303
3.501622200012
3.496901988983
3.492296695709
3.487801790237
3.483300685883
3.478855133057
3.474361419678
3.469845294952
3.465227842331
3.460479974747
3.455661535263
3.450747489929
3.445789337158
3.440763473511
3.435769081116
3.430737495422
3.425723075867
3.420731782913
3.415768623352
3.410833835602
3.405935764313
3.401046752930
3.396222591400
3.391390800476
3.386527061462
3.381632328033
3.376681804657
3.371666908264
3.366588115692
3.361411333084
3.356175661087
3.350882530212
3.345573902130
3.340236425400
3.334935665131
3.329602003098
3.324338912964
3.318992614746
3.313799142838
3.308453559875
3.303332328796
3.297883510590
3.293038845062
3.287226200104
3.283251285553
3.276221275330
3.276511669159
3.268563508987
3.312831401825
3.401357173920
3.967590332031
3.423425197601
3.318102359772
3.294183492661
3.300060510635
3.301280975342
3.295602560043
3.284358739853
3.270115613937
3.255303382874
3.241610527039
3.229895114899
3.220303297043
3.212611675262
3.206508874893
3.201593399048
3.197366237640
3.193336963654
3.189138412476
3.184588909149
3.179529666901
3.174024105072
3.168188095093
3.162160396576
3.156080961227
3.150158405304
3.144589662552
3.139556407928
3.135201931000
3.131455421448
3.128148078918
3.124875068665
3.121557474136
3.117869853973
3.113939762115
3.109401226044
3.105080604553
3.099711418152
3.095712900162
3.088952064514
3.088470220566
3.078447818756
3.107511520386
3.138685703278
3.538665294647
3.676581382751
3.366844654083
3.097616195679
3.076426029205
3.086914777756
3.099713325500
3.109192371368
3.113455295563
3.112353324890
3.106417179108
3.096652507782
3.084545850754
3.071849822998
3.059916257858
3.049483299255
3.040767669678
3.033590555191
3.027459859848
3.021812200546
3.016286134720
3.010770082474
3.005331039429
3.000034332275
2.994907379150
2.989970922470
2.985186815262
2.980627298355
2.976321220398
2.972162723541
2.968125343323
2.964186191559
2.960239410400
2.956167697906
2.951888799667
2.947377681732
2.942644119263
2.937786102295
2.932827472687
2.927886486053
2.923065662384
2.918350219727
2.913807630539
2.909390926361
2.905170917511
2.900950908661
2.896906375885
2.892750024796
2.888889551163
2.884610652924
2.881213903427
2.876062393188
2.874831199646
2.866472482681
2.880211353302
2.878088951111
3.092481136322
3.553468704224
4.180426120758
3.179949760437
2.967691183090
2.935778141022
2.943724155426
2.962276458740
2.980203628540
2.992877960205
2.998641014099
2.997236251831
2.988957643509
2.974668979645
2.955709934235
2.934257030487
2.912825584412
2.893906593323
2.879179477692
2.869153261185
2.863381385803
2.860401153564
2.857981681824
2.853949069977
2.847208499908
2.838081836700
2.827579736710
2.817043542862
2.807372808456
2.798963546753
2.791902065277
2.785950422287
2.780920028687
2.776528835297
2.772492885590
2.768501281738
2.764238119125
2.759520769119
2.754387855530
2.748861074448
2.743165016174
2.737506866455
2.732020139694
2.726825237274
2.721845626831
2.717134475708
2.712589263916
2.708008766174
2.703656673431
2.699112892151
2.694892406464
2.690396785736
2.686522245407
2.681781291962
2.678704977036
2.672989845276
2.672660350800
2.663822650909
2.677618980408
2.674300193787
2.819571971893
2.990054607391
2.995792150497
2.724721670151
2.675268411636
2.660899162292
2.654669284821
2.657326221466
2.659949302673
2.660828828812
2.658599138260
2.653791427612
2.647262811661
2.639947414398
2.632587194443
2.625781536102
2.619761705399
2.614483594894
2.609986305237
2.605821609497
2.601994276047
2.598139286041
2.594152927399
2.590142726898
2.585933208466
2.581742048264
2.577547550201
2.573591232300
2.569334983826
2.565833091736
2.561574935913
2.558946609497
2.554085254669
2.553742408752
2.546286582947
2.556224822998
2.546877861023
2.629653692245
2.722077131271
3.271479845047
3.019414901733
2.690886974335
2.557474851608
2.581275939941
2.587740898132
2.587211370468
2.584160566330
2.579092502594
2.572242736816
2.564057350159
2.555253267288
2.546394586563
2.538085937500
2.530644893646
2.524191856384
2.518515110016
2.513309240341
2.508287191391
2.503170490265
2.497767925262
2.492329597473
2.486899852753
2.481866836548
2.477310657501
2.473270416260
2.469561338425
2.466302394867
2.463129043579
2.460124969482
2.456984519958
2.454044103622
2.450845718384
2.448044776917
2.444578170776
2.442356586456
2.438097000122
2.437529087067
2.430675745010
2.435826778412
2.421477317810
2.450209617615
2.423818826675
2.564817428589
2.569035291672
2.743970155716
2.484736919403
2.413358688354
2.415616989136
2.422897815704
2.429404497147
2.428545951843
2.425131082535
2.419392585754
2.413342714310
2.407392978668
2.401921510696
2.397011280060
2.392621755600
2.388633251190
2.384913206100
2.381352901459
2.377638816833
2.374194383621
2.370768070221
2.367601394653
2.364500999451
2.361725091934
2.358755111694
2.356144428253
2.353213310242
2.350640535355
2.347667932510
2.345421314240
2.342157840729
2.340640783310
2.336236238480
2.336795330048
2.329151153564
2.336573600769
2.320098161697
2.355120897293
2.325112581253
2.498613834381
2.495580434799
2.850833177567
2.385542631149
2.341697692871
2.339900493622
2.343249559402
2.343760490417
2.339747428894
2.333693742752
2.326174497604
2.318834066391
2.312206745148
2.306354284286
2.301389217377
2.297046661377
2.293195009232
2.289394378662
2.285683155060
2.281822681427
2.278206348419
2.274603605270
2.271513938904
2.268326044083
2.265665531158
2.262719392776
2.260324239731
2.257536411285
2.255488395691
2.252440214157
2.250847339630
2.247021675110
2.246693611145
2.240694761276
2.245294809341
2.233563423157
2.261248588562
2.251483678818
2.414551973343
2.533473968506
2.640128850937
2.343193531036
2.412487983704
2.201997756958
2.247986793518
2.239730834961
2.255468368530
2.251567840576
2.244023799896
2.234719038010
2.226151227951
2.218845129013
2.212846755981
2.207948923111
2.204119205475
2.200981378555
2.198103427887
2.195140838623
2.191765785217
2.188624143600
2.185410499573
2.182879447937
2.180047750473
2.178421020508
2.175069808960
2.175173282623
2.168487548828
2.176302909851
2.154903173447
2.208495616913
2.147578477859
2.549483776093
2.536993741989
2.429687261581
2.213026046753
2.257679462433
2.190142154694
2.194671392441
2.192676067352
2.187573432922
2.181365013123
2.175810575485
2.170854091644
2.166000127792
2.160878181458
2.155750989914
2.150539636612
2.145546913147
2.140886783600
2.136808872223
2.133453845978
2.130553722382
2.128065109253
2.125435113907
2.123201608658
2.120247840881
2.118163108826
2.114706039429
2.113787174225
2.108599662781
2.113879680634
2.107973814011
2.173956632614
2.315532445908
2.563112020493
2.516239881516
2.220073461533
2.225193977356
2.131191015244
2.129674434662
2.118054151535
2.117500782013
2.116204738617
2.112768650055
2.107912063599
2.102300167084
2.096310615540
2.090138912201
2.084653139114
2.080098628998
2.076686859131
2.074200630188
2.071830749512
2.069317102432
2.066528558731
2.063156366348
2.060249328613
2.056769847870
2.054926633835
2.051062822342
2.051377296448
2.044583320618
2.051557540894
2.034363269806
2.070477962494
2.026866197586
2.221818208694
2.231128692627
2.748518228531
2.156131029129
2.086858034134
2.137355566025
2.069528579712
2.082074642181
2.062861680984
2.063694953918
2.055771112442
2.052526473999
2.044037342072
2.037471055984
2.028863906860
2.023000240326
2.016640901566
2.013077259064
2.008959770203
2.007316112518
2.003683567047
2.003568172455
1.998142004013
2.001768112183
1.989388465881
2.009396791458
1.971879839897
2.088425874710
2.017803430557
2.758473873138
2.251881361008
2.168276548386
1.996797323227
1.999027729034
2.002995491028
2.009735584259
2.013902187347
2.012590646744
2.006763458252
1.999307870865
1.991489529610
1.984247684479
1.977766513824
1.972570538521
1.968551874161
1.965482354164
1.962879538536
1.960665702820
1.958345413208
1.956071376801
1.953687667847
1.951534748077
1.948976039886
1.946979761124
1.944097757339
1.942764401436
1.939378023148
1.942736506462
1.947283983231
2.020998954773
2.259047508240
2.495397806168
2.376286506653
2.007075309753
2.138884782791
1.984990119934
1.986250400543
1.983187437057
1.977955579758
1.970997929573
1.963712692261
1.956594228745
1.949447154999
1.942081451416
1.934892892838
1.928516149521
1.923639893532
1.920112609863
1.917743921280
1.915696382523
1.913483381271
1.910901069641
1.908053755760
1.904925346375
1.902087092400
1.899069070816
1.896774053574
1.893490314484
1.892198801041
1.887398123741
1.889703989029
1.878317832947
1.896310091019
1.858376502991
1.964903354645
1.876818060875
2.495724201202
2.247252941132
2.307266235352
1.995858669281
1.949302196503
1.948365569115
1.932371258736
1.921995043755
1.914447069168
1.909121036530
1.904437661171
1.899391770363
1.893390417099
1.886707782745
1.879936218262
1.873434543610
1.867967605591
1.863269090652
1.859778523445
1.856823563576
1.854798078537
1.852760314941
1.851324796677
1.849332571030
1.848218202591
1.845198273659
1.845168828964
1.838831186295
1.845167636871
1.826876163483
1.874177575111
1.835938453674
2.273353099823
2.077772378922
2.515903472900
1.929645061493
1.903000116348
1.881759405136
1.870937585831
1.873530149460
1.872592687607
1.867793083191
1.859936237335
1.851163387299
1.842822074890
1.835414886475
1.829167842865
1.824558734894
1.821493387222
1.819555521011
1.817975044250
1.816215515137
1.813726902008
1.811059117317
1.807823300362
1.805436253548
1.801843881607
1.801723003387
1.796337842941
1.811675786972
1.817992806435
2.010360717773
2.292444467545
3.236258268356
2.863839626312
2.056778430939
1.966947913170
1.976437330246
1.971357107162
1.966172933578
1.954688668251
1.939493179321
1.923732995987
1.909125924110
1.895943999290
1.883144855499
1.869516968727
1.855652451515
1.842742443085
1.831468582153
1.821584224701
1.813479900360
1.807376384735
1.802898645401
1.799813985825
1.797378063202
1.795400023460
1.793210506439
1.791160345078
1.788220763206
1.786006450653
1.781476140022
1.780164718628
1.772266149521
1.776685714722
1.758208990097
1.787334203720
1.732994198799
1.886276721954
1.771742105484
2.531433582306
1.998479008675
2.056683301926
1.867527008057
1.788325548172
1.798172235489
1.792155265808
1.789403915405
1.783617496490
1.778258085251
1.773567914963
1.768917560577
1.763832092285
1.758348107338
1.752698898315
1.747670888901
1.743444442749
1.740050554276
1.737263441086
1.734833955765
1.732629656792
1.730465173721
1.728222370148
1.725935459137
1.723526835442
1.720927476883
1.718366861343
1.715458512306
1.713273167610
1.709423303604
1.709424734116
1.701791048050
1.717603445053
1.709585666656
1.935525655746
2.273182630539
2.376072168350
1.800618886948
1.839373826981
1.766048789024
1.748774528503
1.754500985146
1.752724766731
1.746569395065
1.737861394882
1.728488802910
1.719563961029
1.711407899857
1.704251885414
1.698555707932
1.694142341614
1.691095590591
1.688883781433
1.687187194824
1.685209035873
1.683225154877
1.680497288704
1.678025603294
1.674926519394
1.672545790672
1.669517993927
1.667519807816
1.664672255516
1.662811398506
1.660678863525
1.658078908920
1.660328388214
1.655836701393
1.697049140930
1.758216381073
2.110623121262
2.233629703522
1.879761457443
1.769910812378
1.748573064804
1.728523254395
1.715370416641
1.709910273552
1.695772290230
1.689655542374
1.681734919548
1.675684094429
1.667927026749
1.662312984467
1.656243085861
1.652961492538
1.648939728737
1.648000240326
1.644128561020
1.644597172737
1.637907266617
1.642476558685
1.627476215363
1.650506496429
1.604807138443
1.726617574692
1.606230258942
2.425672054291
1.941621184349
2.287981510162
1.683105468750
1.665081262589
1.665031909943
1.677368879318
1.681037425995
1.677248477936
1.669608473778
1.661963343620
1.654670000076
1.647899389267
1.641352176666
1.635751724243
1.630581140518
1.627303481102
1.623378276825
1.623287439346
1.618599891663
1.626839637756
1.624833106995
1.704737424850
1.890671968460
1.984702825546
2.061282634735
1.731972932816
1.658757448196
1.643701314926
1.644353389740
1.637182116508
1.637136697769
1.629981756210
1.624434232712
1.617348074913
1.612031221390
1.606805086136
1.603366613388
1.600126743317
1.598150730133
1.595533251762
1.593590140343
1.590268135071
1.587866306305
1.583691358566
1.581893563271
1.576653361320
1.577718019485
1.569285273552
1.580533742905
1.562659025192
1.630239009857
1.618427872658
2.125890731812
1.782200217247
1.802745223045
1.659076452255
1.595297932625
1.602088093758
1.581192970276
1.596209049225
1.565257549286
1.592960357666
1.553033590317
1.602237224579
1.541970491409
1.642796993256
1.548571944237
1.738123893738
1.585547089577
1.739072561264
1.539085268974
1.632245659828
1.529798269272
1.579421281815
1.538497328758
1.562057137489
1.543807268143
1.560442924500
1.559271097183
1.591657757759
1.624901175499
1.722947955132
1.662946701050
1.594924092293
1.632632732391
1.537904500961
1.588981151581
1.520601987839
1.564901113510
1.513181686401
1.554127216339
1.507765173912
1.551947236061
1.503214597702
1.558901786804
1.499533057213
1.581157088280
1.503554940224
1.630723118782
1.536108970642
1.682961463928
1.580973148346
1.657722234726
1.665435552597
1.651042461395
1.858685374260
1.566100597382
1.533698201180
1.514402627945
1.533942580223
1.508179664612
1.530665755272
1.497421145439
1.530678033829
1.484712362289
1.549777746201
1.476513624191
1.626173734665
1.519422054291
1.765641570091
1.584821343422
1.773204088211
1.618205070496
1.606285572052
1.614428281784
1.536810517311
1.554538965225
1.515470027924
1.530712008476
1.502956151962
1.516180038452
1.494958400726
1.508383870125
1.492044210434
1.512037873268
1.503564119339
1.540770649910
1.551230072975
1.603619098663
1.606872558594
1.577874898911
1.586115717888
1.496004462242
1.547235846519
1.473819732666
1.531659960747
1.469604134560
1.532016396523
1.471583724022
1.538012981415
1.481383800507
1.541146397591
1.501215457916
1.535084605217
1.544310092926
1.540950298309
1.657717585564
1.531492233276
1.653738617897
1.454237222672
1.519769787788
1.445859551430
1.492357254028
1.445747137070
1.480453491211
1.440100193024
1.480048298836
1.430793762207
1.496504902840
1.418024182320
1.565322518349
1.427461147308
1.835925340652
1.577377319336
1.963290572166
1.631256103516
1.594276905060
1.562006711960
1.472773432732
1.482859849930
1.464027166367
1.464787602425
1.457069993019
1.453037023544
1.447959303856
1.445221781731
1.442932844162
1.441391229630
1.440550565720
1.438513994217
1.438826441765
1.434835553169
1.441213607788
1.433887600899
1.490073561668
1.554962754250
2.004434823990
1.855000257492
1.788078188896
1.756851077080
1.481812119484
1.495718598366
1.508529543877
1.505669116974
1.491082072258
1.477839112282
1.467600345612
1.459126234055
1.452633857727
1.447988271713
1.444307327271
1.440947055817
1.437541484833
1.434197664261
1.431389570236
1.428739309311
1.426149606705
1.423882722855
1.421262502670
1.419182419777
1.416063308716
1.414640307426
1.410189270973
1.411765694618
1.403789043427
1.424195766449
1.432912707329
1.672391891479
1.902016520500
2.181837320328
1.737578868866
1.499518513680
1.514758229256
1.458169579506
1.468553781509
1.463474273682
1.455428838730
1.447672843933
1.440392851830
1.433892250061
1.426988840103
1.422529578209
1.416487932205
1.415184617043
1.408316373825
1.416150331497
1.410094499588
1.481334090233
1.598260045052
1.958152890205
1.951798558235
1.621720075607
1.606381416321
1.516535282135
1.494671821594
1.450379610062
1.472764134407
1.452388882637
1.452374339104
1.438299179077
1.432257890701
1.420339941978
1.415460109711
1.406504034996
1.404853105545
1.397057056427
1.399405598640
1.388533115387
1.399954080582
1.374745249748
1.422171115875
1.349227070808
1.596846818924
1.479504346848
2.131379365921
1.459927797318
1.518467545509
1.409443497658
1.401536941528
1.412561416626
1.406589388847
1.407180309296
1.402948975563
1.399407863617
1.393856525421
1.388935327530
1.384040594101
1.380272626877
1.377330541611
1.375041723251
1.373800992966
1.371485233307
1.371881723404
1.367102503777
1.374909043312
1.366219758987
1.431954622269
1.511610507965
2.018386125565
2.483344554901
2.088765144348
1.747118830681
1.580781221390
1.582759022713
1.567933559418
1.548743009567
1.523129820824
1.498707771301
1.481035232544
1.468544363976
1.457473993301
1.446917057037
1.437884688377
1.430764317513
1.424836993217
1.419654846191
1.415098190308
1.410915851593
1.406933188438
1.402872920036
1.398440122604
1.393730282784
1.388998031616
1.384636282921
1.380574345589
1.376731872559
1.374601602554
1.373329877853
1.408726930618
1.539767265320
2.295782327652
1.668910503387
1.555668711662
1.503700971603
1.478268027306
1.428568720818
1.421714305878
1.403089404106
1.395886898041
1.388095498085
1.381104469299
1.373862981796
1.367980480194
1.363529324532
1.360490083694
1.357480764389
1.354746460915
1.351467370987
1.348582267761
1.345268011093
1.342475891113
1.339041233063
1.337321519852
1.333141922951
1.334790945053
1.326124191284
1.340945959091
1.317570686340
1.429871082306
1.464158177376
2.082700252533
1.583673954010
1.451802134514
1.375628232956
1.396765112877
1.353078842163
1.384434461594
1.343166828156
1.367491722107
1.337040543556
1.357614994049
1.326798915863
1.354726076126
1.316333651543
1.375185966492
1.320093393326
1.478588819504
1.381832718849
1.555119752884
1.323752403259
1.354024171829
1.323985934258
1.368853807449
1.345602869987
1.454196810722
1.444398164749
1.638832211494
1.459159374237
1.338991522789
1.344565749168
1.310756206512
1.328799247742
1.302876353264
1.332795977592
1.295962333679
1.352188944817
1.296629786491
1.423435926437
1.351355791092
1.640504360199
1.475629448891
1.593262314796
1.297818183899
1.340789794922
1.316590070724
1.325313091278
1.316031455994
1.316528439522
1.309600472450
1.309155225754
1.303039908409
1.302985668182
1.297175168991
1.298796772957
1.293359756470
1.301256299019
1.304408907890
1.365797758102
1.453127503395
1.733124971390
1.403416991234
1.358806967735
1.305779099464
1.327383041382
1.286051988602
1.313757061958
1.276086330414
1.309279799461
1.267754316330
1.316398143768
1.259565591812
1.349704742432
1.255937695503
1.468892574310
1.276925444603
1.647848367691
1.260664701462
1.382702589035
1.264695882797
1.320034027100
1.295092463493
1.311410546303
1.344907164574
1.339079022408
1.397528886795
1.339409947395
1.384139657021
1.298354029655
1.322677612305
1.286163568497
1.296004056931
1.299921989441
1.297065734863
1.345437169075
1.333748340607
1.437207341194
1.355980753899
1.447423815727
1.290181756020
1.322530508041
1.259634971619
1.305353283882
1.258733749390
1.313285946846
1.258582830429
1.328539133072
1.267752885818
1.361870884895
1.297191619873
1.394198775291
1.308579444885
1.357037663460
1.272245287895
1.292240738869
1.269826054573
1.261178255081
1.301414966583
1.265357017517
1.379631876945
1.310091733932
1.461153507233
1.302683353424
1.372494339943
1.244505643845
1.293460488319
1.238135576248
1.275876402855
1.235653400421
1.288315534592
1.231104016304
1.344894647598
1.246980309486
1.489428758621
1.271157503128
1.443441629410
1.241175889969
1.293549656868
1.265027046204
1.251214504242
1.333679795265
1.279091715813
1.536646366119
1.381793498993
1.645485520363
1.297996044159
1.271198034286
1.246360898018
1.258447885513
1.248585939407
1.251322507858
1.242661714554
1.249072074890
1.241096735001
1.260477066040
1.261426687241
1.340313911438
1.392237186432
1.582931399345
1.424556612968
1.310541868210
1.261062741280
1.290236711502
1.270711421967
1.283559083939
1.260972380638
1.270526528358
1.256108999252
1.266788840294
1.260076761246
1.281921625137
1.278666853905
1.317364096642
1.310990810394
1.348357677460
1.376711606979
1.409253597260
1.505912542343
1.512121319771
1.364613056183
1.211372375488
1.304114341736
1.223192930222
1.262409567833
1.219225168228
1.251730203629
1.214004397392
1.250906825066
1.207873225212
1.265439867973
1.208099484444
1.315347671509
1.252379417419
1.343905329704
1.249517083168
1.379458665848
1.239508628845
1.388868331909
1.296183228493
1.373354554176
1.325560927391
1.277047395706
1.263967990875
1.235599756241
1.233766674995
1.220778107643
1.219732284546
1.216341733932
1.214393854141
1.222325325012
1.224251270294
1.268211483955
1.299128174782
1.419164657593
1.348546385765
1.262923121452
1.250963449478
1.205421209335
1.230473518372
1.198291659355
1.269146680832
1.210312366486
1.419188737869
1.252596497536
1.511863112450
1.224485397339
1.272440433502
1.203010797501
1.234204053879
1.197606086731
1.216976165771
1.201636314392
1.215360641479
1.230419278145
1.233850240707
1.362768888474
1.268620729446
1.504573702812
1.250604391098
1.508088469505
1.234473705292
1.309169650078
1.206990242004
1.234880208969
1.201392412186
1.211729645729
1.196965098381
1.203020215034
1.190821647644
1.199327826500
1.184020757675
1.201920986176
1.174018144608
1.224705696106
1.167221546173
1.360646724701
1.294618487358
1.810920834541
1.422957777977
1.417191386223
1.204740881920
1.206902980804
1.204273700714
1.202939987183
1.196499824524
1.194867610931
1.189422369003
1.189934134483
1.184729814529
1.192170739174
1.192490935326
1.231839537621
1.326392412186
1.395262479782
1.644070386887
1.395322799683
1.244428396225
1.348974704742
1.199623703957
1.231802701950
1.187963485718
1.201983332634
1.190079689026
1.191928744316
1.185650944710
1.185028910637
1.180255889893
1.182103753090
1.178420424461
1.196450114250
1.222994923592
1.383273124695
1.770516514778
1.738502979279
1.351472973824
1.427273154259
1.399643301964
1.242797732353
1.234183073044
1.241106271744
1.226455092430
1.216659426689
1.208457469940
1.201539278030
1.195764064789
1.191222667694
1.187688350677
1.185124874115
1.182478308678
1.180118441582
1.176982045174
1.173983335495
1.170299649239
1.167664051056
1.163564205170
1.162856817245
1.156812787056
1.161191821098
1.147618889809
1.173342823982
1.140688300133
1.307218074799
1.331603765488
2.341448783875
1.916957497597
1.510909676552
1.429399371147
1.355225205421
1.306592464447
1.298909187317
1.286675691605
1.274309277534
1.263619780540
1.252613186836
1.240501761436
1.228797197342
1.218866586685
1.211428284645
1.205609560013
1.200952768326
1.196465730667
1.192146897316
1.187174081802
1.183152198792
1.176495909691
1.175391435623
1.163591027260
1.180865049362
1.158199310303
1.318425178528
1.459261894226
1.545385479927
1.613810300827
1.417681217194
1.419672608376
1.276905059814
1.222524881363
1.214936256409
1.209488391876
1.200702667236
1.193647980690
1.187275767326
1.183736801147
1.180378079414
1.177620172501
1.174290657043
1.171628236771
1.168282985687
1.166214466095
1.162240147591
1.161263465881
1.155621051788
1.160190582275
1.156973600388
1.213032484055
1.325139641762
1.707278251648
1.739647626877
1.426803231239
1.403714776039
1.302078723907
1.223438262939
1.217899203300
1.211288571358
1.203207135201
1.193586111069
1.186962604523
1.181682467461
1.178359031677
1.173772454262
1.170186638832
1.164553642273
1.161555051804
1.155722379684
1.156286835670
1.153166890144
1.185811519623
1.266808986664
1.663748741150
1.512971520424
1.614273071289
1.201531291008
1.230198144913
1.179277539253
1.181126594543
1.166132569313
1.167790651321
1.160512804985
1.157575607300
1.151641130447
1.148612737656
1.143976211548
1.142313957214
1.139060258865
1.139265060425
1.136573433876
1.141002178192
1.149061203003
1.213204503059
1.445081949234
1.832819223404
1.607464432716
1.179958820343
1.187883853912
1.198568105698
1.189955711365
1.181893110275
1.171874761581
1.161969900131
1.153792500496
1.147881031036
1.143328189850
1.140371799469
1.137623071671
1.135874390602
1.133336901665
1.132274389267
1.128098726273
1.129085183144
1.119412779808
1.132049322128
1.101880788803
1.193542122841
1.142231225967
1.864887475967
1.730073690414
1.680059313774
1.227451801300
1.273069620132
1.231208682060
1.211682558060
1.197618484497
1.185363054276
1.177819252014
1.171279668808
1.164535760880
1.157523155212
1.151614665985
1.147272467613
1.144427657127
1.142219305038
1.139847040176
1.136786937714
1.133887529373
1.129054069519
1.128070473671
1.121462941170
1.142026185989
1.173284173012
1.467207074165
1.911153435707
1.568449139595
1.390839576721
1.218023777008
1.220513343811
1.179559469223
1.182081460953
1.167402982712
1.160414099693
1.151574373245
1.146792054176
1.140368342400
1.135219335556
1.129446864128
1.125745058060
1.121679663658
1.119825601578
1.116152167320
1.115163207054
1.109781980515
1.111233592033
1.101239562035
1.111593961716
1.089567899704
1.137205600739
1.100458145142
1.361146688461
1.685880422592
3.409557819366
2.713270425797
1.851595163345
1.595390319824
1.587662696838
1.601545810699
1.574091553688
1.522148251534
1.470132589340
1.433201670647
1.405883550644
1.381104826927
1.361426115036
1.346578121185
1.335371613503
1.325360774994
1.314025878906
1.302629828453
1.291584014893
1.282356977463
1.273279070854
1.265520095825
1.256258726120
1.248580932617
1.237973213196
1.230819463730
1.217958092690
1.214806079865
1.198530554771
1.213869333267
1.214138269424
1.417814731598
1.877751111984
2.471645832062
1.409671783447
1.263717770576
1.270428538322
1.247290492058
1.241650700569
1.235390901566
1.227709054947
1.218866944313
1.209614992142
1.200859308243
1.193241000175
1.185890197754
1.178921699524
1.172516345978
1.167284488678
1.163033008575
1.159356832504
1.155782341957
1.152081489563
1.148097038269
1.144293785095
1.139465570450
1.136416673660
1.130070567131
1.130058765411
1.119175553322
1.133960723877
1.113569974899
1.241234540939
1.343762040138
2.029604673386
1.580642461777
1.155581951141
1.226183176041
1.165259361267
1.162201881409
1.154806852341
1.149504065514
1.143456220627
1.138097286224
1.132962584496
1.128430843353
1.124293684959
1.120457649231
1.116697669029
1.113528609276
1.110567092896
1.108187675476
1.106177806854
1.106721282005
1.118970632553
1.182718753815
1.414992451668
2.026298522949
1.423024535179
1.543285489082
1.271971225739
1.233621358871
1.220383048058
1.213076591492
1.197775840759
1.180420398712
1.168931007385
1.162399053574
1.157116770744
1.151927471161
1.146725893021
1.141818523407
1.136713504791
1.132036209106
1.127497553825
1.123535394669
1.119581341743
1.115885853767
1.111811280251
1.108326792717
1.103703141212
1.101078033447
1.094968676567
1.096127629280
1.085090875626
1.106847763062
1.092335939407
1.298232436180
1.541521549225
2.222949028015
1.632813572884
1.261942505836
1.292623519897
1.220495700836
1.190109848976
1.176809310913
1.168652892113
1.160607576370
1.153546571732
1.147568345070
1.141667246819
1.135408282280
1.128988742828
1.123403072357
1.118512153625
1.114730358124
1.111024141312
1.107571244240
1.103537440300
1.099584102631
1.095239996910
1.090987682343
1.086613297462
1.082764387131
1.078673958778
1.075860023499
1.072724819183
1.076577067375
1.091301679611
1.173680067062
1.427271127701
1.601356506348
1.404802203178
1.445172905922
1.128356933594
1.131269693375
1.128789067268
1.119625687599
1.115626573563
1.108581066132
1.102864861488
1.097177743912
1.092201948166
1.087414979935
1.083176374435
1.079282283783
1.075616121292
1.072712898254
1.069201827049
1.067744612694
1.062596440315
1.065512537956
1.053886651993
1.083207488060
1.073845386505
1.324460744858
1.656431913376
1.772636294365
1.443704962730
1.140317440033
1.167651176453
1.122844815254
1.129086852074
1.120584845543
1.113319754601
1.106251120567
1.099545955658
1.093600869179
1.088814973831
1.084771394730
1.081479668617
1.078436613083
1.075408935547
1.071891784668
1.068467855453
1.064520359039
1.061068773270
1.057235479355
1.054419755936
1.050477027893
1.048921346664
1.043926477432
1.046781301498
1.038039445877
1.065703749657
1.076216459274
1.288979768753
1.630758047104
1.601414203644
1.416213989258
1.429509758949
1.177305698395
1.195523262024
1.168110609055
1.147598624229
1.125018119812
1.113281250000
1.103607177734
1.098352313042
1.092418193817
1.086806058884
1.080116391182
1.075634956360
1.070091009140
1.067338228226
1.061465859413
1.060876488686
1.052655935287
1.061218261719
1.052118897438
1.130937099457
1.187393426895
1.857567429543
1.193484067917
1.172843217850
1.197358250618
1.134063839912
1.123507618904
1.109451532364
1.077311635017
1.075816750526
1.058112263680
1.062649011612
1.048628091812
1.055945038795
1.040938019753
1.055695891380
1.032290220261
1.070152044296
1.022920727730
1.160915732384
1.085444927216
1.642494559288
1.335061669350
1.241472721100
1.149389147758
1.078806996346
1.083273172379
1.056816339493
1.069130420685
1.046454191208
1.055925250053
1.039597988129
1.049992084503
1.033177614212
1.053536534309
1.034355401993
1.096413254738
1.086048483849
1.344967484474
1.242707610130
1.459104299545
1.074958205223
1.096432924271
1.050028204918
1.061068534851
1.042438745499
1.051245927811
1.037068963051
1.045911431313
1.028977632523
1.043621063232
1.019815325737
1.060082912445
1.027018904686
