4.136076927185
4.135164737701
4.133871555328
4.132241725922
4.130321502686
4.128158569336
4.125784873962
4.123230457306
4.120520114899
4.117671966553
4.114704132080
4.111626148224
4.108451843262
4.105189800262
4.101848125458
4.098434448242
4.094960212708
4.091427326202
4.087841987610
4.084203720093
4.080520629883
4.076789855957
4.073019027710
4.069214820862
4.065377235413
4.061508178711
4.057606220245
4.053669929504
4.049694538116
4.045675277710
4.041610240936
4.037494659424
4.033318042755
4.029076576233
4.024761199951
4.020363807678
4.015877723694
4.011297702789
4.006609916687
4.001807212830
3.996875524521
3.991802215576
3.986573934555
3.981175899506
3.975596427917
3.969816684723
3.963823556900
3.957595825195
3.951119899750
3.944384098053
3.937374591827
3.930087566376
3.922528505325
3.914711952209
3.906656026840
3.898382425308
3.889914035797
3.881298303604
3.872569561005
3.863742351532
3.854844093323
3.845895290375
3.836899757385
3.827870368958
3.818808794022
3.809712648392
3.800561904907
3.791389465332
3.782215833664
3.773097038269
3.764068126678
3.755150794983
3.746363162994
3.737656593323
3.728991031647
3.720311641693
3.711577415466
3.702783823013
3.693970203400
3.685177803040
3.676395893097
3.667670011520
3.659056186676
3.650652885437
3.642541170120
3.634811639786
3.627578258514
3.620887756348
3.614814043045
3.609320640564
3.604354858398
3.599796772003
3.595470905304
3.591276168823
3.587111473083
3.582904338837
3.578608512878
3.574188470840
3.569624423981
3.564942836761
3.560217380524
3.555397987366
3.550537347794
3.545577526093
3.540543556213
3.535425662994
3.530210733414
3.524940967560
3.519617795944
3.514282464981
3.508909702301
3.503536462784
3.498117446899
3.492715358734
3.487280368805
3.481847763062
3.476371288300
3.470902681351
3.465407371521
3.459908723831
3.454370021820
3.448777198792
3.443136692047
3.437453985214
3.431707382202
3.425920486450
3.420036315918
3.414068937302
3.408057451248
3.402014255524
3.395866394043
3.389707565308
3.383391141891
3.377143859863
3.370661258698
3.364327907562
3.357620000839
3.351323604584
3.344113588333
3.338389396667
3.329891681671
3.327005624771
3.314127922058
3.329593181610
3.318226337433
3.545960426331
3.802167892456
3.627629280090
3.363862037659
3.340627193451
3.334613323212
3.326882362366
3.317732810974
3.307709217072
3.297650814056
3.288238525391
3.279700756073
3.271790981293
3.264045715332
3.256248474121
3.248331546783
3.240439414978
3.232836723328
3.225464820862
3.218327045441
3.211246728897
3.204144954681
3.197165966034
3.190315246582
3.183718919754
3.177554130554
3.171686649323
3.166244506836
3.160896301270
3.155933141708
3.150970697403
3.146303653717
3.141427755356
3.136765480042
3.131692409515
3.127098083496
3.121632575989
3.117429733276
3.111051797867
3.108529567719
3.099000692368
3.104084014893
3.083467006683
3.137940406799
3.122848510742
3.706722259521
3.557103872299
3.557320594788
3.172748088837
3.119766235352
3.117317676544
3.122323989868
3.126398563385
3.127342224121
3.125005245209
3.119790077209
3.112397670746
3.103833675385
3.094979763031
3.086314678192
3.077805519104
3.069441080093
3.061229705811
3.053170204163
3.045237779617
3.037458658218
3.029959678650
3.022852897644
3.016156196594
3.009809970856
3.003753900528
2.998022079468
2.992592811584
2.987556457520
2.982815265656
2.978326797485
2.973966121674
2.969655036926
2.965315818787
2.960937500000
2.956517219543
2.952017784119
2.947558403015
2.943099260330
2.938668251038
2.934288501740
2.929972648621
2.925757884979
2.921492099762
2.917378902435
2.913218498230
2.909260272980
2.905109405518
2.901407718658
2.896922111511
2.894002914429
2.888088226318
2.888711929321
2.876806259155
2.899098873138
2.879297018051
3.154529571533
3.454149246216
4.557679653168
3.297753095627
3.058061122894
3.014217376709
3.007334947586
3.012254714966
3.018767356873
3.022052288055
3.020574092865
3.014200687408
3.003686666489
2.990167379379
2.974920272827
2.959516525269
2.945066452026
2.932093620300
2.920386791229
2.909507751465
2.899512052536
2.890634536743
2.882603645325
2.874561309814
2.865812778473
2.856503486633
2.846948623657
2.837584018707
2.828820705414
2.820872783661
2.813722133636
2.807389259338
2.801683664322
2.796469688416
2.791623115540
2.786972999573
2.782354593277
2.777613639832
2.772726535797
2.767749547958
2.762851953506
2.758149147034
2.753598213196
2.749204397202
2.744915962219
2.740690708160
2.736588954926
2.732436180115
2.728407144547
2.724246501923
2.720331430435
2.716128826141
2.712433815002
2.707885980606
2.704924345016
2.699303627014
2.699077606201
2.689764499664
2.704060792923
2.694165706635
2.837213516235
2.953929424286
3.034975051880
2.740623474121
2.689584016800
2.690258026123
2.687068700790
2.689541101456
2.688275575638
2.684753417969
2.678852558136
2.671892642975
2.664844512939
2.658389568329
2.652830839157
2.648191452026
2.644285202026
2.640650272369
2.637160301208
2.633303165436
2.629261016846
2.624917030334
2.620420455933
2.615992546082
2.611603736877
2.607567310333
2.603521108627
2.600089788437
2.596110820770
2.593294143677
2.588872432709
2.587162017822
2.580928564072
2.583009243011
2.570958137512
2.589040994644
2.563721656799
2.678355216980
2.700550556183
3.441734552383
2.953135967255
2.832666158676
2.611273288727
2.607234239578
2.608120203018
2.607460021973
2.605521440506
2.602072000504
2.597511529922
2.592483520508
2.587298154831
2.581768989563
2.575510978699
2.568308830261
2.560354232788
2.552042484283
2.543940782547
2.536547183990
2.530032634735
2.524390220642
2.519572973251
2.515408039093
2.511604547501
2.508039474487
2.504643440247
2.501214265823
2.497846364975
2.494488954544
2.491204261780
2.488020420074
2.484914779663
2.481923341751
2.478909492493
2.476026773453
2.472977399826
2.470187187195
2.466899156570
2.464524745941
2.461277484894
2.461793422699
2.463964462280
2.488657474518
2.550055980682
2.710696458817
2.723949909210
2.567430496216
2.450270652771
2.452002286911
2.452535867691
2.457008123398
2.454095363617
2.449494838715
2.443330764771
2.437633514404
2.432747602463
2.428825855255
2.425555229187
2.422631978989
2.419685840607
2.416500091553
2.413004875183
2.409058094025
2.405168294907
2.401192665100
2.397619247437
2.394155502319
2.391187667847
2.388117790222
2.385489940643
2.382571697235
2.380118131638
2.377108335495
2.374955654144
2.371543884277
2.370113372803
2.365506172180
2.366111278534
2.358413934708
2.365569591522
2.350070238113
2.382527828217
2.358523130417
2.521495819092
2.528068542480
2.903202533722
2.413074731827
2.406962394714
2.361750602722
2.371952295303
2.363266944885
2.361591815948
2.356623649597
2.351476669312
2.346493721008
2.341917514801
2.337520122528
2.333088159561
2.328413009644
2.323626518250
2.318746566772
2.314070224762
2.309797286987
2.306182146072
2.303084850311
2.300533056259
2.298105955124
2.295752763748
2.293220520020
2.290722370148
2.287942409515
2.285549163818
2.282544374466
2.280600547791
2.277048110962
2.276311397552
2.271006584167
2.274474143982
2.264815330505
2.288724422455
2.285745859146
2.439578771591
2.568289756775
2.724137783051
2.409358978271
2.450017929077
2.287039756775
2.268617630005
2.269893169403
2.274611949921
2.275751113892
2.274893045425
2.272519588470
2.268610954285
2.263212203979
2.256711244583
2.249770641327
2.243075847626
2.237169504166
2.232225894928
2.228040456772
2.224519729614
2.221574306488
2.218955278397
2.216498374939
2.214009284973
2.211562156677
2.208856344223
2.206422328949
2.203503847122
2.202272891998
2.199896335602
2.212886095047
2.252203226089
2.477385044098
2.896179199219
2.363840103149
2.228469371796
2.220178604126
2.219996213913
2.222573041916
2.228534936905
2.225240230560
2.219386577606
2.212583303452
2.205830097198
2.199337005615
2.193272590637
2.187706708908
2.182567834854
2.177705287933
2.173048734665
2.168932199478
2.165180206299
2.161998748779
2.158974647522
2.156211853027
2.153403520584
2.150655269623
2.147719860077
2.145011186600
2.141975402832
2.139891147614
2.137886762619
2.144567251205
2.175227642059
2.364673614502
2.456347942352
2.526341676712
2.258777618408
2.221213817596
2.163599252701
2.156445026398
2.145040750504
2.143157482147
2.141421556473
2.140054702759
2.138616561890
2.136256933212
2.132635354996
2.127917766571
2.122905731201
2.117961168289
2.113422155380
2.109148979187
2.105054378510
2.100880861282
2.097021818161
2.093272447586
2.090482950211
2.087590694427
2.086197853088
2.083148002625
2.083159208298
2.077697753906
2.082041501999
2.069853782654
2.094851493835
2.074473619461
2.227108716965
2.314499378204
2.794230461121
2.223298549652
2.177915096283
2.134777307510
2.119032859802
2.109071254730
2.102432727814
2.097524881363
2.093054056168
2.089052200317
2.084218978882
2.078989744186
2.072890281677
2.066557407379
2.059995889664
2.054127693176
2.048920631409
2.044927120209
2.041586399078
2.039209842682
2.036530971527
2.034961700439
2.031673192978
2.033092021942
2.031702518463
2.067446708679
2.159509181976
2.511785984039
2.536966323853
2.172722816467
2.052558660507
2.047280311584
2.040141820908
2.036731004715
2.037028312683
2.036757230759
2.035516500473
2.032657861710
2.028608560562
2.023831605911
2.018790483475
2.013865470886
2.009401559830
2.005475282669
2.002169609070
1.999322652817
1.996868371964
1.994515895844
1.992159247398
1.989656209946
1.986883163452
1.984089851379
1.981150150299
1.978577017784
1.976151704788
1.976167559624
1.984757542610
2.035022735596
2.283752202988
2.385254383087
2.335565805435
2.136027812958
2.087886333466
2.008384943008
1.997199535370
1.998430967331
1.998718500137
1.998393893242
1.997373104095
1.995251774788
1.991366147995
1.985825538635
1.979097366333
1.971924781799
1.965083360672
1.958930850029
1.953814625740
1.949503421783
1.945953369141
1.942841529846
1.940265178680
1.937896490097
1.935896158218
1.933765411377
1.931849241257
1.929348468781
1.927398681641
1.924070477486
1.923105955124
1.917857646942
1.922155857086
1.912738323212
1.954951763153
1.994987726212
2.319593906403
2.444272041321
2.235530376434
1.988491773605
1.954931020737
1.959730267525
1.962156891823
1.962128520012
1.961221456528
1.958671808243
1.954549670219
1.948975443840
1.942169427872
1.934391379356
1.926237106323
1.918393611908
1.911396026611
1.905538320541
1.900610208511
1.896533131599
1.892988443375
1.889805555344
1.886878252029
1.884198904037
1.881597042084
1.879035472870
1.876476049423
1.873968124390
1.872136116028
1.871094226837
1.883088707924
1.927560567856
2.205818176270
2.365489244461
2.402759075165
1.991468906403
1.969038963318
1.929872035980
1.911151409149
1.897934436798
1.895001649857
1.891288757324
1.889370918274
1.886164665222
1.882441043854
1.877595663071
1.872844457626
1.868274688721
1.864687919617
1.861640930176
1.859094619751
1.856118202209
1.853169202805
1.849331259727
1.846346259117
1.841915130615
1.840703964233
1.834697961807
1.840309858322
1.831418514252
1.884100437164
1.943964242935
2.434122323990
2.738134145737
2.713843822479
2.067215204239
2.012374877930
1.980407476425
1.973176240921
1.967446804047
1.958744764328
1.948758840561
1.939244508743
1.931487202644
1.925547480583
1.920655488968
1.915361046791
1.908226728439
1.898796558380
1.887558937073
1.875645875931
1.864170312881
1.853793382645
1.844901204109
1.837620496750
1.831931352615
1.827626466751
1.824339389801
1.821769237518
1.819470167160
1.817266464233
1.814515948296
1.811900019646
1.807955026627
1.806025505066
1.800524353981
1.805482149124
1.800575256348
1.861646652222
1.946485996246
2.395350456238
2.288504123688
2.008594512939
1.881302118301
1.823820710182
1.831303834915
1.827500462532
1.825115442276
1.820974469185
1.817328929901
1.814089298248
1.810651898384
1.806379318237
1.800974130630
1.794783830643
1.788579583168
1.783034324646
1.778469324112
1.774895071983
1.771922111511
1.769304037094
1.766850948334
1.764441728592
1.762007236481
1.759421348572
1.756785154343
1.754112482071
1.751366019249
1.748952269554
1.746045827866
1.744676113129
1.741077899933
1.748383283615
1.761969327927
1.934972286224
2.376528501511
2.353699207306
1.938082218170
1.869698047638
1.792062282562
1.783966779709
1.783309340477
1.781203508377
1.778271198273
1.775020122528
1.771698594093
1.768170118332
1.764155864716
1.759523987770
1.754264593124
1.748566389084
1.742753982544
1.737352371216
1.732532262802
1.728424787521
1.724868774414
1.721725583076
1.718850016594
1.716192007065
1.713663697243
1.711299419403
1.708767652512
1.706602931023
1.703500151634
1.702543973923
1.697648286819
1.702696800232
1.693482398987
1.740725994110
1.780016660690
2.155193090439
2.137032270432
1.938594818115
1.825036287308
1.775930881500
1.760210990906
1.742161035538
1.731702089310
1.725723028183
1.725921392441
1.726724267006
1.726868629456
1.724255323410
1.719318151474
1.712062478065
1.704518318176
1.697246074677
1.691738128662
1.686935544014
1.684189319611
1.680681467056
1.680166482925
1.675595283508
1.680191516876
1.672399282455
1.715401887894
1.760243654251
2.224200487137
2.275944232941
2.280660390854
1.741392850876
1.744004011154
1.722762346268
1.719002485275
1.716398000717
1.714685797691
1.711420774460
1.708460807800
1.704042434692
1.699013471603
1.692243099213
1.685579538345
1.678585529327
1.673162817955
1.667889118195
1.665119409561
1.661563634872
1.663981437683
1.671105384827
1.723909139633
1.946398377419
1.971949577332
2.110464096069
1.767729997635
1.701111197472
1.678903818130
1.669064283371
1.666452765465
1.664772510529
1.662950038910
1.660243272781
1.657725453377
1.655061483383
1.652484178543
1.649695158005
1.646822452545
1.643592357635
1.640432000160
1.637040853500
1.633847713470
1.630457639694
1.627575397491
1.624354124069
1.622232317924
1.619138240814
1.618794202805
1.615591526031
1.623504757881
1.633213758469
1.712852716446
1.919430613518
1.896789789200
1.760542392731
1.715492844582
1.625186443329
1.654208660126
1.615700364113
1.631781339645
1.613187909126
1.629356026649
1.613279581070
1.633736133575
1.615465641022
1.658390522003
1.648075222969
1.728777050972
1.713720202446
1.719043016434
1.629629254341
1.638888716698
1.594202280045
1.607997298241
1.594141960144
1.601070880890
1.595581293106
1.604254245758
1.605997562408
1.641551613808
1.660338282585
1.781491637230
1.687813162804
1.659322857857
1.633900046349
1.597128868103
1.601613402367
1.576339602470
1.590106964111
1.571022629738
1.586223840714
1.568120718002
1.584574460983
1.564703464508
1.586848855019
1.562975645065
1.600352048874
1.570670008659
1.638598203659
1.602850794792
1.694559335709
1.630939245224
1.720019817352
1.652962207794
1.783392190933
1.746095895767
1.661012530327
1.586847305298
1.569180011749
1.570598006248
1.564192533493
1.568350553513
1.560192942619
1.567565441132
1.555806636810
1.573506355286
1.563412427902
1.613867998123
1.644063234329
1.694481611252
1.724924683571
1.692636728287
1.685901165009
1.620279073715
1.652456998825
1.575524330139
1.589983224869
1.559113502502
1.566276788712
1.548235058784
1.555622100830
1.543885231018
1.551884889603
1.544092893600
1.558441162109
1.559424877167
1.595794200897
1.619515299797
1.683878183365
1.677247047424
1.673162221909
1.594481348991
1.565991163254
1.545082807541
1.536961317062
1.537271261215
1.539299130440
1.539341568947
1.546954154968
1.542468547821
1.556828022003
1.545286297798
1.570497512817
1.548004984856
1.600400924683
1.570160388947
1.693336486816
1.589639425278
1.678236007690
1.536137580872
1.538385987282
1.509798765182
1.518894910812
1.504733800888
1.512549757957
1.500715374947
1.509927034378
1.495566129684
1.513862013817
1.494088292122
1.546099185944
1.528147101402
1.707814931870
1.691406965256
1.837982892990
1.684771299362
1.688364744186
1.560426712036
1.543628334999
1.511578798294
1.511173963547
1.504979968071
1.504972934723
1.501067042351
1.498687267303
1.494355082512
1.491253972054
1.487049460411
1.485114574432
1.481030702591
1.481340169907
1.475092053413
1.482841372490
1.470718145370
1.533126115799
1.573405265808
2.069244146347
1.965068340302
1.944495320320
1.820095777512
1.546888709068
1.519962668419
1.525960326195
1.526638031006
1.522626399994
1.518769860268
1.514560699463
1.508456945419
1.500747442245
1.493127942085
1.486696600914
1.481600522995
1.477685928345
1.474594950676
1.471785664558
1.468850374222
1.465830922127
1.462834477425
1.460013628006
1.457251071930
1.455035686493
1.452469348907
1.451023340225
1.448492288589
1.450290679932
1.454724550247
1.503756880760
1.676439166069
2.110966205597
2.003895282745
1.661927103996
1.613374233246
1.547647356987
1.499521970749
1.505698561668
1.501599311829
1.500943422318
1.494970083237
1.489937186241
1.481357812881
1.475171923637
1.467133283615
1.464123010635
1.457069396973
1.459658145905
1.449707508087
1.474202871323
1.474130272865
1.708137035370
1.782833695412
2.103035449982
1.575238823891
1.592620611191
1.539723038673
1.530807495117
1.494704365730
1.495388031006
1.485567688942
1.482543230057
1.476295948029
1.472562074661
1.466474771500
1.461582183838
1.455127716064
1.450963616371
1.445243716240
1.443226337433
1.437096834183
1.439080715179
1.428278207779
1.446428298950
1.424890756607
1.556738853455
1.623347282410
1.943129777908
1.588693141937
1.507133364677
1.442297935486
1.458144426346
1.442904710770
1.447218179703
1.443216919899
1.443525314331
1.439090013504
1.435676097870
1.429569244385
1.425165414810
1.419546484947
1.416825532913
1.412473678589
1.411945104599
1.406880736351
1.409504055977
1.400274515152
1.414479970932
1.397087931633
1.483675479889
1.546012759209
2.175592184067
2.546877384186
2.187922477722
1.840160965919
1.634789943695
1.609794974327
1.591471672058
1.572315692902
1.556495308876
1.546292662621
1.539514183998
1.531868815422
1.520569086075
1.506063342094
1.491557002068
1.479621648788
1.470457911491
1.463426828384
1.457647085190
1.452331900597
1.447028279305
1.441748261452
1.436255455017
1.431053400040
1.425825238228
1.421710848808
1.416759371758
1.415469884872
1.407780170441
1.421246528625
1.412996172905
1.621069431305
1.951972484589
1.692865014076
1.731905698776
1.559631943703
1.505646348000
1.458112716675
1.443664550781
1.435642480850
1.432391047478
1.427857398987
1.421594500542
1.413752794266
1.406477451324
1.401261329651
1.397812604904
1.395088911057
1.392236471176
1.388937354088
1.385344028473
1.381677865982
1.378046870232
1.374732494354
1.371884822845
1.369377732277
1.367470741272
1.365785360336
1.367153763771
1.375985860825
1.430289030075
1.643172621727
1.978419542313
1.754322528839
1.434225678444
1.413335561752
1.413959383965
1.409668087959
1.409198999405
1.398508429527
1.398614883423
1.388589859009
1.393382072449
1.379224061966
1.391509056091
1.369256854057
1.406704306602
1.372117757797
1.500421643257
1.432702898979
1.598004579544
1.400162935257
1.387062668800
1.369967937469
1.370724439621
1.407113075256
1.417037487030
1.514211297035
1.529541254044
1.488892555237
1.386883974075
1.384056806564
1.359929800034
1.360368728638
1.358814954758
1.358323097229
1.362563610077
1.365581870079
1.387248039246
1.413401722908
1.506296873093
1.603307723999
1.717753648758
1.564255952835
1.390546083450
1.356015443802
1.351997494698
1.353536963463
1.354465484619
1.351972937584
1.350595593452
1.346209883690
1.344312906265
1.339189529419
1.339650392532
1.332759261131
1.339834213257
1.326588630676
1.362247943878
1.350076556206
1.533451437950
1.571639299393
1.468750834465
1.421727061272
1.327587723732
1.357829928398
1.328128337860
1.344060659409
1.326870322227
1.338377118111
1.321860790253
1.339279055595
1.319064378738
1.356930971146
1.327229857445
1.432744503021
1.364858984947
1.556637525558
1.352349281311
1.379295825958
1.337064027786
1.343214750290
1.345108985901
1.358330488205
1.382159590721
1.406349062920
1.413956403732
1.412338137627
1.379241585732
1.356218934059
1.330751419067
1.337088584900
1.314999341965
1.347747802734
1.322782397270
1.390668630600
1.364546418190
1.476969957352
1.399912953377
1.482230186462
1.350870609283
1.357841253281
1.321152687073
1.326672673225
1.321215748787
1.322747230530
1.327464103699
1.322917461395
1.345508813858
1.332289218903
1.383441686630
1.345103621483
1.395852684975
1.325688123703
1.347864508629
1.295203566551
1.326395988464
1.291573524475
1.344891548157
1.318143844604
1.414288163185
1.388952136040
1.487351655960
1.396557688713
1.371095061302
1.320944547653
1.305141925812
1.299075365067
1.299034357071
1.294226884842
1.308782339096
1.296984076500
1.353599190712
1.332669258118
1.479409933090
1.384217500687
1.431555509567
1.320794701576
1.312980413437
1.303557634354
1.307010054588
1.345144391060
1.372861981392
1.487155914307
1.511191844940
1.530551314354
1.344936847687
1.318164825439
1.289160728455
1.297591090202
1.285573005676
1.291479587555
1.281131744385
1.289969086647
1.278644084930
1.302558779716
1.294741034508
1.387656569481
1.411169767380
1.622421026230
1.427828192711
1.331227064133
1.312641263008
1.288046240807
1.331210494041
1.282330751419
1.321628212929
1.274052381516
1.317131519318
1.269913554192
1.325148582458
1.276307821274
1.352500915527
1.299261331558
1.395656824112
1.333189964294
1.459572553635
1.427005290985
1.565103530884
1.570888638496
1.399715781212
1.277760624886
1.297252535820
1.279904842377
1.291091561317
1.273700952530
1.284173369408
1.265600919724
1.281559944153
1.258602619171
1.291119337082
1.260803937912
1.334389448166
1.311169266701
1.375807762146
1.321149110794
1.369723558426
1.318259000778
1.352557539940
1.363745808601
1.331591606140
1.372975230217
1.294230341911
1.301909565926
1.271737217903
1.267412185669
1.261954665184
1.254696846008
1.260693907738
1.250558614731
1.274004817009
1.263182878494
1.351249217987
1.357636809349
1.609218597412
1.420961976051
1.369327545166
1.260764598846
1.256011605263
1.251184344292
1.264741659164
1.263352751732
1.298459649086
1.330160379410
1.358995318413
1.374412536621
1.317815780640
1.259219646454
1.281542897224
1.244496703148
1.261346101761
1.238082408905
1.259814500809
1.238803148270
1.287196993828
1.261959433556
1.408046841621
1.337327599525
1.501905918121
1.383528113365
1.458155989647
1.324861884117
1.319800853729
1.266136288643
1.261085033417
1.245877742767
1.247725129128
1.239026069641
1.240641474724
1.231891274452
1.234886050224
1.224800586700
1.233826041222
1.217958807945
1.247779488564
1.221572399139
1.347151279449
1.363955974579
1.670682311058
1.461888313293
1.334945201874
1.255942821503
1.250693440437
1.241318702698
1.243098735809
1.235371708870
1.237348198891
1.227848172188
1.232119560242
1.220482826233
1.234466552734
1.220188736916
1.277077913284
1.310990929604
1.450520157814
1.532064318657
1.413061618805
1.386283993721
1.308722257614
1.294462323189
1.239857912064
1.240571022034
1.229550242424
1.230733633041
1.223933696747
1.222473740578
1.215416908264
1.215633153915
1.208350062370
1.217730045319
1.212669730186
1.286961913109
1.373845815659
1.951746463776
1.838440060616
1.405652880669
1.427147626877
1.484012722969
1.294949412346
1.276038408279
1.273870229721
1.271891355515
1.266539692879
1.258094191551
1.248624920845
1.240235805511
1.233584642410
1.228414416313
1.224378585815
1.221072673798
1.217989206314
1.215086340904
1.212054729462
1.209420204163
1.206722259521
1.204689025879
1.202301502228
1.201137661934
1.198275446892
1.199719071388
1.196331024170
1.216800451279
1.248638868332
1.467123866081
1.820560455322
1.879996895790
1.586778640747
1.379566192627
1.335980892181
1.321365118027
1.327771425247
1.322086215019
1.310740828514
1.298928737640
1.288399457932
1.277458786964
1.265982627869
1.255672812462
1.247790813446
1.241738438606
1.236376523972
1.231008768082
1.225625991821
1.219934225082
1.214927196503
1.208842515945
1.206281423569
1.198362350464
1.208545565605
1.202013969421
1.323782801628
1.519866466522
1.554822325706
1.744248628616
1.444766283035
1.534669995308
1.330367326736
1.259957194328
1.255005359650
1.253879070282
1.248793840408
1.240420103073
1.231851696968
1.224303007126
1.217694520950
1.211755514145
1.206437230110
1.201624870300
1.197532415390
1.193788528442
1.190884470940
1.187739372253
1.186734676361
1.185907840729
1.200878977776
1.243334174156
1.494492530823
1.823753833771
2.211803913116
1.589959979057
1.382419586182
1.294833898544
1.275007963181
1.265961885452
1.265417456627
1.257296919823
1.248159170151
1.239631652832
1.233042120934
1.226603031158
1.220941662788
1.214239835739
1.209273338318
1.202801346779
1.201217532158
1.192900180817
1.204378962517
1.200116515160
1.336572647095
1.495324611664
1.600957512856
1.477710723877
1.283791899681
1.239169955254
1.237994790077
1.216122865677
1.209811449051
1.205840349197
1.202506780624
1.196683168411
1.191536903381
1.184973955154
1.180693030357
1.175017595291
1.173746466637
1.167894363403
1.172455072403
1.162432670593
1.198333144188
1.210175275803
1.570363283157
1.729865312576
1.626206398010
1.250225305557
1.236155152321
1.212118148804
1.229333996773
1.219738006592
1.213065385818
1.202712535858
1.194701433182
1.188231945038
1.182954311371
1.178421974182
1.174549102783
1.171483039856
1.168764233589
1.166763424873
1.164151906967
1.163193941116
1.158919334412
1.162826776505
1.153114199638
1.198342084885
1.235122799873
1.661086797714
1.870423555374
1.516777515411
1.301010727882
1.327283859253
1.259657025337
1.247102618217
1.235840559006
1.230144500732
1.223031520844
1.215447187424
1.206917524338
1.198283672333
1.190523862839
1.184560179710
1.180317521095
1.177224874496
1.173901319504
1.170984745026
1.166790246964
1.164434075356
1.158853173256
1.163115978241
1.159466385841
1.238088607788
1.366458296776
2.057707309723
1.480747461319
1.438629150391
1.261092901230
1.255074262619
1.220812797546
1.223534703255
1.209349870682
1.205203294754
1.197404503822
1.191541910172
1.183824181557
1.176660299301
1.169309496880
1.163694143295
1.158773183823
1.155584096909
1.151907324791
1.149864077568
1.145685791969
1.145324468613
1.139339923859
1.144500017166
1.133593797684
1.164271235466
1.157974600792
1.376410245895
1.726256966591
3.765977621078
2.697378873825
2.056258678436
1.703721761703
1.639016151428
1.629425525665
1.601178765297
1.562304735184
1.526560664177
1.498431563377
1.469707131386
1.437789678574
1.410499334335
1.390894770622
1.375673413277
1.360992193222
1.345870018005
1.331297636032
1.318423986435
1.307229280472
1.297343134880
1.288382291794
1.280001759529
1.271547317505
1.263696551323
1.255316138268
1.248485088348
1.240365862846
1.237361192703
1.234195947647
1.268775701523
1.409106254578
1.966681241989
2.475757598877
1.487377643585
1.336422085762
1.297760248184
1.291267871857
1.289827942848
1.287144660950
1.281096935272
1.272597670555
1.263393878937
1.254946231842
1.247330069542
1.239361166954
1.230731844902
1.222293972969
1.214636921883
1.207870125771
1.201822757721
1.196174979210
1.190614819527
1.185615062714
1.180761814117
1.176833987236
1.172567486763
1.170065641403
1.165169477463
1.166703939438
1.159048557281
1.186007022858
1.201216816902
1.520149230957
1.647305369377
1.722604274750
1.267345905304
1.207315206528
1.207786083221
1.199490904808
1.198873639107
1.193893074989
1.190406441689
1.186603307724
1.182756662369
1.178016662598
1.173321723938
1.168279886246
1.164035677910
1.159350395203
1.156386017799
1.151537418365
1.151801347733
1.146760582924
1.171051859856
1.214222669601
1.549895286560
2.006037712097
1.711897373199
1.485981464386
1.313235044479
1.261712789536
1.252241849899
1.251289367676
1.243171453476
1.232191562653
1.223342537880
1.215629816055
1.208227872849
1.201360106468
1.194838285446
1.188467025757
1.182319164276
1.176457524300
1.171160459518
1.166336774826
1.161627888680
1.157192587852
1.152720332146
1.148740530014
1.144604682922
1.141753673553
1.137229084969
1.137516021729
1.129931926727
1.146435022354
1.140536189079
1.310612320900
1.571642875671
2.177151441574
1.572800993919
1.343930006027
1.278917789459
1.245778679848
1.230183601379
1.218589067459
1.209500789642
1.201746344566
1.195134282112
1.189461946487
1.183003425598
1.175412774086
1.167277216911
1.159980773926
1.153872728348
1.148850321770
1.144400358200
1.140179753304
1.136277675629
1.132522821426
1.129413485527
1.125965118408
1.123924732208
1.120083332062
1.120333313942
1.113694906235
1.122252821922
1.106440663338
1.162749767303
1.152477145195
1.591777443886
1.448384761810
1.586552381516
1.272549867630
1.210343003273
1.176925182343
1.169375300407
1.161700844765
1.156900644302
1.152474761009
1.147852540016
1.142602205276
1.137046098709
1.131667852402
1.126598715782
1.122143626213
1.117797732353
1.114289760590
1.110469460487
1.108424663544
1.104173064232
1.105859756470
1.098735094070
1.121551513672
1.130644083023
1.361865043640
1.758070945740
1.864459037781
1.393832683563
1.243143320084
1.202856540680
1.175339937210
1.174183726311
1.170688152313
1.165788412094
1.158661127090
1.150077104568
1.141414046288
1.133703947067
1.127226114273
1.122003316879
1.117659091949
1.113702416420
1.109935283661
1.106299877167
1.103030085564
1.099966764450
1.097293734550
1.094880700111
1.092791557312
1.090513706207
1.089252471924
1.086910247803
1.090286493301
1.093924999237
1.154642581940
1.254763841629
1.809807062149
1.610095739365
1.445655345917
1.398315787315
1.214102983475
1.233998060226
1.212942361832
1.185511231422
1.168754339218
1.159988880157
1.154020547867
1.148567318916
1.141658663750
1.133963346481
1.126599073410
1.120440721512
1.115187644958
1.110845327377
1.106644153595
1.103203058243
1.100004196167
1.099438190460
1.105673670769
1.142303109169
1.247435450554
1.612304210663
1.204784512520
1.305340051651
1.228536963463
1.209656715393
1.183111071587
1.160109281540
1.124202489853
1.116714596748
1.105441331863
1.101661324501
1.095088243484
1.092525720596
1.087287545204
1.087111711502
1.082786798477
1.088650465012
1.088894605637
1.130269050598
1.196601867676
1.393292069435
1.469412446022
1.157972097397
1.203371524811
1.125460982323
1.113064527512
1.104337692261
1.097598552704
1.092838406563
1.089774012566
1.086625576019
1.083825588226
1.082457542419
1.084529042244
1.092416763306
1.120140790939
1.177869915962
1.351525783539
1.447638392448
1.437913656235
1.170449972153
1.106900215149
1.104367017746
1.091544151306
1.094560623169
1.089622259140
1.090125560760
1.084762692451
1.084320425987
1.077966094017
1.080220937729
1.078592300415
1.098816514015
