4.141969680786
4.141190052032
4.140081882477
4.138682365417
4.137024879456
4.135140419006
4.133059978485
4.130804538727
4.128396034241
4.125855445862
4.123196125031
4.120427131653
4.117567062378
4.114624023438
4.111603260040
4.108515262604
4.105364322662
4.102162837982
4.098907470703
4.095600128174
4.092259883881
4.088883876801
4.085473060608
4.082030296326
4.078560829163
4.075056552887
4.071521759033
4.067961215973
4.064373970032
4.060755252838
4.057109832764
4.053434371948
4.049728870392
4.045993804932
4.042225837708
4.038421630859
4.034577369690
4.030694961548
4.026768207550
4.022796630859
4.018773078918
4.014687538147
4.010531902313
4.006302356720
4.001989364624
3.997586488724
3.993079662323
3.988461732864
3.983723163605
3.978859663010
3.973853111267
3.968697309494
3.963376998901
3.957879543304
3.952189922333
3.946298360825
3.940199136734
3.933892488480
3.927373170853
3.920647621155
3.913725376129
3.906626939774
3.899347066879
3.891900539398
3.884279251099
3.876497745514
3.868576049805
3.860512256622
3.852318286896
3.844016075134
3.835625648499
3.827154397964
3.818638324738
3.810075283051
3.801496982574
3.792935371399
3.784400463104
3.775932312012
3.767567634583
3.759321689606
3.751199722290
3.743213176727
3.735352039337
3.727573394775
3.719850301743
3.712183475494
3.704545974731
3.696928977966
3.689332962036
3.681784391403
3.674344778061
3.667044639587
3.659914970398
3.652999162674
3.646285533905
3.639780521393
3.633507728577
3.627449274063
3.621588230133
3.615921020508
3.610444307327
3.605138063431
3.599950551987
3.594878196716
3.589915752411
3.585041999817
3.580214738846
3.575451612473
3.570724487305
3.566037654877
3.561367273331
3.556715488434
3.552097797394
3.547504425049
3.542941570282
3.538404464722
3.533877372742
3.529362678528
3.524856567383
3.520356178284
3.515872478485
3.511389017105
3.506894588470
3.502375364304
3.497819900513
3.493224620819
3.488574028015
3.483887672424
3.479161262512
3.474408626556
3.469642877579
3.464856624603
3.460054397583
3.455246448517
3.450427055359
3.445580720901
3.440721750259
3.435837268829
3.430922985077
3.425957441330
3.420958042145
3.415911197662
3.410834074020
3.405744314194
3.400643825531
3.395467281342
3.390228271484
3.385168552399
3.379895210266
3.374921798706
3.369481325150
3.364785194397
3.358989715576
3.355431318283
3.349058389664
3.352264642715
3.351819515228
3.448013782501
3.678582429886
4.232403755188
3.398407936096
3.389272689819
3.377068281174
3.373594760895
3.374706029892
3.375523567200
3.373679161072
3.368796348572
3.361566066742
3.352977275848
3.343839406967
3.334584236145
3.325506687164
3.316735267639
3.308264732361
3.299869298935
3.291627407074
3.283567428589
3.275942325592
3.269012451172
3.262941837311
3.257636547089
3.253057479858
3.248718738556
3.244453191757
3.240170240402
3.235841274261
3.231329441071
3.226585388184
3.221477508545
3.216344356537
3.211099386215
3.206046104431
3.201113224030
3.196350097656
3.191668748856
3.187214851379
3.182825565338
3.178518295288
3.174260139465
3.169972181320
3.165704727173
3.161388397217
3.157104253769
3.152783393860
3.148496866226
3.143856048584
3.139629364014
3.135146617889
3.131065845490
3.126312017441
3.122353792191
3.116694450378
3.114471912384
3.106247901917
3.110033512115
3.093430042267
3.130003929138
3.117848157883
3.579490661621
4.055706024170
3.370658874512
3.214865922928
3.203243732452
3.202126502991
3.200314044952
3.196055412292
3.189441204071
3.181130647659
3.171671628952
3.161366462708
3.150568485260
3.139852046967
3.129862070084
3.121138095856
3.113744974136
3.107137203217
3.100449085236
3.093023777008
3.084796190262
3.076245307922
3.067946434021
3.060317039490
3.053351402283
3.046855688095
3.040615081787
3.034482002258
3.028386592865
3.022329807281
3.016487836838
3.010956764221
3.005784988403
3.000920772552
2.996283054352
2.991803884506
2.987398624420
2.983062267303
2.978775978088
2.974508762360
2.970354080200
2.966239929199
2.962276935577
2.958353042603
2.954439640045
2.950550079346
2.946648597717
2.942718505859
2.938705921173
2.934659481049
2.930555343628
2.926518678665
2.922334194183
2.918274164200
2.914072513580
2.910139083862
2.905843496323
2.902183532715
2.897730827332
2.894633293152
2.889542102814
2.887897014618
2.880673885345
2.883879184723
2.870359420776
2.894838333130
2.874094963074
3.104506492615
3.503737688065
3.634908199310
3.135635375977
2.957196950912
2.949818134308
2.945406913757
2.941681146622
2.938545942307
2.934704065323
2.929891586304
2.924461603165
2.918409109116
2.911643505096
2.904293060303
2.896600246429
2.888873100281
2.881503582001
2.874628543854
2.868106365204
2.861716747284
2.855238437653
2.848468780518
2.841368198395
2.833990573883
2.826548099518
2.819302558899
2.812479257584
2.806321144104
2.800790786743
2.795716047287
2.791059970856
2.786616563797
2.782285690308
2.777807950974
2.773828983307
2.770011901855
2.766191244125
2.762454986572
2.758865118027
2.755245208740
2.751672744751
2.748310565948
2.744964838028
2.741420269012
2.737672567368
2.733958244324
2.730071544647
2.726465702057
2.722511768341
2.719286680222
2.715251445770
2.712377548218
2.708199024200
2.707356452942
2.703111171722
2.715236902237
2.725493907928
2.878988742828
3.156440734863
3.129839897156
2.741955280304
2.733973979950
2.706577777863
2.713743686676
2.715334415436
2.715499877930
2.714347362518
2.712204456329
2.709380865097
2.706120252609
2.702582836151
2.698749065399
2.694412708282
2.689424991608
2.683557987213
2.677564144135
2.671258926392
2.665046215057
2.659187316895
2.653700828552
2.648878097534
2.644693851471
2.640894412994
2.637327432632
2.633865356445
2.630263566971
2.626611232758
2.622901439667
2.619184017181
2.615730762482
2.612159967422
2.608826160431
2.605596065521
2.602604150772
2.599561929703
2.596644163132
2.593518733978
2.590579986572
2.587342500687
2.584882020950
2.581670284271
2.579753398895
2.574899435043
2.576078891754
2.566705226898
2.579490423203
2.558060884476
2.632627964020
2.665472745895
3.408969402313
3.514547348022
2.753130435944
2.720106124878
2.719105482101
2.712322711945
2.704890727997
2.697326183319
2.689029693604
2.679791688919
2.670181035995
2.661039829254
2.652753591537
2.644538879395
2.635288715363
2.625260353088
2.614931583405
2.605045318604
2.595859289169
2.587100505829
2.578315019608
2.569615125656
2.561458110809
2.553900003433
2.546525955200
2.539759874344
2.533970832825
2.528677940369
2.524118423462
2.520176649094
2.516666650772
2.513461112976
2.510170936584
2.507577180862
2.504785299301
2.502116918564
2.499320507050
2.496552705765
2.493669509888
2.490688800812
2.487552404404
2.484391212463
2.481104373932
2.477857112885
2.474549055099
2.471333742142
2.468219518661
2.465465068817
2.461944818497
2.459674358368
2.456193447113
2.454427242279
2.450680971146
2.449638366699
2.445142745972
2.445424079895
2.439239025116
2.442428827286
2.432473182678
2.442760229111
2.425114870071
2.454524040222
2.424678087234
2.521790981293
2.519530773163
2.876896142960
2.584633350372
2.483231067657
2.454238891602
2.433793544769
2.434509277344
2.433199405670
2.431157827377
2.429101467133
2.426717758179
2.424005270004
2.420932292938
2.417425155640
2.413608551025
2.409571647644
2.405600786209
2.401593446732
2.397814989090
2.394117116928
2.390574216843
2.387144327164
2.383822917938
2.380557060242
2.377197742462
2.374042749405
2.371115207672
2.368414640427
2.366198539734
2.363381624222
2.361148834229
2.358335018158
2.356247901917
2.353241205215
2.351511478424
2.348058700562
2.346971511841
2.342695713043
2.343038082123
2.336944103241
2.340520858765
2.330057144165
2.341008186340
2.321964263916
2.351361751556
2.315959215164
2.399738073349
2.353604555130
2.697700023651
2.489435434341
2.580166578293
2.363832950592
2.362180948257
2.338522911072
2.332879543304
2.329023599625
2.327389001846
2.325710535049
2.323762893677
2.321083068848
2.317795991898
2.313512086868
2.309298276901
2.304972887039
2.300915956497
2.297530651093
2.293961524963
2.290888547897
2.287897586823
2.285452604294
2.282428979874
2.280228376389
2.277454137802
2.275681972504
2.272786378860
2.271660089493
2.267990827560
2.267650365829
2.262969493866
2.265741109848
2.259468555450
2.279839992523
2.289635181427
2.519353151321
2.723698377609
2.694068908691
2.323835849762
2.328380584717
2.313616991043
2.299847126007
2.295863151550
2.294948101044
2.293792963028
2.290577173233
2.285250902176
2.278777837753
2.271952867508
2.265697956085
2.260147571564
2.255041360855
2.250042438507
2.245679855347
2.241086959839
2.236683130264
2.232873916626
2.229531526566
2.225377798080
2.222603321075
2.218575954437
2.216244220734
2.213196754456
2.210361957550
2.208142280579
2.205124855042
2.203009843826
2.199925184250
2.198098659515
2.194370269775
2.193921089172
2.187674522400
2.192573547363
2.178502559662
2.209593057632
2.182985305786
2.468607425690
2.814242601395
2.828352689743
2.432558298111
2.294775962830
2.282328844070
2.284369468689
2.288764953613
2.289528369904
2.285002946854
2.276201248169
2.264624118805
2.252176284790
2.240038633347
2.228762865067
2.218456745148
2.209012746811
2.200496435165
2.192812204361
2.186514377594
2.181632041931
2.177993297577
2.175055503845
2.171710968018
2.168138027191
2.164378643036
2.160889387131
2.157454729080
2.154591798782
2.151657581329
2.149327516556
2.146649122238
2.144612073898
2.141773462296
2.139917373657
2.136632204056
2.135076522827
2.131078720093
2.130332469940
2.125256061554
2.126254558563
2.119454383850
2.123613595963
2.113426685333
2.124232530594
2.107328414917
2.134655475616
2.106997728348
2.189685106277
2.183933258057
2.557300329208
2.447199344635
2.433399677277
2.199163675308
2.154231548309
2.130613565445
2.132818937302
2.133430004120
2.131596803665
2.128521442413
2.124469280243
2.119838953018
2.114334583282
2.109035491943
2.104093074799
2.099632978439
2.095786333084
2.092407464981
2.089416265488
2.086110591888
2.083327293396
2.080301284790
2.077886581421
2.075193881989
2.073315143585
2.070654869080
2.069328784943
2.066061019897
2.065781354904
2.060564517975
2.063691139221
2.053299188614
2.069362163544
2.047088861465
2.124640941620
2.127640247345
2.621935844421
2.267715692520
2.140821218491
2.096922874451
2.090091705322
2.079400539398
2.071973323822
2.065996408463
2.062566280365
2.059427738190
2.055932044983
2.051818132401
2.047582626343
2.043300628662
2.039315700531
2.035883903503
2.033015966415
2.030642509460
2.028318643570
2.026232242584
2.023630619049
2.021313667297
2.018608570099
2.016320943832
2.013769626617
2.011841535568
2.009900569916
2.007783651352
2.006090164185
2.003811597824
2.002848148346
1.999656438828
2.002648830414
1.999394416809
2.033900737762
2.116043806076
2.526964187622
2.425473690033
2.023812294006
2.048963546753
2.033328533173
2.033440351486
2.034898996353
2.033648014069
2.031446933746
2.027865171432
2.023194313049
2.017754793167
2.011751174927
2.006082534790
2.000829219818
1.995236396790
1.990837574005
1.986054420471
1.983086466789
1.979087114334
1.977958440781
1.973310232162
1.975095272064
1.967091798782
1.978099226952
1.958105921745
2.024243116379
2.040694952011
2.942399978638
2.813701868057
2.213515520096
2.136898040771
2.122061729431
2.116433143616
2.102140426636
2.081723213196
2.062349081039
2.047119140625
2.035993337631
2.027793884277
2.020970344543
2.014043331146
2.006497621536
1.998402595520
1.990365743637
1.983686566353
1.978610515594
1.975091218948
1.972587943077
1.970161199570
1.967217683792
1.963425636292
1.959525823593
1.955180168152
1.951532006264
1.947580337524
1.945229530334
1.941136002541
1.940127968788
1.934372663498
1.936208248138
1.926123738289
1.936381101608
1.916247367859
1.958983182907
1.931099891663
2.229197025299
2.289011001587
2.418924808502
2.293787240982
2.072488307953
1.988196611404
1.998669862747
1.994399547577
1.989163517952
1.983362674713
1.976010322571
1.968305230141
1.960393071175
1.952206730843
1.943956851959
1.936003446579
1.928776502609
1.922603368759
1.917817711830
1.914387702942
1.911985039711
1.910105347633
1.908302068710
1.906313657761
1.903943419456
1.901243925095
1.898450851440
1.895513653755
1.892558574677
1.889532089233
1.886602878571
1.883642077446
1.880935192108
1.878232240677
1.875841259956
1.873281717300
1.871214628220
1.868604421616
1.866970062256
1.864274740219
1.863091707230
1.860027074814
1.860039710999
1.855786323547
1.859987735748
1.853340625763
1.869676113129
1.865444660187
1.941870927811
2.043068408966
2.356021642685
2.043581485748
1.883882522583
1.967767477036
1.862021684647
1.892321586609
1.873096466064
1.872851371765
1.868194818497
1.864441514015
1.860008478165
1.855698585510
1.851693630219
1.848071932793
1.844594001770
1.841564178467
1.838888645172
1.836608886719
1.834445476532
1.832425117493
1.830239295959
1.828401327133
1.825604438782
1.824057340622
1.820623397827
1.820379495621
1.814746499062
1.819521665573
1.806029558182
1.832476854324
1.798972129822
1.966547846794
2.082604885101
2.296159982681
1.965721845627
1.969424247742
1.904961585999
1.855483770370
1.840444207191
1.838400840759
1.837342500687
1.836496114731
1.832439541817
1.826592683792
1.820232152939
1.814854264259
1.810552597046
1.807503461838
1.805187225342
1.803565502167
1.801597356796
1.799715399742
1.797604322433
1.795462369919
1.793737769127
1.790897846222
1.789421081543
1.785776972771
1.786056399345
1.780562043190
1.785592317581
1.775987148285
1.804553389549
1.821582078934
2.178877592087
2.597675800323
2.154417991638
2.156511306763
1.952370643616
1.864804506302
1.874877452850
1.866770029068
1.856045246124
1.847790479660
1.840008854866
1.831351637840
1.822693586349
1.815101861954
1.808258056641
1.801953077316
1.796737194061
1.792567968369
1.789364337921
1.786591768265
1.783916592598
1.781028032303
1.777676820755
1.774366140366
1.770643353462
1.767477750778
1.763911962509
1.761340141296
1.757575750351
1.756291866302
1.750842094421
1.753975868225
1.741537213326
1.762375473976
1.729367971420
1.846821784973
1.894008874893
2.910579204559
2.538456916809
2.043165206909
1.920611143112
1.931170463562
1.957591533661
1.963785886765
1.951660394669
1.931461811066
1.909851551056
1.890309333801
1.873453378677
1.858886957169
1.846491932869
1.836585283279
1.828278303146
1.820930719376
1.814243078232
1.807677745819
1.801126003265
1.794934153557
1.788874864578
1.783782958984
1.778905868530
1.774561285973
1.770285367966
1.766272544861
1.762237071991
1.758413672447
1.754528045654
1.750751852989
1.747003912926
1.743596434593
1.739725828171
1.736802816391
1.733173847198
1.730657815933
1.726779699326
1.725153326988
1.721083879471
1.720520257950
1.715468168259
1.717045783997
1.709547758102
1.716321468353
1.702890157700
1.723958611488
1.701321840286
1.783698081970
1.820618391037
2.287520408630
2.076838254929
1.871047496796
1.834228754044
1.791667938232
1.755930662155
1.756138205528
1.742653965950
1.739151716232
1.731651306152
1.725960612297
1.720257759094
1.715178251266
1.710925698280
1.707420349121
1.704750061035
1.702192664146
1.700074791908
1.697773575783
1.695933818817
1.693621516228
1.691359758377
1.689778566360
1.689194679260
1.693258285522
1.711170792580
1.826798558235
2.122770547867
2.734428167343
2.555599927902
2.386820793152
2.072723627090
2.015834808350
2.016085863113
2.004717826843
1.986440658569
1.965405583382
1.942956805229
1.919288635254
1.895955801010
1.874275803566
1.854577302933
1.836743116379
1.820752620697
1.807590961456
1.797578334808
1.789732098579
1.782555103302
1.774289250374
1.764877796173
1.755020380020
1.745830059052
1.738100767136
1.731600284576
1.726125955582
1.720863103867
1.716201663017
1.711623430252
1.707699179649
1.703938364983
1.700581073761
1.697214841843
1.693841934204
1.690132379532
1.686382532120
1.682436108589
1.678622245789
1.674739956856
1.670409083366
1.667159080505
1.663545608521
1.661003232002
1.657178759575
1.655445098877
1.651417255402
1.651382327080
1.646472454071
1.649585485458
1.644376516342
1.661550641060
1.679323554039
1.847872614861
2.275562286377
2.061702251434
1.783056497574
1.898399829865
1.707715511322
1.692335963249
1.687609672546
1.681236743927
1.672959446907
1.666293382645
1.661858797073
1.658746480942
1.655711293221
1.652229070663
1.647852659225
1.643392682076
1.639409065247
1.635755181313
1.632827758789
1.629500865936
1.626633167267
1.623821735382
1.621299028397
1.618803501129
1.616647720337
1.614492177963
1.612808942795
1.610825538635
1.609536528587
1.607251763344
1.606592416763
1.603348731995
1.604348301888
1.598386645317
1.605044841766
1.590660929680
1.620899558067
1.587423443794
1.778023004532
1.863001823425
2.654918909073
2.037986278534
1.775426149368
1.705770134926
1.682134985924
1.672565221786
1.669015169144
1.666305422783
1.663398027420
1.658001303673
1.650038361549
1.641665339470
1.634456157684
1.628665208817
1.624735116959
1.621036052704
1.617953181267
1.614643573761
1.611451029778
1.608136057854
1.605158567429
1.602378010750
1.600027084351
1.597669124603
1.595761060715
1.593411207199
1.591746687889
1.589088439941
1.587879180908
1.584467649460
1.584221363068
1.579160094261
1.581670999527
1.573117733002
1.582986116409
1.569385051727
1.605453491211
1.618146300316
1.899472355843
2.235449552536
2.041563510895
1.779069066048
1.646065950394
1.644863247871
1.624991059303
1.625532627106
1.620926141739
1.613814592361
1.605199217796
1.597924470901
1.593706130981
1.589843034744
1.586789488792
1.582545042038
1.578669309616
1.574757337570
1.571287989616
1.567198395729
1.564610838890
1.560772299767
1.559525489807
1.555491209030
1.556478500366
1.549826145172
1.555557608604
1.542068243027
1.564310550690
1.531774282455
1.623600006104
1.611054301262
2.330049514771
2.309172153473
1.732823610306
1.741560697556
1.645444035530
1.631140470505
1.632246494293
1.631304025650
1.628051042557
1.622561097145
1.615354061127
1.607258558273
1.598946928978
1.590926647186
1.583602786064
1.576952934265
1.571058511734
1.565652847290
1.560931205750
1.556697964668
1.553089499474
1.549958467484
1.547212839127
1.544662714005
1.542297482491
1.540017008781
1.537549495697
1.534923076630
1.532772421837
1.530249118805
1.528000354767
1.525525450706
1.523600935936
1.521205663681
1.520111560822
1.516655683517
1.519271731377
1.514480352402
1.530940771103
1.543916463852
1.695929050446
2.050927877426
1.961634516716
1.955014228821
1.723108768463
1.611368536949
1.571284770966
1.570513248444
1.572239160538
1.569077491760
1.563498973846
1.557299733162
1.551537752151
1.546084165573
1.540500402451
1.535108566284
1.530008554459
1.525538921356
1.521652221680
1.518571138382
1.515530705452
1.512788772583
1.510266065598
1.507746458054
1.505515456200
1.502890229225
1.500663161278
1.498162031174
1.496560335159
1.493308305740
1.493048667908
1.487910628319
1.491949081421
1.480809926987
1.503902316093
1.480126142502
1.628721833229
1.750764250755
2.763337850571
2.779355287552
2.165415525436
1.928601861000
1.854132175446
1.835784792900
1.824868440628
1.814204454422
1.797027945518
1.775516271591
1.752955317497
1.730482935905
1.708292126656
1.686663746834
1.665863275528
1.646594524384
1.629077315331
1.613264560699
1.599199652672
1.586594820023
1.575398445129
1.566255092621
1.558250904083
1.552268028259
1.547630906105
1.544095039368
1.540759325027
1.537477970123
1.533630371094
1.530421495438
1.526344299316
1.523664355278
1.519178628922
1.517085194588
1.512181520462
1.510833740234
1.504874229431
1.506964802742
1.498743653297
1.514503955841
1.508801221848
1.614404678345
1.782349586487
1.747262835503
1.688694357872
1.520072937012
1.509079217911
1.492772579193
1.503531217575
1.492641925812
1.497109174728
1.490626811981
1.491927623749
1.486168026924
1.485175728798
1.480001688004
1.478701949120
1.472828388214
1.473440408707
1.465449333191
1.470872879028
1.457381963730
1.475127100945
1.447273015976
1.509243249893
1.459153652191
1.839785814285
1.739699482918
2.101530790329
1.734330534935
1.529888749123
1.501858711243
1.497996687889
1.494229316711
1.493214726448
1.489084005356
1.485130906105
1.481187820435
1.477107882500
1.472703456879
1.468081235886
1.463571667671
1.459562301636
1.455960154533
1.452948927879
1.450330972672
1.448145270348
1.446067929268
1.444182395935
1.442554950714
1.440777778625
1.439081549644
1.437088847160
1.435544490814
1.433206081390
1.432122230530
1.429196119308
1.429207563400
1.425026893616
1.428122282028
1.419869065285
1.438782572746
1.426124453545
1.625449895859
1.855606913567
2.416077613831
2.381916046143
1.912614822388
1.765178322792
1.718293309212
1.683519601822
1.663092017174
1.643730998039
1.624596118927
1.606233000755
1.589587450027
1.574673891068
1.560490369797
1.547017812729
1.534116864204
1.522611021996
1.513073325157
1.505744576454
1.500154256821
1.495210409164
1.490534305573
1.485660552979
1.481357812881
1.476630926132
1.473264575005
1.468808770180
1.466605782509
1.461027145386
1.461043000221
1.452204704285
1.457919239998
1.441047072411
1.465172886848
1.430209636688
1.524718165398
1.476933360100
2.008564472198
1.642948150635
1.523530006409
1.491986751556
1.475030660629
1.456625223160
1.447056055069
1.445727109909
1.440182685852
1.437707543373
1.433397889137
1.431088328362
1.426696538925
1.425056099892
1.420338153839
1.420061707497
1.414447069168
1.417527794838
1.409670352936
1.421077728271
1.412559390068
1.463064312935
1.554660320282
1.660642504692
1.980010151863
1.728369116783
2.010025024414
1.901577711105
1.714702129364
1.588885068893
1.513575315475
1.494113683701
1.492141127586
1.492714405060
1.491217613220
1.486218810081
1.478870034218
1.470883965492
1.462971687317
1.454890131950
1.447183847427
1.440597891808
1.435175180435
1.430612325668
1.426497817039
1.422941803932
1.419692397118
1.416666269302
1.413710117340
1.410806775093
1.407708048820
1.404971957207
1.401967406273
1.399282932281
1.396299719810
1.394127964973
1.391049146652
1.389568567276
1.385969877243
1.386741161346
1.381335735321
1.388130426407
1.379365324974
1.413716793060
1.445107698441
1.786297440529
2.068786382675
1.762706160545
1.645700812340
1.567791342735
1.459523677826
1.462045431137
1.458712577820
1.452605724335
1.446062445641
1.438958644867
1.431203603745
1.423515796661
1.416300296783
1.409786939621
1.403988957405
1.399105668068
1.394965767860
1.391442060471
1.388513565063
1.385885953903
1.383264899254
1.380625486374
1.377864360809
1.375490069389
1.372339963913
1.370852470398
1.367056846619
1.367886900902
1.361815214157
1.371427297592
1.361414313316
1.415426135063
1.476046085358
2.060521602631
1.743829727173
1.556543111801
1.404521703720
1.428444743156
1.418957710266
1.407038927078
1.402218461037
1.398396372795
1.394612669945
1.390213489532
1.385570287704
1.380694270134
1.376019954681
1.371522903442
1.367470860481
1.364092826843
1.361208438873
1.358954906464
1.356763124466
1.355126261711
1.352924108505
1.351499915123
1.348802328110
1.347987890244
1.344184160233
1.345084905624
1.338676810265
1.345406770706
1.330464601517
1.358321428299
1.321959137917
1.454262137413
1.430734753609
2.355921745300
2.145495414734
1.968284606934
1.712910532951
1.604722142220
1.561220884323
1.534463763237
1.511541843414
1.497163295746
1.483997583389
1.471096396446
1.458075761795
1.444714546204
1.431361436844
1.418150305748
1.405689477921
1.395059108734
1.386547803879
1.380056142807
1.374769210815
1.370567321777
1.367212295532
1.364313960075
1.361498594284
1.359107851982
1.356545209885
1.354112625122
1.351403951645
1.348939418793
1.346368908882
1.343919515610
1.341250181198
1.338911771774
1.336219310760
1.334165453911
1.331402897835
1.329833388329
1.326686859131
1.326339602470
1.321919560432
1.325074672699
1.316976070404
1.330818295479
1.318843603134
1.383182048798
1.467202425003
1.638545989990
1.733836054802
1.578181028366
1.875180482864
1.466414213181
1.392821550369
1.380701303482
1.378287196159
1.377980470657
1.376008987427
1.370469093323
1.363319158554
1.356482982635
1.350316762924
1.344901800156
1.340037107468
1.335419178009
1.331417083740
1.328203678131
1.324832797050
1.321954131126
1.318581104279
1.315967679024
1.312149643898
1.310363650322
1.305691719055
1.306513547897
1.298755168915
1.308572769165
1.291793465614
1.343320131302
1.342344522476
1.880746483803
1.954629302025
1.830070734024
1.448720216751
1.398942947388
1.394621253014
1.384945392609
1.374989628792
1.367349863052
1.358801960945
1.350505828857
1.343275308609
1.337584376335
1.332543134689
1.327633023262
1.322348833084
1.317769169807
1.313706874847
1.310144305229
1.307092785835
1.304358839989
1.302069425583
1.299689531326
1.298000454903
1.295476317406
1.294847607613
1.291480302811
1.292961359024
1.286853551865
1.294157505035
1.282085299492
1.311881303787
1.303130388260
1.522605657578
1.733840465546
2.068303585052
1.740339279175
1.577773809433
1.416505813599
1.399078845978
1.402248144150
1.390624761581
1.379134654999
1.368701696396
1.359071016312
1.350324511528
1.342206120491
1.335171103477
1.328996896744
1.323858976364
1.319150328636
1.315162897110
1.311648845673
1.308280467987
1.305136680603
1.301477432251
1.298336982727
1.294271111488
1.291803359985
1.287181615829
1.286589860916
1.280540466309
1.283445835114
1.273022890091
1.286353826523
1.263594269753
1.318216085434
1.277752280235
1.665215969086
1.482555627823
1.757145047188
1.448655247688
1.336640596390
1.324526786804
1.296899795532
1.296224117279
1.292084336281
1.289223670959
1.287655591965
1.283915996552
1.281017065048
1.276840686798
1.273473262787
1.269744157791
1.267177939415
1.264187574387
1.262667059898
1.260081768036
1.259266972542
1.256453156471
1.256602764130
1.252282023430
1.255504727364
1.248577594757
1.261417388916
1.251505970955
1.320245862007
1.399146318436
2.040729284286
2.169912815094
1.728984713554
1.533029317856
1.456250786781
1.416898846626
1.391150712967
1.379757046700
1.371453166008
1.362378597260
1.351179599762
1.339070558548
1.327188730240
1.316274762154
1.306774616241
1.298419713974
1.291462659836
1.285857081413
1.281442165375
1.277974843979
1.274862051010
1.272350072861
1.269159317017
1.267361998558
1.263379096985
1.263004660606
1.257464885712
1.261172413826
1.249792814255
1.269182801247
1.242270469666
1.351183414459
1.387607216835
1.987020730972
1.769467830658
1.500147938728
1.741397380829
1.490121722221
1.345811843872
1.331981182098
1.330484390259
1.329821228981
1.329489231110
1.325144886971
1.316149353981
1.305419921875
1.295239686966
1.286665081978
1.279452800751
1.273271441460
1.268097996712
1.263657331467
1.259946703911
1.256524562836
1.253442287445
1.250379085541
1.247649431229
1.244832754135
1.242643237114
1.239921927452
1.238833427429
1.235432147980
1.237394332886
1.232765674591
1.252633452415
1.278663158417
1.579526185989
2.206465721130
2.034331560135
1.571939826012
1.390810370445
1.384652972221
1.378697872162
1.361044526100
1.349553227425
1.339623212814
1.329549074173
1.319219827652
1.309437274933
1.300605893135
1.292314052582
1.284814357758
1.277948856354
1.271893978119
1.266612052917
1.262161970139
1.258132934570
1.254062652588
1.250388979912
1.246483206749
1.243027687073
1.239482641220
1.236738204956
1.233622431755
1.231930732727
1.228580713272
1.227477550507
1.223426342010
1.223625421524
1.218022823334
1.220932245255
1.212653517723
1.223374962807
1.209779858589
1.248878240585
1.262660980225
1.509719610214
1.888813734055
1.649327039719
1.734037160873
1.470506072044
1.335040807724
1.297499179840
1.292405247688
1.291049122810
1.286890387535
1.279118180275
1.270681262016
1.263208389282
1.256748795509
1.250238180161
1.243962526321
1.238278746605
1.233576059341
1.229654073715
1.226777315140
1.223642349243
1.221621870995
1.217940330505
1.216952085495
1.211579322815
1.213799834251
1.204336166382
1.218501448631
1.198414206505
1.285093069077
1.322348356247
2.096520423889
1.615600824356
1.485439658165
1.496168494225
1.364218473434
1.299357533455
1.283589124680
1.282295227051
1.279377222061
1.273778796196
1.265868902206
1.256859660149
1.248257279396
1.240762948990
1.234544277191
1.229243993759
1.224707365036
1.220728635788
1.217104196548
1.213720083237
1.210350990295
1.207185268402
1.204098939896
1.201300144196
1.198554039001
1.196485519409
1.194277167320
1.192527770996
1.190723061562
1.189184308052
1.187613248825
1.186031937599
1.184812903404
1.182932019234
1.182879924774
1.179563283920
1.183978438377
1.179261803627
1.207781791687
1.241797447205
1.611415863037
1.945129394531
2.072162866592
1.558196902275
1.404061079025
1.363561153412
1.375703692436
1.360259175301
1.336911439896
1.318750739098
1.305236697197
1.292815208435
1.281375646591
1.270829796791
1.260761976242
1.251996040344
1.243655204773
1.237169384956
1.231204271317
1.227254748344
1.222555756569
1.219483375549
1.214759230614
1.212494492531
1.206988096237
1.206972956657
1.199249505997
1.204973697662
1.189858794212
1.214938044548
1.182723402977
1.312720060349
1.317170381546
2.065557479858
1.750231266022
1.368506312370
1.300634145737
1.284557104111
1.258075475693
1.251795887947
1.247500777245
1.241717100143
1.234774470329
1.227101802826
1.219365477562
1.212121605873
1.205644369125
1.199972152710
1.195122838020
1.190919876099
1.187126636505
1.183876156807
1.180728077888
1.177556633949
1.175145745277
1.172493815422
1.170654177666
1.168108701706
1.168024063110
1.163541197777
1.166861295700
1.158343553543
1.172094345093
1.156561017036
1.209583640099
1.235100269318
1.509585022926
1.745897293091
1.502695441246
1.858614325523
1.412931919098
1.285007715225
1.265819787979
1.260225534439
1.251298308372
1.243018865585
1.235781311989
1.229343056679
1.222497344017
1.214607119560
1.206531047821
1.199533820152
1.193544030190
1.188849806786
1.184644460678
1.181359529495
1.178155064583
1.175129175186
1.171722412109
1.168292641640
1.164880752563
1.161637187004
1.158818483353
1.155629754066
1.154277443886
1.150122284889
1.153129339218
1.144110918045
1.166887283325
1.155091285706
1.375406622887
1.590748310089
2.370469570160
1.908467650414
1.755096912384
1.587306380272
1.364461421967
1.368271589279
1.368022441864
1.357452511787
1.342479586601
1.324566841125
1.307257413864
1.292647838593
1.279846906662
1.267538309097
1.255419015884
1.244486570358
1.235414743423
1.228101730347
1.222657442093
1.217768549919
1.212961196899
1.206977367401
1.201613187790
1.195888280869
1.191124081612
1.186265230179
1.182567715645
1.178129434586
