4.138524055481
4.137794494629
4.136754035950
4.135440349579
4.133883953094
4.132115840912
4.130162239075
4.128038883209
4.125770568848
4.123377323151
4.120871543884
4.118259906769
4.115556240082
4.112769126892
4.109903335571
4.106970310211
4.103974342346
4.100923538208
4.097818374634
4.094666481018
4.091480731964
4.088257312775
4.084999084473
4.081710815430
4.078394889832
4.075053691864
4.071688652039
4.068305969238
4.064899444580
4.061472415924
4.058028221130
4.054563999176
4.051079750061
4.047574043274
4.044046401978
4.040495395660
4.036917686462
4.033311843872
4.029675960541
4.026005744934
4.022298812866
4.018548965454
4.014757156372
4.010917663574
4.007024288177
4.003074645996
3.999059677124
3.994974613190
3.990815639496
3.986576557159
3.982255458832
3.977844238281
3.973335742950
3.968725681305
3.964006900787
3.959169864655
3.954214572906
3.949122428894
3.943885564804
3.938497066498
3.932946205139
3.927217006683
3.921286582947
3.915128231049
3.908700466156
3.901969909668
3.894921302795
3.887563943863
3.879891872406
3.871920585632
3.863670349121
3.855190277100
3.846556186676
3.837793350220
3.828959941864
3.820082664490
3.811141490936
3.802168846130
3.793185949326
3.784238338470
3.775376319885
3.766633510590
3.758042573929
3.749619007111
3.741342067719
3.733194828033
3.725158691406
3.717248916626
3.709491729736
3.701925516129
3.694608211517
3.687550544739
3.680783748627
3.674307584763
3.668085098267
3.662056922913
3.656167984009
3.650441646576
3.644812107086
3.639263629913
3.633790969849
3.628363370895
3.622994184494
3.617665767670
3.612352848053
3.607074737549
3.601848363876
3.596664428711
3.591531753540
3.586485624313
3.581515789032
3.576669692993
3.571905374527
3.567234992981
3.562635183334
3.558098316193
3.553594589233
3.549095630646
3.544595718384
3.540044546127
3.535458087921
3.530829668045
3.526101112366
3.521315097809
3.516451835632
3.511517763138
3.506514549255
3.501473665237
3.496364116669
3.491226434708
3.486096382141
3.480957508087
3.475785732269
3.470608711243
3.465407609940
3.460197448730
3.454981565475
3.449740886688
3.444429397583
3.439101219177
3.433717727661
3.428299903870
3.422831773758
3.417344570160
3.411799669266
3.406448364258
3.400363683701
3.395242929459
3.388957977295
3.384210109711
3.377281904221
3.373479366302
3.364953994751
3.364267349243
3.351670980453
3.364254951477
3.345684051514
3.479233980179
3.634130716324
4.344626903534
3.414349079132
3.389449119568
3.375609636307
3.371397256851
3.371956348419
3.372720479965
3.371409416199
3.367634773254
3.362077713013
3.355569839478
3.348755121231
3.341737270355
3.334340572357
3.326345920563
3.317526578903
3.307842016220
3.297574758530
3.287271499634
3.277687072754
3.269245147705
3.261979103088
3.255717277527
3.250170230865
3.244934320450
3.239911556244
3.235020160675
3.230293750763
3.225638628006
3.220975399017
3.216136932373
3.211193799973
3.206151008606
3.201139926910
3.196156024933
3.191290378571
3.186503410339
3.181904792786
3.177358150482
3.172852993011
3.168351650238
3.163823843002
3.159311771393
3.154768466949
3.150259017944
3.145765781403
3.141355514526
3.136705636978
3.132383823395
3.127957820892
3.123923301697
3.119374752045
3.115428447723
3.110171794891
3.107726573944
3.100569963455
3.103041648865
3.089507579803
3.121108531952
3.122961521149
3.572324275970
4.099858760834
3.459437847137
3.253034114838
3.216722965240
3.201127052307
3.191498756409
3.183722019196
3.176360130310
3.169054031372
3.161694049835
3.154160499573
3.146478176117
3.138966321945
3.131988048553
3.125830650330
3.120365619659
3.114915847778
3.108534574509
3.100572586060
3.091074705124
3.080832958221
3.070729255676
3.061338424683
3.052852630615
3.045348882675
3.038596630096
3.032361507416
3.026367187500
3.020476102829
3.014760971069
3.009300708771
3.004184246063
2.999398231506
2.994915008545
2.990637302399
2.986453056335
2.982359647751
2.978280544281
2.974156141281
2.970096826553
2.966060638428
2.962127923965
2.958245277405
2.954345703125
2.950490951538
2.946627855301
2.942781448364
2.938889503479
2.934988498688
2.931035041809
2.927169799805
2.923189878464
2.919336557388
2.915368318558
2.911623477936
2.907511234283
2.903947830200
2.899611949921
2.896494865417
2.891525506973
2.889705657959
2.882787227631
2.885430335999
2.873018026352
2.895839691162
2.879563331604
3.109218597412
3.522028923035
3.693659305573
3.125809431076
2.984477519989
2.959115266800
2.943370819092
2.934005022049
2.929369688034
2.926408052444
2.923724174500
2.920913696289
2.917657852173
2.913609504700
2.908710718155
2.903034687042
2.896802425385
2.890197992325
2.883224010468
2.875819444656
2.867960929871
2.859700202942
2.851185798645
2.842658996582
2.834344863892
2.826507568359
2.819329500198
2.812848806381
2.807035207748
2.801761388779
2.796793222427
2.792031764984
2.787353038788
2.782691955566
2.777959585190
2.773727416992
2.769588232040
2.765606164932
2.761784553528
2.758156776428
2.754524230957
2.751314878464
2.747660160065
2.744377851486
2.740731239319
2.737456321716
2.733780384064
2.730603694916
2.726695537567
2.723814487457
2.719553232193
2.717464685440
2.712456464767
2.712157249451
2.705451250076
2.711824178696
2.705367088318
2.752089977264
2.838146209717
3.278854846954
3.062616348267
2.757443904877
2.738814353943
2.706563234329
2.715823411942
2.717956542969
2.718016386032
2.716078042984
2.712575435638
2.708002567291
2.702914714813
2.697787284851
2.692926883698
2.688278675079
2.683712005615
2.678821802139
2.674136161804
2.669076919556
2.663906097412
2.658625841141
2.653214454651
2.648136854172
2.643450260162
2.639093399048
2.635073900223
2.631398677826
2.627936124802
2.624749898911
2.621683597565
2.618674993515
2.615784883499
2.612887382507
2.610072612762
2.607084751129
2.604219436646
2.601222276688
2.598372459412
2.595350980759
2.592592716217
2.589503526688
2.587461471558
2.584257602692
2.582638740540
2.577620029449
2.579279661179
2.569096565247
2.583289384842
2.559456825256
2.640630245209
2.667606353760
3.483059167862
3.529260635376
2.808171033859
2.752516984940
2.734065532684
2.716446876526
2.704371213913
2.695269346237
2.686801910400
2.678240776062
2.669959545135
2.662635326385
2.656185865402
2.649344921112
2.640558481216
2.629735231400
2.617830753326
2.606203556061
2.595535278320
2.585917472839
2.576770544052
2.567804336548
2.559398174286
2.551411151886
2.543950557709
2.537450790405
2.532205104828
2.528028488159
2.524446487427
2.521238803864
2.518137693405
2.515036344528
2.511706829071
2.508814334869
2.505930900574
2.503111839294
2.500349044800
2.497556686401
2.494741201401
2.491763591766
2.488679409027
2.485453605652
2.482116222382
2.478758573532
2.475383043289
2.472017288208
2.468861818314
2.465771675110
2.462792873383
2.460202932358
2.457378625870
2.455004453659
2.452190876007
2.450159072876
2.447164058685
2.445672512054
2.442046165466
2.441830158234
2.436591625214
2.440141916275
2.432206153870
2.446480274200
2.438982486725
2.498133659363
2.555860042572
2.789711236954
2.627846717834
2.442352294922
2.454033613205
2.435940742493
2.437143802643
2.434333324432
2.431429862976
2.429508924484
2.427933692932
2.426114797592
2.423772335052
2.420560121536
2.416583538055
2.412028789520
2.407396793365
2.402692079544
2.398455619812
2.394370317459
2.390660762787
2.387288331985
2.384110450745
2.381287574768
2.378678321838
2.376109123230
2.373506069183
2.370916604996
2.368733167648
2.365793704987
2.363633394241
2.360695123672
2.358733892441
2.355587005615
2.354084730148
2.350408077240
2.349681377411
2.344940662384
2.345924377441
2.338842630386
2.343572139740
2.331462383270
2.345246315002
2.322203397751
2.358150482178
2.314479351044
2.413992643356
2.353316307068
2.752845525742
2.513408422470
2.605458259583
2.356979370117
2.362263441086
2.335242509842
2.335186481476
2.333916187286
2.332383871078
2.329939842224
2.327051639557
2.323934078217
2.320458889008
2.316395521164
2.312414646149
2.308257818222
2.304053306580
2.300264835358
2.296365737915
2.292890071869
2.289819240570
2.287148714066
2.284714937210
2.282483339310
2.280049800873
2.277920007706
2.275267362595
2.273505210876
2.270253181458
2.268843650818
2.265326261520
2.266408920288
2.262134552002
2.279833078384
2.292343616486
2.515859365463
2.712125778198
2.628071308136
2.300944089890
2.316504955292
2.300920486450
2.291712045670
2.293366193771
2.298549413681
2.301990747452
2.301185607910
2.296127796173
2.288171052933
2.278746128082
2.269450902939
2.261249303818
2.254102706909
2.248106479645
2.243338823318
2.238770961761
2.235008001328
2.231724023819
2.228704690933
2.225142478943
2.222336053848
2.218870639801
2.216333627701
2.213761329651
2.211013078690
2.209180831909
2.206036329269
2.204495429993
2.201186895370
2.199804306030
2.195824146271
2.195691585541
2.189654350281
2.193913936615
2.182145118713
2.207884788513
2.193788766861
2.444992303848
2.885854959488
2.719019174576
2.371818065643
2.305644512177
2.297356605530
2.294173240662
2.291067123413
2.284600019455
2.274912357330
2.264711618423
2.255411863327
2.248167514801
2.242566347122
2.237418413162
2.231738328934
2.224856615067
2.216565132141
2.207012176514
2.197733402252
2.189615726471
2.183283090591
2.179030895233
2.175220251083
2.172302007675
2.169568538666
2.167361259460
2.164971590042
2.162966012955
2.160446405411
2.158331394196
2.155366182327
2.153093338013
2.149638891220
2.147694110870
2.143726110458
2.142578125000
2.137788772583
2.138094425201
2.131629705429
2.134705781937
2.125228643417
2.133004188538
2.118006229401
2.135016202927
2.109288692474
2.149286031723
2.103435993195
2.215976476669
2.166766405106
2.635035037994
2.424370765686
2.443249940872
2.199857950211
2.139515876770
2.143257856369
2.146976709366
2.146731853485
2.142593860626
2.137071609497
2.131609916687
2.126534461975
2.121359348297
2.116569519043
2.111695766449
2.106843471527
2.102148532867
2.097777605057
2.093714952469
2.090123891830
2.087132453918
2.084527969360
2.082156658173
2.079941987991
2.077788352966
2.075536489487
2.073384761810
2.070929527283
2.068958997726
2.066100835800
2.065162658691
2.061504125595
2.066125392914
2.063296318054
2.105885505676
2.175677776337
2.529964923859
2.310832977295
2.130249023438
2.089873790741
2.089677095413
2.077709436417
2.071851730347
2.068080902100
2.067762374878
2.067104816437
2.065432548523
2.062208890915
2.058231830597
2.053723812103
2.049005031586
2.044441461563
2.040219068527
2.036383152008
2.032966852188
2.030164241791
2.026978969574
2.024475812912
2.021820783615
2.019753217697
2.017415761948
2.015621185303
2.013882160187
2.011465311050
2.010047912598
2.006778240204
2.007106781006
2.000754356384
2.009455204010
1.994700670242
2.053496837616
2.091319561005
2.631642580032
2.407293319702
2.077877044678
2.089309692383
2.067600011826
2.053134918213
2.045398473740
2.038942575455
2.034433126450
2.030053138733
2.025297164917
2.020277023315
2.014738082886
2.009715080261
2.005140781403
2.000124454498
1.996312618256
1.991663694382
1.988774299622
1.984299421310
1.982868432999
1.977132797241
1.978783369064
1.969089269638
1.981431126595
1.957711219788
2.030014991760
2.031329631805
2.933286190033
2.714363098145
2.103338956833
2.050618648529
2.076292037964
2.089614868164
2.089375019073
2.080080986023
2.068703651428
2.058679819107
2.050642490387
2.044026613235
2.037885665894
2.030659198761
2.021402120590
2.010396480560
1.999025106430
1.988947749138
1.981333255768
1.976316928864
1.973293185234
1.970982670784
1.968546986580
1.965541839600
1.962305784225
1.959031343460
1.956394433975
1.953463435173
1.951195836067
1.947906732559
1.946232676506
1.941912651062
1.941766023636
1.935466766357
1.940690517426
1.929889082909
1.957431554794
1.960523486137
2.197430372238
2.370131015778
2.354840517044
2.280222415924
2.129107952118
2.003015279770
2.004338026047
1.999314069748
1.994169235229
1.987914562225
1.979942560196
1.972139477730
1.965175747871
1.958811998367
1.952779054642
1.946790575981
1.940675735474
1.934555530548
1.928725004196
1.923542737961
1.918932676315
1.914786815643
1.910974740982
1.907742500305
1.904917716980
1.902624845505
1.900599002838
1.898893356323
1.897040128708
1.895112037659
1.892849445343
1.890482902527
1.887880325317
1.885352849960
1.882704019547
1.880244016647
1.877757549286
1.875501394272
1.873338937759
1.871375560760
1.869412660599
1.867703676224
1.866020560265
1.864306688309
1.864654064178
1.863448143005
1.870895981789
1.878517985344
1.933149933815
2.058691501617
2.319334983826
2.034578800201
1.931493997574
1.990018606186
1.864725589752
1.898743629456
1.871449232101
1.873284101486
1.870175600052
1.868311762810
1.865537643433
1.862738609314
1.859420776367
1.856092214584
1.852208018303
1.848450541496
1.844817399979
1.841651201248
1.838806748390
1.836488723755
1.834250688553
1.832486867905
1.830402374268
1.829031944275
1.826200127602
1.825946569443
1.820755362511
1.825206279755
1.812217712402
1.838162660599
1.805351018906
1.975262641907
2.112774610519
2.292516231537
1.930262565613
1.981830596924
1.880863904953
1.872866392136
1.843001961708
1.838351011276
1.838665723801
1.838129043579
1.836155533791
1.832735776901
1.828223466873
1.823518157005
1.818401455879
1.813590764999
1.809134483337
1.805541276932
1.802384018898
1.799860477448
1.797577381134
1.795740485191
1.794376254082
1.792383193970
1.791324138641
1.788590788841
1.788513779640
1.783904790878
1.788158893585
1.779115200043
1.807530164719
1.822069406509
2.193069219589
2.565135478973
2.084023714066
2.117496013641
1.927963256836
1.886854648590
1.891814112663
1.881160497665
1.867843151093
1.858346462250
1.850295424461
1.842139482498
1.834134936333
1.826796054840
1.819748640060
1.812749862671
1.806280374527
1.800524950027
1.795559167862
1.791175127029
1.787339210510
1.784085273743
1.781229257584
1.779070496559
1.776940226555
1.775209426880
1.773015737534
1.770962715149
1.767841100693
1.765753269196
1.761160612106
1.761653900146
1.752848029137
1.765638589859
1.747135400772
1.835905551910
1.957710504532
2.808034420013
2.625018596649
2.107726812363
1.926829814911
1.944282412529
1.965995073318
1.968255281448
1.953981995583
1.933480262756
1.913368225098
1.896670341492
1.883031606674
1.871408700943
1.860840082169
1.851751327515
1.842615842819
1.832972764969
1.823516130447
1.814084410667
1.805209875107
1.797709941864
1.791082739830
1.786585092545
1.782479643822
1.779382228851
1.775990009308
1.772814989090
1.769388318062
1.766077756882
1.762558460236
1.759230852127
1.755799055099
1.752837419510
1.749025821686
1.746688365936
1.743176937103
1.741227507591
1.737552165985
1.736459374428
1.732410669327
1.732195615768
1.727014303207
1.728769421577
1.721043109894
1.727654099464
1.714191794395
1.734688520432
1.711928844452
1.793020248413
1.819957733154
2.299997806549
2.050963163376
1.913133025169
1.828245639801
1.815332531929
1.741157770157
1.751858115196
1.736528396606
1.738942742348
1.736985445023
1.734277367592
1.730783462524
1.724547624588
1.719269752502
1.713085412979
1.709084510803
1.704532861710
1.702382683754
1.698714256287
1.698241949081
1.694578647614
1.695194721222
1.690402507782
1.695874214172
1.690493583679
1.726599216461
1.810648560524
2.193346977234
2.744967222214
2.675189971924
2.658479928970
2.227152585983
2.101742744446
2.065154790878
2.034096240997
2.005858659744
1.980576038361
1.957295417786
1.935116291046
1.914690971375
1.896749377251
1.880778074265
1.865413784981
1.849152326584
1.832429170609
1.816089391708
1.800870776176
1.786925554276
1.774000406265
1.762447118759
1.752614974976
1.744662165642
1.738435745239
1.733449697495
1.729040741920
1.724498748779
1.720048308372
1.715538740158
1.711326956749
1.707313537598
1.703525543213
1.699773430824
1.695980072021
1.692075252533
1.688191652298
1.684293270111
1.680673718452
1.677137255669
1.673057436943
1.670420289040
1.666802406311
1.665125489235
1.660979866982
1.660418510437
1.655411124229
1.656997442245
1.650045871735
1.656423211098
1.645596265793
1.671322822571
1.669818878174
1.868316888809
2.187524557114
1.960132718086
1.786866188049
1.828380942345
1.694196939468
1.692834615707
1.702639341354
1.704199075699
1.697195887566
1.687028169632
1.677105665207
1.668921232224
1.662351131439
1.656797170639
1.651635885239
1.647297263145
1.643954873085
1.641092538834
1.639103889465
1.636737108231
1.634745836258
1.632703065872
1.630733728409
1.628697633743
1.626659631729
1.624550104141
1.622477412224
1.620223999023
1.618123292923
1.615656018257
1.613888978958
1.611105680466
1.610225796700
1.606673479080
1.608547091484
1.602402329445
1.616801023483
1.611773848534
1.738728642464
1.940514564514
2.473136186600
1.934957385063
1.808921575546
1.759070038795
1.720074415207
1.692157983780
1.674491286278
1.663955807686
1.658852815628
1.655398726463
1.650814414024
1.645116448402
1.638823628426
1.632187366486
1.626549720764
1.620962023735
1.616796016693
1.613175153732
1.610469818115
1.608049988747
1.606054902077
1.603954076767
1.601912379265
1.599223375320
1.596692919731
1.593458652496
1.591095328331
1.587677478790
1.586404681206
1.582574725151
1.583079695702
1.577638387680
1.581877946854
1.571850776672
1.585297703743
1.566583752632
1.611130833626
1.603045582771
1.910385966301
2.113158464432
1.911268234253
1.717215657234
1.655286550522
1.656484007835
1.639711737633
1.639418601990
1.636141300201
1.630313754082
1.620911478996
1.610099554062
1.600725650787
1.592658162117
1.587596893311
1.583729386330
1.581377506256
1.579483270645
1.577859401703
1.575340867043
1.573595404625
1.570253849030
1.568685054779
1.564521312714
1.564443111420
1.558167457581
1.561689019203
1.550184488297
1.567032814026
1.542874097824
1.618534326553
1.645677804947
2.284344673157
2.382645606995
1.756359815598
1.751196861267
1.680483460426
1.654258489609
1.648356199265
1.642213821411
1.635790944099
1.628903150558
1.621389508247
1.613407731056
1.605115890503
1.596851587296
1.589183568954
1.582065820694
1.575875997543
1.570339560509
1.566042065620
1.562556147575
1.559849381447
1.557636857033
1.555583000183
1.553455710411
1.551193833351
1.548913836479
1.546378493309
1.543950319290
1.541722416878
1.539511203766
1.537111043930
1.535169482231
1.532624244690
1.531515955925
1.528617978096
1.527718067169
1.526161432266
1.528399705887
1.533284664154
1.570768833160
1.686624526978
2.182171821594
2.067019224167
2.013353586197
1.709489107132
1.633466959000
1.596695661545
1.585593819618
1.576618552208
1.569974899292
1.565602183342
1.562609791756
1.559818267822
1.555997133255
1.550729990005
1.544574856758
1.538643598557
1.533767223358
1.530258297920
1.528168797493
1.526541829109
1.525158643723
1.523598551750
1.521644949913
1.519303321838
1.516792893410
1.513710856438
1.511184453964
1.508436679840
1.505978107452
1.503869533539
1.501509070396
1.500895738602
1.498416662216
1.505658149719
1.509469270706
1.597416639328
1.801668286324
2.578103303909
2.501073598862
2.288531303406
2.045762777328
1.948086738586
1.902487993240
1.872053027153
1.848349332809
1.822783231735
1.796449184418
1.771867752075
1.749302864075
1.727606892586
1.705941915512
1.683837652206
1.662362217903
1.643113493919
1.626921653748
1.613542318344
1.602181911469
1.591874599457
1.582517504692
1.573110342026
1.564439654350
1.556564450264
1.549668431282
1.543595671654
1.538270711899
1.533256053925
1.529091358185
1.524862527847
1.521647453308
1.517811179161
1.515301585197
1.511947154999
1.509627580643
1.506810188293
1.505537271500
1.504714012146
1.509880423546
1.525189280510
1.596865415573
1.853715181351
1.725454092026
1.637790679932
1.499274253845
1.518125891685
1.513694286346
1.525652885437
1.513177752495
1.511029481888
1.500383257866
1.497972249985
1.491901636124
1.490879774094
1.486929178238
1.485961437225
1.481379866600
1.481817483902
1.475875258446
1.479802489281
1.469978451729
1.482216596603
1.463700056076
1.508437991142
1.487684011459
1.799687981606
1.788531541824
2.057072639465
1.711094498634
1.590520024300
1.540878176689
1.524944305420
1.514581799507
1.508394002914
1.503412246704
1.500656127930
1.498558998108
1.495602488518
1.490854024887
1.485298275948
1.479962229729
1.475609064102
1.472472906113
1.470231294632
1.468456268311
1.466815233231
1.464972853661
1.463240742683
1.461134433746
1.459051847458
1.456813454628
1.454489111900
1.452496647835
1.450305104256
1.448607087135
1.446350216866
1.445286512375
1.443011522293
1.442844629288
1.441206097603
1.446961283684
1.461092710495
1.594276428223
1.983284235001
2.286290645599
2.209619760513
1.801822423935
1.707458734512
1.695253610611
1.686908364296
1.683876514435
1.673805475235
1.658053159714
1.639939785004
1.622464179993
1.607618331909
1.594988584518
1.583558797836
1.571566820145
1.558347225189
1.544911623001
1.532988667488
1.523085951805
1.515763759613
1.510003328323
1.505235075951
1.501263141632
1.497095108032
1.493409752846
1.488655328751
1.484743833542
1.478591918945
1.475916028023
1.467753529549
1.469870209694
1.456704854965
1.473228693008
1.448938131332
1.520126223564
1.498859286308
1.928312778473
1.578434944153
1.533692598343
1.523976802826
1.488147258759
1.473096847534
1.458136320114
1.453945159912
1.449387550354
1.445802450180
1.442205071449
1.438893675804
1.434926509857
1.432025551796
1.428365349770
1.426582336426
1.423444509506
1.423862576485
1.421626806259
1.426408290863
1.431241989136
1.463904619217
1.606207013130
1.667740106583
2.093325853348
1.876869201660
1.993762612343
1.852270007133
1.703527331352
1.607880830765
1.553445816040
1.536048412323
1.520036697388
1.506034135818
1.497419357300
1.492671012878
1.489572405815
1.486011385918
1.480556130409
1.472570061684
1.463536500931
1.455505132675
1.449300765991
1.444862127304
1.441473722458
1.438876509666
1.436386704445
1.433860063553
1.431107163429
1.428164482117
1.424893379211
1.421977996826
1.418817043304
1.416141748428
1.413325667381
1.411299228668
1.408527851105
1.407245278358
1.403912782669
1.404591679573
1.399598479271
1.405903697014
1.398024678230
1.430214643478
1.463189840317
1.785342812538
2.052170276642
1.654599070549
1.705436944962
1.611743211746
1.488901138306
1.487956047058
1.481647014618
1.473950386047
1.466482877731
1.458271980286
1.449046134949
1.439561605453
1.431138038635
1.424197196960
1.418626666069
1.414242386818
1.410299420357
1.407014489174
1.404319286346
1.401981472969
1.399856090546
1.397572159767
1.395360469818
1.393058419228
1.390655994415
1.388440012932
1.386199712753
1.384818196297
1.383000850677
1.385454654694
1.387353420258
1.418194293976
1.513706803322
1.977490067482
1.713418722153
1.606347084045
1.451615571976
1.447323918343
1.442232966423
1.430893421173
1.423095464706
1.416782379150
1.411695003510
1.407220602036
1.402966976166
1.398800849915
1.394858241081
1.391143321991
1.387885093689
1.385199785233
1.383033514023
1.381334900856
1.379696130753
1.378369092941
1.376414775848
1.374885439873
1.372550487518
1.371160030365
1.368265748024
1.367637872696
1.364181280136
1.366352200508
1.360278725624
1.372382402420
1.363967299461
1.437941431999
1.518867850304
2.189846277237
2.085808277130
2.206202983856
1.720463514328
1.572136282921
1.531514763832
1.524723172188
1.524058341980
1.526403427124
1.521727561951
1.509498596191
1.492332220078
1.473146200180
1.454691648483
1.438594937325
1.425666570663
1.415940523148
1.408666849136
1.402981042862
1.398048162460
1.393763065338
1.390117764473
1.386808753014
1.383589744568
1.380714058876
1.377831935883
1.375019311905
1.372235298157
1.369565606117
1.366912007332
1.364345669746
1.361754179001
1.359202384949
1.356606483459
1.354203462601
1.351673007011
1.349732756615
1.347233414650
1.346166014671
1.343322157860
1.344770193100
1.340295910835
1.349152565002
1.348325490952
1.395885348320
1.535414934158
1.655710101128
1.842528462410
1.667465209961
1.848865032196
1.478916645050
1.434255838394
1.424880981445
1.412001132965
1.402012467384
1.395318269730
1.389931201935
1.385363101959
1.381275177002
1.377015709877
1.372798204422
1.368754386902
1.364788174629
1.361545324326
1.359106302261
1.356779694557
1.354587435722
1.352023839951
1.349558830261
1.346287131310
1.343953251839
1.340208768845
1.339342474937
1.334401011467
1.339207291603
1.331199288368
1.364248037338
1.390871882439
1.821601629257
1.885174393654
1.790862798691
1.508331060410
1.460536122322
1.437180042267
1.410929679871
1.393827080727
1.384378194809
1.377700209618
1.371995806694
1.366975307465
1.362570762634
1.358504414558
1.353660583496
1.348289370537
1.343589425087
1.339601755142
1.336738348007
1.334431290627
1.332585096359
1.330590844154
1.328438282013
1.326136231422
1.323765993118
1.321922540665
1.319665312767
1.318832278252
1.316236853600
1.317960023880
1.315664052963
1.329399824142
1.350208759308
1.505415678024
1.828948020935
1.997216343880
1.707881331444
1.654668569565
1.446561336517
1.441254734993
1.439467668533
1.423574209213
1.408476591110
1.395538568497
1.384868860245
1.376075863838
1.368312239647
1.361346244812
1.354829549789
1.348869919777
1.343401908875
1.338963508606
1.335252761841
1.332077622414
1.329423546791
1.326068282127
1.323325991631
1.319529891014
1.316874861717
1.312986850739
1.311760783195
1.307835340500
1.308395504951
1.303206562996
1.309129953384
1.300143480301
1.330933570862
1.334352970123
1.616168141365
1.588577032089
1.742431998253
1.485373258591
1.413088321686
1.345452070236
1.322488069534
1.326162338257
1.324044346809
1.325072169304
1.322836041451
1.320188641548
1.316132903099
1.312382340431
1.308720707893
1.306098699570
1.303542137146
1.301751136780
1.299604415894
1.298118114471
1.295873641968
1.294822931290
1.292280793190
1.291769981384
1.289283633232
1.291256189346
1.289839744568
1.301897048950
1.328313946724
1.479751348495
1.922328591347
2.107650518417
1.883990168571
1.549194812775
1.442599773407
1.439241886139
1.433055877686
1.425255775452
1.412451267242
1.397889852524
1.383434057236
1.370794773102
1.360354304314
1.351090908051
1.341997861862
1.332987427711
1.324899911880
1.318252921104
1.313476562500
1.309860587120
1.306935191154
1.304452419281
1.301165699959
1.298928260803
1.294889450073
1.293645739555
1.288211226463
1.290355920792
1.281146764755
1.294938802719
1.279768943787
1.362360119820
1.469035625458
1.922021627426
1.802593350410
1.621204972267
1.690040349960
1.455676794052
1.380034327507
1.380351305008
1.372672796249
1.362432003021
1.355008959770
1.348814010620
1.341805815697
1.334005951881
1.325916886330
1.318408250809
1.312044858932
1.306938171387
1.302873134613
1.299456119537
1.296522378922
1.293834447861
1.290979266167
1.288056373596
1.284960627556
1.282059192657
1.279103994370
1.276532053947
1.273866415024
1.272186517715
1.270299434662
1.271987676620
1.279598355293
1.326880455017
1.570627689362
2.222599744797
2.087842702866
1.567333579063
1.439974308014
1.433521986008
1.414873123169
1.387914299965
1.370407938957
1.359546422958
1.351228833199
1.343195676804
1.334537506104
1.325632333755
1.317448616028
1.310837745667
1.305675506592
1.301545023918
1.298220753670
1.295609712601
1.293107628822
1.290658235550
1.288272857666
1.285427808762
1.282645225525
1.279900908470
1.277296662331
1.274899840355
1.272820949554
1.270457744598
1.268533825874
1.266207814217
1.264378428459
1.262171506882
1.260600686073
1.259428620338
1.259381055832
1.263241767883
1.275221228600
1.340336799622
1.493720293045
2.019786119461
1.595706582069
1.775715470314
1.593456983566
1.384356617928
1.351224184036
1.339523315430
1.332795739174
1.326343536377
1.317976236343
1.309707164764
1.303237199783
1.297240376472
1.291007041931
1.284707546234
1.279293060303
1.274849414825
1.271261572838
1.268461465836
1.266184091568
1.263895750046
1.261766195297
1.259542226791
1.257681250572
1.255244493484
1.254267930984
1.254122138023
1.260227322578
1.292657136917
1.443889617920
1.926151156425
1.645661115646
1.650019884109
1.544113159180
1.384270191193
1.330848693848
1.325077891350
1.322684884071
1.315702676773
1.307264089584
1.298943758011
1.291599512100
1.285276651382
1.279194831848
1.273208618164
1.267598986626
1.262699604034
1.258693337440
1.255423784256
1.252481937408
1.249624013901
1.246998548508
1.244289636612
1.241820096970
1.239340901375
1.237272024155
1.235109806061
1.233377575874
1.231577992439
1.230159521103
1.228478789330
1.227331995964
1.225673198700
1.224771261215
1.223154544830
1.222681641579
1.222148776054
1.226392269135
1.238082051277
1.297572135925
1.586206316948
1.955136418343
1.925922036171
1.533918857574
1.383893966675
1.391172528267
1.418023824692
1.401741385460
1.370314002037
1.344637155533
1.326656579971
1.313708186150
1.303896903992
1.295742750168
1.288569688797
1.282407283783
1.276575326920
1.271615862846
1.267426490784
1.264729142189
1.261572122574
1.259110450745
1.255611658096
1.253449678421
1.249690413475
1.248504638672
1.243670344353
1.245203018188
1.237505674362
1.249776840210
1.239126324654
1.322270393372
1.413278460503
1.949210166931
1.675584316254
1.506595849991
1.339062333107
1.334318876266
1.293378114700
1.288489937782
1.283431053162
1.278151512146
1.272552132607
1.265732884407
1.258246421814
1.250810861588
1.244004726410
1.238113999367
1.233263015747
1.229296684265
1.225903391838
1.222972989082
1.220285534859
1.217716932297
1.215510010719
1.213724613190
1.211520195007
1.210031867027
1.208707332611
1.206791639328
1.206744909286
1.204390287399
1.208125114441
1.210694193840
1.234821796417
1.327254533768
1.498365044594
1.926104545593
1.546866416931
1.880352258682
1.505579471588
1.344081282616
1.314907312393
1.308443546295
1.297272801399
1.285806655884
1.276313185692
1.268719434738
1.261311054230
1.253396987915
1.245529294014
1.238933682442
1.233682274818
1.229457497597
1.225627422333
1.222429871559
1.219365715981
1.216758966446
1.213527441025
1.211020350456
1.208055496216
1.205612063408
1.202689886093
1.201008677483
1.198157429695
1.197230696678
1.194570541382
1.195742368698
1.199106693268
1.223568320274
1.355942964554
1.748980045319
2.198450088501
1.853892087936
1.761218070984
1.732836484909
1.425115108490
1.417826414108
1.416345834732
1.407417535782
1.392396688461
1.371541142464
1.349551677704
1.330046653748
1.314139127731
1.301142811775
1.289795637131
1.279927253723
1.271213769913
1.263528466225
1.257322430611
1.251558423042
1.246425390244
1.240517020226
1.235350370407
1.229618310928
1.225017547607
1.220119357109
1.216738343239
1.212574958801
