4.123479843140
4.122718811035
4.121638298035
4.120278835297
4.118669986725
4.116846084595
4.114832878113
4.112656593323
4.110337257385
4.107898712158
4.105351448059
4.102700710297
4.099958896637
4.097131729126
4.094221115112
4.091240882874
4.088186264038
4.085069179535
4.081886768341
4.078640460968
4.075349330902
4.072000503540
4.068596363068
4.065137863159
4.061632156372
4.058068275452
4.054452419281
4.050786018372
4.047062873840
4.043289184570
4.039468765259
4.035592556000
4.031662940979
4.027678966522
4.023637771606
4.019537925720
4.015373229980
4.011142253876
4.006841659546
4.002452850342
3.997976541519
3.993399143219
3.988714218140
3.983913898468
3.978987216949
3.973918437958
3.968694210052
3.963290929794
3.957695484161
3.951887369156
3.945851325989
3.939550876617
3.932971954346
3.926106452942
3.918936729431
3.911456108093
3.903663158417
3.895565032959
3.887176275253
3.878526210785
3.869658946991
3.860590696335
3.851391077042
3.842120170593
3.832833290100
3.823602199554
3.814466953278
3.805461883545
3.796599864960
3.787889003754
3.779256343842
3.770674943924
3.762124538422
3.753584623337
3.745052099228
3.736567020416
3.728179454803
3.719949245453
3.711944103241
3.704174041748
3.696645498276
3.689348697662
3.682283163071
3.675432205200
3.668797969818
3.662353038788
3.656023979187
3.649790763855
3.643697023392
3.637727260590
3.631908178329
3.626225471497
3.620689392090
3.615293025970
3.610050678253
3.604937553406
3.599979877472
3.595080137253
3.590293884277
3.585632801056
3.581055402756
3.576571941376
3.572112560272
3.567702293396
3.563329696655
3.558999061584
3.554647922516
3.550288200378
3.545878410339
3.541399955750
3.536883831024
3.532297849655
3.527741432190
3.523172855377
3.518630027771
3.514099836349
3.509603977203
3.505117416382
3.500620841980
3.496124744415
3.491611957550
3.487035751343
3.482453107834
3.477796554565
3.473051309586
3.468241691589
3.463339805603
3.458328962326
3.453284740448
3.448216438293
3.443109989166
3.437950372696
3.432751893997
3.427481889725
3.422174930573
3.416792869568
3.411352872849
3.405822753906
3.400248527527
3.394578456879
3.388881921768
3.383146762848
3.377350568771
3.371466636658
3.365547180176
3.359362125397
3.353996276855
3.347406387329
3.342011451721
3.334800243378
3.330012321472
3.321689128876
3.318857431412
3.307717800140
3.311792612076
3.293904542923
3.333226680756
3.355851650238
3.826924800873
4.048903465271
3.340780735016
3.382467746735
3.361405372620
3.348092079163
3.342590808868
3.339489698410
3.335815906525
3.330672979355
3.324096679688
3.316514968872
3.307767391205
3.297891378403
3.286870956421
3.275256156921
3.263827323914
3.253311634064
3.244330406189
3.236870288849
3.230637073517
3.225162267685
3.220045089722
3.214910507202
3.208353996277
3.201153755188
3.193650245667
3.186235666275
3.179204940796
3.172691106796
3.166581392288
3.161396741867
3.156281709671
3.151679992676
3.146802902222
3.141685009003
3.136366367340
3.131198883057
3.126198768616
3.121509552002
3.117081165314
3.112766265869
3.108514308929
3.104290962219
3.100064992905
3.095821380615
3.091559171677
3.087218761444
3.082901000977
3.078480005264
3.074202060699
3.069517850876
3.065290212631
3.060708284378
3.057291507721
3.051477670670
3.049752235413
3.041160106659
3.049370527267
3.041735649109
3.144953012466
3.385017395020
4.582717895508
3.390323638916
3.161295175552
3.134463548660
3.136932373047
3.140281200409
3.139100790024
3.133185863495
3.124159336090
3.113461494446
3.102131843567
3.090589523315
3.079504013062
3.069665670395
3.061292648315
3.054486036301
3.048742771149
3.043151140213
3.036999225616
3.030220746994
3.023195266724
3.016389846802
3.009478092194
3.003104448318
2.997130393982
2.991344928741
2.985644340515
2.979832172394
2.973901033401
2.968003511429
2.962161540985
2.956394672394
2.950749397278
2.945360183716
2.940244197845
2.935493946075
2.930999755859
2.926689624786
2.922663450241
2.918779850006
2.915155410767
2.911633491516
2.908233404160
2.904860258102
2.901490688324
2.898091793060
2.894686937332
2.891272783279
2.887725830078
2.884238719940
2.880572795868
2.877044916153
2.873353719711
2.869880914688
2.866158962250
2.862960338593
2.859083652496
2.856292963028
2.851969718933
2.850211143494
2.844285964966
2.845752239227
2.835002899170
2.848505258560
2.824737548828
2.900769472122
2.928030014038
3.893834352493
3.338166713715
3.157410621643
2.954972267151
2.902557373047
2.885882377625
2.879086732864
2.876535892487
2.874022483826
2.869980335236
2.864319801331
2.857452392578
2.849300384521
2.840479612350
2.831892490387
2.824834346771
2.819392204285
2.815350055695
2.812118530273
2.808787822723
2.804715633392
2.799475669861
2.793042182922
2.785858631134
2.778405427933
2.771206378937
2.764639854431
2.758813381195
2.753822088242
2.749310255051
2.745249748230
2.741514921188
2.737681150436
2.734160423279
2.731011152267
2.727322340012
2.723759651184
2.720181941986
2.716684818268
2.713143825531
2.711904048920
2.709362268448
2.707410812378
2.703905344009
2.701287269592
2.696838378906
2.694643497467
2.689398527145
2.688956260681
2.681730270386
2.683738470078
2.673176765442
2.682171344757
2.660894393921
2.693613052368
2.638553380966
2.771723985672
2.675370216370
3.454802036285
2.874941825867
2.875022172928
2.730816364288
2.697094440460
2.675080776215
2.661431074142
2.650591850281
2.642183065414
2.636549949646
2.633546352386
2.632860183716
2.633837699890
2.635570764542
2.637049674988
2.637354850769
2.635796546936
2.632747173309
2.628239154816
2.622702121735
2.616805076599
2.610828876495
2.605813980103
2.601902484894
2.598793745041
2.596272468567
2.593946456909
2.591618061066
2.589188575745
2.586546421051
2.583722114563
2.579979419708
2.576676130295
2.573651075363
2.570756435394
2.568128108978
2.565580368042
2.563064336777
2.560461521149
2.557842254639
2.555254697800
2.553152561188
2.550744771957
2.547929763794
2.545708894730
2.542759180069
2.542725086212
2.539448738098
2.550707340240
2.567692279816
2.758683681488
3.248229026794
4.039595127106
2.780136346817
2.650753021240
2.632073402405
2.631688594818
2.634794473648
2.634437799454
2.628549098969
2.618103027344
2.605359315872
2.593040227890
2.582979679108
2.575311660767
2.569038391113
2.563166141510
2.557919502258
2.552975893021
2.547497749329
2.541237592697
2.534446954727
2.527056455612
2.520415782928
2.513762235641
2.507269620895
2.501395940781
2.495785713196
2.491507053375
2.487775087357
2.484656810760
2.481968641281
2.479418039322
2.476941585541
2.474340438843
2.471829175949
2.468868732452
2.465952873230
2.462706327438
2.459639787674
2.456414461136
2.453449010849
2.450450420380
2.447630405426
2.444828271866
2.442186355591
2.439397811890
2.436822175980
2.433085441589
2.430799245834
2.427312374115
2.425634384155
2.422134399414
2.421041488647
2.417046070099
2.416820287704
2.411725521088
2.413100242615
2.406035423279
2.410437583923
2.400178194046
2.413639307022
2.397550582886
2.439681053162
2.426448106766
2.623892784119
2.696647405624
2.722833156586
2.384110927582
2.402561187744
2.389683008194
2.389768123627
2.388462781906
2.387700319290
2.387496471405
2.387114048004
2.385687828064
2.383508682251
2.380604743958
2.377222537994
2.373721361160
2.370360374451
2.367279291153
2.365021228790
2.362765550613
2.360730171204
2.358818531036
2.356215715408
2.353206872940
2.350644111633
2.348253250122
2.346024036407
2.343865871429
2.342125654221
2.339456081390
2.337482690811
2.334826946259
2.332714796066
2.329940795898
2.327959299088
2.324981927872
2.323357820511
2.320023059845
2.319216728210
2.314860820770
2.315016746521
2.308485031128
2.313561916351
2.303422451019
2.320652484894
2.307748079300
2.361488342285
2.381817817688
2.647763967514
2.647814035416
2.478864669800
2.381065368652
2.317298650742
2.301856994629
2.296957492828
2.298780441284
2.298498153687
2.297569990158
2.295599460602
2.293083667755
2.289333343506
2.284723758698
2.280457973480
2.276581764221
2.273196697235
2.270676612854
2.268373727798
2.266329526901
2.264517068863
2.261708498001
2.259575605392
2.256906032562
2.254927635193
2.252533435822
2.251057863235
2.248548507690
2.247404098511
2.243316650391
2.244094371796
2.238524436951
2.244773626328
2.244918823242
2.289300441742
2.448320388794
2.770321369171
2.555779933929
2.368162155151
2.307688713074
2.281288623810
2.259081840515
2.248988628387
2.244143247604
2.241373300552
2.239436149597
2.237969636917
2.236782073975
2.235213279724
2.232888936996
2.230379104614
2.226644277573
2.222626447678
2.218234062195
2.212998390198
2.209114789963
2.206055641174
2.203681945801
2.201867580414
2.200239658356
2.198893308640
2.197089672089
2.195340871811
2.192662715912
2.190593719482
2.186753034592
2.184657096863
2.180738687515
2.179084777832
2.175115108490
2.174234151840
2.170080661774
2.170589923859
2.167655944824
2.176461696625
2.203040599823
2.383543252945
3.052026271820
2.789941549301
2.252708435059
2.212515592575
2.212872028351
2.226524829865
2.236631870270
2.237208604813
2.230614185333
2.223334789276
2.217020988464
2.211835861206
2.206370830536
2.199239253998
2.191449642181
2.184075117111
2.177481174469
2.171643972397
2.166788578033
2.163311004639
2.160430669785
2.158866167068
2.156560897827
2.154624223709
2.152336597443
2.150220632553
2.148007154465
2.145818233490
2.143317461014
2.140788078308
2.137641906738
2.134614467621
2.130970716476
2.128075599670
2.124177455902
2.121955156326
2.117842674255
2.116836547852
2.111990451813
2.113008022308
2.106815338135
2.110541343689
2.102694511414
2.110796928406
2.099134683609
2.120132446289
2.103422164917
2.170705556870
2.205090999603
2.535343408585
2.621550559998
2.354752063751
2.244824647903
2.087784290314
2.108591079712
2.103134632111
2.101700305939
2.100306987762
2.098530054092
2.096859931946
2.094397544861
2.091414213181
2.088738203049
2.086132764816
2.083859682083
2.081694126129
2.079384803772
2.075799465179
2.072706222534
2.068672180176
2.065461397171
2.061770915985
2.059819459915
2.057065010071
2.056432962418
2.053495883942
2.053845882416
2.048684835434
2.051420450211
2.040844440460
2.052474021912
2.029393911362
2.072540760040
2.027211427689
2.243709802628
2.258287906647
2.388143062592
2.051502227783
2.028926610947
2.023258686066
2.023525238037
2.027946233749
2.029335498810
2.031711339951
2.032778263092
2.033234357834
2.031893730164
2.029417991638
2.026058912277
2.022151470184
2.018111705780
2.014342069626
2.010624647141
2.007826328278
2.006268978119
2.004738330841
2.003765344620
2.002755165100
2.001767158508
2.000388145447
1.998604774475
1.996773004532
1.993670225143
1.991922378540
1.987293243408
1.988230109215
1.979188680649
1.991795301437
1.968814134598
2.043165922165
2.044229984283
2.649833917618
2.288191795349
2.005799531937
1.988141298294
2.000279903412
1.997298955917
1.998258113861
1.998664140701
1.998407125473
1.997169733047
1.994694948196
1.991386890411
1.986832380295
1.981869339943
1.976689338684
1.970779895782
1.965806961060
1.961207389832
1.958173751831
1.955509185791
1.954529523849
1.952717542648
1.953144073486
1.950967550278
1.954478144646
1.951489686966
1.984281063080
2.081801652908
2.779049873352
2.982356071472
2.289844036102
2.219043493271
2.188433647156
2.153349637985
2.121975183487
2.090193033218
2.060454130173
2.034256696701
2.012388229370
1.995515346527
1.983609437943
1.975156307220
1.968311548233
1.962785959244
1.959639310837
1.958404302597
1.959064722061
1.960675716400
1.961470365524
1.960628032684
1.957495808601
1.952776193619
1.946453809738
1.940301895142
1.934987545013
1.931124448776
1.927305340767
1.925449252129
1.921915888786
1.921868324280
1.915559768677
1.918809294701
1.907770633698
1.922680974007
1.902986049652
1.985939621925
2.036482810974
2.472148418427
2.102600097656
2.316341400146
2.079698085785
1.950939059258
1.939428329468
1.936630249023
1.938148975372
1.940335273743
1.940549850464
1.939207434654
1.936048984528
1.931125640869
1.925056457520
1.918413519859
1.911540508270
1.904889345169
1.898953914642
1.894125938416
1.890566587448
1.888075113297
1.886374354362
1.885251045227
1.883942246437
1.882971286774
1.881314992905
1.879563808441
1.876982927322
1.874337315559
1.870949029922
1.867821455002
1.864091396332
1.861049652100
1.857543826103
1.855145454407
1.851915836334
1.850459814072
1.847405433655
1.846682548523
1.843315124512
1.844080209732
1.839470863342
1.842812538147
1.836308956146
1.846318960190
1.837813496590
1.869329214096
1.887785315514
2.074450492859
2.227084398270
1.979008436203
1.924685478210
1.877647399902
1.833014011383
1.850379467010
1.835433721542
1.841052770615
1.840887546539
1.839989066124
1.837238311768
1.834352731705
1.830738425255
1.827591776848
1.824248790741
1.821596622467
1.819128036499
1.817136049271
1.815171003342
1.813608169556
1.811994552612
1.809938430786
1.808442831039
1.806586980820
1.804742455482
1.803153276443
1.800392508507
1.800165653229
1.795544147491
1.805053710938
1.803678989410
1.904568314552
2.162420988083
2.087591171265
1.946823120117
1.924475193024
1.854088068008
1.838067412376
1.823971629143
1.817093133926
1.822062492371
1.818634510040
1.813995480537
1.807075858116
1.799693584442
1.793079018593
1.787350296974
1.782930374146
1.779687643051
1.777074575424
1.775186657906
1.774145364761
1.772965192795
1.772639632225
1.771437287331
1.770526409149
1.768510580063
1.767575502396
1.764744400978
1.763977169991
1.761080980301
1.763190507889
1.770332098007
1.823216199875
2.085351943970
2.656844139099
1.989779710770
2.223140239716
1.835492610931
1.860027074814
1.836255431175
1.827890872955
1.812651395798
1.802447557449
1.796543359756
1.792715549469
1.789361834526
1.785658359528
1.781331300735
1.776642560959
1.772148609161
1.768613815308
1.765667438507
1.763339519501
1.761165261269
1.758795976639
1.756144046783
1.753241539001
1.750414252281
1.747609853745
1.745102643967
1.742387056351
1.740203619003
1.736975908279
1.735363721848
1.730776071548
1.731845617294
1.725027561188
1.744040727615
1.754864931107
2.044819593430
2.500522375107
2.860747575760
2.127007007599
1.829951524734
1.828964829445
1.853489398956
1.858082056046
1.848202586174
1.836325168610
1.828312158585
1.824517011642
1.822942495346
1.822889804840
1.822409033775
1.822026014328
1.819695711136
1.815058946609
1.809503793716
1.802194356918
1.794094562531
1.785280227661
1.775455474854
1.766807079315
1.758442521095
1.752194285393
1.747458696365
1.744293451309
1.742329597473
1.740782618523
1.739153862000
1.736891388893
1.733887672424
1.730747699738
1.726268768311
1.722176551819
1.717377424240
1.713774204254
1.710034370422
1.707329511642
1.704312801361
1.702686548233
1.700086116791
1.699658751488
1.696631669998
1.697650909424
1.693292737007
1.702079653740
1.697588682175
1.758324146271
1.846737265587
2.292832136154
2.092194318771
1.772529006004
1.794977426529
1.756423234940
1.736199617386
1.723399162292
1.721352219582
1.707032561302
1.705875873566
1.695574760437
1.694517850876
1.688252687454
1.687896132469
1.684150218964
1.684386491776
1.680647253990
1.681685209274
1.676633358002
1.678913354874
1.670775532722
1.677548170090
1.663233041763
1.684410333633
1.652630329132
1.735614776611
1.720396280289
2.328926086426
2.396405220032
2.615753650665
2.436567783356
2.131469249725
2.050296068192
2.043994426727
2.034067392349
2.020579338074
2.003531932831
1.981481552124
1.953275203705
1.920470237732
1.887031912804
1.856238603592
1.829762220383
1.807636380196
1.790004611015
1.776549339294
1.766412377357
1.758161067963
1.750094294548
1.741243362427
1.732166290283
1.723803997040
1.716624975204
1.710910797119
1.705835938454
1.701072454453
1.695945262909
1.690852999687
1.685859560966
1.681431293488
1.677355527878
1.673874258995
1.670547723770
1.667383193970
1.664129734039
1.660987377167
1.657804965973
1.654673576355
1.651364207268
1.648260474205
1.644952774048
1.642726898193
1.639242768288
1.637918233871
1.634016633034
1.634443521500
1.629547476768
1.633896708488
1.626159310341
1.646426200867
1.649874329567
1.820032238960
2.150116682053
1.936435103416
1.935070157051
1.796979188919
1.736376047134
1.685208678246
1.670289635658
1.660103082657
1.649916291237
1.640959739685
1.634424448013
1.630597591400
1.628162503242
1.625765562057
1.623282432556
1.620965242386
1.619421958923
1.617815017700
1.616245150566
1.614058375359
1.611826419830
1.609553813934
1.607248783112
1.605132579803
1.602875947952
1.600808143616
1.598680615425
1.596715688705
1.594594597816
1.592582941055
1.590346336365
1.588427305222
1.585909008980
1.584643840790
1.581872582436
1.583236336708
1.582503080368
1.603885769844
1.668289184570
1.969530940056
2.266751527786
1.848567962646
1.825748443604
1.675694465637
1.649161100388
1.638938546181
1.636375308037
1.635186195374
1.632776975632
1.627214312553
1.619002699852
1.610815882683
1.604251146317
1.599469065666
1.596392869949
1.593464970589
1.591324567795
1.589009165764
1.586811542511
1.584485888481
1.582436203957
1.580261588097
1.578294515610
1.575994014740
1.573901295662
1.571328639984
1.568998694420
1.565901160240
1.563790202141
1.560232162476
1.558873534203
1.554715156555
1.555551886559
1.549782276154
1.555754542351
1.547917723656
1.573134899139
1.592401862144
1.817446470261
2.111793041229
1.864222288132
1.783768773079
1.671275615692
1.649034857750
1.618531346321
1.596527457237
1.583927392960
1.576073765755
1.571178078651
1.568395853043
1.567129015923
1.565425395966
1.563147425652
1.559639573097
1.555800199509
1.552079439163
1.548493385315
1.545706152916
1.543720245361
1.542033791542
1.540735125542
1.539463758469
1.538037538528
1.536377906799
1.534719824791
1.533303737640
1.533055543900
1.537450313568
1.557414531708
1.690613508224
2.058522939682
2.689757347107
1.634366750717
1.687912702560
1.573512911797
1.605535387993
1.602679014206
1.598457098007
1.596615314484
1.594815492630
1.591276526451
1.587609171867
1.583810329437
1.578794717789
1.572739005089
1.566031932831
1.559100627899
1.552195787430
1.546663284302
1.542296767235
1.538933992386
1.536545038223
1.534794569016
1.533326625824
1.531913399696
1.530146598816
1.527594089508
1.524391174316
1.521705150604
1.517514705658
1.514871835709
1.510349869728
1.508448004723
1.503409266472
1.506182789803
1.496507883072
1.508962869644
1.489509105682
1.530417680740
1.500896453857
1.737423419952
1.893829464912
2.107567310333
1.928873062134
1.567619800568
1.551372170448
1.554310321808
1.559075593948
1.557882905006
1.553535461426
1.545210123062
1.535552024841
1.527796745300
1.522146224976
1.518097400665
1.514592885971
1.511462688446
1.508548617363
1.505772471428
1.503170609474
1.500456213951
1.498009920120
1.495553970337
1.493454098701
1.490540027618
1.488779306412
1.485827326775
1.484185457230
1.480924844742
1.479684710503
1.475335121155
1.476265192032
1.468896150589
1.478482246399
1.462707996368
1.507627606392
1.512338519096
1.914071917534
2.287726163864
2.692833900452
2.345023155212
2.097654104233
1.981081247330
1.953762054443
1.939356923103
1.926212430000
1.905105471611
1.876480579376
1.842431068420
1.805099010468
1.766072034836
1.726998090744
1.689288258553
1.653872728348
1.621587514877
1.592919588089
1.569516181946
1.552073717117
1.540693998337
1.535087466240
1.533527612686
1.535125136375
1.537724494934
1.540067672729
1.540197491646
1.537833929062
1.532730817795
1.526575207710
1.518909454346
1.512648105621
1.505549907684
1.501705169678
1.496184587479
1.495508909225
1.489806652069
1.494266867638
1.484769582748
1.504335284233
1.490606188774
1.593307375908
1.717459559441
1.629895210266
1.609328985214
1.518282175064
1.483007788658
1.483551859856
1.486019968987
1.483064770699
1.486237883568
1.483780145645
1.484294891357
1.479730010033
1.476892352104
1.470957040787
1.466861009598
1.460561394691
1.458644628525
1.452670574188
1.455235242844
1.447987437248
1.458846330643
1.444474220276
1.482282757759
1.468916177750
1.732200503349
1.786765217781
1.913088321686
1.797418713570
1.449734568596
1.491434097290
1.484565138817
1.491510987282
1.485399246216
1.480947256088
1.475685834885
1.470740795135
1.466206669807
1.462516188622
1.459143519402
1.455316424370
1.451891422272
1.448559880257
1.445589065552
1.443394899368
1.441761970520
1.440809249878
1.439729809761
1.439115643501
1.438426256180
1.436804771423
1.435264706612
1.432866692543
1.430738091469
1.428093791008
1.426470637321
1.423592805862
1.423146128654
1.420063138008
1.421957373619
1.421802878380
1.439561247826
1.531655788422
1.867840170860
1.999146699905
2.248243331909
1.822657823563
1.711492776871
1.674326419830
1.647502779961
1.631701946259
1.613013982773
1.592312097549
1.573933124542
1.559031248093
1.546950817108
1.535963654518
1.526277542114
1.515845894814
1.506910085678
1.498709678650
1.491103053093
1.484863400459
1.478317379951
1.471881151199
1.466434240341
1.461399793625
1.457503080368
1.454465150833
1.451899290085
1.449854612350
1.447002410889
1.445206880569
1.441482186317
1.439893960953
1.434407114983
1.439192414284
1.432513952255
1.474605560303
1.508537888527
1.854708790779
1.708043098450
1.504361987114
1.503805637360
1.450511932373
1.458622217178
1.415925383568
1.435680150986
1.412824392319
1.422712445259
1.410769701004
1.416302680969
1.407923936844
1.413888216019
1.405452132225
1.413898944855
1.401466608047
1.416911959648
1.392167329788
1.430080175400
1.380964636803
1.493298411369
1.447615027428
1.776974797249
1.728915572166
1.812625288963
1.760495901108
1.822811603546
1.569973111153
1.505989789963
1.479342460632
1.484827637672
1.483764529228
1.479179382324
1.473293304443
1.463735222816
1.452092766762
1.440955400467
1.433022618294
1.427354335785
1.423869132996
1.421258091927
1.418907999992
1.416332244873
1.413251876831
1.410274028778
1.407536268234
1.404820919037
1.402301192284
1.399678111076
1.397308111191
1.394124746323
1.391871929169
1.388480901718
1.386140227318
1.382530927658
1.381072521210
1.376703858376
1.377480626106
1.371423840523
1.377277374268
1.366174221039
1.388900399208
1.370070576668
1.510942697525
1.601625084877
2.401973485947
1.651135325432
1.740472793579
1.559041142464
1.445134878159
1.451989531517
1.451997160912
1.446542859077
1.439321875572
1.431770324707
1.423962950706
1.416468143463
1.408720016479
1.401459574699
1.395577907562
1.390972614288
1.388360619545
1.386963367462
1.385951995850
1.385115742683
1.384280443192
1.382763147354
1.380849003792
1.377788543701
1.375110387802
1.371501326561
1.369348287582
1.365206122398
1.366049766541
1.361471891403
1.373064279556
1.385592699051
1.517620563507
1.936255931854
1.739063739777
1.523294329643
1.370068073273
1.408169269562
1.399900078773
1.391566038132
1.388921499252
1.388093948364
1.386513948441
1.382405519485
1.377185940742
1.371878027916
1.366995930672
1.362805128098
1.359599828720
1.357327461243
1.356233716011
1.355710148811
1.355587363243
1.354879379272
1.354380249977
1.352577209473
1.350906610489
1.347871065140
1.346029877663
1.342345714569
1.341376781464
1.336789846420
1.339819550514
1.333878159523
1.353440999985
1.368898868561
1.544069170952
1.902706623077
2.334512233734
1.878694295883
1.760183215141
1.600955128670
1.559050917625
1.559494495392
1.535500884056
1.514100074768
1.490254044533
1.469080805779
1.451610922813
1.437439084053
1.427125930786
1.417372226715
1.406831264496
1.396902084351
1.388424634933
1.382728099823
1.378687620163
1.376333713531
1.374797582626
1.373400330544
1.371439099312
1.369452714920
1.366587400436
1.363326668739
1.359362483025
1.355637550354
1.351633071899
1.348394036293
1.344951391220
1.342611312866
1.339786529541
1.338369846344
1.335539221764
1.335171818733
1.331456661224
1.333071708679
1.326515436172
1.333114862442
1.320249676704
1.341591238976
1.314189076424
1.399710059166
1.413584947586
1.658413887024
1.614324808121
1.633147954941
1.738021731377
1.391512393951
1.386229395866
1.377291679382
1.371089696884
1.372635364532
1.373228907585
1.369019627571
1.362866401672
1.355750679970
1.349356532097
1.342850923538
1.338942050934
1.335714101791
1.333511233330
1.332368493080
1.331588625908
1.330586552620
1.329408884048
1.327516198158
1.325683355331
1.322661757469
1.320867300034
1.316953659058
1.317235946655
1.312137722969
1.322190880775
1.321894645691
1.427139878273
1.719844579697
2.280355215073
1.625273942947
1.443687677383
1.447561979294
1.445738434792
1.416647672653
1.389577388763
1.369587182999
1.354744553566
1.343078017235
1.335036039352
1.330490231514
1.328293204308
1.328068494797
1.327961444855
1.328666687012
1.328205823898
1.327548861504
1.325361967087
1.323323845863
1.320231914520
1.317764759064
1.314403295517
1.312470912933
1.309005975723
1.307998180389
1.303389072418
1.305437088013
1.297142267227
1.309380173683
1.293691992760
1.358232736588
1.385863900185
1.899358034134
1.643820166588
1.837752819061
1.498933315277
1.416485071182
1.430685162544
1.426906347275
1.404516935349
1.385926723480
1.370599508286
1.357952594757
1.347644567490
1.339058160782
1.332550048828
1.328155159950
1.325760483742
1.324716329575
1.324603796005
1.324906826019
1.323622703552
1.321996927261
1.318963766098
1.315730810165
1.311552286148
1.308674931526
1.304079532623
1.302402377129
1.297087669373
1.297419428825
1.290656805038
1.296444058418
1.284979343414
1.315076112747
1.306232571602
1.558269977570
1.485666275024
1.629504799843
1.504245519638
1.341543436050
1.325955867767
1.292430639267
1.305380344391
1.289638280869
1.298118233681
1.292959451675
1.295548677444
1.292199015617
1.291623353958
1.286962866783
1.285135269165
1.280969262123
1.280943155289
1.278773784637
1.280194759369
1.277776956558
1.280131578445
1.275283217430
1.279606699944
1.270246386528
1.281775712967
1.264389753342
1.301679611206
1.286645531654
1.527250170708
1.796215534210
2.441964626312
1.841910719872
1.710637807846
1.430505394936
1.405128836632
1.402584314346
1.401942491531
1.395933151245
1.385157823563
1.368129491806
1.349356174469
1.333056092262
1.320742130280
1.312942743301
1.308161497116
1.305306434631
1.303576231003
1.302108168602
1.301089525223
1.298359155655
1.297156095505
1.294024825096
1.292158365250
1.287699699402
1.286237239838
1.280672311783
1.281852960587
1.273217916489
1.284593701363
1.268503189087
1.341422796249
1.408193588257
1.787947177887
1.719392776489
1.597387433052
1.594142913818
1.466879844666
1.324089765549
1.342808485031
1.343965291977
1.338590383530
1.333683848381
1.326641201973
1.318933248520
1.311430573463
1.304298400879
1.298250555992
1.293524861336
1.290321946144
1.288372039795
1.286944508553
1.285775303841
1.284177064896
1.282099723816
1.279686927795
1.276665210724
1.273762822151
1.270664572716
1.268072724342
1.265202045441
1.263919591904
1.258950233459
1.265032410622
1.265066742897
1.327649474144
1.564249992371
2.256755113602
1.791118621826
1.488647937775
1.368013739586
1.403449892998
1.387259602547
1.372604012489
1.358812570572
1.347584962845
1.334774017334
1.324777841568
1.316593408585
1.308667659760
1.300718665123
1.294471979141
1.289762854576
1.287305831909
1.286542892456
1.286815047264
1.286597609520
1.284646511078
1.283235788345
1.279633998871
1.276568770409
1.272228002548
1.269156694412
1.265317916870
1.264739871025
1.260030746460
1.260930299759
1.254477143288
1.258720636368
1.247810006142
1.258301258087
1.239784598351
1.267520904541
1.226537346840
1.307877779007
1.225658774376
1.626716852188
1.542295455933
1.945806264877
1.759734749794
1.657266736031
1.283294916153
1.286957025528
1.291633725166
1.297230005264
1.297007083893
1.292374372482
1.288028240204
1.285667061806
1.283007860184
1.279303669930
1.273886322975
1.268522739410
1.264404296875
1.261109471321
1.260092616081
1.258974552155
1.258077144623
1.256713986397
1.254668354988
1.252699613571
1.249553918839
1.248391151428
1.244948625565
1.253617882729
1.267731189728
1.402470588684
1.716880440712
1.502992987633
1.699855566025
1.380160450935
1.326460123062
1.299027800560
1.317116737366
1.320564627647
1.313053131104
1.301353573799
1.287473797798
1.274065613747
1.263431310654
1.255429863930
1.250626802444
1.248867511749
1.248679995537
1.248763799667
1.248281478882
1.247619628906
1.244991421700
1.242142200470
1.238843798637
1.235928177834
1.232749223709
1.230574607849
1.227982521057
1.226048111916
1.223747491837
1.222060203552
1.219900131226
1.218756318092
1.216805100441
1.216300487518
1.215598225594
1.215301036835
1.214146256447
1.219859600067
1.230396509171
1.293952703476
1.572337031364
1.950596570969
1.994457244873
1.726708531380
1.430983304977
1.409770488739
1.410050392151
1.390637636185
1.363915681839
1.344029307365
1.328294515610
1.315054416656
1.303356647491
1.292911767960
1.283411383629
1.275917768478
1.270994782448
1.268257856369
1.266767978668
1.265403151512
1.262906312943
1.261469125748
1.258059740067
1.254265308380
1.249525189400
1.245921015739
1.242028713226
1.239586114883
1.235739827156
1.238846063614
1.242233753204
1.284464836121
1.406220555305
1.727259159088
1.735321521759
1.424792051315
1.342578411102
1.293901920319
1.295232653618
1.284558176994
1.285970449448
1.279885768890
1.269180655479
1.258314609528
1.249087572098
1.242557525635
1.238470673561
1.236194610596
1.234953761101
1.233930826187
1.232512235641
1.230581998825
1.228367090225
1.225422739983
1.223365902901
1.219807028770
1.219855308533
1.214621543884
1.218707323074
1.207751631737
1.219277858734
1.197644948959
1.231045484543
1.182041287422
1.286185979843
1.190978288651
1.649790287018
1.454096794128
1.758426189423
1.835147500038
1.596543431282
1.247573018074
1.251789331436
1.252340435982
1.252819299698
1.253543615341
1.254967689514
1.256703615189
1.255220413208
1.249553442001
1.242147445679
1.234732270241
1.229103922844
1.224734902382
1.222106218338
1.221193432808
1.220699071884
1.220538616180
1.218804597855
1.216617226601
1.213693499565
1.211600661278
1.208159923553
1.205855607986
1.202565789223
1.201886653900
1.197787523270
1.200928211212
1.196701288223
1.232571840286
1.305171370506
1.727480411530
1.992712736130
1.689100384712
1.926149487495
1.630861401558
1.437262892723
1.405595064163
1.400904893875
1.392442345619
1.379632115364
1.363633990288
1.346286773682
1.328359842300
1.309543013573
1.292281150818
1.277201771736
1.267939805984
1.264607787132
1.263066887856
1.263215541840
1.261939406395
1.259364485741
1.253222823143
1.246883869171
1.239971160889
1.233801126480
1.228483438492
1.224028944969
1.219871878624
