4.138831138611
4.138024330139
4.136877059937
4.135425090790
4.133710384369
4.131768226624
4.129626274109
4.127312183380
4.124845504761
4.122246742249
4.119533061981
4.116716384888
4.113810062408
4.110820770264
4.107755184174
4.104629516602
4.101444244385
4.098207473755
4.094919204712
4.091582775116
4.088212490082
4.084804534912
4.081364631653
4.077893257141
4.074398040771
4.070878505707
4.067332267761
4.063762664795
4.060166835785
4.056544303894
4.052895545959
4.049219131470
4.045509815216
4.041764736176
4.037979602814
4.034148693085
4.030262947083
4.026325702667
4.022328376770
4.018270492554
4.014139175415
4.009931564331
4.005635261536
4.001241683960
3.996741771698
3.992124557495
3.987377643585
3.982488632202
3.977440834045
3.972222566605
3.966812133789
3.961206197739
3.955382347107
3.949333667755
3.943049907684
3.936523675919
3.929752588272
3.922736883163
3.915486097336
3.908014297485
3.900338649750
3.892493009567
3.884519577026
3.876447200775
3.868304729462
3.860133171082
3.851973056793
3.843855857849
3.835785865784
3.827757835388
3.819775104523
3.811812400818
3.803841590881
3.795824289322
3.787745952606
3.779610157013
3.771447181702
3.763286590576
3.755175352097
3.747133255005
3.739208698273
3.731439590454
3.723818302155
3.716319561005
3.708932399750
3.701634883881
3.694355964661
3.687108516693
3.679887056351
3.672699213028
3.665614604950
3.658703327179
3.652048110962
3.645758628845
3.639881610870
3.634432315826
3.629437446594
3.624823808670
3.620507240295
3.616442680359
3.612535715103
3.608684778214
3.604814291000
3.600858688354
3.596764087677
3.592541694641
3.588173389435
3.583703517914
3.579140186310
3.574480533600
3.569720983505
3.564886569977
3.559991359711
3.555048704147
3.550062894821
3.545042991638
3.540008544922
3.534978389740
3.529964447021
3.524990081787
3.520041465759
3.515118122101
3.510236740112
3.505343914032
3.500442504883
3.495529174805
3.490623474121
3.485686302185
3.480744838715
3.475761413574
3.470732688904
3.465648889542
3.460519790649
3.455342769623
3.450123786926
3.444861412048
3.439555883408
3.434201717377
3.428815126419
3.423345565796
3.417844533920
3.412289619446
3.406696081161
3.401059150696
3.395370483398
3.389458656311
3.383871555328
3.377798080444
3.372209548950
3.365914583206
3.360564231873
3.353882789612
3.349290847778
3.341807603836
3.340175628662
3.332651615143
3.350011825562
3.405679225922
3.722131490707
4.087500095367
3.360756397247
3.374227046967
3.366135597229
3.363931179047
3.365312576294
3.365710735321
3.362907886505
3.356599330902
3.347527503967
3.336850881577
3.325623512268
3.314581871033
3.304296493530
3.295112609863
3.287052631378
3.279869556427
3.273340463638
3.267083168030
3.260731935501
3.254172563553
3.247481107712
3.240862131119
3.234651088715
3.228688001633
3.223039627075
3.217628955841
3.212381839752
3.207226753235
3.202074766159
3.196787357330
3.191674709320
3.186561107635
3.181665897369
3.176945686340
3.172362804413
3.167789936066
3.163257598877
3.158727169037
3.154277324677
3.149888038635
3.145565509796
3.141300678253
3.137074708939
3.132903575897
3.128722190857
3.124545335770
3.120232343674
3.116041660309
3.111683845520
3.107349634171
3.102869033813
3.098667621613
3.094038486481
3.090265750885
3.085030078888
3.083253383636
3.078208208084
3.092200040817
3.133585929871
3.488886833191
4.267950057983
3.392413139343
3.219117641449
3.189240932465
3.179431438446
3.174275398254
3.169071674347
3.162376642227
3.154314517975
3.145385265350
3.135668754578
3.125597953796
3.115704059601
3.106505393982
3.098406314850
3.091390848160
3.084866046906
3.077947616577
3.070015192032
3.061077594757
3.051689147949
3.042485475540
3.034043550491
3.026534318924
3.019930839539
3.014100074768
3.008673667908
3.003276348114
2.997758150101
2.992125988007
2.986559867859
2.981253385544
2.976307868958
2.971680164337
2.967247486115
2.962885856628
2.958506107330
2.954087734222
2.949665307999
2.945267677307
2.940909385681
2.936627864838
2.932368993759
2.928211212158
2.924091339111
2.920056819916
2.915997982025
2.911944866180
2.907915592194
2.903874158859
2.899892807007
2.895888805389
2.891935348511
2.888022422791
2.884195804596
2.880269765854
2.876531600952
2.872568130493
2.869005680084
2.864835262299
2.861873388290
2.856966018677
2.856074094772
2.849860906601
2.861025571823
2.868204116821
3.048848390579
3.624793529510
3.580036163330
3.212741851807
2.883112430573
2.897258043289
2.914559602737
2.924798488617
2.926576614380
2.921245098114
2.911654949188
2.900519847870
2.889345169067
2.879208564758
2.870408773422
2.862855195999
2.856037139893
2.849692106247
2.843355178833
2.836600065231
2.829443216324
2.822054862976
2.814754962921
2.807713508606
2.800986528397
2.794567346573
2.788541316986
2.782964229584
2.777724981308
2.772745609283
2.767934322357
2.763487815857
2.758956432343
2.754427433014
2.749734401703
2.745127677917
2.740863800049
2.736459493637
2.732224702835
2.728193283081
2.724879741669
2.720180034637
2.717374801636
2.713386535645
2.710425376892
2.706105232239
2.703638792038
2.698809146881
2.697376728058
2.691198587418
2.692328929901
2.683032751083
2.688507556915
2.672556161880
2.691312789917
2.654041051865
2.724852800369
2.627293109894
2.990953922272
2.842864513397
3.257291555405
2.731007575989
2.704877853394
2.696852684021
2.691475391388
2.691794633865
2.691597938538
2.689964771271
2.686793327332
2.682508230209
2.677497863770
2.672195911407
2.666833877563
2.661524295807
2.656211853027
2.650816917419
2.645116329193
2.639395236969
2.633701324463
2.628251314163
2.623341083527
2.618697404861
2.614398479462
2.610407352448
2.606610774994
2.602928161621
2.599270820618
2.595580101013
2.591917991638
2.588300228119
2.584970712662
2.581442832947
2.577969074249
2.574814796448
2.571694850922
2.568727493286
2.565773010254
2.562931060791
2.560026168823
2.557263612747
2.554162740707
2.551877021790
2.548568010330
2.546710729599
2.542745351791
2.542772293091
2.538058280945
2.549932479858
2.560013294220
2.738527536392
3.182363271713
3.684455871582
2.807635784149
2.758762121201
2.724621534348
2.697287082672
2.679419279099
2.667303085327
2.657962560654
2.649484634399
2.641240835190
2.633265256882
2.625308275223
2.616348505020
2.605605125427
2.593672752380
2.581427097321
2.570290327072
2.560760498047
2.552517414093
2.544983386993
2.537959814072
2.530935287476
2.524028301239
2.517044544220
2.510464191437
2.504824161530
2.498975276947
2.493868827820
2.489005088806
2.484204769135
2.479527711868
2.474983215332
2.471054077148
2.466765165329
2.463171958923
2.459365844727
2.456200122833
2.452836513519
2.449894189835
2.446743965149
2.443893432617
2.440895795822
2.438188314438
2.435312747955
2.432748794556
2.429933071136
2.428038597107
2.424214601517
2.423022031784
2.418767690659
2.418219566345
2.413058757782
2.413632631302
2.406849384308
2.409665107727
2.399855613708
2.407371044159
2.391356945038
2.409695625305
2.380650281906
2.426625490189
2.373819828033
2.510643005371
2.455292940140
2.915096282959
2.505694866180
2.468565225601
2.393255710602
2.406589984894
2.405911445618
2.402939796448
2.399372577667
2.396076679230
2.393144130707
2.390210628510
2.386972904205
2.383217573166
2.378932714462
2.374405384064
2.369810342789
2.365423679352
2.361289978027
2.357375860214
2.353653430939
2.350079536438
2.346749305725
2.343449592590
2.339922189713
2.336537599564
2.333380699158
2.330306529999
2.327214479446
2.324551582336
2.321398258209
2.319005250931
2.315886974335
2.313880443573
2.310628652573
2.309125900269
2.305420398712
2.304808616638
2.299933195114
2.301266431808
2.294187545776
2.299232482910
2.286912918091
2.302098274231
2.279850959778
2.319257497787
2.286942481995
2.418860435486
2.448849439621
2.592596054077
2.450192928314
2.349426984787
2.324086189270
2.297235250473
2.295167922974
2.291635274887
2.290727615356
2.287616014481
2.283557176590
2.278861045837
2.274506092072
2.269874572754
2.265589237213
2.261142015457
2.257137775421
2.253561973572
2.249822616577
2.246990680695
2.243725776672
2.241606473923
2.238010883331
2.236340999603
2.232721805573
2.231585979462
2.227292299271
2.227691650391
2.221290349960
2.225346803665
2.214302062988
2.227153778076
2.205208778381
2.253152608871
2.220873832703
2.547174930573
2.664576768875
2.782889604568
2.346396684647
2.256849288940
2.245616197586
2.242806911469
2.245035409927
2.247038364410
2.247956514359
2.246222019196
2.241303443909
2.234132289886
2.226335525513
2.219364166260
2.213250875473
2.208127498627
2.202927827835
2.198015928268
2.193431615829
2.188686370850
2.184874534607
2.181514501572
2.177698850632
2.175300121307
2.171389341354
2.169802665710
2.166152954102
2.164391756058
2.161482334137
2.159550666809
2.156438827515
2.155138015747
2.151859283447
2.150589942932
2.147816419601
2.145497798920
2.146106719971
2.139103412628
2.159560441971
2.154693365097
2.401781082153
2.874352216721
2.792483091354
2.398061275482
2.228538990021
2.243644237518
2.252326726913
2.255538940430
2.253084897995
2.245159864426
2.232439041138
2.217942714691
2.204399585724
2.193748950958
2.186351060867
2.180572986603
2.174460887909
2.167534828186
2.159822702408
2.152577877045
2.146544694901
2.142014503479
2.137973785400
2.134781837463
2.130910873413
2.127139329910
2.123148202896
2.119461774826
2.115727663040
2.112429380417
2.109033107758
2.106211423874
2.103051185608
2.100658655167
2.097429752350
2.095633745193
2.092108726501
2.091032981873
2.086734771729
2.086971282959
2.081177711487
2.083674430847
2.075351238251
2.081455945969
2.070228338242
2.082902193069
2.068239212036
2.098748207092
2.092240810394
2.227839469910
2.358673095703
2.518680095673
2.373934745789
2.147597312927
2.123115539551
2.085870742798
2.096841096878
2.097298860550
2.092059850693
2.085223674774
2.078418731689
2.072611331940
2.067264556885
2.062380075455
2.057877302170
2.053425550461
2.049216270447
2.045282363892
2.042073249817
2.038144350052
2.035307407379
2.031752109528
2.029403209686
2.025927305222
2.024285793304
2.020676612854
2.020206689835
2.015620470047
2.017520427704
2.009433746338
2.017774581909
1.999914169312
2.029021263123
1.987333774567
2.097364902496
2.048769950867
2.637446403503
2.270082950592
2.051565647125
2.068544864655
2.039789199829
2.030212879181
2.020902156830
2.017782449722
2.016148328781
2.015134572983
2.012777805328
2.009045124054
2.004686594009
1.999776482582
1.994927167892
1.990548014641
1.986759901047
1.983589053154
1.980456113815
1.977779984474
1.974677562714
1.972266912460
1.969495415688
1.967501163483
1.964821457863
1.963449239731
1.961020946503
1.960003614426
1.956541895866
1.957509517670
1.950429081917
1.958701133728
1.939162492752
1.979408740997
1.925386905670
2.186568498611
2.177342891693
2.580636739731
2.008192539215
2.000011205673
1.972064971924
1.966453433037
1.966898202896
1.968009710312
1.968208789825
1.966819167137
1.963891625404
1.959650754929
1.954864621162
1.950415968895
1.946263790131
1.942051768303
1.938313007355
1.934204101562
1.930803775787
1.926774740219
1.924174547195
1.920026779175
1.919606924057
1.913922548294
1.919673085213
1.909304857254
1.958182573318
2.021306991577
2.853916168213
2.949275732040
2.117503881454
2.038368701935
2.044901371002
2.051687717438
2.046592712402
2.032037496567
2.016085624695
2.002723932266
1.991926312447
1.982268095016
1.972174763680
1.961709856987
1.951653838158
1.942748665810
1.935010433197
1.928723931313
1.923394203186
1.919008016586
1.915481448174
1.912226438522
1.908846259117
1.905099391937
1.901494741440
1.897468566895
1.893935561180
1.890498638153
1.888128638268
1.884733676910
1.883616209030
1.879222035408
1.880462884903
1.873360514641
1.880548238754
1.867710351944
1.898920297623
1.897871375084
2.146874189377
2.347451210022
2.376881122589
2.384565353394
2.034711122513
1.938834905624
1.946354866028
1.938501119614
1.930332303047
1.923130750656
1.915764093399
1.908943891525
1.903168201447
1.897482752800
1.890971422195
1.883568286896
1.876018047333
1.869087219238
1.863288521767
1.858690261841
1.854987382889
1.851866483688
1.849210739136
1.846483469009
1.844529509544
1.841352462769
1.839421749115
1.836577296257
1.834895133972
1.832120180130
1.830476045609
1.827537298203
1.826057910919
1.822842597961
1.821730136871
1.817945480347
1.817734003067
1.812894344330
1.813600540161
1.807681798935
1.810927987099
1.801540136337
1.810450911522
1.793393135071
1.816115140915
1.782161235809
1.838632225990
1.772848129272
1.951815605164
1.869387269020
2.488270044327
1.914328575134
1.869665861130
1.885196328163
1.816865682602
1.805065393448
1.805059909821
1.803045034409
1.800999403000
1.798479557037
1.795082807541
1.791310310364
1.787919878960
1.784451007843
1.781257867813
1.777968287468
1.774989843369
1.772284269333
1.769866824150
1.767621755600
1.765541791916
1.763898849487
1.761308193207
1.760231733322
1.757273197174
1.756960630417
1.752730131149
1.755299329758
1.747087001801
1.762850761414
1.752310037613
1.869828224182
2.113019466400
2.167739391327
1.922442197800
1.794525146484
1.893841028214
1.777124881744
1.776957392693
1.773674964905
1.767221450806
1.765417098999
1.762469530106
1.759170413017
1.755291700363
1.751116514206
1.746958255768
1.742864370346
1.739117145538
1.735927224159
1.733478665352
1.730934143066
1.729156732559
1.726924300194
1.725546956062
1.723302125931
1.722306370735
1.719719767570
1.719545960426
1.715673208237
1.718791961670
1.713394641876
1.737701177597
1.768767237663
2.135957956314
2.732563972473
2.211025238037
2.040251255035
1.936351299286
1.831733226776
1.797843694687
1.793310165405
1.790406465530
1.785943984985
1.778355598450
1.768703103065
1.759156107903
1.750890254974
1.743624210358
1.736752033234
1.730262517929
1.724496603012
1.719825506210
1.716034889221
1.712798476219
1.709863662720
1.707044363022
1.704378843307
1.701621413231
1.699150800705
1.696366071701
1.694193840027
1.690980672836
1.689609050751
1.685189723969
1.686343669891
1.678542017937
1.690474987030
1.676447868347
1.756166696548
1.910048961639
2.736272811890
2.751563787460
2.007020473480
1.880039453506
1.856025099754
1.877284049988
1.883021593094
1.870892643929
1.850654602051
1.829583406448
1.812342882156
1.799801826477
1.789918422699
1.781328082085
1.772502422333
1.763127803802
1.753144025803
1.742413997650
1.732561945915
1.724178791046
1.717714548111
1.712948799133
1.708803176880
1.705793023109
1.701727747917
1.698259592056
1.694579601288
1.691400408745
1.688170790672
1.685542821884
1.682478904724
1.679861545563
1.676644921303
1.674153327942
1.671156406403
1.668720483780
1.666138172150
1.663087368011
1.661133170128
1.657560110092
1.656687498093
1.651708841324
1.653340578079
1.644906759262
1.653416156769
1.636577248573
1.663068294525
1.630077600479
1.732536077499
1.733248591423
2.303637266159
1.997369766235
1.766824841499
1.844873189926
1.667281627655
1.701512813568
1.665733814240
1.664105415344
1.660049319267
1.655186891556
1.652769565582
1.646808862686
1.642773389816
1.636652946472
1.633559942245
1.629134654999
1.627450823784
1.623372435570
1.623104929924
1.618242263794
1.619829058647
1.612013578415
1.619260549545
1.604889154434
1.633661031723
1.609946131706
1.821082472801
1.989335179329
2.926479339600
2.938772439957
2.238692283630
1.940839052200
1.892759323120
1.890029668808
1.875108480453
1.855893850327
1.837432384491
1.821639299393
1.808687686920
1.799228906631
1.792744159698
1.786541938782
1.777677774429
1.765476822853
1.751449227333
1.737317085266
1.724005579948
1.711794137955
1.700514078140
1.690603494644
1.681685686111
1.673451542854
1.665856957436
1.658577680588
1.651787161827
1.645150184631
1.639729857445
1.634245276451
1.630126953125
1.625850200653
1.622288465500
1.618817925453
1.615671157837
1.612314939499
1.609227657318
1.605897665024
1.602791786194
1.599532723427
1.596473693848
1.593663334846
1.590639591217
1.588474869728
1.585020184517
1.583967447281
1.579557180405
1.580564498901
1.574326753616
1.578947305679
1.571776270866
1.591264605522
1.608029603958
1.786312341690
2.265014886856
2.135741949081
1.716892361641
1.808081984520
1.604286432266
1.611904859543
1.611067891121
1.608087062836
1.601481556892
1.593486785889
1.586284875870
1.580747127533
1.575857162476
1.571842193604
1.567971706390
1.564226031303
1.560864806175
1.557802796364
1.555197954178
1.552872896194
1.550546884537
1.548336267471
1.546309232712
1.544133424759
1.542386054993
1.540202856064
1.538687944412
1.536338448524
1.535120725632
1.532328009605
1.531849861145
1.527706980705
1.529466748238
1.521636605263
1.530568480492
1.512045502663
1.548472881317
1.504370808601
1.716078042984
1.755776286125
2.681428432465
1.908030867577
1.735530376434
1.633955955505
1.610704421997
1.591996192932
1.581251144409
1.576332449913
1.573782920837
1.570421576500
1.565274238586
1.558528065681
1.551352024078
1.544865727425
1.539569616318
1.535769343376
1.532666802406
1.529926657677
1.527089357376
1.524365782738
1.521746158600
1.519277691841
1.516934156418
1.514764547348
1.512507677078
1.510316133499
1.508223533630
1.506055355072
1.503962874413
1.501741409302
1.499905824661
1.497231960297
1.496483802795
1.492599725723
1.496728777885
1.490084886551
1.520233154297
1.537573337555
1.834897875786
2.179483890533
2.119320154190
1.714865565300
1.595030546188
1.528537511826
1.530673742294
1.539660453796
1.542395353317
1.536115884781
1.525485396385
1.515315532684
1.508022546768
1.503233551979
1.499157667160
1.495364785194
1.491548061371
1.488095998764
1.485061883926
1.482204079628
1.479555249214
1.477366328239
1.475338101387
1.473593950272
1.471867561340
1.470174670219
1.468576431274
1.467482805252
1.468116283417
1.472880601883
1.496811985970
1.626297473907
2.052550315857
2.520853281021
1.637963056564
1.650104045868
1.556095361710
1.536677002907
1.538346529007
1.538210153580
1.534778714180
1.529033303261
1.522499084473
1.515488505363
1.507966637611
1.500688552856
1.493845224380
1.487601399422
1.482329607010
1.478047251701
1.474501729012
1.471570611000
1.469179034233
1.467025518417
1.465048670769
1.462994098663
1.461101889610
1.459050059319
1.457139134407
1.455053091049
1.452850222588
1.450544834137
1.448098182678
1.445781230927
1.443539381027
1.441422581673
1.438995003700
1.437732934952
1.436348915100
1.437943696976
1.445860147476
1.479357481003
1.617055892944
2.111877202988
2.210507392883
1.842040777206
1.631629705429
1.526424407959
1.482241153717
1.487809538841
1.491072535515
1.486497163773
1.480886936188
1.476034879684
1.471576213837
1.466530084610
1.460298776627
1.453901410103
1.448141813278
1.443554043770
1.439979314804
1.437301039696
1.434733390808
1.432568788528
1.430307269096
1.427921295166
1.425879836082
1.422953724861
1.421353340149
1.418165683746
1.417361378670
1.413011074066
1.414426326752
1.406295776367
1.415370225906
1.395235061646
1.433408141136
1.382273435593
1.583825230598
1.580778717995
2.844103813171
2.701746225357
1.790741801262
1.773175716400
1.729676485062
1.712476491928
1.697573184967
1.683545470238
1.666299343109
1.648063182831
1.631790995598
1.618302583694
1.606454014778
1.593933939934
1.578921794891
1.561991453171
1.545058608055
1.529624462128
1.515766143799
1.503108263016
1.491637945175
1.481728553772
1.473557949066
1.467273592949
1.462533831596
1.458364605904
1.454503417015
1.450362920761
1.446373701096
1.442315220833
1.438937664032
1.435290217400
1.432605028152
1.428579568863
1.426831603050
1.421695113182
1.422431230545
1.415005087852
1.423758029938
1.413204431534
1.457549214363
1.479595184326
1.846254348755
1.669189453125
1.630564093590
1.436102747917
1.412180900574
1.408571004868
1.407235264778
1.405017852783
1.405446529388
1.404155731201
1.402723073959
1.399500250816
1.396301984787
1.392792224884
1.390003800392
1.386857032776
1.384745717049
1.381688952446
1.380811929703
1.377559304237
1.379869937897
1.377002954483
1.396129727364
1.421212911606
1.642202496529
1.801005721092
1.931222200394
1.725698471069
1.473974466324
1.459836244583
1.394872784615
1.403772711754
1.407113790512
1.405343651772
1.401502847672
1.397463202477
1.393463611603
1.388774275780
1.383670687675
1.379000663757
1.374793767929
1.371342778206
1.368572592735
1.366281032562
1.364463448524
1.362853407860
1.361394047737
1.360011816025
1.358235597610
1.357039093971
1.354975700378
1.353811025620
1.351464509964
1.350423812866
1.347531795502
1.347061634064
1.343735456467
1.344222307205
1.341669321060
1.347176909447
1.365936756134
1.489808082581
1.965737223625
2.300631999969
2.666235923767
1.853263139725
1.719994783401
1.682325959206
1.628994822502
1.599548220634
1.578038573265
1.559769630432
1.543040752411
1.527778148651
1.513086318970
1.497721195221
1.481816887856
1.467663407326
1.454677224159
1.444188714027
1.435981392860
1.429621815681
1.423952102661
1.419078707695
1.412950515747
1.408174037933
1.402382135391
1.398659944534
1.392985105515
1.390589833260
1.383843421936
1.383875131607
1.373955607414
1.379724979401
1.362514972687
1.385486364365
1.351724147797
1.442518115044
1.393735527992
1.930862069130
1.493850469589
1.500585556030
1.374241828918
1.415102958679
1.359167337418
1.374182701111
1.355980515480
1.360249042511
1.349447846413
1.350078344345
1.342547655106
1.342303276062
1.335585355759
1.336211681366
1.329291105270
1.332363009453
1.323726177216
1.333985567093
1.319684743881
1.354326009750
1.339149713516
1.581139564514
1.523931145668
2.130520820618
1.914676070213
1.814828395844
1.735887169838
1.590509653091
1.495496749878
1.433407068253
1.419556260109
1.420115709305
1.418409228325
1.410955667496
1.400638341904
1.392336606979
1.386686801910
1.380833745003
1.374083876610
1.366392016411
1.359688997269
1.354451179504
1.350706100464
1.347125649452
1.344142198563
1.341052055359
1.338399052620
1.335640072823
1.333312034607
1.330543756485
1.328423976898
1.325299263000
1.323426365852
1.319808959961
1.318626880646
1.314070701599
1.314854145050
1.307808876038
1.313380122185
1.299461722374
1.319411635399
1.288431525230
1.359174013138
1.322618484497
1.797080159187
1.911764144897
1.704493761063
1.626338005066
1.487423062325
1.387814760208
1.375672578812
1.371396183968
1.368035554886
1.364332437515
1.358904242516
1.351922869682
1.343983411789
1.336508393288
1.330118656158
1.324771642685
1.320427179337
1.317047595978
1.313973426819
1.311703801155
1.310161352158
1.308054566383
1.306824564934
1.303891062737
1.303246855736
1.298951864243
1.300076365471
1.292601346970
1.299506306648
1.283408045769
1.309047698975
1.271839380264
1.373309373856
1.332979798317
2.162025928497
1.537029147148
1.604597568512
1.333259463310
1.320067048073
1.321043133736
1.320085525513
1.317689061165
1.313379168510
1.308702349663
1.304560899734
1.300672292709
1.296605110168
1.292591333389
1.288804292679
1.285356998444
1.282449722290
1.279890298843
1.277855157852
1.275869369507
1.274369716644
1.272543787956
1.271079421043
1.269012808800
1.267806172371
1.265218615532
1.264889001846
1.261111974716
1.263738155365
1.256316184998
1.271085381508
1.257751703262
1.345829486847
1.411365866661
2.166164636612
2.239605188370
1.842055916786
1.690660595894
1.621362090111
1.493878602982
1.436366200447
1.408572554588
1.399772167206
1.397916197777
1.393747091293
1.384504318237
1.371311545372
1.356330394745
1.342555403709
1.331135511398
1.321755170822
1.314204812050
1.308221101761
1.303824663162
1.300404310226
1.297725200653
1.295276284218
1.292855620384
1.290669202805
1.287786006927
1.285292625427
1.282444477081
1.279758691788
1.277100563049
1.274433851242
1.271797299385
1.269250154495
1.266711831093
1.264375448227
1.262099742889
1.259849905968
1.257851958275
1.255468845367
1.254317522049
1.251560807228
1.252984285355
1.249489307404
1.268340706825
1.280567049980
1.489528656006
1.538528800011
1.814335227013
1.675133705139
1.676679015160
1.416245460510
1.301796436310
1.297503948212
1.298074960709
1.297670602798
1.295496821404
1.291127443314
1.285234808922
1.279755115509
1.274500012398
1.269997835159
1.265119791031
1.261343359947
1.258142828941
1.255731701851
1.253328204155
1.251633048058
1.249040246010
1.247614026070
1.243837833405
1.243440270424
1.237388730049
1.241155266762
1.228536725044
1.246988654137
1.214462280273
1.294546723366
1.228170394897
1.915809273720
1.687214136124
1.892142534256
1.429506778717
1.310112357140
1.297465324402
1.298947930336
1.299025774002
1.293026924133
1.282693743706
1.272422075272
1.264423251152
1.258846044540
1.254688978195
1.250408887863
1.245813131332
1.241207838058
1.237723112106
1.234816908836
1.232852935791
1.230860948563
1.229396462440
1.227556467056
1.226389765739
1.224275231361
1.223650693893
1.220795869827
1.221537351608
1.216388702393
1.221643447876
1.212365865707
1.236674785614
1.235635042191
1.439992070198
1.703430652618
2.074779987335
1.666079044342
1.602094888687
1.322600603104
1.310850381851
1.307956457138
1.303708314896
1.299934387207
1.293652772903
1.284002780914
1.273866772652
1.265542507172
1.258980989456
1.253402352333
1.248591065407
1.244021892548
1.240218639374
1.237104773521
1.235101580620
1.232443690300
1.229990124702
1.227173805237
1.224568605423
1.221527218819
1.218786120415
1.215936064720
1.213525533676
1.211208820343
1.209339857101
1.208676576614
1.210361361504
1.220943212509
1.262859702110
1.477439880371
1.614533782005
1.555254817009
1.474467039108
1.280124545097
1.272668004036
1.218202590942
1.228922367096
1.220247507095
1.218048095703
1.216117382050
1.212723851204
1.208955049515
1.204660415649
1.201398849487
1.198352098465
1.196371912956
1.194177269936
1.192933559418
1.191406250000
1.190424442291
1.188776016235
1.187990903854
1.186196565628
1.186263561249
1.185190320015
1.189223289490
1.196601390839
1.234975934029
1.400106072426
1.909537672997
2.474781513214
1.599972486496
1.330873966217
1.414257884026
1.352244973183
1.330446124077
1.315484523773
1.303172826767
1.292117595673
1.281537890434
1.270976305008
1.260336041451
1.249980330467
1.240489363670
1.232198953629
1.225517511368
1.220361590385
1.216385602951
1.213268518448
1.211437225342
1.208736419678
1.206837892532
1.204328775406
1.202232480049
1.199687838554
1.197316646576
1.195537924767
1.192753076553
1.196333765984
1.196864962578
1.252626061440
1.407630801201
1.819985628128
1.782826423645
1.407065391541
1.660943269730
1.401298642159
1.276939630508
1.256999254227
1.256135702133
1.255064368248
1.255016088486
1.253246784210
1.246887803078
1.238115072250
1.229331493378
1.221204996109
1.214349031448
1.208548069000
1.204146504402
1.200510740280
1.197669863701
1.195067286491
1.192902803421
1.190313816071
1.188453555107
1.185420989990
1.184371709824
1.180065035820
1.181622147560
1.172684669495
1.184303164482
1.160804152489
1.213677048683
1.169795989990
1.637626647949
1.871662616730
2.176576852798
1.573901176453
1.289760470390
1.279691576958
1.281131744385
1.273113250732
1.269448637962
1.263890743256
1.254824876785
1.243488788605
1.232558965683
1.223713040352
1.216824889183
1.210866332054
1.205569863319
1.201080322266
1.197171211243
1.193730235100
1.190775871277
1.187986373901
1.184853792191
1.182304859161
1.179316043854
1.176800489426
1.174057126045
1.171752333641
1.168851971626
1.167187213898
1.163671493530
1.162772059441
1.158302545547
1.159569621086
1.152735590935
1.158472180367
1.147871255875
1.168954849243
1.152879714966
1.272332668304
1.337650299072
2.088682174683
1.668537974358
1.499792218208
1.432334542274
1.317044496536
1.260512709618
1.237123727798
1.222908973694
1.214880943298
1.209513425827
1.205567955971
1.201262593269
1.195932745934
1.189086675644
1.182452082634
1.176923036575
1.173032760620
1.170320272446
1.168331265450
1.166018486023
1.164387464523
1.161303400993
1.160468697548
1.155524849892
1.157495260239
1.148572444916
1.161478281021
1.142676949501
1.223677635193
1.267278671265
2.022183179855
1.603334546089
1.587495446205
1.461107969284
1.249087333679
1.214169025421
1.206523656845
1.211000084877
1.209484815598
1.203586697578
1.195939898491
1.187784671783
1.180030465126
1.173508644104
1.168118596077
1.163182020187
1.159053444862
1.155444741249
1.152216792107
1.149233341217
1.146819114685
1.144415140152
1.142307400703
1.139974236488
1.138080835342
1.135869026184
1.134089231491
1.131997346878
1.130519986153
1.128241539001
1.127339124680
1.124506592751
1.124769568443
1.120311141014
1.123721599579
1.114842057228
1.129188299179
1.107796788216
1.166533946991
1.142972469330
1.670454382896
1.738897800446
2.304370880127
1.570129871368
1.365384101868
1.277891278267
1.271620035172
1.260165452957
1.249637842178
1.242135763168
1.235371828079
1.226493835449
1.215653181076
1.204724669456
1.194860219955
1.186674356461
1.179642796516
1.174267768860
1.169790029526
1.166635155678
1.163218021393
1.159921169281
1.156357288361
1.153941273689
1.149556756020
1.148250579834
1.142127037048
1.144713521004
1.134178996086
1.150158524513
1.132315516472
1.231521129608
1.293843030930
1.918396949768
1.690566182137
1.216414093971
1.268388867378
1.184625983238
1.191718459129
1.184319019318
1.176955103874
1.170798301697
1.164079904556
1.157940268517
1.151662945747
1.145664691925
1.140199661255
1.135412216187
1.131417632103
1.128083705902
1.125357270241
1.123107671738
1.120983600616
1.119191050529
1.116910338402
1.115677118301
1.112754583359
1.112374067307
1.108437657356
1.110221862793
1.103299617767
1.110964179039
1.097643852234
1.127864599228
1.105595111847
1.283318877220
1.304505586624
1.984212636948
1.534699559212
1.703732609749
1.426879167557
1.224752426147
1.199851155281
1.195109844208
1.188578009605
1.181409358978
1.174782991409
1.168036341667
1.160520315170
1.152409315109
1.144546747208
1.138341426849
1.133501410484
1.130370616913
1.127344131470
1.125103116035
1.122569680214
1.120192050934
1.117532968521
1.114686727524
1.111846089363
1.108530282974
1.106502532959
1.102505326271
1.102327942848
1.095928907394
1.102060556412
1.087097644806
1.119611501694
1.086074352264
1.343746781349
1.460342884064
2.507357597351
1.805390715599
1.896245121956
1.502408027649
1.253663897514
1.269964337349
1.279715299606
1.274895787239
1.264356017113
1.251005530357
1.237463355064
1.225400209427
1.214325428009
1.203257083893
1.192308902740
1.181400895119
1.171402215958
1.163606286049
1.157890796661
1.153298974037
1.148890852928
1.144074916840
1.139205455780
1.134128808975
1.129893541336
1.125143647194
1.121484875679
1.116922855377
