4.149641036987
4.145188331604
4.138983726501
4.131376266479
4.122541427612
4.112653732300
4.101825714111
4.090110301971
4.077583789825
4.064329624176
4.050405502319
4.035824775696
4.020492553711
4.004298686981
3.987075805664
3.968613147736
3.948736429214
3.926939010620
3.902720451355
3.875760555267
3.846041917801
3.813998460770
3.778874158859
3.741912364960
3.704743862152
3.670281887054
3.641170024872
3.612451076508
3.595141172409
3.753927946091
4.412633895874
3.779703617096
3.757674217224
3.739162683487
3.721603393555
3.705245971680
3.689813613892
3.675026416779
3.660861968994
3.647192478180
3.633941650391
3.621012210846
3.608335018158
3.595838785172
3.583480834961
3.571235895157
3.559086799622
3.547020435333
3.535030841827
3.523118257523
3.511285305023
3.499530553818
3.487855195999
3.476259946823
3.464745521545
3.453312635422
3.441962718964
3.430695533752
3.419512271881
3.408413410187
3.397398710251
3.386461257935
3.375606536865
3.364833831787
3.354144334793
3.343539237976
3.333019256592
3.322584152222
3.312236309052
3.301973104477
3.291797399521
3.281710863113
3.271711826324
3.261801004410
3.251979589462
3.242249250412
3.232611656189
3.223063230515
3.213606595993
3.204244613647
3.194984912872
3.185825824738
3.176767349243
3.167802333832
3.158928871155
3.150136709213
3.141426801682
3.132793664932
3.124233484268
3.115740776062
3.107314109802
3.098948955536
3.090645313263
3.082390546799
3.074187994003
3.066045761108
3.057956695557
3.049902439117
3.041876316071
3.033865928650
3.025857210159
3.017838001251
3.009797334671
3.001712560654
2.993550539017
2.985273599625
2.976844787598
2.968190431595
2.959268093109
2.950015544891
2.940336704254
2.930121898651
2.919209003448
2.907487869263
2.894394636154
2.879452228546
2.862106800079
2.841959953308
2.818075895309
2.789725303650
2.757086277008
2.721155643463
2.687485218048
2.677165508270
3.967920541763
3.711596488953
2.873629570007
2.877316951752
2.884686470032
2.893136501312
2.901779174805
2.910607337952
2.919307231903
2.927890300751
2.936370849609
2.944736957550
2.952228069305
2.956260681152
2.955049514771
2.949729681015
2.941418647766
2.929628849030
2.915781259537
2.899157762527
2.900173902512
2.882851839066
3.053474426270
2.880049467087
2.868408679962
2.869217157364
2.868247509003
2.864519119263
2.856670379639
2.846434354782
2.836257934570
2.827276945114
2.819242715836
2.811968326569
2.804211139679
2.796251296997
2.788238525391
2.780152082443
2.772528886795
2.764620304108
2.757290601730
2.748740911484
2.741447448730
2.730008840561
2.748103141785
2.866153001785
2.900261402130
2.848733901978
2.819705009460
2.793170690536
2.776206970215
2.754719734192
2.735785245895
2.725788354874
2.711690902710
2.722896814346
2.699311256409
2.742821693420
2.687881946564
2.684775352478
2.671651363373
2.664921760559
2.654983282089
2.641792297363
2.629232883453
2.617631673813
2.607281446457
2.597854375839
2.589918613434
2.582425594330
2.575680017471
2.567581653595
2.561378479004
2.550704240799
2.560579538345
2.588527679443
2.701887607574
2.583288669586
2.565518856049
2.546925306320
2.544632434845
2.536986589432
2.523896455765
2.513594150543
2.502802848816
2.492597341537
2.483321905136
2.475573301315
2.469113349915
2.463467597961
2.458348274231
2.453452110291
2.449033260345
2.444267749786
2.439568758011
2.434308052063
2.428605318069
2.421265602112
2.414641141891
2.411096572876
2.404717683792
2.448683500290
2.460865974426
2.433835744858
2.401683807373
2.396174430847
2.384876728058
2.384544849396
2.383899688721
2.376630544662
2.359801769257
2.355842351913
2.337636232376
2.367884159088
2.360796689987
2.492470979691
2.380413055420
2.345119714737
2.332575798035
2.324164152145
2.319139719009
2.312411546707
2.306277513504
2.300800800323
2.293766021729
2.284912109375
2.275272130966
2.264020681381
2.257155656815
2.248657703400
2.244351148605
2.232835292816
2.250707626343
2.271880388260
2.693495273590
2.380711078644
2.357988595963
2.334747791290
2.301784753799
2.265093088150
2.248114585876
2.249083518982
2.257906436920
2.266352176666
2.269276142120
2.268933534622
2.263235092163
2.255802869797
2.247616767883
2.241738796234
2.233725070953
2.230444669724
2.222934007645
2.222226858139
2.209452390671
2.221509218216
2.199094772339
2.230025291443
2.201250314713
2.204660177231
2.201680898666
2.199658155441
2.192013740540
2.189577817917
2.184135198593
2.182625770569
2.173198699951
2.175406455994
2.160934209824
2.182334661484
2.167570114136
2.225992202759
2.220081806183
2.183533668518
2.175466299057
2.159903287888
2.150579690933
2.143069028854
2.139626026154
2.135266780853
2.131398677826
2.125298976898
2.121696710587
2.116234302521
2.114243745804
2.110038518906
2.112824440002
2.152228593826
2.321473836899
2.404531240463
2.370525836945
2.337494611740
2.284712076187
2.235468149185
2.219806671143
2.238157749176
2.218478679657
2.205357074738
2.181792497635
2.176112413406
2.151340484619
2.152695417404
2.128386259079
2.145909309387
2.115264892578
2.143084526062
2.105506896973
2.120763540268
2.096197843552
2.100790739059
2.088057279587
2.087611436844
2.078095436096
2.078515529633
2.071133375168
2.073559045792
2.063935756683
2.073189496994
2.061631679535
2.090372562408
2.074875116348
2.074014902115
2.042591094971
2.052411317825
2.050601959229
2.054405450821
2.178991794586
2.311466693878
2.295391798019
2.298927783966
2.300074815750
2.280469894409
2.251866340637
2.227603197098
2.208467483521
2.183498859406
2.141249418259
2.091100931168
2.061442136765
2.056474208832
2.058197975159
2.050382852554
2.043574571609
2.034163475037
2.031091213226
2.021541833878
2.020843267441
2.009659051895
2.011496543884
1.996700882912
2.010591745377
1.992553353310
2.094385623932
2.150227308273
2.178765058517
2.163695335388
2.092633724213
2.063442468643
2.030321598053
2.008838891983
1.999420404434
1.993945479393
1.989579916000
1.984993219376
1.978596210480
1.971700429916
1.965156316757
1.960739612579
1.955899357796
1.958414196968
1.954804062843
2.014563322067
2.093436241150
1.998304605484
2.054555654526
2.048560380936
2.008906841278
1.959456682205
1.970785975456
1.966053724289
1.959292888641
1.951120138168
1.948942184448
1.958653211594
1.975878238678
2.000724315643
2.000577926636
1.960694313049
1.925838708878
1.923954010010
1.919577836990
1.922006964684
1.914538860321
1.929150223732
1.923427104950
2.009032726288
1.954817056656
1.912029504776
1.956012725830
1.962500333786
1.993837356567
1.908009529114
1.936169505119
1.951109290123
1.981608629227
2.067792892456
2.004094362259
1.917226076126
1.901952505112
1.894876003265
1.894009590149
1.890842795372
1.887191176414
1.881408452988
1.878677487373
1.871135950089
1.877196192741
1.872304797173
1.933565616608
2.025999546051
1.942553877831
1.910968542099
1.909801483154
1.883232831955
1.889618873596
1.883458495140
1.926358819008
1.912893414497
1.965490818024
1.928669452667
1.885857105255
1.887287378311
1.854045033455
1.925251364708
1.864290118217
1.918717026711
1.848594903946
1.876089215279
1.839208722115
1.849289655685
1.840031027794
1.845330476761
1.886261820793
1.956259489059
1.980965018272
1.910665869713
1.912150382996
1.879804491997
1.851665854454
1.852755904198
1.844112992287
1.858247160912
1.849682927132
1.985175132751
1.989033341408
1.948451280594
1.940680027008
1.912322878838
1.875092029572
1.853543639183
1.850081443787
1.840488433838
1.844282746315
1.856381177902
1.923762083054
1.957874298096
1.963612437248
1.859195590019
1.830127477646
1.823037624359
1.819518208504
1.813295602798
1.810413479805
1.800408005714
1.808434009552
1.813159108162
1.920553684235
1.936480522156
1.857706427574
1.847427725792
1.811200141907
1.843236088753
1.806934595108
1.876700878143
1.848241686821
1.872653007507
1.799793243408
1.813889384270
1.820974826813
1.841526269913
1.938977599144
1.926290631294
1.885716795921
1.820510029793
1.790585875511
1.790468931198
1.783349156380
1.785287857056
1.770092010498
1.796069264412
1.803403258324
1.925062179565
1.864039778709
1.819118499756
1.844385623932
1.810130119324
1.798097610474
1.832276821136
1.816944003105
1.801298141479
1.762565493584
1.791978597641
1.762550711632
1.852559924126
1.841864705086
2.014580488205
1.915963172913
1.807604551315
1.776012778282
1.770043611526
1.769092202187
1.757376074791
1.752747774124
1.742965698242
1.746244430542
1.741642713547
1.776562452316
1.824513077736
1.894309997559
1.916500568390
1.809393048286
1.838676214218
1.810691237450
1.811011075974
1.795252203941
1.896956324577
1.846208214760
1.763245820999
1.753342509270
1.756779670715
1.744979858398
1.764689683914
1.742085218430
1.852110385895
1.864379167557
2.033413171768
1.866470098495
1.779676914215
1.769837379456
1.761057615280
1.754076719284
1.758304357529
1.790709733963
1.952532529831
1.830777168274
1.763640642166
1.731616735458
1.764380097389
1.746677160263
1.753090858459
1.733248472214
1.756459832191
1.760518550873
1.829417705536
1.832360506058
1.753412604332
1.807465076447
1.767905712128
1.815164566040
1.748759865761
1.769568324089
1.724955797195
1.755054950714
1.835960268974
1.861536383629
1.975388407707
1.816407322884
1.751634120941
1.730636596680
1.736361145973
1.718544721603
1.723858118057
1.704859495163
1.800248265266
1.790949225426
1.866101503372
1.794156074524
1.755444049835
1.732244372368
1.770051598549
1.779293298721
1.822772502899
1.755995392799
1.742789268494
1.717988729477
1.728240370750
1.735306024551
1.774936318398
1.886486411095
1.758223891258
1.747866392136
1.725567698479
1.702221035957
1.716124534607
1.729262351990
1.829462051392
1.891637921333
1.724488854408
1.803495645523
1.726516962051
1.722389817238
1.723090291023
1.721975803375
1.829324007034
1.793224692345
1.743069648743
1.685140848160
1.691024184227
1.682551026344
1.704829096794
1.679865121841
1.763545989990
1.746981620789
1.838406205177
1.700302004814
1.677305698395
1.682907819748
1.758403778076
1.964761972427
1.818126797676
1.887573122978
1.779970884323
1.717153787613
1.685115575790
1.683969378471
1.669267296791
1.665846347809
1.654126405716
1.678771615028
1.734257578850
2.007545232773
1.832585096359
1.861812353134
1.756119370461
1.735858201981
1.719458937645
1.740909934044
1.725351095200
1.731851935387
1.702244281769
1.699408769608
1.707121372223
1.731404781342
1.794481635094
1.713552951813
1.721960306168
1.677993774414
1.836787700653
1.676857829094
1.737941622734
1.637743115425
1.675009965897
1.633409500122
1.679447054863
1.672620296478
1.809989690781
1.866158246994
1.859709858894
1.784824490547
1.802322387695
1.788269281387
1.755832433701
1.726895093918
1.712950468063
1.690275549889
1.692357540131
1.688100337982
1.767073988914
1.805113792419
1.766630291939
1.784966230392
1.679486751556
1.660453796387
1.684292316437
1.677526950836
1.880135774612
1.894979953766
1.757719039917
1.727894306183
1.724126696587
1.693683385849
1.662866473198
1.788112998009
1.751439452171
1.762963056564
1.673066020012
1.657605290413
1.646930694580
1.670569181442
1.648191571236
1.799342036247
1.829766988754
1.714220404625
1.667521476746
1.645008087158
1.645977258682
1.617977261543
1.639392495155
1.622644782066
1.716981768608
1.736957073212
1.749537229538
1.783298850060
1.724580407143
1.691545605659
1.637528181076
1.626960515976
1.621836900711
1.614041447639
1.655201435089
1.713033199310
1.930604100227
1.765259265900
1.701898217201
1.648303627968
1.644972324371
1.669821262360
1.663197875023
1.666024684906
1.645999550819
1.829729557037
1.844420671463
1.938883066177
1.783428311348
1.664653539658
1.648012161255
1.659417986870
1.632680654526
1.638701200485
1.661396622658
1.882972002029
1.893162488937
1.755388498306
1.754022121429
1.764459609985
1.715255498886
1.692795515060
1.647673964500
1.660549879074
1.627013325691
1.835483908653
1.824038147926
1.746841192245
1.781038522720
1.664904952049
1.649242758751
1.647921204567
1.610295772552
1.656957507133
1.641430377960
1.879901409149
1.779216885567
1.815243244171
1.741693258286
1.718429565430
1.715129375458
1.641813516617
1.670755624771
1.617270350456
1.683301925659
1.639033436775
1.670988082886
1.600848913193
1.629793286324
1.582771539688
1.603008031845
1.577566385269
1.581649065018
1.602889299393
1.633733868599
1.846498727798
1.952279567719
1.692309617996
1.714496254921
1.637479782104
1.668083429337
1.594427704811
1.645152568817
1.603016257286
1.790783643723
1.687589883804
1.685578346252
1.604335069656
1.586096763611
1.561142206192
1.607626557350
1.617994666100
1.677501201630
1.608237743378
1.697656393051
1.631111502647
1.607861042023
1.661681532860
1.659572839737
1.654217958450
1.629445791245
1.593032598495
1.627942919731
1.597116589546
1.624544143677
1.565942406654
1.557360649109
1.552327036858
1.597064256668
1.657840847969
1.743374586105
1.609271526337
1.587003946304
1.559458494186
1.562429547310
1.587085723877
1.632030606270
1.865912199020
1.739727020264
1.660527586937
1.579799771309
1.562260031700
1.613081693649
1.659972667694
2.009939908981
1.846307277679
1.910043835640
1.887060999870
1.750492930412
1.693694591522
1.663632035255
1.642421126366
1.656781196594
1.611155152321
1.621749162674
1.555332899094
1.700273513794
1.606579780579
1.754121780396
1.708171963692
1.595609903336
1.583567023277
1.573717832565
1.554334044456
1.532797217369
1.542410612106
1.537077903748
1.596622586250
1.657323479652
1.794079542160
1.799014687538
1.676718831062
1.605191707611
1.609153747559
1.532393932343
1.587261676788
1.562120437622
1.744224786758
1.753386974335
1.585431575775
1.577906727791
1.542698383331
1.556695699692
1.555412054062
1.731157779694
1.844951152802
1.646811246872
1.627184271812
1.568262457848
1.562221050262
1.542831659317
1.557478189468
1.609057188034
1.702407598495
1.785684943199
1.695006489754
1.700609922409
1.642898082733
1.564482927322
1.578679203987
1.542381286621
1.601830840111
1.609139442444
1.731647968292
1.738023519516
1.564213752747
1.583744764328
1.520947456360
1.543838620186
1.501993656158
1.545324563980
1.480257868767
1.619366168976
1.530513763428
1.843315124512
1.594430923462
1.529004812241
1.533625364304
1.518873929977
1.543273091316
1.609023094177
1.828762054443
1.678448438644
1.574409484863
1.559683561325
1.555807590485
1.538839578629
1.592291593552
1.706844568253
1.920664787292
1.731568694115
1.643205165863
1.556779623032
1.540420532227
1.529888510704
1.549119591713
1.568996548653
1.827513813972
1.998697042465
1.729026675224
1.656753420830
1.623681306839
1.583072781563
1.574929356575
1.587441682816
1.668217301369
1.730626225471
1.690918087959
1.592559814453
1.569479584694
1.548119544983
1.548936128616
1.577159881592
1.736864566803
1.774909377098
1.616747975349
1.621990442276
1.548101663589
1.555160284042
1.516291022301
1.574229955673
1.538000583649
1.653051376343
1.492904543877
1.570185184479
1.446795105934
1.564670443535
1.447855949402
1.724320292473
1.503725409508
1.536903381348
1.491731882095
1.471812129021
1.471680402756
1.471080541611
1.491605639458
1.562762141228
1.569737672806
1.586761713028
1.508071780205
1.470460772514
1.531248569489
1.586524009705
1.684977054596
1.577769398689
1.573060750961
1.555680632591
1.540480017662
1.463174819946
1.587023019791
1.452618956566
1.541325688362
1.440004110336
1.525914669037
1.464355230331
1.486814856529
1.507908463478
1.505329132080
1.625456452370
1.699596524239
1.699386119843
1.699960112572
1.678992033005
1.496948719025
1.526845932007
1.457356691360
1.488528490067
1.462977647781
1.628351330757
1.639384984970
1.575046181679
1.461416125298
1.491227865219
1.453193545341
1.521555423737
1.620505690575
1.597457408905
1.570672392845
1.512318849564
1.475881457329
1.460979461670
1.441398382187
1.485887527466
1.504264950752
1.591986536980
1.566456079483
1.448366641998
1.483970046043
1.420493841171
1.590039134026
1.471629500389
1.690646409988
1.410173892975
1.471229553223
1.388082504272
1.501046061516
1.501951217651
1.929156541824
1.601668953896
1.594761371613
1.575904846191
1.507326126099
1.464483022690
1.481114387512
1.468598604202
1.555554151535
1.641424655914
1.563499212265
1.449686884880
1.471635818481
1.428629159927
1.514167666435
1.538150548935
1.695753574371
1.565892815590
1.461949825287
1.567675948143
1.520418643951
1.634553670883
1.457908272743
1.483880758286
1.402288913727
1.412353277206
1.444349288940
1.546784758568
1.713824391365
1.515025496483
1.612635374069
1.632032155991
1.612931370735
1.509358525276
1.425757169724
1.438933491707
1.397619962692
1.497991681099
1.435442328453
1.790017008781
1.598914146423
1.533595085144
1.483124732971
1.529474020004
1.448429703712
1.538347840309
1.401809930801
1.561951041222
1.474935412407
1.603822469711
1.488385796547
1.422774791718
1.389694333076
1.405950903893
1.374570488930
1.403979539871
1.465274572372
1.592701196671
1.757563352585
1.506886601448
1.463334202766
1.402913808823
1.389178752899
1.386983156204
1.405178308487
1.596444010735
2.069188594818
1.980636119843
1.931915998459
1.732056021690
1.649740099907
1.623254776001
1.591781139374
1.614663481712
2.109092235565
2.127180814743
2.023384809494
2.097246885300
1.957544684410
1.854396104813
1.739562630653
1.685334682465
1.683493375778
1.664345979691
1.657868385315
1.624147891998
1.678513884544
1.690107107162
1.826564073563
1.630776882172
1.685128927231
1.576522469521
1.550540566444
1.538623809814
1.522399187088
1.512239217758
1.495460152626
1.507302641869
1.526232719421
1.995192766190
2.008365631104
1.828740954399
1.781949400902
1.772399663925
1.742099881172
1.710807085037
1.690753459930
1.682391643524
1.669798254967
1.642348766327
1.619810461998
1.596833348274
1.596421599388
1.587659597397
1.839643716812
2.162702083588
2.185819149017
2.227694749832
2.136729478836
2.026284217834
1.924112677574
1.827624797821
1.754967451096
1.704504013062
1.670204162598
1.631884694099
1.605914115906
1.581541776657
1.615550279617
1.803127646446
2.567582845688
2.318831682205
2.133902549744
2.128003597260
2.099004268646
2.047953605652
1.992358207703
1.941864013672
1.895225763321
1.862433671951
1.840259432793
1.817443370819
1.795981049538
1.770558714867
1.756516337395
1.726830482483
1.751492977142
1.717542171478
1.969275712967
1.798607587814
1.887873649597
1.768508315086
1.693469047546
1.660677552223
1.663586616516
1.638533473015
1.632708549500
1.606370568275
1.627876400948
1.608547449112
1.706547856331
1.678333878517
1.715202331543
1.627089500427
1.617779374123
1.570652365685
1.704044342041
1.672552347183
1.832003593445
1.586674690247
1.549483537674
1.536219835281
1.524794340134
1.521295666695
1.511754512787
1.540922641754
1.575310945511
1.807902693748
1.685854196548
1.654781341553
1.549727439880
1.526455402374
1.485064625740
1.549318313599
1.506458997726
1.791610836983
1.518744826317
1.721690893173
1.815875053406
1.669161677361
1.560593843460
1.555275321007
1.497709631920
1.493263602257
1.463388919830
1.497200250626
1.478783845901
1.633205175400
1.607940912247
1.626225709915
1.499232888222
1.494041800499
1.433384060860
1.460856318474
1.413944959641
1.523483753204
1.498901128769
1.910894393921
1.738431930542
1.617714166641
1.563743829727
1.517044901848
1.475210428238
1.470062613487
1.463387727737
1.482115745544
1.546527624130
1.540304422379
1.480550527573
1.469908237457
1.436786770821
1.454401493073
1.439587950706
1.524347901344
1.501662492752
1.509760737419
1.456592679024
1.435635328293
1.393669247627
1.433512926102
1.382005333900
1.542020082474
1.462860226631
1.713292837143
1.487244486809
1.415828227997
1.428671836853
1.396048188210
1.568898200989
1.591119527817
1.684079051018
1.539874315262
1.522834181786
1.408783197403
1.397140741348
1.396149992943
1.375273704529
1.378171563148
1.368977308273
1.465744972229
1.571102142334
1.730506062508
1.430091142654
1.388694643974
1.402004837990
1.409365415573
1.443229198456
1.609183192253
1.589345812798
1.466829299927
1.431524753571
1.456495642662
1.535733342171
1.602357387543
1.595340251923
1.402889370918
1.384138822556
1.405967712402
1.356406927109
1.495183467865
1.542605161667
1.913922071457
1.571029901505
1.399757981300
1.485474586487
1.396284341812
1.542025804520
1.518998146057
1.622534155846
1.420689463615
1.397539615631
1.383563518524
1.347297072411
1.411972522736
1.383439898491
1.834645271301
1.503751277924
1.489257693291
1.452936530113
1.427366375923
1.373922824860
1.363916277885
1.355967044830
1.387404084206
1.477280259132
1.669631600380
1.679518342018
1.587832093239
1.413985490799
1.406243562698
1.374464273453
1.419576287270
1.390520095825
1.512177467346
1.394422054291
1.415440082550
1.311132788658
1.379329919815
1.319341540337
1.460705518723
1.426287889481
1.415415406227
1.342251777649
1.324267506599
1.435673117638
1.505228996277
1.701128125191
1.498449921608
1.387542963028
1.577063918114
1.429463744164
1.346607327461
1.329794883728
1.382559776306
1.463666081429
1.839951276779
1.556852221489
1.396587371826
1.408133506775
1.371537446976
1.366336464882
1.380170941353
1.426398992538
1.487242579460
1.476686954498
1.454863190651
1.422869801521
1.319908499718
1.315935492516
1.308766722679
1.290739536285
1.317666888237
1.386725544930
1.682815074921
1.634993672371
1.606509447098
1.494411110878
1.399296760559
1.399163484573
1.342062354088
1.468947410583
1.451045513153
1.586347937584
1.352656841278
1.286727905273
1.346230626106
1.270737171173
1.396853446960
1.273918628693
1.660381555557
1.363103628159
1.338578939438
1.370654582977
1.336245059967
1.379399538040
1.466410040855
1.480401754379
1.443423509598
1.389421820641
1.305203080177
1.304962754250
1.350100755692
1.528930902481
1.896615028381
1.583886384964
1.525946140289
1.437646508217
1.413435220718
1.361699104309
1.378727555275
1.338826656342
1.773419141769
1.746773481369
1.652275800705
1.519826889038
1.484669685364
1.459485530853
1.465571284294
1.429582834244
1.411652922630
1.396603226662
1.481172084808
1.548121809959
1.590328693390
1.528657674789
1.437651395798
1.449646115303
1.491187572479
1.397130608559
1.372693657875
1.352294087410
1.419555425644
1.454493522644
1.488195180893
1.463176012039
1.403980970383
1.362123131752
1.295390605927
1.299448013306
1.258164405823
1.317563652992
1.254012107849
1.592540025711
1.411592841148
1.399717807770
1.668956279755
1.362275362015
1.432991266251
1.335220098495
1.299960374832
1.287188291550
1.310423493385
1.345130443573
1.374570131302
1.405158877373
1.466032505035
1.453808426857
1.533540368080
1.422692894936
1.307506918907
1.376271724701
1.297185182571
1.331326842308
1.308314085007
1.387889385223
1.454108715057
1.398562312126
1.388120651245
1.295458436012
1.243506312370
1.274785995483
1.288704156876
1.498229146004
1.582945823669
1.584623336792
1.348300933838
1.300294518471
1.317323923111
1.287307739258
1.336302280426
1.438040494919
1.565848350525
1.527464628220
1.302345514297
1.363769173622
1.301785469055
1.532910823822
1.552218794823
1.398367643356
1.323440313339
1.285236239433
1.287545442581
1.262019157410
1.367461800575
1.435160636902
1.791039466858
1.483427047729
1.340796828270
1.351123809814
1.305623650551
1.298787236214
1.330637693405
1.393609046936
1.652464151382
1.427590966225
1.404181718826
1.386175036430
1.308459758759
1.426333904266
1.327696561813
1.452996253967
1.262038230896
1.232519626617
1.245352268219
1.208944559097
1.391856670380
1.436279177666
1.846329569817
1.592129707336
1.445249676704
1.395764350891
1.326974034309
1.287528991699
1.299278140068
1.294245004654
1.447153449059
1.603921651840
1.566024780273
1.492697358131
1.379995465279
1.336376190186
1.283387184143
1.288518428802
1.249810934067
1.310895442963
1.338465452194
1.756095886230
1.542760133743
1.401841640472
1.403709888458
1.343084573746
1.319573640823
1.247750878334
1.367592930794
1.332033634186
1.967293024063
1.522908926010
1.361829519272
1.297059178352
1.300266265869
1.274985313416
1.315317630768
1.357320904732
1.476602792740
1.354659199715
1.345203042030
1.282273173332
1.288808584213
1.258505940437
1.259558200836
1.303647518158
1.325122952461
1.399948477745
1.254985570908
1.330847263336
1.239197850227
1.372926831245
1.258138656616
1.294499754906
1.304025769234
1.215874075890
1.260449409485
1.196181416512
1.386650562286
1.420887470245
1.369160890579
1.292757272720
1.259696245193
1.289286971092
1.207081675529
1.262821435928
1.218606233597
1.469470977783
1.340823411942
1.456339597702
1.269532442093
1.382128000259
1.257535934448
1.204372048378
1.206619262695
1.195364594460
1.317312479019
1.509630322456
1.696706533432
1.435255646706
1.296884894371
1.317601919174
1.273180723190
1.279420375824
1.339996337891
1.340321063995
1.598907828331
1.360897183418
1.252597928047
1.315001249313
1.212572693825
1.429016351700
1.478411912918
1.746453285217
1.403369426727
1.328173995018
1.291800737381
1.260438680649
1.238172292709
1.303416371346
1.384023547173
1.581753611565
1.346314072609
1.307920932770
1.239965796471
1.341833591461
1.293716907501
1.696980237961
1.365429401398
1.352794885635
1.264258980751
1.259106636047
1.281072497368
1.281515836716
1.430621027946
1.285992383957
1.299534201622
1.213315486908
1.318519592285
1.333194613457
1.421051740646
1.347965955734
1.292997598648
1.313526391983
1.246777772903
1.284717798233
1.252620697021
1.252412080765
1.355935096741
1.358048439026
1.458567261696
1.294355630875
1.333381414413
1.310210824013
1.494475364685
1.322825908661
1.358119726181
1.237436771393
1.210973262787
1.195404171944
1.331444025040
1.211295604706
1.322222232819
1.156497240067
1.289610147476
1.273792862892
1.742472171783
1.483538866043
1.376417398453
1.352383375168
1.239959478378
1.198769330978
1.191373825073
1.192254066467
1.208422064781
1.403266310692
1.652350664139
1.613306283951
1.395948886871
1.361994504929
1.334226608276
1.281173467636
1.277873992920
1.308382511139
1.559299349785
1.719292521477
1.464022159576
1.395990848541
1.380362749100
1.310120463371
1.284427881241
1.367978215218
1.385626792908
1.608598113060
1.274300098419
1.284055829048
1.261955976486
1.294196844101
1.328488111496
1.803429365158
1.538503885269
1.448539376259
1.318653106689
1.264140605927
1.259705305099
1.223918914795
1.284976005554
1.280471801758
1.696320295334
1.392747282982
1.344178080559
1.246439337730
1.230600833893
1.193089127541
1.211313605309
1.196854591370
1.322239398956
1.414596676826
1.714497208595
1.519908905029
1.358577489853
1.319395303726
1.287678241730
1.247461915016
1.243443489075
1.241890907288
1.364468097687
1.369606733322
1.333640575409
1.298406124115
1.453923940659
1.265242099762
1.191209077835
1.167899250984
1.152993917465
1.163512945175
1.219539165497
1.627772569656
1.605448484421
2.254903316498
1.796561360359
1.621176242828
1.487213611603
1.416440010071
1.397222161293
1.383905053139
1.355412125587
1.355932950974
1.458226799965
1.501382827759
1.538213014603
1.430191993713
1.326472043991
1.269542217255
1.251253128052
1.230379581451
1.225662231445
1.214025139809
1.271259784698
1.371690511703
1.846495866776
1.574390053749
1.406608104706
1.375607848167
1.328586816788
1.291468620300
1.292380094528
1.295653462410
1.535299539566
1.636836051941
1.532733082771
1.445280551910
1.378059864044
1.285653591156
1.246073246002
1.235555887222
1.245701074600
1.281198263168
1.388021469116
1.599843382835
1.337076902390
1.485360622406
1.288475990295
1.328447818756
1.239287376404
1.368995189667
1.265731215477
1.449524044991
1.253316879272
1.221887111664
1.228991985321
1.210560560226
1.260390281677
1.305254220963
1.415141344070
1.550427913666
1.490714073181
1.285642623901
1.296724557877
1.234146833420
1.314808487892
1.215115904808
1.285483360291
1.196431398392
1.212617158890
1.150985002518
1.167121648788
1.134777307510
1.202908396721
1.161701440811
1.361669778824
1.334021329880
1.313454627991
1.304245710373
1.313933968544
1.205072045326
1.218060016632
1.173179388046
1.236053466797
1.202950954437
1.292665362358
1.299083471298
1.206710457802
1.294461965561
1.242736577988
1.510692119598
1.273323893547
1.329833269119
1.217180252075
1.196613550186
1.268459558487
1.204751491547
1.328610301018
1.249448299408
1.240480184555
1.171455264091
1.151943802834
1.169422864914
1.230366706848
1.450189828873
1.495359897614
1.514902353287
1.469669580460
1.332005977631
1.310505867004
1.204085588455
1.271105289459
1.174091577530
1.366624116898
1.203849315643
1.283983945847
1.128822684288
1.161492466927
1.123633146286
1.268671751022
1.340268135071
1.394236803055
1.392840623856
1.263133287430
1.251212716103
1.185148715973
1.276121377945
1.172878742218
1.236115455627
1.287225961685
1.324400782585
1.253158926964
1.153804421425
1.201244711876
1.154519557953
1.292059302330
1.382367968559
1.488810777664
1.457507491112
1.749251604080
1.755089521408
1.576483488083
1.453605890274
1.335377812386
1.246362090111
1.238322019577
1.214433193207
1.216026544571
1.206066012383
1.238034605980
1.344366073608
1.436098694801
1.426473855972
1.240755796432
1.249322891235
1.188157081604
1.251872539520
1.344200730324
1.529654264450
1.312429904938
1.346428394318
1.271865248680
1.337822794914
1.484477281570
1.382707834244
1.676400303841
1.551682472229
1.476322174072
1.397623896599
1.384096622467
1.366293668747
1.388836503029
1.656253814697
1.535946369171
1.422479152679
1.321516513824
1.303478240967
1.237706661224
1.347133874893
1.263542652130
1.885572671890
1.387455701828
1.522620320320
1.435713529587
1.346896171570
1.252924680710
1.246399879456
1.242257833481
1.330235004425
1.561214566231
1.609494924545
1.503078699112
1.358285188675
1.309309482574
1.256504416466
1.275393486023
1.249593496323
1.438777446747
1.560056924820
1.705790042877
1.373592495918
1.307469844818
1.256028652191
1.232737779617
1.213626742363
1.205319523811
1.218145132065
1.298916935921
1.734618067741
1.668107748032
1.611795544624
1.415855646133
1.341992855072
1.300125837326
1.270057916641
1.243302226067
1.288987636566
1.396047472954
1.626020073891
1.701393127441
1.644025564194
1.463954687119
1.393715262413
1.335686206818
1.292273044586
1.264183759689
1.248914718628
1.233820080757
1.294715642929
1.406815052032
1.652880430222
1.482412338257
1.319863796234
1.328102946281
1.237522840500
1.306786537170
1.209040880203
1.707634568214
1.362885713577
1.357646226883
1.337059020996
1.266521811485
1.219391226768
1.262997388840
1.247156620026
1.447477698326
1.328074216843
1.366072535515
1.219018936157
1.198282241821
1.179000139236
1.226036787033
1.339588880539
1.592560052872
