4.137343406677
4.133708000183
4.128540039062
4.121992588043
4.114208698273
4.105322837830
4.095403671265
4.084522247314
4.072773456573
4.060274600983
4.047095298767
4.033261775970
4.018867492676
4.003968238831
3.988581418991
3.972696304321
3.956090688705
3.938713788986
3.920421600342
3.900860786438
3.879394054413
3.853952169418
3.823035717010
3.781792163849
3.740240097046
3.701262950897
3.662389755249
3.638288021088
3.582252979279
3.920653820038
3.976417779922
3.719632625580
3.724328041077
3.715940713882
3.703078269958
3.689414501190
3.675807476044
3.662402153015
3.649339675903
3.636586189270
3.624091625214
3.611800670624
3.599683761597
3.587711572647
3.575837373734
3.564031839371
3.552283763885
3.540589332581
3.528942584991
3.517343044281
3.505792856216
3.494295120239
3.482850074768
3.471461772919
3.460131883621
3.448861837387
3.437654972076
3.426512241364
3.415435314178
3.404426097870
3.393487930298
3.382622718811
3.371831417084
3.361114978790
3.350475311279
3.339912891388
3.329429626465
3.319025039673
3.308700084686
3.298456668854
3.288295030594
3.278214454651
3.268215894699
3.258300542831
3.248470306396
3.238725662231
3.229069232941
3.219496965408
3.210011959076
3.200616598129
3.191312789917
3.182096004486
3.172970294952
3.163930892944
3.154978275299
3.146106719971
3.137318849564
3.128610134125
3.119975328445
3.111409425735
3.102906703949
3.094463825226
3.086082458496
3.077763080597
3.069509029388
3.061312198639
3.053176879883
3.045089721680
3.037044525146
3.029036760330
3.021059036255
3.013103961945
3.005167007446
2.997290849686
2.989407777786
2.981484651566
2.973493576050
2.965368986130
2.957089424133
2.948627471924
2.939929008484
2.930923938751
2.921530723572
2.911767244339
2.900891780853
2.888423681259
2.874017238617
2.858120441437
2.839316368103
2.816733837128
2.791772842407
2.761111259460
2.741619586945
2.690719127655
4.480214118958
3.196099758148
2.862005710602
2.866555213928
2.871673583984
2.879642963409
2.887829542160
2.895761489868
2.903234004974
2.910274982452
2.917062282562
2.923781871796
2.930349349976
2.935379505157
2.937477111816
2.936813592911
2.936306953430
2.936988830566
2.931816339493
2.931358575821
2.911177396774
2.959975004196
2.928448200226
2.913385152817
2.924633026123
2.905540227890
2.896732807159
2.888527870178
2.880800724030
2.873678922653
2.867042303085
2.860092639923
2.852705240250
2.844264507294
2.836323499680
2.827901840210
2.819229364395
2.810748577118
2.801715135574
2.792362213135
2.782545566559
2.773875951767
2.762827157974
2.758438825607
2.736919403076
2.967285633087
2.763370037079
2.791284799576
2.756457567215
2.751096010208
2.751607418060
2.726770877838
2.727969169617
2.714535951614
2.734581470490
2.696516752243
2.759692668915
2.680473327637
2.746475458145
2.677052021027
2.680377006531
2.673519134521
2.659338474274
2.649543762207
2.638835906982
2.628095149994
2.616414785385
2.605498552322
2.594446659088
2.585273742676
2.574531555176
2.568405151367
2.555317401886
2.561855077744
2.525018692017
2.691211700439
2.550013303757
2.572907924652
2.577367544174
2.571451902390
2.574138641357
2.566848516464
2.549422025681
2.534835577011
2.523388385773
2.513653755188
2.505381584167
2.498002052307
2.491630315781
2.486271619797
2.481583833694
2.477605819702
2.473164558411
2.469193935394
2.464297533035
2.459542036057
2.454286336899
2.450549602509
2.443787097931
2.436944484711
2.438931226730
2.440455198288
2.520981311798
2.425347566605
2.453050613403
2.421037435532
2.410613059998
2.399112462997
2.398463249207
2.387494087219
2.388586997986
2.371598958969
2.392736911774
2.349718570709
2.485885381699
2.366994142532
2.367939949036
2.390908956528
2.390257835388
2.357111215591
2.341207981110
2.334795475006
2.330199718475
2.324953794479
2.318882703781
2.312465906143
2.305876255035
2.302236318588
2.291204214096
2.287058591843
2.277256488800
2.282432556152
2.248413801193
2.426512956619
2.387303590775
2.370380163193
2.379767894745
2.389782905579
2.388487339020
2.371552705765
2.354750871658
2.336727619171
2.326578378677
2.319500684738
2.315191984177
2.312697887421
2.307415485382
2.301975965500
2.295161962509
2.290189266205
2.282366275787
2.278202772141
2.269975900650
2.269995212555
2.258312463760
2.271906137466
2.247631072998
2.290754795074
2.243772506714
2.268148899078
2.244290828705
2.239679813385
2.235393047333
2.231162786484
2.225469827652
2.222506523132
2.214792728424
2.218212127686
2.202946662903
2.229644298553
2.199184656143
2.291237831116
2.213505983353
2.252862215042
2.190512180328
2.201027870178
2.190760612488
2.186283588409
2.180058717728
2.177651882172
2.171305179596
2.169475317001
2.160471439362
2.161469459534
2.146228551865
2.161568164825
2.122295856476
2.254433870316
2.203977346420
2.596341371536
2.329155445099
2.297655820847
2.292846441269
2.289937257767
2.303128242493
2.304386854172
2.288832187653
2.255854606628
2.248575925827
2.215972185135
2.214828252792
2.181688547134
2.190297603607
2.159550189972
2.181578397751
2.143074274063
2.167378187180
2.135396003723
2.145071029663
2.131349086761
2.130417108536
2.118346691132
2.117200374603
2.106793165207
2.106124401093
2.094652652740
2.097212791443
2.083195209503
2.098702907562
2.079360008240
2.116891384125
2.071584463120
2.065757989883
2.074764013290
2.043618202209
2.127515316010
2.060173034668
2.572809934616
2.205160140991
2.181215286255
2.178023815155
2.159338474274
2.134934902191
2.116845607758
2.107995510101
2.102543592453
2.095059394836
2.091079235077
2.095208644867
2.089725494385
2.081077098846
2.074989557266
2.065255641937
2.054427146912
2.046883583069
2.040442466736
2.036814928055
2.030560970306
2.030290126801
2.020906448364
2.033276081085
2.014194488525
2.142096281052
2.128026723862
2.303271055222
2.126987934113
2.116910457611
2.075737476349
2.047092676163
2.032677888870
2.027406692505
2.021068334579
2.014570713043
2.010005712509
2.001828908920
1.994011759758
1.985429048538
1.979504346848
1.975232720375
1.970762014389
1.980165123940
1.987740635872
2.112524032593
1.994320988655
2.125971317291
1.972283124924
2.119823455811
1.978089332581
1.986806631088
1.966834068298
1.985763311386
1.956090688705
1.997838258743
1.937044739723
2.056711435318
1.936108708382
2.107546091080
1.928322076797
1.964179873466
1.935926318169
1.943420290947
1.932869076729
1.942633032799
1.930068373680
1.985602498055
2.001027345657
2.053465843201
1.948964834213
1.913449525833
2.019466400146
1.925230503082
1.976990580559
1.897853255272
2.006907701492
1.927009701729
2.192936658859
1.923444509506
1.957349300385
1.932436943054
1.903831601143
1.907584547997
1.903097510338
1.899080634117
1.890481472015
1.886830925941
1.878900766373
1.883329987526
1.880848050117
1.936760067940
2.054795742035
1.979179024696
1.902549028397
1.935858011246
1.883797526360
1.907076597214
1.884651780128
1.959726572037
1.895869970322
2.026036262512
1.864379405975
1.982916593552
1.846348166466
1.945332050323
1.853234291077
1.928886055946
1.854079246521
1.895673274994
1.849726200104
1.854455590248
1.849723100662
1.836380958557
1.875522732735
1.843787670135
2.110641956329
1.919707298279
1.998814105988
1.906557917595
1.904410958290
1.870981931686
1.867848873138
1.858718276024
1.857291579247
1.885827898979
1.947701454163
2.066275358200
1.971379995346
1.920129537582
1.884130239487
1.850612759590
1.860158562660
1.842986106873
1.861220836639
1.821795225143
1.910752534866
1.838044881821
2.089957237244
1.870860338211
1.869099855423
1.866282820702
1.840556263924
1.833159923553
1.829581499100
1.820833921432
1.819209694862
1.817994236946
1.850683808327
1.945440649986
1.958762884140
1.898016691208
1.813789844513
1.859562397003
1.813983917236
1.849930524826
1.820918440819
1.907176852226
1.835182547569
1.817067980766
1.839531540871
1.782514929771
1.920202255249
1.853974819183
2.074817180634
1.833645105362
1.828609347343
1.833300828934
1.813262343407
1.806056380272
1.797111272812
1.797770023346
1.795342445374
1.855093836784
1.909465909004
1.922838807106
1.831822991371
1.835484504700
1.799087643623
1.859951615334
1.823907375336
1.923402905464
1.796989917755
1.824011087418
1.767135977745
1.820079922676
1.775012016296
1.963428974152
1.856103181839
1.945710301399
1.849784135818
1.809550046921
1.790162205696
1.780993103981
1.774205565453
1.767129421234
1.760518789291
1.760749816895
1.760558247566
1.799572348595
1.858259916306
1.943473219872
1.895018458366
1.877149343491
1.796682357788
1.841560602188
1.783529758453
1.907407045364
1.889508605003
1.906153440475
1.776141405106
1.780061721802
1.760280013084
1.773657560349
1.740326762199
1.800904989243
1.752840042114
2.005638837814
1.859186768532
1.862345457077
1.831502437592
1.799392104149
1.780744791031
1.767985939980
1.777385473251
1.831571102142
2.036871910095
1.921561360359
1.830029487610
1.775084257126
1.778130769730
1.739741802216
1.761094331741
1.723675727844
1.780163526535
1.744615316391
1.920819282532
1.801282286644
1.791134357452
1.801519870758
1.814405322075
1.791224598885
1.778587102890
1.771064877510
1.724325299263
1.800798535347
1.770628094673
2.002342462540
1.807927966118
1.804564476013
1.774905443192
1.766922116280
1.747698068619
1.733498096466
1.728574275970
1.736824631691
1.805674672127
1.903359174728
1.916255593300
1.816881418228
1.753289222717
1.803748488426
1.753971099854
1.833925843239
1.779939413071
1.776103138924
1.766313791275
1.699830293655
1.771333098412
1.694208741188
1.901036620140
1.771111488342
1.903254866600
1.733894467354
1.735208392143
1.729516863823
1.721953034401
1.752040624619
1.828317284584
1.918431282043
1.795564293861
1.757906436920
1.744507789612
1.751023173332
1.716098666191
1.782141804695
1.826314687729
1.923163056374
1.713592648506
1.723272442818
1.694607734680
1.705924153328
1.686465382576
1.720249652863
1.707309961319
1.834595441818
1.730497598648
1.737121224403
1.709418773651
1.672703742981
1.831690073013
1.859862208366
1.975547909737
1.792044758797
1.774372816086
1.735342264175
1.718112707138
1.701844215393
1.688699603081
1.673854589462
1.677311897278
1.669943094254
1.795202493668
1.945993661880
1.920837402344
1.874736666679
1.814346313477
1.735234022141
1.744551539421
1.740965008736
1.774276018143
1.734533429146
1.771719574928
1.677782893181
1.763764858246
1.688722133636
1.883106589317
1.724755764008
1.735959768295
1.738198399544
1.711743354797
1.740676522255
1.672743916512
1.683859467506
1.652123689651
1.668307304382
1.651604056358
1.741139411926
1.787510156631
2.055156230927
1.882300496101
1.835170149803
1.839587211609
1.789092302322
1.779642581940
1.733235597610
1.735265851021
1.693511486053
1.719275474548
1.671311974525
1.857906699181
1.721593856812
1.921435475349
1.709481239319
1.681207418442
1.691720962524
1.665020704269
1.706714868546
1.753639459610
1.936846375465
1.761588215828
1.744689941406
1.706148862839
1.683949708939
1.708538055420
1.753137469292
1.907871484756
1.698340535164
1.720644116402
1.653421044350
1.670712232590
1.646089434624
1.685763835907
1.722224116325
1.869104385376
1.700428009033
1.668599843979
1.654341697693
1.629273176193
1.627234220505
1.622211217880
1.638579487801
1.692179918289
1.758197069168
1.796616673470
1.688732266426
1.879031896591
1.645310044289
1.661474943161
1.642130970955
1.632923841476
1.626631021500
1.681559801102
1.774690866470
2.037461280823
1.909971237183
1.758137345314
1.710881710052
1.678783416748
1.675520420074
1.666603803635
1.655718803406
1.684418559074
1.735868453979
1.982778668404
1.765847206116
1.767244458199
1.663038015366
1.657963037491
1.628188133240
1.637872457504
1.601812958717
1.745827794075
1.805922865868
2.127793073654
1.850944280624
1.840789914131
1.754022359848
1.719051837921
1.695899248123
1.672914743423
1.664939999580
1.674540758133
1.724026799202
1.868832826614
1.682290315628
1.825750589371
1.657470822334
1.641482710838
1.624391317368
1.606688857079
1.640616536140
1.713295936584
1.896607637405
1.966131567955
1.755321502686
1.726452231407
1.736660003662
1.702785372734
1.653009891510
1.644846081734
1.630372285843
1.639897465706
1.651624202728
1.619279980659
1.602812409401
1.598004698753
1.579926490784
1.581995129585
1.572947621346
1.574888944626
1.604483842850
1.618229746819
1.888849020004
1.807057142258
1.783020615578
1.746852278709
1.655607938766
1.658341169357
1.612359881401
1.627341747284
1.672909379005
1.738874793053
1.811850786209
1.611073970795
1.650673389435
1.572831392288
1.585959553719
1.573338389397
1.687673568726
1.600402712822
1.644189834595
1.687854290009
1.605448007584
1.690235018730
1.577682256699
1.723863363266
1.592733860016
1.670801162720
1.582016468048
1.619950652122
1.638862729073
1.614264965057
1.605546355247
1.557882785797
1.552054762840
1.601410508156
1.662668585777
1.726251363754
1.597177147865
1.606531381607
1.549613118172
1.578478813171
1.552042722702
1.698239564896
1.710403203964
1.799935817719
1.687911152840
1.561762452126
1.594899058342
1.557675838470
1.773248076439
1.919849395752
2.035162448883
1.906022191048
1.944733262062
1.819786667824
1.755953550339
1.689636826515
1.664399504662
1.655475854874
1.628172397614
1.608091115952
1.605408668518
1.624606490135
1.740341663361
1.636339068413
1.791429996490
1.590734004974
1.589780807495
1.567588567734
1.557410478592
1.536013841629
1.549035787582
1.530876874924
1.621493458748
1.621867179871
1.851756811142
1.671109795570
1.696097970009
1.678965926170
1.588820219040
1.557668209076
1.570949673653
1.573870897293
1.683212757111
1.746509790421
1.618583202362
1.554141879082
1.550826668739
1.520526170731
1.607639193535
1.661305427551
2.008173942566
1.639645338058
1.620604276657
1.574462532997
1.558531880379
1.553588628769
1.548114418983
1.652785658836
1.711186289787
1.853488683701
1.763353347778
1.649387717247
1.657849073410
1.571954011917
1.584435105324
1.536514282227
1.615705251694
1.582279443741
1.782413601875
1.719456911087
1.602736234665
1.592346191406
1.547287702560
1.531223535538
1.517837285995
1.518017172813
1.524865508080
1.530877828598
1.659457683563
1.601672172546
1.666270971298
1.539243936539
1.533327817917
1.500411629677
1.556869387627
1.565969467163
1.970535755157
1.640002965927
1.608176827431
1.562107324600
1.516082048416
1.541162371635
1.529147148132
1.741041421890
1.767035603523
1.745475649834
1.718315601349
1.583104014397
1.552913308144
1.526693105698
1.546478390694
1.564677834511
1.792732834816
2.019681930542
1.764914631844
1.664818525314
1.642973184586
1.593583226204
1.597390055656
1.558792352676
1.703746438026
1.686445236206
1.775473237038
1.583395481110
1.571545958519
1.535488128662
1.563070774078
1.569056749344
1.746226072311
1.803864002228
1.647848248482
1.580659151077
1.612247347832
1.522530317307
1.580070137978
1.509888887405
1.642069578171
1.530892252922
1.610994338989
1.495237946510
1.496295332909
1.507535934448
1.500296235085
1.575388312340
1.551995277405
1.516871571541
1.471222043037
1.467907667160
1.452089786530
1.467070341110
1.467101216316
1.574395656586
1.545598268509
1.601036310196
1.530699491501
1.507514476776
1.497875213623
1.671495437622
1.729809522629
1.617971062660
1.559603333473
1.621405601501
1.511118769646
1.538005590439
1.510105490685
1.505674600601
1.475752949715
1.481362938881
1.467561244965
1.475423812866
1.498887777328
1.468093991280
1.647672533989
1.519542574883
1.815260291100
1.623078227043
1.710324764252
1.664438962936
1.574448585510
1.499845385551
1.478980541229
1.468281030655
1.502139449120
1.550611615181
1.691978931427
1.505337238312
1.484129071236
1.485480546951
1.462998032570
1.532360553741
1.657569289207
1.725553035736
1.495445013046
1.565823554993
1.464317321777
1.464421033859
1.449577331543
1.462040662766
1.525126338005
1.549369931221
1.585459947586
1.458927869797
1.493862509727
1.447972297668
1.576680421829
1.555535316467
1.551509737968
1.498868227005
1.433763146400
1.438034057617
1.436841130257
1.680534362793
1.769620656967
1.690719127655
1.575148582458
1.618515253067
1.486663579941
1.505330920219
1.438134431839
1.528736114502
1.474614024162
1.762282848358
1.516072034836
1.478128075600
1.469428658485
1.444393277168
1.510638237000
1.581688165665
1.709736943245
1.565129041672
1.493728399277
1.526025772095
1.534305095673
1.692582368851
1.508638978004
1.472198724747
1.435453653336
1.420753598213
1.469189405441
1.590458393097
1.696166038513
1.620374679565
1.555729985237
1.756168007851
1.565279841423
1.537106752396
1.477663755417
1.436707973480
1.446655511856
1.439989447594
1.540827035904
1.617351174355
1.685336709023
1.487812042236
1.507609486580
1.492201089859
1.505076766014
1.467185258865
1.443799018860
1.469439506531
1.504988551140
1.550789713860
1.534540414810
1.436976075172
1.418138265610
1.391296625137
1.397278904915
1.407172679901
1.485603332520
1.612902164459
1.640302062035
1.580742359161
1.495308518410
1.420803546906
1.415359497070
1.374813079834
1.465980291367
1.516997456551
2.332793474197
1.874528765678
1.816007137299
1.738288640976
1.684563040733
1.650787591934
1.597906827927
1.697021126747
2.113283634186
2.177580356598
2.227755069733
2.034429073334
1.938789367676
1.865930557251
1.782483339310
1.725697278976
1.675515055656
1.654821753502
1.623465776443
1.621745467186
1.600158095360
1.704716682434
1.689689993858
1.689903259277
1.600062370300
1.591150641441
1.539466738701
1.539822578430
1.514902710915
1.512445449829
1.491907715797
1.503648877144
1.577659606934
1.983044028282
2.285793304443
2.002875089645
1.925486207008
1.885515451431
1.847040653229
1.802039742470
1.750965833664
1.711003065109
1.686432957649
1.660871744156
1.642830729485
1.619329452515
1.622594952583
1.603670358658
1.878245592117
2.099592208862
2.287001371384
2.038870573044
2.005081653595
1.934111356735
1.878539800644
1.824378252029
1.773807406425
1.721209526062
1.681433320045
1.651864528656
1.630743384361
1.609366774559
1.637683629990
1.922334909439
2.667410612106
2.387570381165
2.291785955429
2.181842327118
2.142608404160
2.105299949646
2.057551383972
2.001948118210
1.944455265999
1.899968504906
1.868613839149
1.844384431839
1.821423172951
1.804721593857
1.776562571526
1.771120905876
1.727552890778
1.813252210617
1.776773929596
1.995006322861
1.772159337997
1.789023876190
1.730618000031
1.693051218987
1.682054877281
1.665164589882
1.657642126083
1.643640041351
1.650955915451
1.653517007828
1.720548510551
1.720838427544
1.718476057053
1.626675605774
1.627545475960
1.614027976990
1.666821718216
1.737052440643
1.712732553482
1.626706600189
1.589845776558
1.569235324860
1.555268406868
1.545684576035
1.540081620216
1.555456161499
1.608332872391
1.797621369362
1.720052599907
1.607292175293
1.582157254219
1.538603663445
1.535536289215
1.545040607452
1.615695714951
1.762452840805
1.665996670723
1.618904829025
1.916389822960
1.677623987198
1.626624941826
1.570483803749
1.536054134369
1.511068105698
1.514622449875
1.493056654930
1.550270318985
1.572595477104
1.777401328087
1.573136568069
1.531219601631
1.502567052841
1.472334980965
1.469247817993
1.457619905472
1.490237236023
1.553323984146
1.728329658508
1.676290750504
1.748423099518
1.547744274139
1.544450879097
1.493046402931
1.498301386833
1.478134870529
1.534868240356
1.564940810204
1.647451400757
1.467132687569
1.511013031006
1.434548735619
1.497663497925
1.438874125481
1.569702982903
1.492301940918
1.542613267899
1.498132228851
1.445152163506
1.434587955475
1.430703401566
1.431286215782
1.487810373306
1.506571650505
1.590165853500
1.510248064995
1.465486049652
1.415103197098
1.475866436958
1.499644398689
1.805032253265
1.552464127541
1.615301370621
1.567105412483
1.492319583893
1.429658651352
1.418981075287
1.404665231705
1.397986412048
1.401252269745
1.453361034393
1.617941856384
1.600138425827
1.468461394310
1.427893638611
1.411058187485
1.419175028801
1.462383508682
1.635283708572
1.654348492622
1.503857612610
1.429944396019
1.518843650818
1.473495841026
1.711029291153
1.500908493996
1.439626574516
1.427033185959
1.405440688133
1.393607139587
1.443340539932
1.596694350243
1.689049482346
1.522866010666
1.486801743507
1.444242596626
1.479855179787
1.461736202240
1.710286855698
1.558854222298
1.479945659637
1.411862373352
1.411245942116
1.379433870316
1.431178331375
1.449837684631
1.844593644142
1.578855991364
1.544913649559
1.471949696541
1.438812732697
1.402594566345
1.393292546272
1.380853176117
1.407059192657
1.492438673973
1.654536128044
1.677377104759
1.486072421074
1.491925358772
1.435553073883
1.425980448723
1.433505892754
1.464992046356
1.531174540520
1.484695434570
1.398077368736
1.356045842171
1.387133955956
1.372830033302
1.460381746292
1.493590116501
1.464227199554
1.348347663879
1.414134025574
1.361042022705
1.667449355125
1.507707715034
1.541682362556
1.508851170540
1.487478137016
1.419223427773
1.360618591309
1.368506312370
1.370755672455
1.556484937668
1.793685436249
1.654024243355
1.458622455597
1.426005363464
1.396435856819
1.398246526718
1.428807258606
1.507521390915
1.564138412476
1.608577489853
1.504800438881
1.482669353485
1.377986669540
1.348448514938
1.348424196243
1.311504840851
1.370317459106
1.363388538361
1.802965760231
1.622991323471
1.631498575211
1.530780076981
1.438098669052
1.403997063637
1.398276329041
1.424368739128
1.484461307526
1.492278814316
1.374419689178
1.352582216263
1.345627784729
1.333826303482
1.358041286469
1.378562211990
1.552243590355
1.386997938156
1.417735695839
1.348795175552
1.418510794640
1.348416090012
1.610726237297
1.419463872910
1.507345199585
1.414734363556
1.330339789391
1.348025321960
1.347260951996
1.700562357903
1.827314376831
1.732267022133
1.512566328049
1.473956346512
1.433355450630
1.399301290512
1.384953856468
1.394963026047
1.549110174179
1.819644212723
1.639535188675
1.576494216919
1.516052842140
1.473953008652
1.464597105980
1.432148098946
1.408943176270
1.396031618118
1.498160481453
1.533416152000
1.654480218887
1.406561136246
1.510655999184
1.470447063446
1.483170151711
1.406919240952
1.383356094360
1.376582860947
1.404063701630
1.514010906219
1.481118083000
1.542546510696
1.382315278053
1.370882153511
1.319087743759
1.315103411674
1.298554897308
1.306362748146
1.356019139290
1.472487926483
1.615996003151
1.448083043098
1.606627821922
1.473862409592
1.387883424759
1.392873764038
1.310792326927
1.343377590179
1.291618347168
1.429109573364
1.329622864723
1.495521068573
1.465765118599
1.464073300362
1.635125994682
1.410205841064
1.391770958900
1.343592643738
1.340012311935
1.311437010765
1.345428705215
1.375882267952
1.470858812332
1.478921651840
1.365784883499
1.322525024414
1.282460927963
1.297637701035
1.344078302383
1.513571858406
1.754195690155
1.530535221100
1.416919946671
1.367453336716
1.345400452614
1.338448286057
1.357749223709
1.507950425148
1.646487712860
1.428789973259
1.383217453957
1.315823793411
1.396526932716
1.423721075058
1.697410106659
1.380423188210
1.363928318024
1.295801281929
1.308694362640
1.281918168068
1.371459007263
1.478755831718
1.790559530258
1.456139445305
1.373401761055
1.367465972900
1.309483528137
1.324118018150
1.288955926895
1.438374042511
1.440599203110
1.500004291534
1.414746761322
1.377631783485
1.362093687057
1.448918342590
1.474009037018
1.423274755478
1.286592125893
1.269102215767
1.254768252373
1.284030556679
1.322999715805
1.669049263000
1.664510130882
1.630366325378
1.468904614449
1.413265585899
1.349060535431
1.323238849640
1.292841434479
1.356973290443
1.396075725555
1.912113070488
1.611385583878
1.561314582825
1.413644909859
1.355355024338
1.324391841888
1.301207184792
1.276933789253
1.305993080139
1.359212398529
1.698975086212
1.539397478104
1.450665950775
1.421128392220
1.363250970840
1.302728056908
1.298937201500
1.306742072105
1.420261263847
1.625092864037
1.497343301773
1.434500932693
1.324239730835
1.316637992859
1.293419480324
1.343807578087
1.366163015366
1.556447386742
1.359639883041
1.349222898483
1.303741216660
1.276902437210
1.261888027191
1.264795780182
1.292868137360
1.328943371773
1.336912870407
1.287035822868
1.310930132866
1.283956646919
1.440965652466
1.257168292999
1.395509600639
1.252094268799
1.307128667831
1.216391682625
1.298667907715
1.280761599541
1.625624418259
1.343793272972
1.309653759003
1.340097904205
1.310484766960
1.258864641190
1.254920005798
1.272706389427
1.435240507126
1.380225181580
1.369483947754
1.304298400879
1.334302186966
1.293263196945
1.230548024178
1.223033666611
1.195668578148
1.345771431923
1.381104946136
1.781678915024
1.399412989616
1.365600943565
1.353867650032
1.305651068687
1.300112009048
1.334447145462
1.416864633560
1.508535265923
1.500286579132
1.307985782623
1.293811798096
1.277830004692
1.368136882782
1.623761892319
1.627281427383
1.438017249107
1.394029140472
1.333853244781
1.291326045990
1.294140577316
1.310768127441
1.506426334381
1.522633075714
1.369431376457
1.287649869919
1.295165777206
1.296585083008
1.413722038269
1.606401443481
1.416528940201
1.409447193146
1.281419634819
1.296767711639
1.258688926697
1.370423078537
1.357511043549
1.414273977280
1.226129293442
1.273459672928
1.265091657639
1.456092596054
1.355649232864
1.384738326073
1.294198274612
1.330757379532
1.296837449074
1.303779602051
1.299771308899
1.285873651505
1.355949759483
1.380432605743
1.448635339737
1.294204473495
1.352686882019
1.311368703842
1.517277002335
1.351592183113
1.292394638062
1.258088111877
1.233936548233
1.232213020325
1.333617329597
1.319932341576
1.280076503754
1.241191625595
1.237398624420
1.409962177277
1.606578111649
1.611169576645
1.378208875656
1.328094720840
1.248965263367
1.233214139938
1.214424252510
1.216553092003
1.240731954575
1.460777521133
1.826955556870
1.694393634796
1.538450002670
1.418689012527
1.364906787872
1.296581029892
1.312458992004
1.307749032974
1.567867517471
1.687452912331
1.510499000549
1.387894392014
1.379642009735
1.293370962143
1.334105968475
1.296327114105
1.552949428558
1.433669209480
1.396078586578
1.278602600098
1.270810842514
1.267607331276
1.388748645782
1.580491781235
1.610030889511
1.462442159653
1.311929941177
1.282271504402
1.254428148270
1.254958033562
1.254091262817
1.372196912766
1.584264755249
1.490648508072
1.334922194481
1.272302865982
1.256637811661
1.212434768677
1.235297441483
1.198636412621
1.376911997795
1.365345954895
1.889585375786
1.543111443520
1.411662340164
1.330586075783
1.291273474693
1.260210156441
1.258059978485
1.262007236481
1.424822807312
1.391165494919
1.449210405350
1.299012899399
1.436875581741
1.280713558197
1.226645231247
1.189720630646
1.179077386856
1.187657594681
1.259383678436
1.649860382080
1.794157981873
1.864397048950
1.726779699326
1.639112234116
1.542055130005
1.462837100029
1.411752462387
1.385926485062
1.377770066261
1.366742610931
1.526658654213
1.556477785110
1.549275159836
1.436955451965
1.338110446930
1.305583953857
1.278195381165
1.253911018372
1.247060775757
1.235513210297
1.278702378273
1.385351061821
1.799212217331
1.540371656418
1.482399702072
1.363825798035
1.358280181885
1.305510997772
1.311190009117
1.353762149811
1.559440732002
1.839917182922
1.604275107384
1.426233172417
1.398167848587
1.315389394760
1.290471673012
1.256393074989
1.278979778290
1.257586240768
1.448410511017
1.472227454185
1.468625068665
1.382781267166
1.334399700165
1.309293031693
1.304622292519
1.322071909904
1.344666719437
1.359921216965
1.309875607491
1.209160566330
1.270531296730
1.190456628799
1.350150346756
1.271777510643
1.512227058411
1.530260801315
1.336280345917
1.309007406235
1.330970764160
1.266883134842
1.339014053345
1.254323363304
1.296226978302
1.227877259254
1.217962503433
1.171919107437
1.159314155579
1.166388034821
1.181378722191
1.231753706932
1.331740140915
1.412554264069
1.383855581284
1.308177232742
1.335353016853
1.209879875183
1.241072654724
1.190611481667
1.228102087975
1.224817395210
1.247327327728
1.283833980560
1.200761318207
1.283348202705
1.312881946564
1.479716300964
1.374516010284
1.280362367630
1.337537288666
1.211195707321
1.288165330887
1.238387942314
1.255592584610
1.275261640549
1.194808125496
1.203006863594
1.145731925964
1.209835529327
1.225371003151
1.512588024139
1.507542133331
1.384593725204
1.513072967529
1.412432432175
1.285489082336
1.237995862961
1.248665452003
1.233890533447
1.313642859459
1.298233985901
1.224340200424
1.165615439415
1.134846448898
1.176011323929
1.203296422958
1.551766633987
1.347796320915
1.308685541153
1.417904138565
1.215766787529
1.232822775841
1.228398799896
1.212319612503
1.224340319633
1.341088533401
1.356489658356
1.244826316833
1.185930252075
1.178048133850
1.196571826935
1.297926902771
1.363791704178
1.520648002625
1.458985328674
1.701713085175
1.599658727646
1.674602508545
1.427175998688
1.339232921600
1.293669462204
1.254313111305
1.242421150208
1.217521190643
1.224212050438
1.223093986511
1.378319025040
1.445940732956
1.491191864014
1.258715629578
1.237840890884
1.202595233917
1.271736741066
1.417245030403
1.645223140717
1.374670028687
1.285758256912
1.327690720558
1.337778806686
1.570350885391
1.433546423912
1.604862809181
1.681118011475
1.448637366295
1.461789250374
1.372267246246
1.424452304840
1.386044502258
1.661854505539
1.523815870285
1.412662029266
1.326308488846
1.293909907341
1.261606693268
1.306439638138
1.396911621094
1.676028966904
1.491785526276
1.480250597000
1.379754781723
1.313552975655
1.269474744797
1.255151629448
1.254510879517
1.353261470795
1.627207994461
1.766076803207
1.454413652420
1.409166812897
1.297708392143
1.295858860016
1.249925851822
1.312539339066
1.310631036758
1.724099874496
1.527793526649
1.430410265923
1.320712089539
1.264407634735
1.232454895973
1.219848394394
1.196602821350
1.222946405411
1.280670404434
1.703296184540
1.721655845642
1.527317047119
1.409462213516
1.338176727295
1.315242528915
1.264254093170
1.268272757530
1.262138724327
1.573401689529
1.561458110809
1.815433502197
1.727064967155
1.495776057243
1.381821632385
1.345733642578
1.297506809235
1.286212921143
1.239367485046
1.268562316895
1.231482505798
1.533495664597
1.476696014404
1.690668344498
1.404458761215
1.323593854904
1.270806431770
1.266879558563
1.287656903267
1.506494522095
1.460842132568
1.457400798798
1.325119853020
1.265400767326
1.230761289597
1.245544195175
1.257228255272
1.384503602982
1.335581302643
1.311636209488
1.223141789436
1.201117753983
1.190775871277
1.224426746368
1.393229722977
1.577554702759
