4.138524055481
4.134629249573
4.129181861877
4.122403621674
4.114443778992
4.105414390564
4.095386505127
4.084425449371
4.072618484497
4.060037136078
4.046769618988
4.032830715179
4.018247127533
4.002967834473
3.986936807632
3.970092296600
3.952292203903
3.933383941650
3.913208007812
3.891696453094
3.868893146515
3.844382047653
3.817387104034
3.785687923431
3.752693653107
3.719377994537
3.685321807861
3.655491828918
3.620977878571
3.856351137161
4.255452156067
3.728846311569
3.725504398346
3.716473579407
3.704259872437
3.691244125366
3.678252696991
3.665376901627
3.652660369873
3.640097141266
3.627652406693
3.615315437317
3.603097438812
3.590979337692
3.578950166702
3.566998481750
3.555115699768
3.543293476105
3.531528949738
3.519821643829
3.508172273636
3.496582031250
3.485055685043
3.473593950272
3.462200641632
3.450874805450
3.439620018005
3.428437232971
3.417325973511
3.406290531158
3.395329475403
3.384445190430
3.373639106750
3.362909317017
3.352257728577
3.341685295105
3.331192493439
3.320779323578
3.310445785522
3.300192594528
3.290019512177
3.279925346375
3.269911766052
3.259975671768
3.250116825104
3.240336656570
3.230634212494
3.221010208130
3.211465358734
3.201998949051
3.192611694336
3.183306694031
3.174086332321
3.164950370789
3.155897855759
3.146925926208
3.138034820557
3.129222393036
3.120488882065
3.111834049225
3.103254318237
3.094748020172
3.086310863495
3.077942132950
3.069630622864
3.061379909515
3.053182363510
3.045031785965
3.036923408508
3.028848886490
3.020799398422
3.012769222260
3.004748344421
2.996701240540
2.988626480103
2.980501890182
2.972303390503
2.963997840881
2.955537557602
2.946869850159
2.937924385071
2.928609371185
2.918799161911
2.908350229263
2.896989822388
2.884356975555
2.870050430298
2.853807926178
2.834858179092
2.812587261200
2.787507057190
2.759336948395
2.736680030823
2.719447612762
4.107085704803
3.542394638062
2.863374471664
2.875294685364
2.883277416229
2.891347408295
2.899266004562
2.906901836395
2.913985729218
2.920107364655
2.925119400024
2.929224491119
2.932646274567
2.934903621674
2.935146331787
2.933183908463
2.930017471313
2.926321983337
2.919867038727
2.916146516800
2.904705762863
2.942104816437
2.956449985504
2.909206390381
2.921508312225
2.908330440521
2.900372028351
2.892916202545
2.885162830353
2.877522945404
2.870799779892
2.864403247833
2.858048915863
2.851332664490
2.844432115555
2.837075233459
2.829457044601
2.821743965149
2.813797712326
2.805947303772
2.797732830048
2.789981603622
2.782059431076
2.773077011108
2.778767585754
2.897768497467
2.847151279449
2.860928297043
2.812011957169
2.801165580750
2.792916297913
2.761704683304
2.747838497162
2.725314378738
2.729701042175
2.708376884460
2.747966527939
2.715163707733
2.743313312531
2.697092056274
2.693361520767
2.686398983002
2.675619363785
2.668145656586
2.660049438477
2.651647090912
2.642811536789
2.634514808655
2.626136779785
2.618816614151
2.610141277313
2.603265523911
2.591986656189
2.591399192810
2.570980310440
2.687173128128
2.643100738525
2.619288206100
2.613249063492
2.586495637894
2.571912765503
2.567357063293
2.560306549072
2.552537441254
2.545322656631
2.538225650787
2.532141923904
2.526228189468
2.519961595535
2.513217210770
2.506122112274
2.499476432800
2.493083238602
2.487081766129
2.481135845184
2.475314378738
2.469732761383
2.463489770889
2.458918571472
2.449016571045
2.461151123047
2.447639226913
2.570970058441
2.442518472672
2.452561140060
2.431411504745
2.422399759293
2.420187473297
2.425141811371
2.414372920990
2.407829284668
2.391138792038
2.399719953537
2.376569271088
2.476096391678
2.440330982208
2.415199518204
2.407644987106
2.390174388885
2.359091758728
2.346225261688
2.342463493347
2.338647127151
2.332213163376
2.324675083160
2.316362142563
2.307869434357
2.300357580185
2.290935516357
2.286039113998
2.277391672134
2.274856328964
2.260111570358
2.387489557266
2.531217575073
2.444453239441
2.430871725082
2.417558431625
2.401154518127
2.379599094391
2.360799074173
2.343043565750
2.329297304153
2.320074319839
2.313173294067
2.307948112488
2.301825761795
2.296328544617
2.291661262512
2.285893917084
2.279308319092
2.275014877319
2.268346071243
2.263851642609
2.258755922318
2.258626461029
2.253613948822
2.264626502991
2.254045009613
2.253781080246
2.238286972046
2.240224361420
2.230889558792
2.229303598404
2.219392061234
2.217980384827
2.207922935486
2.211787223816
2.199229240417
2.218775510788
2.203545331955
2.265420675278
2.232090950012
2.226886034012
2.198720932007
2.198007345200
2.193292140961
2.186020851135
2.178600311279
2.171658515930
2.166434764862
2.162066459656
2.157181262970
2.153169631958
2.146681070328
2.146995782852
2.139590024948
2.203078746796
2.324328422546
2.486712455750
2.320497035980
2.326651573181
2.291765451431
2.268568754196
2.265646457672
2.265380859375
2.248561859131
2.235679149628
2.219526529312
2.212820529938
2.197878837585
2.196848154068
2.187179803848
2.190831184387
2.172162532806
2.171897649765
2.149213552475
2.148953914642
2.134018182755
2.134642362595
2.123308897018
2.120752811432
2.110420465469
2.109804630280
2.099193334579
2.101806879044
2.088129281998
2.099158048630
2.080243110657
2.111584901810
2.085304260254
2.093033552170
2.060956239700
2.074313640594
2.055894136429
2.105315208435
2.147332429886
2.489888191223
2.318986654282
2.255213737488
2.257806301117
2.246501207352
2.229579448700
2.212769746780
2.192113637924
2.163465023041
2.128691434860
2.098477840424
2.083019733429
2.070632457733
2.062247037888
2.060539722443
2.056117057800
2.053992986679
2.047492504120
2.044535398483
2.035968542099
2.031505584717
2.022714853287
2.016886949539
2.016686916351
2.011607408524
2.101377964020
2.143907070160
2.212931394577
2.123660802841
2.080989837646
2.056450843811
2.036808967590
2.030512809753
2.025842666626
2.011936664581
1.999153614044
1.992225885391
1.986111998558
1.981201052666
1.974902391434
1.972606897354
1.966282606125
1.971213102341
1.960376858711
2.021830558777
2.063082456589
2.023086071014
2.070291042328
1.994016170502
2.088522195816
1.996613383293
1.980547308922
1.967456340790
1.961596488953
1.952640771866
1.963188171387
1.950955152512
2.004270792007
1.980860352516
2.049171924591
1.956735372543
1.955060362816
1.928165316582
1.930696606636
1.919671773911
1.934487581253
1.912755608559
1.983984112740
1.965492010117
2.060743331909
1.955823302269
1.964352607727
1.964020490646
1.947196483612
1.942897558212
1.925243735313
1.972630143166
1.966894865036
2.113077640533
1.960424184799
1.963260173798
1.927959322929
1.901258587837
1.897220849991
1.896128773689
1.896467089653
1.888999104500
1.887274503708
1.876349568367
1.888758420944
1.871064782143
1.958412408829
2.010126352310
1.990644454956
1.924433231354
1.911362171173
1.893221497536
1.895737886429
1.898265361786
1.932570695877
1.919214606285
1.974873781204
1.895361065865
1.954771637917
1.898715496063
1.921311020851
1.890682578087
1.908617019653
1.896258354187
1.881179928780
1.871244788170
1.852337241173
1.861662626266
1.840423345566
1.883446455002
1.857380747795
2.096662282944
1.997700691223
2.012975692749
1.921863675117
1.896146893501
1.872083067894
1.868644952774
1.861247062683
1.868537425995
1.877762556076
1.968989372253
2.041777133942
1.936594247818
1.911381125450
1.886698365211
1.856915116310
1.860272884369
1.851670145988
1.860945940018
1.843805551529
1.892371892929
1.898849964142
2.034249305725
1.942834258080
1.898293375969
1.866727471352
1.840520858765
1.831915974617
1.836358428001
1.830038905144
1.833912372589
1.821812152863
1.868221402168
1.919888615608
1.986610174179
1.920811295509
1.880410194397
1.844500780106
1.844986915588
1.836745738983
1.882365822792
1.876560807228
1.874665260315
1.826581835747
1.842634916306
1.813895821571
1.909526705742
1.911947011948
2.044192552567
1.879993081093
1.846621394157
1.824175357819
1.815160632133
1.809925913811
1.813786506653
1.805570602417
1.823190927505
1.839172720909
1.934569478035
1.913226604462
1.835348486900
1.857283115387
1.811614394188
1.878395199776
1.830844521523
1.927078723907
1.834093093872
1.825594305992
1.798322558403
1.807265996933
1.830550670624
1.920023441315
1.944587826729
1.941220521927
1.850456476212
1.831291437149
1.795971155167
1.790123343468
1.788138389587
1.789187192917
1.778703927994
1.787155151367
1.769384741783
1.833636283875
1.834185957909
1.991917729378
1.957792639732
1.908149361610
1.867303848267
1.828289389610
1.800981879234
1.883232831955
1.908728003502
1.898755908012
1.811545848846
1.786409497261
1.777944803238
1.784623146057
1.779495596886
1.806721925735
1.824813842773
1.958671450615
1.959684252739
1.910957932472
1.846449613571
1.818302750587
1.779697775841
1.787799358368
1.770549058914
1.875606298447
1.939330697060
1.900849461555
1.858543992043
1.812844872475
1.796064257622
1.764744400978
1.778238058090
1.758836746216
1.797330260277
1.793246746063
1.907896041870
1.867762684822
1.791091322899
1.835346579552
1.795156359673
1.845600605011
1.774960637093
1.798700094223
1.748808145523
1.816449522972
1.814453959465
1.979889273643
1.901931643486
1.835451960564
1.802041172981
1.779859066010
1.758678197861
1.755068540573
1.750632166862
1.766232609749
1.796651601791
1.898602724075
1.889988899231
1.782799601555
1.799848556519
1.772358298302
1.833788990974
1.804901480675
1.851582646370
1.802194476128
1.801751375198
1.744481801987
1.769862413406
1.747217059135
1.875086069107
1.878657341003
1.880803704262
1.778709888458
1.747403502464
1.734908103943
1.752311706543
1.743057966232
1.892258763313
1.868273019791
1.803013443947
1.809028387070
1.752012729645
1.786763429642
1.739087343216
1.807704210281
1.826012730598
1.870226740837
1.769820332527
1.732565402985
1.728618860245
1.719645142555
1.732913851738
1.718734502792
1.780021429062
1.783575057983
1.818473696709
1.725613832474
1.741501569748
1.702253222466
1.843114137650
1.935389399529
2.000483036041
1.882580161095
1.776345252991
1.740337610245
1.728435397148
1.725145220757
1.712591409683
1.706076622009
1.696630716324
1.711326241493
1.781377434731
2.023356676102
1.901088237762
1.842364430428
1.819077134132
1.757248878479
1.793195605278
1.742310762405
1.811126351357
1.745619773865
1.787164568901
1.732097387314
1.758180618286
1.760509729385
1.834101080894
1.749927997589
1.800664305687
1.725914120674
1.789133787155
1.741166353226
1.720979332924
1.695515155792
1.690964937210
1.681824922562
1.687996387482
1.742785096169
1.787489891052
2.003308296204
1.895542860031
1.930643677711
1.857459425926
1.821623444557
1.786118030548
1.760656595230
1.735826492310
1.719370841980
1.715733051300
1.719489574432
1.804561376572
1.796292662621
1.879220008850
1.750663876534
1.728549957275
1.697407007217
1.723462820053
1.702377796173
1.867409467697
1.914361834526
1.802386641502
1.758189558983
1.747250199318
1.694757938385
1.734907984734
1.743472576141
1.879019618034
1.746518969536
1.727552294731
1.692649364471
1.686879515648
1.682618856430
1.709944248199
1.759647607803
1.896738767624
1.701511025429
1.716790914536
1.667183637619
1.671083927155
1.641420960426
1.667811393738
1.642370581627
1.743195891380
1.764485955238
1.781904101372
1.785802364349
1.852899074554
1.709959387779
1.668386936188
1.672957301140
1.647237658501
1.667137503624
1.650368928909
1.817997455597
1.942276835442
1.817045211792
1.733101129532
1.693282127380
1.687105417252
1.695953488350
1.681698441505
1.677558183670
1.676461815834
1.790845155716
1.937791347504
1.801620244980
1.779228806496
1.729354381561
1.697813987732
1.661666989326
1.676208496094
1.636863827705
1.776712417603
1.822194695473
2.120733499527
1.944640159607
1.856401681900
1.771981716156
1.739034414291
1.707910060883
1.688547253609
1.677186369896
1.700873136520
1.768420696259
1.930518746376
1.763198614120
1.778230667114
1.715871810913
1.687872767448
1.651260137558
1.654844045639
1.636553406715
1.756068587303
1.799490928650
1.874068498611
1.864595413208
1.798579812050
1.707100987434
1.706810235977
1.684357523918
1.685883998871
1.645898580551
1.690741658211
1.685005068779
1.687828183174
1.616527915001
1.650203943253
1.608781933784
1.635684132576
1.590850234032
1.622439980507
1.615864992142
1.655061244965
1.868725061417
1.845983028412
1.814776897430
1.780673742294
1.700165033340
1.662413239479
1.644059062004
1.645519733429
1.688466310501
1.746872067451
1.789480328560
1.676898956299
1.636771917343
1.622252225876
1.594808340073
1.645267963409
1.630797982216
1.686473608017
1.634418725967
1.752742052078
1.666227340698
1.683153986931
1.669121742249
1.685858726501
1.676394462585
1.672512531281
1.625098228455
1.638726830482
1.647838592529
1.624146699905
1.610988497734
1.577517747879
1.584928631783
1.617036461830
1.682764530182
1.717431545258
1.681774139404
1.612896442413
1.602360486984
1.568156957626
1.634030342102
1.628761887550
1.833918571472
1.778430461884
1.662809371948
1.589507579803
1.630538702011
1.585842132568
1.803333520889
1.909627676010
1.991077780724
1.977907776833
1.887294650078
1.768918514252
1.727947950363
1.688350677490
1.690566897392
1.677747964859
1.656837105751
1.620777368546
1.654578447342
1.631022691727
1.842098712921
1.697756290436
1.761810421944
1.683799386024
1.623925685883
1.585193872452
1.581675410271
1.568781852722
1.570569038391
1.564209222794
1.618004322052
1.650717139244
1.782171010971
1.703008651733
1.776553630829
1.652487277985
1.604366779327
1.579524517059
1.610262751579
1.582674741745
1.746395349503
1.761327981949
1.622573852539
1.596822381020
1.560255050659
1.567026853561
1.595924019814
1.729607820511
1.918325424194
1.700096011162
1.655241131783
1.595786094666
1.591364622116
1.561088442802
1.602018713951
1.584299921989
1.770246744156
1.754298448563
1.693148136139
1.739654541016
1.649971246719
1.602728128433
1.591053128242
1.571213960648
1.613085508347
1.634254932404
1.797112584114
1.746510982513
1.648482799530
1.604977369308
1.578458309174
1.550157785416
1.555229663849
1.529627323151
1.572706341743
1.544682741165
1.745613932610
1.698997974396
1.643090248108
1.568523645401
1.571040391922
1.535514473915
1.588414311409
1.598475694656
1.955204486847
1.690473794937
1.640748620033
1.593092560768
1.575092792511
1.556584835052
1.640755891800
1.683152675629
1.995107650757
1.695581555367
1.669790863991
1.589071989059
1.591104388237
1.557661652565
1.597196340561
1.578111410141
1.859077811241
2.045272111893
1.763547778130
1.699647903442
1.661984920502
1.635056495667
1.605352163315
1.606388330460
1.686064600945
1.746635675430
1.740505099297
1.607894301414
1.616392612457
1.554439544678
1.616000890732
1.562900543213
1.812262535095
1.761407613754
1.639780640602
1.626635789871
1.605772376060
1.559020876884
1.583973646164
1.568876266479
1.627757549286
1.603718519211
1.608538269997
1.546116471291
1.527525544167
1.541959047318
1.560011744499
1.623405337334
1.647040963173
1.539262056351
1.526623487473
1.488412976265
1.510999202728
1.473766803741
1.550928592682
1.524665951729
1.643256664276
1.577313423157
1.500578761101
1.561074495316
1.519753694534
1.703180313110
1.681395053864
1.579809784889
1.626616835594
1.582934021950
1.561195373535
1.529281020164
1.557522892952
1.512802124023
1.530468821526
1.493274927139
1.529123306274
1.490083575249
1.551071166992
1.493608117104
1.664558410645
1.591098308563
1.758998632431
1.699203372002
1.800396442413
1.600553035736
1.553928375244
1.543772816658
1.506495833397
1.531937360764
1.501092314720
1.664025545120
1.638988614082
1.601803183556
1.512881159782
1.522364497185
1.506261825562
1.568861484528
1.646568655968
1.685137510300
1.587858438492
1.596633672714
1.508722662926
1.509173393250
1.487208127975
1.512609481812
1.560363411903
1.610048770905
1.606556177139
1.486601471901
1.513013482094
1.496490955353
1.548695564270
1.601473212242
1.588724136353
1.529257774353
1.476007699966
1.441369533539
1.496303558350
1.593878269196
1.741824388504
1.765173196793
1.587507724762
1.582871437073
1.556756377220
1.517013192177
1.502393484116
1.547752857208
1.563452363014
1.756330013275
1.603821277618
1.535410046577
1.479289054871
1.516806602478
1.467536568642
1.703072071075
1.613465785980
1.561929941177
1.557371377945
1.555007696152
1.572357416153
1.629100799561
1.484938740730
1.506984949112
1.491860389709
1.441883802414
1.527966260910
1.585268378258
1.807946562767
1.632239818573
1.608324289322
1.745858430862
1.641744494438
1.565113067627
1.467459917068
1.471684813499
1.461383461952
1.490422844887
1.533984065056
1.661552071571
1.697212696075
1.538726925850
1.555894732475
1.543000936508
1.510300636292
1.541272878647
1.478410720825
1.559311747551
1.506989955902
1.577852010727
1.532503485680
1.444213390350
1.459949016571
1.425662517548
1.431672692299
1.435760378838
1.496670961380
1.655088424683
1.625822186470
1.632484793663
1.531070590019
1.438970088959
1.453141212463
1.409681439400
1.493848085403
1.592250227928
2.259153604507
2.043882369995
1.957855463028
1.859565019608
1.736635088921
1.670106530190
1.635373353958
1.689226865768
2.043460845947
2.057507753372
2.092428922653
1.993520021439
1.909879446030
1.850308656693
1.766732931137
1.716495037079
1.695535540581
1.672088623047
1.655766367912
1.638135671616
1.670559763908
1.717027068138
1.842980861664
1.749829769135
1.630375385284
1.609184741974
1.570652365685
1.556277751923
1.544819831848
1.524230718613
1.528949379921
1.484989285469
1.663733959198
1.771668314934
2.265424013138
2.122013092041
1.959693312645
1.904208898544
1.858967661858
1.815327525139
1.764337062836
1.714826941490
1.681950092316
1.657723665237
1.644463419914
1.621610879898
1.634464383125
1.603404521942
1.897636175156
2.119184017181
2.212461471558
2.079298019409
2.054294824600
1.982927083969
1.918195128441
1.845005750656
1.776368856430
1.721624612808
1.685759067535
1.658893823624
1.640605092049
1.622343659401
1.651798009872
1.861433148384
2.471553087234
2.341420650482
2.234880447388
2.149729728699
2.108898878098
2.064633846283
2.019062757492
1.973914146423
1.927669048309
1.888386249542
1.859524011612
1.836872100830
1.819224476814
1.801985144615
1.785073041916
1.764223694801
1.765424489975
1.770682692528
1.925913333893
1.903844118118
1.882389783859
1.810865163803
1.735945940018
1.712914705276
1.693229317665
1.676634311676
1.663029193878
1.660996317863
1.652826309204
1.683557271957
1.699822068214
1.769336938858
1.716018676758
1.660520553589
1.666801810265
1.618334174156
1.742498874664
1.752954959869
1.820458889008
1.637510538101
1.619424700737
1.589651584625
1.590278267860
1.561226129532
1.596854567528
1.535803675652
1.749597430229
1.639907240868
1.726433634758
1.645187139511
1.635870099068
1.573096871376
1.572416901588
1.564176797867
1.649512529373
1.711935877800
1.653965234756
1.762963414192
1.814044237137
1.714454054832
1.666403174400
1.620822787285
1.559141755104
1.542176365852
1.534893155098
1.534072279930
1.565320253372
1.639102697372
1.766802430153
1.650757431984
1.525475025177
1.531957268715
1.493911027908
1.496439695358
1.479696393013
1.541683673859
1.586115479469
1.860338449478
1.705221414566
1.730341196060
1.617045283318
1.584909081459
1.511617898941
1.533943891525
1.493521451950
1.577144384384
1.549262642860
1.655203342438
1.568482279778
1.494986653328
1.521113991737
1.460325956345
1.553746461868
1.490873694420
1.624580025673
1.534221649170
1.543043732643
1.505361080170
1.438156843185
1.492388248444
1.429320096970
1.559565305710
1.496544599533
1.608695387840
1.594806075096
1.477306842804
1.453750610352
1.484867811203
1.526314496994
1.752222657204
1.554177403450
1.701483726501
1.538923144341
1.494989871979
1.458957552910
1.456773281097
1.440776586533
1.436559915543
1.443822383881
1.495730161667
1.670881986618
1.659528493881
1.519202113152
1.497427105904
1.446894764900
1.473885059357
1.508087158203
1.650806665421
1.700993299484
1.530806541443
1.499275445938
1.537646770477
1.578753113747
1.711488008499
1.645801782608
1.480637788773
1.445789813995
1.454216599464
1.409224510193
1.541613578796
1.560926198959
1.858516931534
1.580189943314
1.524770379066
1.491981387138
1.498743534088
1.509106278419
1.672498703003
1.553504586220
1.531950592995
1.452552795410
1.442370653152
1.428643107414
1.447356224060
1.529160141945
1.721628308296
1.628565549850
1.580030560493
1.526214480400
1.461878657341
1.450562238693
1.411120891571
1.447571396828
1.396455883980
1.603254795074
1.543419718742
1.659178137779
1.609088540077
1.498883605003
1.463614940643
1.465201735497
1.448815107346
1.509580612183
1.530484437943
1.529514312744
1.443843841553
1.389889717102
1.432593107224
1.392810821533
1.524406909943
1.511283636093
1.509328126907
1.413363337517
1.409032821655
1.465891003609
1.599360108376
1.698658227921
1.546840071678
1.527043700218
1.507234930992
1.473069071770
1.389077425003
1.432198882103
1.393566846848
1.652303576469
1.711806297302
1.644045472145
1.509224653244
1.456184267998
1.409093141556
1.439083695412
1.419033765793
1.546849966049
1.536548614502
1.608357667923
1.597564458847
1.440551757812
1.395885825157
1.389890074730
1.381458044052
1.363388419151
1.408453941345
1.453679919243
1.803652644157
1.802410125732
1.656736254692
1.485141515732
1.476152896881
1.433875560760
1.458034873009
1.449850320816
1.581530570984
1.511378169060
1.436888813972
1.399856567383
1.394971847534
1.379706144333
1.419733762741
1.422862172127
1.605089306831
1.455612659454
1.462559223175
1.403515219688
1.462939739227
1.435543417931
1.598004579544
1.542178869247
1.460398316383
1.488069534302
1.366635560989
1.380712270737
1.365971326828
1.687464475632
1.744192719460
1.697750926018
1.605029344559
1.502984046936
1.470872521400
1.425720691681
1.441995143890
1.421110510826
1.727868556976
1.774427056313
1.771313428879
1.652069568634
1.540763020515
1.501987218857
1.489747762680
1.484460949898
1.445853590965
1.479544401169
1.488621950150
1.654779314995
1.642523765564
1.503711581230
1.590044736862
1.531861305237
1.562227725983
1.435865283012
1.449493885040
1.428322672844
1.488174080849
1.540167570114
1.605017304420
1.546112537384
1.434841990471
1.427603483200
1.372839331627
1.363122105598
1.361863255501
1.354305148125
1.424438118935
1.511253237724
1.665400743484
1.517237663269
1.588121771812
1.570260286331
1.491671800613
1.388821125031
1.371573686600
1.363857746124
1.387358784676
1.403524875641
1.454430580139
1.437526106834
1.511693477631
1.542728900909
1.679755210876
1.498965740204
1.400090694427
1.381691813469
1.395133972168
1.374464511871
1.413010954857
1.451189994812
1.537446022034
1.544445991516
1.417017459869
1.388809323311
1.322700977325
1.370831727982
1.348473668098
1.622705817223
1.663500547409
1.537966728210
1.465341448784
1.388637423515
1.382934570312
1.371425747871
1.400876760483
1.523862481117
1.554251432419
1.482839345932
1.422240853310
1.372963070869
1.435324430466
1.494867086411
1.708050727844
1.475719451904
1.406795024872
1.350112557411
1.363751888275
1.345264315605
1.428753376007
1.559686422348
1.840670108795
1.569791555405
1.449286460876
1.396896362305
1.391018152237
1.352377295494
1.413968324661
1.420895814896
1.660343408585
1.492964267731
1.469932317734
1.465553283691
1.411046981812
1.467554569244
1.513863921165
1.469014644623
1.329806447029
1.333454847336
1.296213626862
1.356971859932
1.342838525772
1.803753376007
1.608961224556
1.603558421135
1.452812790871
1.457231998444
1.398991942406
1.367355465889
1.361357092857
1.390348672867
1.455940723419
1.793335795403
1.520381450653
1.601485967636
1.487337112427
1.414978265762
1.365366458893
1.361498594284
1.340207457542
1.388125419617
1.426438808441
1.791650056839
1.658715724945
1.476650953293
1.476868987083
1.415072441101
1.374655246735
1.341397762299
1.422619462013
1.434263348579
1.815838932991
1.486071586609
1.464527487755
1.381997823715
1.379309654236
1.345613718033
1.402641296387
1.420081257820
1.570862650871
1.439240932465
1.381401658058
1.389000654221
1.330992698669
1.345492601395
1.320038318634
1.401480436325
1.378008484840
1.462520360947
1.365987181664
1.377120375633
1.371876835823
1.428662180901
1.331874847412
1.444643735886
1.362643241882
1.339677214622
1.315118908882
1.328920245171
1.401813387871
1.626528978348
1.451156139374
1.346766948700
1.402080893517
1.355737209320
1.299619674683
1.345892667770
1.296375274658
1.563166856766
1.354360222816
1.429557800293
1.423044204712
1.383169293404
1.372585892677
1.276346802711
1.281924128532
1.279831290245
1.392967343330
1.571549296379
1.727184295654
1.470438599586
1.431597709656
1.360038280487
1.371005177498
1.357306241989
1.396075963974
1.471622467041
1.528533101082
1.562238216400
1.342579841614
1.351339817047
1.325550794601
1.455099821091
1.711264014244
1.730966567993
1.474739909172
1.403651475906
1.393424510956
1.328747034073
1.364693760872
1.339841723442
1.583589553833
1.524460077286
1.386276841164
1.415632963181
1.307433128357
1.403415918350
1.407012939453
1.706939458847
1.497064828873
1.439470767975
1.356364369392
1.322963953018
1.333393573761
1.396863102913
1.433176517487
1.448973178864
1.314082860947
1.362306237221
1.317905783653
1.570947527885
1.403294086456
1.442115664482
1.399916291237
1.369354963303
1.384372711182
1.372509717941
1.362664461136
1.382253766060
1.377323389053
1.586252212524
1.423763036728
1.362255454063
1.413411855698
1.369903087616
1.506322264671
1.403564453125
1.409121155739
1.288653850555
1.319096088409
1.269797086716
1.446907281876
1.334856271744
1.387408494949
1.301437616348
1.313998103142
1.455422163010
1.648177862167
1.617915391922
1.435877561569
1.411868333817
1.300627231598
1.311651825905
1.274734020233
1.301173448563
1.278755664825
1.558436155319
1.775881052017
1.717553377151
1.586009263992
1.501182436943
1.390167117119
1.366648674011
1.337327361107
1.451632618904
1.538855195045
1.973106503487
1.647167205811
1.465538501740
1.442396879196
1.373213052750
1.427238702774
1.389083385468
1.628824710846
1.543973088264
1.457609653473
1.365958213806
1.325453758240
1.366451740265
1.427119016647
1.712134122849
1.616279125214
1.444728851318
1.391547799110
1.351938247681
1.332338929176
1.298953056335
1.354273796082
1.371875166893
1.709292411804
1.481292009354
1.392339944839
1.328293085098
1.310750007629
1.273708701134
1.303934574127
1.273712873459
1.432017087936
1.447451114655
1.876308560371
1.651608347893
1.483552694321
1.369237422943
1.363287091255
1.309234857559
1.344729423523
1.293613314629
1.537519931793
1.409731626511
1.504336595535
1.417564868927
1.433107972145
1.387812614441
1.281419277191
1.270508527756
1.249821662903
1.275616884232
1.341808676720
1.769504308701
1.891435384750
1.937398433685
1.861122965813
1.728770732880
1.599626183510
1.523538112640
1.457364082336
1.457560658455
1.418612480164
1.471974372864
1.467332124710
1.665369391441
1.550605058670
1.467099905014
1.421244978905
1.367746472359
1.342098951340
1.318189620972
1.320331096649
1.298121213913
1.366013765335
1.415665149689
1.877645492554
1.535137772560
1.486525774002
1.444893002510
1.399626731873
1.361612558365
1.353154778481
1.382445812225
1.614246726036
1.762987852097
1.575614690781
1.479994297028
1.452897310257
1.372309923172
1.350511550903
1.332625746727
1.344287991524
1.373294115067
1.501251697540
1.726155757904
1.577704429626
1.453660845757
1.375910401344
1.397370100021
1.309899330139
1.418745994568
1.345562338829
1.459884524345
1.347175598145
1.296503424644
1.344585418701
1.266739964485
1.435362100601
1.326804995537
1.621708631516
1.567713856697
1.460114717484
1.389140844345
1.376013755798
1.344629526138
1.363346815109
1.328131914139
1.341335058212
1.308064937592
1.287170648575
1.247448921204
1.252896308899
1.231099605560
1.297179222107
1.271400809288
1.463870882988
1.417379617691
1.434985637665
1.417004108429
1.346515417099
1.312656641006
1.266735196114
1.310813069344
1.252965688705
1.348228454590
1.277613282204
1.370875120163
1.263069987297
1.337568521500
1.386864542961
1.507293820381
1.441708326340
1.340096950531
1.389526844025
1.282578468323
1.324908018112
1.300813436508
1.362982034683
1.314432382584
1.320271849632
1.237860441208
1.248131752014
1.258985996246
1.305027961731
1.594195365906
1.538675785065
1.485285520554
1.639330387115
1.409334421158
1.353315591812
1.325282573700
1.317543268204
1.296963214874
1.394934296608
1.346413016319
1.305396914482
1.250418186188
1.215693950653
1.257843136787
1.295204877853
1.609255313873
1.446892023087
1.367425680161
1.418988823891
1.303640842438
1.280260324478
1.300924658775
1.279684901237
1.303979992867
1.453529596329
1.418392658234
1.352979183197
1.244022250175
1.282631039619
1.260128021240
1.421854734421
1.466751217842
1.621701717377
1.585039854050
1.719563245773
1.761440277100
1.584375143051
1.525384187698
1.391266822815
1.356889009476
1.327487707138
1.316716194153
1.301023721695
1.295284271240
1.319581985474
1.408200383186
1.523875594139
1.461508989334
1.312955379486
1.324905276299
1.248680114746
1.384566783905
1.354842662811
1.790988922119
1.382562160492
1.359952926636
1.398456692696
1.410927414894
1.584699869156
1.526574850082
1.582798242569
1.690165162086
1.489494681358
1.494555354118
1.425021886826
1.432432174683
1.438525676727
1.641995191574
1.563898801804
1.447822928429
1.418141365051
1.350527763367
1.356767296791
1.361257314682
1.508507013321
1.705480337143
1.602559328079
1.602925062180
1.430412292480
1.368320345879
1.317175030708
1.318362355232
1.311366438866
1.409108996391
1.651211261749
1.720893621445
1.514534950256
1.470712065697
1.367048740387
1.352932691574
1.314869761467
1.378975272179
1.404552698135
1.788159132004
1.673625469208
1.450728654861
1.426443338394
1.329737424850
1.303146123886
1.300556659698
1.266266822815
1.327815055847
1.302971363068
1.931577086449
1.629755735397
1.559001922607
1.476511478424
1.403658390045
1.357888221741
1.326110601425
1.319950819016
1.355010628700
1.586344718933
1.745620131493
1.720853686333
1.640656828880
1.510765910149
1.447362899780
1.415730595589
1.360769748688
1.342982292175
1.311605811119
1.336530685425
1.322370409966
1.609919905663
1.582968711853
1.640017747879
1.417590260506
1.366793990135
1.334809064865
1.337619066238
1.355944275856
1.567702293396
1.530421972275
1.454405903816
1.385613918304
1.327059745789
1.321158289909
1.314495563507
1.367706537247
1.415600895882
1.479745268822
1.356423854828
1.304830551147
1.275689840317
1.266122579575
1.298330307007
1.471143841743
1.673159837723
