4.155427932739
4.149975776672
4.142611026764
4.133761405945
4.123585224152
4.112269878387
4.099939346313
4.086607456207
4.072251796722
4.056896209717
4.040469646454
4.022789955139
4.003512382507
3.982200622559
3.958258152008
3.930991172791
3.899614095688
3.863511323929
3.823081970215
3.781109094620
3.742766380310
3.711369752884
3.682056427002
3.650313377380
3.629734039307
3.595294475555
3.650650978088
3.652840852737
5.483051776886
3.892698764801
3.826288223267
3.796592235565
3.777548313141
3.762554407120
3.749093055725
3.736309051514
3.723860263824
3.711587429047
3.699403047562
3.687252998352
3.675118446350
3.663000345230
3.650903701782
3.638835906982
3.626806735992
3.614829063416
3.602921724319
3.591108798981
3.579421281815
3.567877769470
3.556467056274
3.545163631439
3.533929347992
3.522730588913
3.511525630951
3.500279903412
3.488978147507
3.477621793747
3.466221332550
3.454793930054
3.443373203278
3.431994199753
3.420692443848
3.409497261047
3.398415565491
3.387439966202
3.376565217972
3.365771055222
3.354992866516
3.344154834747
3.333210945129
3.322158336639
3.310992479324
3.299747705460
3.288465023041
3.277156352997
3.265826940536
3.254494428635
3.243126869202
3.231690168381
3.220227241516
3.208708286285
3.197010993958
3.184866905212
3.172002553940
3.158208608627
3.142925262451
3.126028537750
3.107339143753
3.087044954300
3.066052913666
3.046449899673
3.030109882355
3.016209602356
3.002280235291
2.988228082657
2.973727464676
2.960440397263
2.945251703262
2.944156408310
3.038430929184
2.850399971008
2.939028501511
2.917954921722
2.884749650955
2.861005067825
2.843106985092
2.826401233673
2.809415340424
2.791890144348
2.774537801743
2.755151271820
2.736817836761
2.701899528503
2.744940757751
3.238611936569
4.430959701538
2.898373126984
2.899063825607
2.900410652161
2.902657032013
2.905435085297
2.908422470093
2.911419391632
2.914280653000
2.916883707047
2.919143676758
2.921006202698
2.922426223755
2.923377275467
2.923842430115
2.923826217651
2.923338890076
2.922402381897
2.921033382416
2.919250726700
2.917051076889
2.914440870285
2.911424160004
2.907993316650
2.904148340225
2.899897575378
2.895237922668
2.890144586563
2.884604454041
2.878610610962
2.872182846069
2.865375280380
2.858288764954
2.851105213165
2.844122171402
2.837681293488
2.831805706024
2.825825214386
2.818322658539
2.807561635971
2.793242931366
2.776581287384
2.759222030640
2.742151260376
2.725303888321
2.708353281021
2.690088987350
2.670811891556
2.649833679199
2.624741554260
2.599551439285
2.572794914246
2.551923990250
2.525934934616
2.520031213760
2.481635808945
2.551017761230
2.482802867889
2.618912220001
2.437923908234
2.438645124435
2.442456960678
2.441498279572
2.435459613800
2.427485466003
2.419831275940
2.412584543228
2.404367685318
2.395403385162
2.386268854141
2.378024816513
2.371371030807
2.365036964417
2.359551191330
2.352171897888
2.347281455994
2.336099386215
2.338431119919
2.305437088013
2.388319015503
2.250376462936
3.329738616943
2.432570695877
2.409155368805
2.394617557526
2.381034374237
2.376596450806
2.376949787140
2.352654933929
2.308391094208
2.279478788376
2.268673658371
2.255156755447
2.256708621979
2.250221490860
2.258723020554
2.248620748520
2.258298397064
2.240937709808
2.252954721451
2.226346015930
2.252800941467
2.207837104797
2.291485786438
2.225505828857
2.310841321945
2.213949918747
2.214184284210
2.204343795776
2.188571453094
2.176782369614
2.169996261597
2.165971994400
2.163637638092
2.161980628967
2.160873413086
2.158620595932
2.155981302261
2.151624679565
2.147715330124
2.142199516296
2.138883590698
2.131599426270
2.135405063629
2.115509033203
2.201698064804
2.254719018936
3.045992851257
2.370141267776
2.393574237823
2.401068449020
2.392322540283
2.369166851044
2.338162422180
2.311427593231
2.295091629028
2.284596681595
2.273411273956
2.260471105576
2.249388694763
2.243303775787
2.240706920624
2.240437746048
2.240540742874
2.238811016083
2.234073877335
2.227366209030
2.220575571060
2.214760065079
2.209856510162
2.205508708954
2.201467275620
2.197101593018
2.192553520203
2.187612056732
2.182297706604
2.176667213440
2.171056270599
2.164936780930
2.159664392471
2.153148174286
2.148287057877
2.141042709351
2.138575553894
2.129097938538
2.134473085403
2.111006736755
2.156303644180
2.074640274048
2.425834417343
2.144652843475
2.488920211792
2.391180992126
2.253492116928
2.109470605850
2.073893070221
2.103051662445
2.093347072601
2.084818601608
2.083082675934
2.084062814713
2.082150459290
2.076927423477
2.070113182068
2.063488245010
2.058628797531
2.054172039032
2.050898551941
2.046686649323
2.042741775513
2.038112401962
2.034237623215
2.029411792755
2.026370048523
2.020678997040
2.020244359970
2.008887767792
2.026787519455
1.983402967453
2.215676069260
2.145803451538
2.591640233994
2.472720384598
2.465425014496
2.444881677628
2.417910814285
2.383579730988
2.337798118591
2.273039579391
2.184177875519
2.092549324036
2.025596141815
2.000886440277
1.999817013741
2.006556749344
2.014621734619
2.022299289703
2.023423433304
2.017995834351
2.009948968887
2.003109931946
1.998636126518
1.995351672173
1.992682933807
1.990141868591
1.987592697144
1.985172152519
1.983095645905
1.980874300003
1.978168129921
1.975408315659
1.972350358963
1.969360113144
1.966086268425
1.963093280792
1.959987044334
1.956692218781
1.964800119400
2.031453371048
2.493944406509
2.851656436920
2.214431524277
2.337544441223
2.387758731842
2.407704114914
2.415152788162
2.417664051056
2.418321371078
2.418347358704
2.418155431747
2.417866706848
2.417582035065
2.417389392853
2.417378664017
2.417630434036
2.418157100677
2.418807983398
2.419124126434
2.418493270874
2.416484832764
2.413129329681
2.408892393112
2.404326438904
2.399857521057
2.395661115646
2.391645431519
2.387655019760
2.383421659470
2.378533363342
2.372700929642
2.365910291672
2.358391523361
2.350471496582
2.342321395874
2.333863258362
2.324777841568
2.314737319946
2.303498744965
2.291073799133
2.277545213699
2.263041257858
2.247644424438
2.231694221497
2.215606451035
2.199523687363
2.183523893356
2.167873382568
2.152099847794
2.135179519653
2.115991592407
2.093624591827
2.068574905396
2.041837215424
2.020951271057
1.998180508614
2.035433292389
2.106955051422
3.650962352753
2.327259540558
2.420303106308
2.391407966614
2.408043146133
2.407901287079
2.417930603027
2.419394969940
2.413392305374
2.399025678635
2.382635593414
2.363802433014
2.344899177551
2.324093580246
2.309485435486
2.289842128754
2.306419372559
2.293583393097
2.465862035751
2.410475254059
2.409998655319
2.393190383911
2.368432283401
2.357096195221
2.333727121353
2.306554794312
2.280450820923
2.255623817444
2.237776279449
2.231398344040
2.235524892807
2.243163108826
2.246090650558
2.240328311920
2.227675199509
2.212983369827
2.200800418854
2.191753864288
2.183687210083
2.175761699677
2.166661500931
2.156112909317
2.144628047943
2.133555650711
2.124206781387
2.116640567780
2.111394166946
2.106298923492
2.102977991104
2.093273401260
2.107578754425
2.071681499481
2.690969944000
2.287941217422
2.160554409027
2.179377555847
2.103677272797
2.119334936142
2.104756832123
2.112666130066
2.114904403687
2.118920803070
2.118970632553
2.117894887924
2.113225936890
2.108051061630
2.102150201797
2.097244977951
2.092213630676
2.087894439697
2.083177804947
2.079241991043
2.074488162994
2.071714878082
2.066166162491
2.066701650620
2.054089546204
2.080139636993
2.020570993423
2.534248828888
2.079558610916
2.028917074203
2.321946144104
2.025600433350
2.077350616455
2.011943817139
2.226010084152
2.026134729385
2.172856569290
2.021589279175
2.136871814728
2.011867046356
2.110814094543
2.015086412430
2.100272417068
1.999283075333
2.124485254288
1.999592304230
2.158774852753
1.990822196007
2.178812980652
1.996985554695
2.130756378174
1.977082133293
2.137839794159
1.990681409836
2.114437818527
1.969759821892
2.122295141220
1.981405138969
2.100533485413
1.965260624886
2.103245496750
1.970341444016
2.096188306808
1.960633516312
2.104308366776
1.962152123451
2.097575664520
1.956288099289
2.091768980026
1.955408692360
2.084630250931
1.950856924057
2.084315776825
1.948843955994
2.080774068832
1.945528745651
2.072509527206
1.943207859993
2.067290306091
1.940961122513
2.072293281555
1.941372275352
2.074479818344
1.943624019623
2.060784816742
1.948268294334
2.044901847839
1.965924143791
2.036320447922
1.993873953819
1.995037198067
1.983203530312
1.934867382050
2.000756502151
1.898026347160
2.152494430542
1.928249239922
2.230045318604
2.043709278107
1.966161012650
1.937860488892
1.949387788773
1.927677631378
1.953530788422
1.919614791870
1.980150580406
1.928145051003
2.080123901367
2.021039724350
2.178643465042
1.929600477219
1.997135996819
1.903397798538
1.959276914597
1.878285408020
2.076104164124
1.876786947250
2.274673700333
1.974708080292
1.912685751915
1.929554104805
1.914372682571
1.908503174782
1.906980156898
1.901474595070
1.909590005875
1.911894083023
1.997555732727
2.220940351486
2.573459625244
2.061586141586
2.052981615067
2.031638860703
2.031273365021
2.031336307526
2.030052900314
2.029373168945
2.029719114304
2.029841423035
2.032030582428
2.039365053177
2.044339656830
2.029624462128
2.013606309891
1.984185218811
1.977845907211
1.944651484489
1.976111888885
1.911001801491
2.108178853989
1.927102208138
2.372372388840
1.974865436554
1.973363518715
1.956493973732
1.950790286064
1.941272139549
1.936971068382
1.930964231491
1.935045599937
1.927018523216
1.937668323517
1.915463924408
1.949776053429
1.895493984222
2.129338979721
2.010806322098
2.501597166061
2.245987415314
2.212991237640
2.150608062744
2.064518451691
1.998074531555
1.975811243057
1.968178987503
1.941829562187
1.925177335739
1.926114797592
1.930221557617
1.936618924141
1.939532279968
1.937060832977
1.928479194641
1.919831514359
1.911438703537
1.907648205757
1.900728583336
1.904509067535
1.883847475052
1.945833206177
1.892461657524
2.912222862244
2.191950321198
2.246619939804
2.251410722733
2.202696800232
2.141771078110
2.078144311905
2.043538093567
2.032051801682
2.018863916397
2.008452177048
2.011559724808
2.018793344498
2.013950586319
2.015240192413
1.994218945503
2.005946874619
1.974218130112
2.188387393951
2.239731550217
2.484772443771
2.383086442947
2.315725088120
2.204669475555
2.118433952332
2.080523014069
2.043249130249
2.025091409683
2.021754741669
2.022154808044
2.008231401443
2.005894899368
1.998007297516
2.025123119354
1.998456120491
2.219872951508
2.084242582321
2.506609201431
2.316198348999
2.167048454285
2.038307905197
1.997223019600
2.003082036972
1.999233484268
1.992657303810
1.991372466087
1.996252894402
1.995494246483
1.986414194107
1.975847840309
1.968344926834
1.962180852890
1.959821462631
1.955338239670
1.953056573868
1.947707056999
1.946547865868
1.941062688828
1.944382309914
1.935189485550
1.954042792320
1.924801588058
2.062741518021
2.053785800934
2.535393476486
2.160972595215
2.083182096481
2.011184692383
1.971796751022
1.952279925346
1.937054872513
1.929092884064
1.932907462120
1.942067742348
1.946652412415
1.943651795387
1.936928868294
1.930326581001
1.926155924797
1.924317359924
1.922740101814
1.920455574989
1.917257666588
1.914196491241
1.910308241844
1.907235980034
1.903344154358
1.900594830513
1.897154450417
1.896096587181
1.891900539398
1.893046021461
1.886184811592
1.893183112144
1.877496957779
1.908712625504
1.867909431458
2.069209814072
2.001796483994
2.392707824707
2.094211339951
1.992913365364
1.950236201286
1.914945721626
1.899012207985
1.896863222122
1.913815855980
1.916282296181
1.915409922600
1.899714946747
1.902887701988
1.877203941345
1.905741572380
1.859830975533
1.947036266327
1.877106070518
2.056883573532
1.953755259514
1.953448176384
1.924628973007
1.844644069672
1.857890844345
1.845918774605
1.867816805840
1.834837079048
1.882226943970
1.835808396339
2.035445690155
2.164275407791
1.836574673653
2.016842126846
1.937661528587
1.892784953117
1.904614925385
1.887075781822
1.882507562637
1.859254717827
1.876471757889
1.830987572670
1.973131656647
1.886070370674
2.792774200439
2.209861755371
2.004977941513
1.965182185173
1.942810535431
1.918889999390
1.896620273590
1.878637075424
1.869433999062
1.870927572250
1.877870559692
1.881646871567
1.876744627953
1.865005254745
1.852164268494
1.842181324959
1.835668921471
1.832738399506
1.829554319382
1.884490370750
2.321116685867
1.933000683784
2.137792825699
2.007883787155
1.978401422501
1.970381021500
1.940994501114
1.918746352196
1.898860216141
1.904509544373
1.876560449600
1.943396449089
1.832008361816
2.551227092743
1.926336407661
1.852817773819
1.879953145981
1.860980272293
1.862347602844
1.844434738159
1.862457156181
1.836325287819
1.886486411095
1.864732146263
2.351195096970
1.964761495590
2.104736328125
1.922171354294
1.928131937981
1.920540213585
1.897525906563
1.878875732422
1.867621898651
1.861697316170
1.857088565826
1.847301006317
1.839248657227
1.827347397804
1.828290224075
1.807420730591
1.846510767937
1.766408085823
2.295636653900
1.816080570221
2.338474512100
2.346070289612
2.330739736557
2.206552267075
2.052914857864
1.909590363503
1.896030902863
1.918407917023
1.917657375336
1.916167020798
1.915336966515
1.912771344185
1.912388682365
1.914069414139
1.907117009163
1.888082504272
1.862059116364
1.841395139694
1.823630928993
1.821597695351
1.802935242653
1.852195978165
1.825074076653
2.620399236679
2.166404008865
2.244977951050
2.235790729523
2.170328378677
2.060679912567
1.961420059204
1.932275056839
1.910898208618
1.905195116997
1.902438402176
1.901347756386
1.890591621399
1.876590132713
1.863227367401
1.852037310600
1.840503096581
1.830501794815
1.819841980934
1.813509821892
1.801600217819
1.807181358337
1.773799657822
1.860651731491
1.798087358475
2.297277450562
2.096195459366
1.807572245598
1.865016222000
1.836720824242
1.846056818962
1.869605779648
1.864184617996
1.849012374878
1.829883337021
1.809227824211
1.791267991066
1.778088688850
1.768652558327
1.761566042900
1.755839347839
1.751577973366
1.748070955276
1.745500445366
1.741019487381
1.741291642189
1.727862358093
1.785106539726
1.886273741722
3.626480817795
2.072293758392
2.083454132080
2.083857059479
2.085027933121
2.076580524445
2.053868293762
2.049149990082
2.051829338074
2.033519268036
2.078193187714
2.000945091248
2.444418907166
2.338035345078
2.190187931061
2.002671957016
2.063796758652
2.010537624359
2.054336309433
2.004374504089
2.013920068741
1.968623399734
1.996849417686
1.939202785492
2.033954620361
1.926491260529
2.120680809021
1.927999377251
1.917580842972
1.894385337830
1.938214898109
1.858975768089
2.016721010208
1.825572013855
2.293545007706
1.937053203583
1.822475194931
1.984914541245
1.830870747566
1.872565031052
1.827641248703
1.875031590462
1.849594473839
1.935015082359
1.988329172134
1.797486901283
1.868751645088
1.824846148491
1.801522731781
1.882441043854
1.765540719032
2.068238019943
1.767059803009
2.144206047058
1.843338251114
1.767671346664
1.805341362953
1.768888115883
1.771200537682
1.758389472961
1.762253522873
1.749727606773
1.757312297821
1.730945348740
1.770929813385
1.706481695175
1.944789528847
1.897381305695
1.892787694931
1.799288988113
1.931522130966
1.723127722740
1.897977113724
1.748052835464
1.867381691933
1.709684014320
1.913803458214
1.707044720650
1.818075776100
1.695788860321
1.746516346931
1.693414330482
1.731111288071
1.680344820023
1.751912832260
1.665537953377
1.911737203598
1.758652687073
1.976024866104
1.871622085571
1.726121306419
1.727136850357
1.726899027824
1.707424759865
1.716797828674
1.670300126076
1.773981690407
1.657135725021
2.614475488663
2.000804662704
1.731025576591
1.895536661148
1.851614952087
1.807639122009
1.761435866356
1.776987552643
1.738318681717
1.791147947311
1.733385562897
1.865724802017
1.733852505684
1.908861398697
1.714584827423
1.724506497383
1.691653847694
1.693775534630
1.680745124817
1.682090640068
1.668127894402
1.682789564133
1.662479162216
1.744326472282
1.733943939209
1.979567050934
1.663061738014
1.734570145607
1.674008131027
1.731646060944
1.641830801964
1.786115527153
1.669401168823
2.038292169571
1.760104060173
1.631207466125
1.726758003235
1.695765018463
1.672575592995
1.655839085579
1.662490963936
1.648352980614
1.810183644295
1.885827064514
2.515943050385
1.919642686844
1.837079048157
1.796738028526
1.768045902252
1.752876043320
1.729975342751
1.718364357948
1.699314117432
1.711342334747
1.665978670120
1.804816961288
1.673310875893
2.930142402649
2.196828603745
1.920548439026
1.766322016716
1.773952126503
1.796126961708
1.787006139755
1.768955349922
1.727274179459
1.710744976997
1.691532731056
1.711605906487
1.672440409660
1.789578795433
1.768438816071
2.273228168488
1.742919683456
1.741218209267
1.738074064255
1.733748674393
1.724375247955
1.706032037735
1.689789295197
1.682640552521
1.677293777466
1.671329498291
1.662883400917
1.653645038605
1.642515063286
1.634903907776
1.626270651817
1.621989488602
1.628704667091
1.647377610207
1.930601119995
1.798859119415
2.184112071991
1.813714742661
1.732782959938
1.696224212646
1.697993159294
1.693735480309
1.677340388298
1.662536621094
1.648837685585
1.656376600266
1.662836790085
1.997171640396
2.164994955063
2.526120185852
2.163308382034
2.099393606186
2.072977781296
2.055570363998
2.040007591248
2.028748512268
2.017014741898
2.002370595932
1.984136104584
1.964227199554
1.946496009827
1.930234670639
1.914250135422
1.895052313805
1.877621889114
1.854913234711
1.845091342926
1.801576972008
1.886316776276
1.790750265121
3.383510828018
2.738287210464
2.192367076874
2.182020902634
2.151956796646
2.097254991531
2.040169954300
2.040307283401
2.007147312164
1.937399625778
2.016530036926
1.914149284363
2.333242416382
2.224139690399
2.039705991745
1.922322988510
1.958226919174
1.898233890533
1.902610659599
1.886698722839
1.880540728569
1.875098705292
1.865203380585
1.860820651054
1.867236852646
1.859904527664
1.878364443779
1.828917741776
1.819810748100
1.790883064270
1.785250902176
1.772765517235
1.762755632401
1.756050109863
1.748805999756
1.772783875465
1.838240265846
1.898057937622
1.963812947273
1.723814606667
1.865622401237
1.778095245361
1.762477397919
1.739059090614
1.713268399239
1.707469940186
1.688504695892
1.709336757660
1.652364969254
1.958520412445
1.740498185158
1.981079936028
1.813597798347
1.809412121773
1.814381241798
1.805078268051
1.790798306465
1.767057180405
1.743200898170
1.729734301567
1.720282435417
1.715233445168
1.711493611336
1.708889603615
1.701968312263
1.700996637344
1.683462738991
1.715054035187
1.636477231979
2.295178413391
1.822634696960
2.495464563370
2.474137544632
2.437954902649
2.108091592789
2.010829687119
1.913981199265
1.865563988686
1.868381738663
1.891371369362
1.896033763885
1.872608542442
1.837894916534
1.809352517128
1.791323542595
1.786539554596
1.776022434235
1.796924710274
1.816976666451
2.032374858856
1.982891559601
2.484030961990
1.916447877884
1.891648292542
1.890035867691
1.884739995003
1.840437293053
1.782632231712
1.754979372025
1.762507319450
1.753394842148
1.749075174332
1.729828715324
1.725305080414
1.702864170074
1.708094358444
1.673959732056
1.713970661163
1.645120859146
1.874603867531
1.789608001709
2.237964630127
1.830126047134
1.756504058838
1.725900530815
1.708090305328
1.695126533508
1.686034798622
1.675665855408
1.662486672401
1.651905059814
1.643918395042
1.634373307228
1.628337144852
1.618306040764
1.618045210838
1.598453998566
1.630383968353
1.556200861931
1.954697370529
1.853428125381
1.788085699081
1.817282557487
1.818678259850
1.771795392036
1.748927116394
1.711214184761
1.697543144226
1.663458704948
1.665123105049
1.619204401970
1.695128440857
1.637170910835
2.191793680191
1.898101091385
2.124392032623
1.920989990234
1.890642166138
1.847023963928
1.809691071510
1.781147241592
1.756830930710
1.737903594971
1.724632024765
1.713389873505
1.700459957123
1.684783101082
1.664842009544
1.649287581444
1.631947398186
1.627326369286
1.605751514435
1.629133582115
1.576748728752
1.795356392860
1.721923947334
2.262695312500
1.778211593628
1.621859550476
1.619545340538
1.630868196487
1.634607553482
1.623348474503
1.611346483231
1.599882125854
1.592325806618
1.587078690529
1.584907293320
1.577630400658
1.582728743553
1.565439939499
1.648337602615
1.689222812653
1.931151866913
1.652448534966
1.973997354507
1.898963451385
1.799612998962
1.722937703133
1.660691499710
1.641851544380
1.627112269402
1.621130704880
1.607332110405
1.592962384224
1.576005816460
1.574599027634
1.554356336594
1.576065301895
1.523661613464
1.759979248047
1.771781921387
1.694319605827
1.731100082397
1.637067317963
1.664172768593
1.580751538277
1.621906638145
1.551933050156
1.643625020981
1.609409809113
1.734644889832
1.643379688263
1.729082345963
1.543612360954
1.682726979256
1.522670984268
1.697856664658
1.510862231255
1.674670934677
1.500513553619
1.648781895638
1.487696647644
1.625539064407
1.478180885315
1.627621650696
1.478203654289
1.682746887207
1.568445444107
1.653309106827
1.642536163330
1.564065337181
1.577484369278
1.567382931709
1.525204300880
1.551644086838
1.508748888969
1.622078418732
1.567696332932
2.053315639496
1.736444830894
1.573212504387
1.629775404930
1.584005832672
1.553123116493
1.533800721169
1.537665367126
1.516311287880
1.546545386314
1.465819358826
1.829027175903
1.725153207779
2.972394704819
2.378510236740
2.220796585083
2.142686843872
2.090083599091
2.030863046646
1.952600598335
1.869394540787
1.808615088463
1.753322482109
1.756077528000
1.704782962799
2.481630086899
2.548302173615
3.019430160522
2.264253854752
2.242419719696
2.245111465454
2.249565839767
2.245084762573
2.233548879623
2.219922780991
2.205593347549
2.196269750595
2.191404104233
2.192123413086
2.192008972168
2.198574304581
2.186095476151
2.218054294586
2.173317193985
2.493057012558
2.449334144592
2.202673912048
2.169594287872
2.196026325226
2.180052518845
2.197802066803
2.216541528702
2.219353199005
2.202360391617
2.175324678421
2.147045135498
2.123669624329
2.109221220016
2.101586341858
2.102412700653
2.101042747498
2.119143486023
2.136128425598
2.939577817917
2.468423604965
2.499564409256
2.465826988220
2.403944969177
2.324396610260
2.254908561707
2.221394538879
2.214331388474
2.219503402710
2.223441123962
2.214964389801
2.200678348541
2.190527439117
2.183256387711
2.174764156342
2.163328409195
2.150511980057
2.139026403427
2.129727125168
2.122611999512
2.117153167725
2.112356662750
2.107771873474
2.102744340897
2.096695661545
2.089422225952
2.080235719681
2.071325302124
2.062130928040
2.054959774017
2.046970129013
2.043700456619
2.031208038330
2.042346239090
2.002221584320
2.161078453064
2.096999883652
2.335432291031
2.180251121521
2.293550491333
2.064175605774
1.978211402893
2.020069360733
2.106134891510
2.040317535400
2.011420249939
2.011648416519
2.000120162964
1.995599985123
1.987521767616
1.981378555298
1.973629713058
1.967776298523
1.960818648338
1.956544756889
1.950429797173
1.948662281036
1.938318729401
1.948399186134
1.922129750252
2.109617471695
2.335042715073
2.681590795517
2.400602340698
2.395992040634
2.344424486160
2.302939176559
2.274481773376
2.257010936737
2.231216907501
2.208842515945
2.202371597290
2.188887596130
2.188632488251
2.177754163742
2.181165218353
2.177048683167
2.184276342392
2.182728290558
2.186856031418
2.180624008179
2.175669670105
2.164689064026
2.156214714050
2.146895647049
2.139612436295
2.129424095154
2.124224424362
2.112045049667
2.112510442734
2.093194007874
2.114665269852
2.061816930771
2.179977416992
2.019919157028
2.572251081467
2.050390243530
2.103703737259
2.089788675308
2.086064577103
2.070669651031
2.065698623657
2.051297664642
2.054965496063
2.034256219864
2.076069831848
2.050053358078
2.510971069336
2.061543464661
2.146648645401
2.075572729111
2.059964179993
2.049061298370
2.040078163147
2.029958248138
2.025435447693
2.017066955566
2.015722036362
2.001947164536
2.011538743973
1.977667927742
2.049133300781
1.935411810875
2.308792591095
1.981094956398
2.125604152679
1.938585996628
2.203762769699
2.221857309341
2.422915220261
2.131062507629
1.979009509087
1.992716073990
2.018591165543
2.031003952026
2.030833005905
2.019024372101
1.999502658844
1.982071280479
1.971400499344
1.966797232628
1.964742541313
1.962697148323
1.958794593811
1.954247593880
1.949903607368
1.946227192879
1.942682027817
1.937932252884
1.934826135635
1.928569078445
1.926984906197
1.913665294647
1.928901195526
1.882477283478
2.105477094650
2.122994661331
3.048210859299
2.631650447845
2.549948215485
2.511406183243
2.474768877029
2.436357736588
2.399946689606
2.357514381409
2.317572593689
2.301577568054
2.265450716019
2.175777435303
2.209965944290
2.050451040268
2.302019119263
2.014591932297
2.090668439865
2.040404319763
2.057019710541
2.042456388474
2.052128076553
2.029024839401
2.040820121765
2.020507335663
2.032695055008
2.013022184372
2.024437904358
2.002959012985
2.021277904510
1.986275911331
2.067035675049
2.060626745224
2.003695011139
2.024529457092
2.005180835724
1.987956047058
1.986173868179
1.968660950661
1.965209960938
1.950292348862
1.967270731926
1.933478832245
2.052693843842
2.028035163879
1.920126199722
1.987589478493
1.942845582962
1.973022937775
1.970288395882
1.942525148392
1.982283592224
1.939959764481
1.940252065659
1.921448469162
1.888899445534
1.928809881210
1.870797157288
1.962028026581
1.889379739761
1.935261607170
1.861453890800
1.922134160995
1.878998398781
1.897002935410
1.883515596390
1.882340550423
1.896207571030
1.867329120636
1.899605751038
1.859639883041
1.876905322075
1.865897893906
1.848108291626
1.896241784096
1.839284420013
1.935827016830
1.809693932533
1.912317037582
1.801572084427
1.861409068108
1.813654184341
1.839979767799
1.805443048477
1.823727130890
1.820217609406
1.844479441643
2.064197301865
1.965190172195
2.385531425476
2.297575950623
2.168068170547
2.101723194122
2.033931732178
1.994620800018
1.993815898895
1.954011678696
1.967590689659
1.933428764343
1.957883119583
1.910273432732
1.992575883865
1.892557621002
2.319293975830
1.980438947678
1.923517346382
1.875596880913
1.940111637115
1.886183738708
1.876177787781
1.863526940346
1.853814721107
1.846962928772
1.839134573936
1.831129074097
1.822939991951
1.816400170326
1.809295892715
1.802707910538
1.796684741974
1.789764285088
1.792862892151
1.809352874756
2.312746047974
2.148328304291
2.449124336243
2.119912385941
2.079635381699
2.087424755096
2.123794078827
2.073380947113
2.025253772736
2.013082504272
2.015614032745
2.016698837280
2.009758234024
1.999136924744
1.985809445381
1.971969962120
1.961126208305
1.950347185135
1.943862557411
1.934513926506
1.933183670044
1.916727066040
1.941607594490
1.876176118851
2.285935401917
2.035914897919
2.484654188156
2.127818346024
2.042831659317
1.974674701691
1.959549546242
1.954337120056
1.939381599426
1.923892498016
1.917495131493
1.917967319489
1.916820287704
1.907693147659
1.892650246620
1.877716064453
1.866581082344
1.859208822250
1.853979110718
1.849397301674
1.844535827637
1.840075373650
1.835553884506
1.832242727280
1.827940344810
1.827920079231
1.832479357719
1.880327582359
2.078235387802
1.790639996529
1.934408426285
1.854183673859
1.825220942497
1.822027325630
1.813706159592
1.811456441879
1.804815053940
1.800301432610
1.790509104729
1.786504983902
1.779555916786
1.778250932693
1.776037454605
1.798679471016
1.881006240845
2.256686210632
1.844728231430
1.913988828659
1.931767344475
1.851480722427
1.823801755905
1.836616992950
1.822304964066
1.820115804672
1.804363131523
1.798386812210
1.778977632523
1.776158094406
1.760897755623
1.769323706627
1.750725388527
1.766401052475
1.736972808838
1.777926206589
1.726911187172
1.909322500229
1.829959630966
2.304924488068
1.839058399200
1.853579282761
1.745456099510
1.817377686501
1.746274471283
1.774553537369
1.727755427361
1.774456501007
1.701447963715
1.823856353760
1.692775368690
1.929137468338
1.706116914749
1.763504505157
1.690530061722
1.718211054802
1.703385353088
1.706490635872
1.759459495544
1.753322124481
2.044323921204
1.685676932335
1.819137096405
1.751027107239
1.742123484612
1.714074373245
1.698657035828
1.688689947128
1.681148648262
1.682589530945
1.671096801758
1.689187884331
1.655393242836
1.865781903267
1.965330123901
1.844119906425
1.975329160690
1.732882261276
1.799818754196
1.715157508850
1.905132055283
1.711981058121
1.893648147583
1.699700117111
1.784046649933
1.664776444435
1.733413696289
1.652713537216
1.726009845734
1.637977004051
1.759782314301
1.640780687332
1.995650529861
1.807224512100
1.923887014389
1.761096954346
1.823399543762
1.721236467361
1.746159791946
1.660618543625
1.776261448860
1.640670657158
2.037939310074
1.713722586632
1.834947109222
1.666671276093
1.686709046364
1.650454640388
1.673275113106
1.636616110802
1.704384446144
1.681570053101
1.921609759331
1.684070706367
1.712770938873
1.731109619141
1.749432444572
1.663938879967
1.704632043839
1.650300741196
1.696051239967
1.649533033371
1.690096974373
1.646373748779
1.674574375153
1.674880623817
1.659713506699
1.727753400803
1.611797928810
2.271889209747
1.733655810356
1.908165574074
1.865030646324
1.751220226288
1.700745701790
1.691437959671
1.662065625191
1.674412131310
1.646967768669
1.723483562469
1.683065652847
1.793182969093
1.641756296158
1.740015506744
1.763368487358
1.779910564423
1.660473346710
1.669981122017
1.663928151131
1.652109622955
1.636977314949
1.618716955185
1.628752470016
1.615683436394
1.677286148071
1.723844766617
1.634281396866
1.781151771545
1.595265746117
1.772610902786
1.553938984871
1.900424480438
1.601562023163
1.778601527214
1.678125381470
1.720178127289
1.626266837120
1.678339242935
1.629282712936
1.667511463165
1.673807621002
1.624148488045
1.598740816116
1.605368733406
1.586930155754
1.626800775528
1.673796057701
1.836734056473
1.744760274887
1.708676695824
1.581126213074
1.891903519630
1.602096319199
1.806092619896
1.608492851257
1.776138782501
1.597024679184
1.715812563896
1.608770728111
1.610086560249
1.652742385864
1.617981553078
1.825809717178
1.672752261162
1.968574166298
1.672408580780
1.654422283173
1.603366732597
1.644044280052
1.569699764252
1.721811652184
1.592974066734
2.100194454193
1.715739846230
1.726886034012
1.643035411835
1.689884781837
1.620323657990
