4.139936923981
4.100370407104
4.060991287231
4.019371032715
3.972421884537
3.908740997314
3.842638969421
4.090975761414
3.940366983414
3.903240680695
3.869512081146
3.837301254272
3.806296825409
3.776135444641
3.746724605560
3.717927694321
3.689695358276
3.661623716354
3.635130882263
3.606261730194
3.584632873535
3.550591468811
3.528062343597
3.491962194443
3.484144210815
3.442070484161
3.451686859131
3.424041271210
3.397837400436
3.371930599213
3.344031810760
3.309007167816
3.254187583923
3.257273435593
3.312417984009
3.276719808578
3.248991489410
3.221178054810
3.192651271820
3.171419858932
3.165775299072
3.167225122452
3.115407228470
3.086786746979
3.043745040894
3.190012454987
3.090603351593
3.073563814163
3.053920269012
3.033560276031
3.008197307587
2.978149175644
2.959027290344
2.933989763260
3.002702236176
2.978410720825
2.953100204468
2.924163341522
2.885690927505
2.851983547211
2.811964273453
2.948302268982
2.921193599701
2.901818513870
2.883823633194
2.867041587830
2.850694656372
2.831917047501
2.811286211014
2.777781009674
2.895129680634
2.768933296204
2.751029014587
2.717296123505
2.772567749023
2.734470844269
2.679835796356
2.743400573730
2.695542097092
2.643907785416
2.740225553513
2.717553615570
2.688953876495
2.638885736465
2.586957454681
2.690737009048
2.637599706650
2.547799587250
2.604668617249
2.548542737961
2.639195203781
2.597927570343
2.548489332199
2.530553340912
2.663582801819
2.646094799042
2.630621910095
2.615336179733
2.597105741501
2.578459739685
