4.146072864532
4.113878250122
4.076725482941
4.040844917297
4.003687381744
3.960628986359
3.869613647461
4.235782623291
3.905704498291
3.877578735352
3.849304437637
3.821181297302
3.793045997620
3.765215396881
3.737462520599
3.710080146790
3.682647466660
3.656177997589
3.629231452942
3.604055881500
3.579730033875
3.549690961838
3.528900623322
3.493222475052
3.485741853714
3.442026615143
3.446699142456
3.424281597137
3.398914337158
3.374352455139
3.348647594452
3.318902015686
3.269224166870
3.308882951736
3.278634548187
3.253242969513
3.228421211243
3.207662105560
3.178735733032
3.161661863327
3.127867698669
3.166764259338
3.118995428085
3.090758800507
3.047235488892
3.213798046112
3.076699018478
3.061954498291
3.044084548950
3.025844573975
3.002600193024
2.974479675293
2.958240032196
2.924091100693
3.000906944275
2.978244781494
2.955183982849
2.927528619766
2.892508506775
2.863368749619
2.827440977097
2.936259031296
2.912480354309
2.895825862885
2.880170822144
2.864396572113
2.848388433456
2.827922105789
2.806252956390
2.764607191086
2.871132373810
2.756715297699
2.749508619308
2.711059570312
2.772627353668
2.736299991608
2.678969621658
2.744454860687
2.698041677475
2.641839742661
2.739856958389
2.719147205353
2.691638946533
2.643210172653
2.593524932861
2.697577953339
2.627878665924
2.558186054230
2.623265028000
2.548718929291
2.652041196823
2.635248184204
2.559486627579
2.602114200592
2.641912221909
2.628797054291
2.617118597031
2.605017185211
2.590218544006
2.576970815659
