4.139984130859
4.088684558868
4.046284675598
3.999504089355
3.940860271454
3.866685867310
3.803569316864
4.185508728027
3.956460952759
3.911765336990
3.876206398010
3.842936992645
3.810930252075
3.779839277267
3.749642372131
3.720091104507
3.691139698029
3.662564277649
3.634829044342
3.610743045807
3.580825805664
3.558366298676
3.524284362793
3.498481273651
3.467289686203
3.499825954437
3.440481662750
3.410699129105
3.384615421295
3.356863975525
3.325186491013
3.282085895538
3.217571735382
3.193803310394
3.308537960052
3.276146173477
3.248244285583
3.217052221298
3.185950517654
3.147656917572
3.201693058014
3.132668256760
3.098827362061
3.039913654327
3.037580013275
3.088259220123
3.123260736465
3.100799560547
3.079267024994
3.056840419769
3.032405376434
3.006071567535
2.980122566223
2.989731550217
2.992481946945
2.973042488098
2.953159093857
2.931584835052
2.904837369919
2.872559309006
2.884652614594
2.917108058929
2.898608207703
2.882965087891
2.868198394775
2.854523181915
2.840646028519
2.825319290161
2.803980112076
2.783114671707
2.820361614227
2.781402826309
2.754141569138
2.740903377533
2.760478019714
2.727150201797
2.704238176346
2.725806951523
2.685257673264
2.673692703247
2.715763092041
2.694262981415
2.667233705521
2.621851444244
2.588299751282
2.626844882965
2.642122030258
2.544751167297
2.536195278168
2.612456560135
2.609904766083
2.526651144028
2.556431293488
2.523237705231
2.646328449249
2.630587339401
2.614917039871
2.596912860870
2.571169853210
2.530700206757
