4.134289741516
4.089758872986
4.048315048218
4.002865314484
3.944091796875
3.860085010529
3.766505718231
4.667430877686
3.966518640518
3.916700363159
3.880457639694
3.846992731094
3.814914703369
3.783966541290
3.754013299942
3.724797964096
3.696208238602
3.668147563934
3.640626430511
3.618961811066
3.587253093719
3.568849086761
3.533609390259
3.512519836426
3.483434677124
3.535049915314
3.439761638641
3.414939641953
3.391348123550
3.367496013641
3.342573165894
3.314088821411
3.282505035400
3.300369024277
3.298053264618
3.268319845200
3.244958162308
3.217670440674
3.193737268448
3.165701627731
3.218831062317
3.138569831848
3.107781887054
3.072451591492
3.052095890045
3.177004814148
3.114471673965
3.092071533203
3.073687314987
3.054260730743
3.035991430283
3.018664836884
2.992956161499
3.027776002884
2.969838380814
2.957222461700
2.944630384445
2.930349588394
2.915080785751
2.886253118515
2.932266473770
2.884492635727
2.876013994217
2.866390943527
2.856951951981
2.847388267517
2.836631536484
2.825013637543
2.808040618896
2.802121400833
2.787534236908
2.804749488831
2.776762247086
2.790616035461
2.759642839432
2.738463878632
2.757187604904
2.722754716873
2.699077129364
2.738066673279
2.701192855835
2.687332630157
2.669452428818
2.644505739212
2.666180133820
2.637929439545
2.641199350357
2.614912509918
2.581537723541
2.661000013351
2.596658945084
2.559232950211
2.555967569351
2.643815040588
2.607161760330
2.598177194595
2.586244344711
2.568261861801
2.533586263657
2.460658073425
