4.135985374451
4.132064819336
4.130201339722
4.126319885254
4.122714519501
4.118861198425
4.113611221313
4.109749794006
4.102946281433
4.099051475525
4.090761184692
4.086821556091
4.077123165131
4.073092460632
4.062000274658
4.057886600494
4.045364379883
4.041108131409
4.027089595795
4.022664546967
4.007059574127
4.002355575562
3.985002517700
3.979876518250
3.960494756699
3.954689979553
3.932743787766
3.925853967667
3.900496959686
3.892122745514
3.862394809723
3.852516651154
3.817905426025
3.807543277740
3.769830703735
3.763767719269
3.726729869843
3.744491100311
3.692594528198
4.428881645203
3.921494245529
3.741546154022
3.726956129074
3.714735031128
3.731200456619
3.700153827667
3.691761970520
3.673052787781
3.659563064575
3.648697376251
3.626301288605
3.625104188919
3.593997240067
3.607808589935
3.562803268433
3.598918914795
3.536899089813
3.610040426254
3.514090061188
3.612286329269
3.502712249756
3.606580018997
3.477473258972
3.521667480469
3.552139759064
3.595492124557
3.569858551025
3.526624679565
3.583953619003
3.537482738495
3.391167640686
3.356634140015
3.774907350540
3.704953670502
3.544786930084
3.519322395325
3.484411954880
3.464990615845
3.433036804199
3.409515857697
3.397350788116
3.379872083664
3.361291885376
3.353124856949
3.298793792725
3.335594654083
3.276484966278
3.350962638855
3.229737758636
3.262101411819
3.536653041840
4.216946125031
3.354782104492
3.294109344482
3.729232311249
3.386648654938
3.433023214340
3.373377323151
3.440871715546
3.376102924347
