4.132836341858
4.128449440002
4.126394271851
4.122128486633
4.118173122406
4.114014148712
4.108323097229
4.104234695435
4.096937656403
4.092887401581
4.084064483643
4.080033779144
4.069766521454
4.065730094910
4.054068565369
4.049983024597
4.036927223206
4.032719612122
4.018177986145
4.013765335083
3.997609615326
3.992903232574
3.974913597107
3.969731330872
3.949545383453
3.943671703339
3.920770645142
3.913839101791
3.887370586395
3.878851413727
3.847740650177
3.837257146835
3.800936222076
3.789337635040
3.749978065491
3.740835189819
3.705104827881
3.708582401276
3.689246654510
4.287792205811
3.993799924850
3.723053455353
3.749269723892
3.728352546692
3.781891822815
3.717139720917
3.736364364624
3.693088054657
3.707186698914
3.668857574463
3.677190780640
3.645457506180
3.651996374130
3.626271724701
3.629479885101
3.612794876099
3.617572784424
3.613289833069
3.606430053711
3.609962224960
3.618484020233
3.597536802292
3.580912590027
3.534865379333
3.732289314270
3.579234838486
3.562895774841
3.516364574432
3.659550428391
3.516708374023
3.425542354584
3.399930000305
4.018512725830
3.625257015228
3.499086141586
3.484527587891
3.469691753387
3.446283578873
3.428259849548
3.395828247070
3.408937931061
3.367946624756
3.381783962250
3.337280035019
3.325026035309
3.317774772644
3.345654964447
3.323889255524
3.255267620087
3.259350061417
3.672149181366
4.199530601501
3.387756824493
3.293805599213
3.819597244263
3.414420604706
3.472584724426
3.378616809845
3.482561111450
3.384993791580
