4.131190776825
4.110239505768
4.101326465607
4.081543445587
4.064799785614
4.045129776001
4.020991325378
3.999429702759
3.966188430786
3.937021255493
3.889442920685
3.912687301636
4.033027172089
3.870568990707
3.833983421326
3.811960697174
3.768174409866
3.743457794189
3.679134368896
3.640446186066
3.554067611694
3.654931545258
3.534162521362
3.571940660477
3.419280290604
3.473372459412
3.571439266205
3.510092735291
3.474894523621
3.461570739746
3.421776056290
3.409175157547
3.372044801712
3.358352899551
3.324321031570
3.305239200592
3.279719829559
3.231882333755
3.233631610870
3.208696365356
3.163033962250
3.143177509308
3.046188354492
2.993023872375
3.066751003265
3.098375558853
3.068095922470
3.057915925980
3.027481794357
3.015268802643
2.979042053223
2.957375764847
2.893901586533
2.843988895416
2.818687438965
2.914079904556
2.868400812149
2.832212448120
2.714660644531
2.711830139160
3.177151918411
2.883055686951
2.830869674683
2.806018114090
2.794217348099
2.755458593369
2.780002117157
2.764675378799
2.754394769669
2.740045309067
2.721390485764
2.699797153473
2.652528762817
2.624328136444
2.605740547180
2.696821212769
2.691874504089
2.663133144379
2.639247417450
2.605701208115
2.712595939636
2.610403537750
2.565710306168
2.506531953812
2.386737585068
2.565792560577
2.520792007446
2.431517362595
2.761898040771
2.720052719116
2.559473514557
2.550808906555
2.530058383942
2.511758565903
2.450442790985
2.381287097931
2.528951406479
2.535650968552
2.530646085739
2.526842117310
