4.123774528503
4.103018283844
4.094223499298
4.074542999268
4.057670116425
4.037145137787
4.011935710907
3.988537311554
3.951620101929
3.922043323517
3.853667974472
3.948234319687
3.897472858429
3.885445594788
3.843370676041
3.820644855499
3.777847766876
3.750689268112
3.686168193817
3.638021469116
3.527900218964
3.597078800201
3.448471069336
3.567332506180
3.399157762527
3.409294843674
3.493810653687
3.533869266510
3.492838144302
3.478509426117
3.436762809753
3.422698497772
3.384614706039
3.368883848190
3.332036018372
3.310565471649
3.276693105698
3.231329441071
3.200700521469
3.219233274460
3.171296596527
3.147269725800
3.038155317307
2.964451313019
2.993910789490
3.111178636551
3.081246137619
3.069043636322
3.038240671158
3.023846626282
2.985803127289
2.960327386856
2.888103723526
2.824769496918
2.775183200836
2.923590421677
2.872910022736
2.829371452332
2.678509235382
2.681716680527
2.994488239288
2.910597324371
2.848975896835
2.804303169250
2.802992343903
2.739362716675
2.790107250214
2.772710084915
2.755879640579
2.745441198349
2.711534023285
2.698153734207
2.627117633820
2.613182067871
2.517352104187
2.707178115845
2.696168422699
2.667405128479
2.626879215240
2.570621013641
2.592411041260
2.648923397064
2.597621679306
2.517490863800
2.396838426590
2.585470676422
2.528446912766
2.409731626511
2.616900444031
2.786893606186
2.564523935318
2.554922103882
2.530888319016
2.510477304459
2.436701536179
2.377076148987
2.489657402039
2.538074970245
2.530948638916
2.527110815048
