4.135985374451
4.116834163666
4.108020305634
4.088807106018
4.072191715240
4.052355766296
4.028229713440
4.005832195282
3.973130702972
3.940097332001
3.902942657471
3.862826347351
4.163540840149
3.862959146500
3.836996316910
3.815826416016
3.782937049866
3.761009216309
3.718664169312
3.690835952759
3.664550304413
3.660135984421
3.614585399628
3.564478158951
3.478743076324
3.452994108200
3.779416561127
3.489335060120
3.464718818665
3.452399253845
3.416122436523
3.404592037201
3.370511293411
3.358350753784
3.328820466995
3.312101840973
3.296831846237
3.250514745712
3.290143251419
3.211056947708
3.173609972000
3.160836696625
3.114093780518
3.112234592438
3.259639739990
3.085499525070
3.053838491440
3.046190500259
3.015228509903
3.006523370743
2.973503589630
2.960203886032
2.916731119156
2.900640964508
2.934287548065
2.895559072495
2.857569694519
2.837063789368
2.794108390808
2.752022266388
3.465284585953
2.833941459656
2.799859523773
2.835481405258
2.768625974655
2.804433345795
2.744931221008
2.733707904816
2.740982532501
2.714965581894
2.721372127533
2.686718463898
2.682305574417
2.619973421097
2.726591110229
2.646781921387
2.631600379944
2.616158008575
2.579338073730
2.547540187836
2.635115861893
2.558990716934
2.529402256012
2.518441200256
2.549774885178
2.522428274155
2.494821310043
2.449743509293
2.956935644150
2.608296632767
2.540799856186
2.536130428314
2.526196479797
2.520099878311
2.508713722229
2.459059000015
2.827831506729
2.516094684601
2.514771938324
2.512040853500
