4.131835460663
4.110500335693
4.101409435272
4.081102848053
4.063694953918
4.042721748352
4.017238140106
3.993998050690
3.959001064301
3.926799297333
3.882095098495
3.884725570679
4.082892417908
3.874902963638
3.845146894455
3.823787212372
3.790684700012
3.768666267395
3.726869821548
3.694277286530
3.655698299408
3.617047309875
3.583351612091
3.608988523483
3.532665967941
3.498856782913
3.775959968567
3.487354278564
3.457442045212
3.445224285126
3.409729003906
3.398154020309
3.360345363617
3.347800016403
3.304484605789
3.288865566254
3.238394498825
3.233178138733
3.204795837402
3.221148490906
3.186075925827
3.169188976288
3.119729995728
3.088938713074
3.195114135742
3.094277858734
3.062764883041
3.053530931473
3.021872520447
3.010967731476
2.974894523621
2.956713199615
2.901731967926
2.874813079834
2.897803544998
2.904687881470
2.864029169083
2.839629173279
2.788299560547
2.737426280975
3.344372510910
2.835333347321
2.800055742264
2.796550989151
2.777942657471
2.765526771545
2.758881807327
2.745947837830
2.737404823303
2.725018978119
2.707678079605
2.690977811813
2.664676904678
2.626662969589
2.702040672302
2.663496971130
2.642173528671
2.626489639282
2.574201107025
2.524394273758
2.538772344589
2.592670202255
2.558182239532
2.531642913818
2.552911520004
2.544421434402
2.502321481705
2.434778213501
2.894152164459
2.666604518890
2.552610635757
2.545386791229
2.527340173721
2.511399984360
2.470326185226
2.431853532791
2.697464942932
2.527453899384
2.523848533630
2.520204067230
