4.134863376617
4.113336086273
4.103900432587
4.083258628845
4.065736293793
4.045228004456
4.019598960876
3.997323513031
3.961264610291
3.933057069778
3.879934072495
3.917707681656
4.043895721436
3.873682737350
3.840705633163
3.818233013153
3.782887458801
3.758352994919
3.710881233215
3.674130439758
3.620333194733
3.614605903625
3.550586700439
3.598089694977
3.496235847473
3.502348661423
3.700666427612
3.494196414948
3.462803125381
3.450502872467
3.414534091949
3.402693748474
3.365383863449
3.352621793747
3.310595273972
3.294602870941
3.245906591415
3.236460208893
3.206556320190
3.222621679306
3.186530828476
3.168622016907
3.107767820358
3.068866729736
3.159438610077
3.099667310715
3.068744897842
3.058936119080
3.027924537659
3.016877889633
2.982081890106
2.964785814285
2.910571813583
2.876646995544
2.880338191986
2.912243843079
2.874856948853
2.851311206818
2.791970252991
2.742799997330
3.298978328705
2.853057861328
2.808515310287
2.787553310394
2.780787467957
2.751564502716
2.764470100403
2.750933408737
2.734001159668
2.727549314499
2.698125123978
2.689158439636
2.647073030472
2.629247903824
2.663473606110
2.675089359283
2.658192396164
2.641845703125
2.598535060883
2.555574178696
2.579490900040
2.618197441101
2.584581851959
2.538166284561
2.512869358063
2.566530227661
2.527608633041
2.452136516571
2.815678119659
2.733532428741
2.553715229034
2.546136856079
2.527188301086
2.511157989502
2.462462902069
2.425226926804
2.649104356766
2.524765968323
2.520370244980
2.517103433609
