4.122200489044
4.100434303284
4.091434478760
4.071222305298
4.054060935974
4.033280372620
4.007555007935
3.984029769897
3.946347713470
3.918211460114
3.847502231598
3.961378097534
3.872806310654
3.889304876328
3.846409797668
3.823519706726
3.782849550247
3.756027221680
3.697792291641
3.650142192841
3.551666259766
3.572556734085
3.443337917328
3.585305452347
3.450692176819
3.434116125107
3.543177604675
3.525212287903
3.484818220139
3.470799922943
3.429151535034
3.415311813354
3.374677896500
3.358732223511
3.311341762543
3.290629863739
3.222435712814
3.221642017365
3.131150245667
3.227688074112
3.184845447540
3.159578800201
3.063260555267
2.977468967438
2.985616207123
3.115818738937
3.085569620132
3.072495460510
3.040699005127
3.025528430939
2.985777378082
2.958700418472
2.877542257309
2.799489498138
2.733364105225
2.928834676743
2.882194042206
2.842312335968
2.706256866455
2.681504011154
3.002187728882
2.903419971466
2.841248512268
2.780709981918
2.802536725998
2.720615625381
2.791734457016
2.773688554764
2.754235506058
2.747552871704
2.708119392395
2.699066638947
2.626014947891
2.615668058395
2.533874273300
2.708088397980
2.691089630127
2.666911602020
2.612975597382
2.548854589462
2.516834020615
2.659056186676
2.609445333481
2.526908159256
2.413822889328
2.592540025711
2.533335447311
2.393619537354
2.564672470093
2.818906307220
2.567253589630
2.556984901428
2.530045270920
2.505901336670
2.418689489365
2.361119508743
2.448388814926
2.538625955582
2.530671596527
2.526692867279
