4.124646663666
4.105853080750
4.097195625305
4.078412532806
4.062355041504
4.043640613556
4.019973754883
3.999414443970
3.965122699738
3.942450046539
3.877233982086
3.990212678909
3.894281625748
3.884677648544
3.840931415558
3.819458484650
3.774602651596
3.748696565628
3.681694030762
3.638463020325
3.526283740997
3.632013082504
3.442893505096
3.609728813171
3.422332286835
3.491976737976
3.464696884155
3.527136325836
3.481489419937
3.467993259430
3.423147439957
3.410236120224
3.369868755341
3.355773687363
3.315382957458
3.295991420746
3.249469280243
3.219734430313
3.160293340683
3.210967540741
3.163784980774
3.139996528625
3.030863046646
2.950018882751
2.959254264832
3.108151197433
3.079147815704
3.066653013229
3.036526918411
3.021248817444
2.982596397400
2.954023838043
2.874469995499
2.798068523407
2.733153104782
2.926141023636
2.877466440201
2.832445621490
2.696780681610
2.679321765900
2.984809160233
2.913271903992
2.847367763519
2.780246019363
2.807970523834
2.715706348419
2.800163984299
2.781957149506
2.762835025787
2.756218433380
2.716967821121
2.707055807114
2.630891323090
2.620058298111
2.509973526001
2.725893974304
2.722097158432
2.688651561737
2.660465717316
2.610018491745
2.645705699921
2.658174514771
2.605397224426
2.515972614288
2.351218700409
2.596245050430
2.536815881729
2.401709556580
2.557704210281
2.802934646606
2.575992822647
2.565644741058
2.539048910141
2.515636682510
2.437606811523
2.361027240753
2.442288637161
2.547073364258
2.539379835129
2.535340547562
