4.142941951752
4.121480464935
4.112078666687
4.091538906097
4.074181079865
4.054002761841
4.028979778290
4.006673336029
3.972291946411
3.940754890442
3.896425008774
3.878243923187
4.140071392059
3.857341766357
3.829306125641
3.805189609528
3.772276401520
3.746074199677
3.702126264572
3.664637088776
3.629325866699
3.611040353775
3.596804618835
3.469098806381
3.433399915695
3.360308170319
3.742415904999
3.506919384003
3.485780239105
3.472120285034
3.439631938934
3.425864458084
3.397578001022
3.381839513779
3.361711263657
3.338034152985
3.341901302338
3.265561819077
3.326965808868
3.226913213730
3.187403678894
3.168429851532
3.108110189438
3.092581748962
3.239674568176
3.102554082870
3.072031497955
3.061200380325
3.030666828156
3.018949508667
2.985186100006
2.967797517776
2.917054891586
2.890166759491
2.910249948502
2.904265403748
2.862834930420
2.833350658417
2.749901294708
2.750650167465
3.374249219894
2.875572681427
2.824095726013
2.856961011887
2.766968250275
2.817510128021
2.738567590714
2.730227947235
2.720388889313
2.704184532166
2.695547580719
2.673704862595
2.663266897202
2.626728534698
2.733195543289
2.641024589539
2.630326747894
2.611980438232
2.587758064270
2.561675548553
2.659544944763
2.596686840057
2.565450191498
2.507046699524
2.521527528763
2.545995950699
2.516763687134
2.443660259247
2.871644973755
2.731164216995
2.511740207672
2.508656978607
2.492009162903
2.486451148987
2.454539775848
2.397387027740
2.696740627289
2.483822107315
2.481595754623
2.480608224869
