0.117775354417
0.118865866957
0.125408942203
0.128680479826
0.151581243184
0.191930207197
0.198473282443
0.201744820065
0.197382769902
0.205016357688
0.206106870229
0.207197382770
0.200654307525
0.205016357688
0.211559432933
0.208287895311
0.201744820065
0.200654307525
0.201744820065
0.197382769902
0.198473282443
0.198473282443
0.199563794984
0.199563794984
0.200654307525
0.200654307525
0.203925845147
0.199563794984
0.200654307525
0.199563794984
0.202835332606
0.202835332606
0.201744820065
0.205016357688
0.215921483097
0.227917121047
0.239912758997
0.250817884406
0.259541984733
0.268266085060
0.273718647764
0.280261723010
0.285714285714
0.290076335878
0.292257360960
0.286804798255
0.288985823337
0.283533260632
0.291166848419
0.292257360960
0.292257360960
0.282442748092
0.260632497274
0.229007633588
0.087241003272
0.162486368593
0.224645583424
0.218102508179
0.235550708833
0.251908396947
0.261723009815
0.272628135224
0.271537622683
0.281352235551
0.287895310796
0.292257360960
0.292257360960
0.293347873501
0.294438386041
0.292257360960
0.296619411123
0.290076335878
0.292257360960
0.287895310796
0.279171210469
0.105779716467
0.208287895311
0.272628135224
0.268266085060
0.282442748092
0.282442748092
0.281352235551
0.281352235551
0.276990185387
0.280261723010
0.275899672846
0.280261723010
0.282442748092
0.284623773173
0.291166848419
0.292257360960
0.292257360960
0.300981461287
0.297709923664
0.299890948746
0.296619411123
0.297709923664
0.219193020720
0.189749182116
0.157033805889
