0.108418367347
0.107142857143
0.105867346939
0.105867346939
0.118622448980
0.130102040816
0.139030612245
0.151785714286
0.144132653061
0.136479591837
0.128826530612
0.123724489796
0.127551020408
0.128826530612
0.126275510204
0.122448979592
0.119897959184
0.118622448980
0.118622448980
0.118622448980
0.118622448980
0.118622448980
0.119897959184
0.123724489796
0.126275510204
0.127551020408
0.126275510204
0.128826530612
0.130102040816
0.130102040816
0.131377551020
0.128826530612
0.131377551020
0.139030612245
0.145408163265
0.151785714286
0.155612244898
0.165816326531
0.172193877551
0.170918367347
0.169642857143
0.173469387755
0.177295918367
0.182397959184
0.181122448980
0.183673469388
0.181122448980
0.179846938776
0.181122448980
0.181122448980
0.181122448980
0.186224489796
0.192602040816
0.150510204082
0.086734693878
0.241071428571
0.218112244898
0.190051020408
0.182397959184
0.183673469388
0.193877551020
0.190051020408
0.187500000000
0.190051020408
0.186224489796
0.183673469388
0.188775510204
0.190051020408
0.197704081633
0.202806122449
0.206632653061
0.204081632653
0.213010204082
0.204081632653
0.198979591837
0.105867346939
0.130102040816
0.219387755102
0.205357142857
0.209183673469
0.204081632653
0.201530612245
0.205357142857
0.205357142857
0.206632653061
0.211734693878
0.213010204082
0.215561224490
0.219387755102
0.223214285714
0.227040816327
0.221938775510
0.220663265306
0.220663265306
0.219387755102
0.230867346939
0.215561224490
0.190051020408
0.125000000000
0.141581632653
