0.189401373896
0.188420019627
0.187438665358
0.184494602552
0.189401373896
0.171736997056
0.157998037291
0.138370951914
0.121687929342
0.113837095191
0.104023552502
0.103042198234
0.105004906771
0.101079489696
0.095191364082
0.097154072620
0.096172718351
0.096172718351
0.095191364082
0.097154072620
0.100098135427
0.100098135427
0.099116781158
0.100098135427
0.100098135427
0.102060843965
0.103042198234
0.105004906771
0.106967615309
0.106967615309
0.109911678116
0.115799803729
0.119725220805
0.119725220805
0.123650637880
0.130520117763
0.136408243376
0.148184494603
0.157016683023
0.160942100098
0.161923454367
0.167811579980
0.178606476938
0.184494602552
0.189401373896
0.190382728165
0.193326790972
0.192345436703
0.194308145240
0.191364082434
0.188420019627
0.179587831207
0.193326790972
0.126594700687
0.080471050049
0.185475956820
0.173699705594
0.154072620216
0.155053974485
0.161923454367
0.168792934249
0.178606476938
0.188420019627
0.183513248283
0.184494602552
0.185475956820
0.185475956820
0.185475956820
0.183513248283
0.179587831207
0.174681059863
0.173699705594
0.175662414132
0.177625122669
0.170755642787
0.103042198234
0.103042198234
0.190382728165
0.191364082434
0.178606476938
0.177625122669
0.175662414132
0.183513248283
0.185475956820
0.181550539745
0.185475956820
0.185475956820
0.185475956820
0.187438665358
0.187438665358
0.188420019627
0.187438665358
0.187438665358
0.188420019627
0.187438665358
0.192345436703
0.185475956820
0.171736997056
0.099116781158
0.151128557409
