0.110000000000
0.108000000000
0.108000000000
0.110000000000
0.113000000000
0.115000000000
0.128000000000
0.125000000000
0.122000000000
0.118000000000
0.131000000000
0.140000000000
0.146000000000
0.159000000000
0.157000000000
0.155000000000
0.156000000000
0.149000000000
0.150000000000
0.152000000000
0.152000000000
0.151000000000
0.151000000000
0.152000000000
0.151000000000
0.151000000000
0.156000000000
0.154000000000
0.148000000000
0.147000000000
0.151000000000
0.150000000000
0.151000000000
0.153000000000
0.156000000000
0.169000000000
0.177000000000
0.186000000000
0.200000000000
0.205000000000
0.208000000000
0.209000000000
0.217000000000
0.225000000000
0.228000000000
0.233000000000
0.242000000000
0.249000000000
0.249000000000
0.251000000000
0.254000000000
0.260000000000
0.255000000000
0.200000000000
0.135000000000
0.141000000000
0.242000000000
0.238000000000
0.242000000000
0.237000000000
0.233000000000
0.242000000000
0.250000000000
0.259000000000
0.262000000000
0.270000000000
0.273000000000
0.276000000000
0.278000000000
0.280000000000
0.279000000000
0.281000000000
0.281000000000
0.287000000000
0.252000000000
0.150000000000
0.123000000000
0.164000000000
0.173000000000
0.256000000000
0.266000000000
0.273000000000
0.277000000000
0.283000000000
0.282000000000
0.286000000000
0.286000000000
0.285000000000
0.290000000000
0.288000000000
0.289000000000
0.287000000000
0.285000000000
0.285000000000
0.289000000000
0.294000000000
0.284000000000
0.249000000000
0.126000000000
0.197000000000
