0.072928176796
0.071823204420
0.074033149171
0.087292817680
0.102762430939
0.118232044199
0.129281767956
0.137016574586
0.133701657459
0.137016574586
0.139226519337
0.137016574586
0.137016574586
0.143646408840
0.138121546961
0.144751381215
0.144751381215
0.149171270718
0.151381215470
0.149171270718
0.148066298343
0.146961325967
0.145856353591
0.146961325967
0.149171270718
0.151381215470
0.149171270718
0.146961325967
0.145856353591
0.148066298343
0.149171270718
0.152486187845
0.155801104972
0.158011049724
0.161325966851
0.169060773481
0.171270718232
0.176795580110
0.186740331492
0.187845303867
0.185635359116
0.176795580110
0.175690607735
0.181215469613
0.185635359116
0.188950276243
0.190055248619
0.190055248619
0.191160220994
0.192265193370
0.188950276243
0.196685082873
0.179005524862
0.140331491713
0.059668508287
0.211049723757
0.214364640884
0.207734806630
0.214364640884
0.212154696133
0.206629834254
0.205524861878
0.201104972376
0.206629834254
0.211049723757
0.209944751381
0.214364640884
0.213259668508
0.213259668508
0.212154696133
0.212154696133
0.215469613260
0.219889502762
0.212154696133
0.197790055249
0.076243093923
0.144751381215
0.228729281768
0.225414364641
0.222099447514
0.225414364641
0.212154696133
0.209944751381
0.206629834254
0.205524861878
0.205524861878
0.204419889503
0.208839779006
0.215469613260
0.216574585635
0.217679558011
0.218784530387
0.220994475138
0.217679558011
0.226519337017
0.215469613260
0.230939226519
0.176795580110
0.134806629834
0.137016574586
