4.138524055481
4.120261192322
4.102666854858
4.084503650665
4.066549301147
4.048569679260
4.029335021973
4.009803295135
3.985497474670
3.961023330688
3.922210693359
3.967637538910
4.074387073517
3.925738573074
3.910544872284
3.895467758179
3.880495548248
3.865663528442
3.850896596909
3.836287975311
3.821820259094
3.807421684265
3.793080329895
3.778796911240
3.764525413513
3.750210285187
3.735776901245
3.721096754074
3.705897569656
3.689635276794
3.671445369720
3.649678945541
3.625183582306
3.613300323486
3.579154014587
3.589402914047
3.571227073669
3.528216362000
3.503185749054
3.558330059052
3.527161598206
3.470213890076
3.478892326355
3.518770217896
3.483817577362
3.430975914001
3.402200698853
3.378106117249
3.470673561096
3.463879823685
3.451682567596
3.439702510834
3.427601575851
3.415059566498
3.402365207672
3.388144016266
3.373079776764
3.354111671448
3.333674907684
3.299663305283
3.339355945587
3.552265644073
3.328102588654
3.313124895096
3.299645900726
3.283309936523
3.261990547180
3.233844041824
3.216684341431
3.194134950638
3.189501762390
3.170953750610
3.282160282135
3.234015464783
3.224460601807
3.214812517166
3.205005884171
3.195030927658
3.184707880020
3.173708915710
3.162163734436
3.149793386459
3.136806964874
3.123903751373
3.111983776093
3.101306200027
3.091498613358
3.080708265305
3.068239212036
3.053439855576
3.037520885468
3.028879404068
3.010046958923
3.007262468338
2.986354827881
3.042780160904
3.061938762665
3.040070056915
3.008875131607
2.977722883224
2.942249536514
2.944247722626
2.942529439926
3.027089595795
3.018336772919
3.008868932724
2.999047040939
2.988493919373
2.976377964020
2.961848735809
2.943676710129
2.924197673798
2.910165309906
2.898288965225
2.886327981949
2.871988296509
2.872629642487
2.897789001465
2.825960874557
2.840241432190
2.855443000793
2.850142478943
2.859987735748
2.784548282623
2.773471355438
2.764012336731
2.850563764572
2.886095523834
2.876297950745
2.864605665207
2.849432945251
2.829681396484
2.803956508636
2.767987251282
2.724034786224
2.709228277206
2.689208030701
2.720458030701
2.748124837875
2.672268629074
2.658698081970
2.672104358673
2.692208290100
2.729420900345
2.784676551819
2.741738080978
2.673839807510
2.629180669785
2.628646612167
2.621152877808
2.675080299377
2.753173589706
2.712501764297
2.656515121460
2.599660396576
2.590032100677
2.589453220367
2.602318763733
2.662593364716
2.683088302612
2.598362445831
2.599362850189
2.755812644958
2.738801717758
2.731200695038
2.723896980286
2.716727256775
2.710001468658
2.703690767288
2.697325944901
2.689484357834
2.680671691895
2.672157049179
2.660720586777
2.653008937836
2.633049726486
2.676614999771
2.654801845551
2.625744819641
2.590249300003
2.606949329376
2.575215339661
2.610674381256
2.587315559387
2.548363208771
2.555455207825
2.529478073120
2.600636243820
2.593781948090
2.555451631546
2.503436565399
2.529137849808
2.503386497498
2.503620624542
2.483880758286
2.483192682266
2.458783626556
2.470186710358
2.466880321503
2.452885866165
2.411137342453
2.436810970306
2.446596145630
2.434658288956
2.397418022156
2.406811952591
2.415159463882
2.419133663177
2.365185976028
2.369787693024
2.356863737106
2.665965795517
2.538071632385
2.530485868454
2.513316392899
2.494407892227
2.472905397415
2.446634531021
2.423656702042
2.401165962219
2.404175519943
2.411240577698
2.666339874268
2.529962301254
2.520989656448
2.507699251175
2.486787557602
2.454813003540
2.416843652725
2.381611108780
2.364223003387
2.335626602173
2.333860158920
2.304802894592
2.335207700729
2.287961006165
2.363989114761
2.340283155441
2.436960220337
2.355463266373
2.321248054504
2.288402080536
2.294385194778
2.294752120972
2.307558536530
2.366069078445
2.288552999496
2.267532348633
2.243663787842
2.267332553864
2.235216379166
2.514430284500
2.430783033371
2.403028726578
2.386882781982
2.407376527786
2.402013063431
2.480422973633
2.462958097458
2.441248893738
2.408321380615
2.358244895935
2.299584627151
2.261073112488
2.258815526962
2.277173280716
2.582141637802
2.445803642273
2.461514472961
2.439950942993
2.415669441223
2.394038438797
2.369846582413
2.358414888382
2.345622539520
2.336285114288
2.323551177979
2.314301013947
2.298448801041
2.294132232666
2.267812252045
2.314696073532
2.349999189377
2.462031841278
2.377169132233
2.326471090317
2.302069664001
2.276969432831
2.272398471832
2.249485254288
2.258356571198
2.224319934845
2.285571575165
2.265940666199
2.210166215897
2.214133739471
2.452501058578
2.422921895981
2.450320959091
2.446266174316
2.442167282104
2.437804698944
2.432905912399
2.426873445511
2.419267654419
2.409273862839
2.396330356598
2.380970478058
2.363918066025
2.345694065094
2.327512741089
2.309125185013
2.284180641174
2.251901626587
2.228999376297
2.201907157898
2.237811803818
2.448412656784
2.548177003860
2.429280042648
2.420710086823
2.409268617630
2.392656087875
2.369378805161
2.348489046097
2.335418224335
2.317481517792
2.307261228561
2.284829378128
2.276536941528
2.250988006592
2.249376296997
2.212247371674
2.239110231400
2.184826135635
2.315379381180
2.327217102051
2.272032022476
2.215376615524
2.209205865860
2.230108022690
2.245097637177
2.193455934525
2.149481773376
2.197499752045
2.258373260498
2.241106033325
2.178072690964
2.155868053436
2.188640832901
2.178076744080
2.177835464478
2.199692249298
2.211206674576
2.252842903137
2.228735446930
2.187800407410
2.169647693634
2.181101799011
2.201161146164
2.215448141098
2.155027866364
2.115319252014
2.105592966080
2.091132879257
2.085473299026
2.090230941772
2.120606422424
2.312476396561
2.350006103516
2.351089715958
2.303729295731
2.265229701996
2.232518672943
2.203282594681
2.191313266754
2.167441129684
2.309671878815
2.417920112610
2.381015777588
2.376615047455
2.371248722076
2.364728927612
2.356136083603
2.344277620316
2.327382802963
2.303426742554
2.269831657410
2.225763797760
2.176601648331
2.139202833176
2.123716831207
2.117111444473
2.114442110062
2.128907680511
2.412470102310
2.301125049591
2.317099094391
2.269919872284
2.238519906998
2.216964483261
2.209685802460
2.181912183762
2.196147441864
2.157764673233
2.299761056900
2.278162240982
2.305820941925
2.230292081833
2.166233301163
2.127461671829
2.134849309921
2.128544569016
2.312542438507
2.254160881042
2.226860523224
2.157504558563
2.136124849319
2.102150201797
2.113735198975
2.143973827362
2.266110181808
2.159118413925
2.127608537674
2.094449996948
2.278186559677
2.193114995956
2.176859140396
2.109499931335
2.127035379410
2.078473806381
2.141688823700
2.135116100311
2.179667949677
2.132979393005
2.132068634033
2.071878671646
2.067164897919
2.063142776489
2.137057304382
2.129604339600
2.110040664673
2.042858600616
2.045674324036
2.067605257034
2.387857198715
2.229246854782
2.158448219299
2.119906187057
2.122904062271
2.172341585159
2.212593555450
2.157775402069
2.122964382172
2.073800802231
2.081129550934
2.083378553391
2.124885797501
2.081611871719
2.093156576157
2.115016937256
2.329170227051
2.198017835617
2.165716409683
2.137825012207
2.099430561066
2.058902025223
2.087541818619
2.099189996719
2.118788957596
2.066199779510
2.043044805527
2.015484809875
2.036966800690
2.016406774521
2.180339097977
2.180834770203
2.218321561813
2.133134365082
2.265211343765
2.129032850266
2.095026016235
2.053642988205
2.068494558334
2.142183542252
2.139624834061
2.027336597443
2.010836362839
1.989901661873
1.999645233154
1.976531863213
2.104578256607
2.179465770721
2.113265991211
2.045536756516
2.011181592941
2.005620479584
2.253232240677
2.456164360046
2.678623914719
2.386095046997
2.384128093719
2.382048130035
2.379701852798
2.376941204071
2.373867511749
2.370223999023
2.365799427032
2.360606670380
2.354300975800
2.346562385559
2.336874246597
2.323598623276
2.305821895599
2.283711910248
2.257550239563
2.229519605637
2.202629327774
2.180790662766
2.161713361740
2.152837514877
2.128239870071
3.471304893494
2.487135648727
2.417444705963
2.415123462677
2.412828207016
2.410493850708
2.408154487610
2.405854225159
2.403552770615
2.401233911514
2.398842096329
2.396367788315
2.393764495850
2.390986919403
2.388032913208
2.384836912155
2.381480216980
2.377800703049
2.373734474182
2.369075775146
2.363788604736
2.357933282852
2.351296186447
2.343936204910
2.335738420486
2.327672958374
2.319903135300
2.313025236130
2.307754516602
2.300784111023
2.307523250580
2.394536256790
2.432868719101
2.427996873856
2.423101425171
2.418575048447
2.414369344711
2.409381866455
2.404292583466
2.398360013962
2.391993761063
2.383264064789
2.376351833344
2.359524965286
2.391463756561
2.432972908020
2.425013780594
2.420609951019
2.416344165802
2.412058115005
2.408365011215
2.404947996140
2.399225711823
2.392374515533
2.385723352432
2.378588438034
2.371122360229
2.362720727921
2.352839469910
2.345066070557
2.328691959381
2.387919902802
2.387773036957
2.383708000183
2.373795032501
2.355963468552
2.359307765961
2.514336585999
2.389959096909
2.386093616486
2.377685546875
2.362511396408
2.350862741470
2.348633527756
2.330722332001
2.355390071869
2.342802762985
2.324106931686
2.299975395203
2.382754802704
2.367887020111
2.361424922943
2.349530935287
2.331873655319
2.321643352509
2.303003072739
2.283483505249
2.266903638840
2.265398025513
2.253633260727
2.331201314926
2.369037389755
2.365826845169
2.360141754150
2.346353054047
2.302537918091
2.378878355026
2.360346555710
2.356194972992
2.349296331406
2.336491107941
2.309693574905
2.262746095657
2.258353233337
2.256462097168
2.324567079544
2.342666625977
2.323075771332
2.280525684357
2.241801977158
2.226408958435
2.244051456451
2.239446163177
2.314674615860
2.345211982727
2.329133987427
2.298161029816
2.242505073547
2.244002342224
2.227850914001
2.282606363297
2.314202547073
2.267499685287
2.242117166519
2.204072952271
2.244355678558
2.278515815735
2.213527202606
2.198303699493
2.198924779892
2.257028102875
2.300646543503
2.229460239410
2.203261613846
2.217140197754
2.174853324890
2.174690961838
2.244514942169
2.346662998199
2.275828361511
2.257150650024
2.246608018875
2.162019252777
2.141347646713
2.132102251053
2.119976282120
2.112352132797
2.107651948929
2.103914260864
2.239210128784
2.537215948105
2.330280065536
2.294944286346
2.281250238419
2.263071298599
2.285696983337
2.305186510086
2.251074314117
2.273128747940
2.285806179047
2.224713802338
2.239303350449
2.218209505081
2.246183156967
2.252663135529
2.209820508957
2.177996635437
2.230831623077
2.265201330185
2.191690206528
2.164740324020
2.170121192932
2.153810977936
2.210310459137
2.258434772491
2.160758256912
2.137378215790
2.140616178513
2.125782728195
2.187063455582
2.261354446411
2.347189426422
2.316658496857
2.474779605865
2.380914688110
2.370068073273
2.360253334045
2.351628065109
2.347187757492
2.338891267776
2.334929704666
2.325318574905
2.324390172958
2.316160917282
2.298182249069
2.286265611649
2.265615940094
2.415527343750
2.348950862885
2.334576129913
2.320037126541
2.300683021545
2.277009725571
2.253881216049
2.230431079865
2.212023019791
2.195596933365
2.188764572144
2.177502632141
2.186799764633
2.169436931610
2.250950574875
2.245693206787
2.197042226791
2.178979396820
2.221984863281
2.410238981247
2.296039104462
2.270547866821
2.240108013153
2.220991849899
2.208884477615
2.200796604156
2.192872047424
2.187975406647
2.182113885880
2.178770303726
2.173344373703
2.174913883209
2.161288261414
2.263637542725
2.346733808517
2.317109584808
2.288856029510
2.249072313309
2.216720819473
2.188287258148
2.169400691986
2.159822463989
2.149725675583
2.150981187820
2.137560367584
2.161892175674
2.165598154068
2.277354717255
2.223300695419
2.185448169708
2.156892299652
2.146239995956
2.134728670120
2.128422498703
2.119948625565
2.125510215759
2.121448516846
2.136123895645
2.142982006073
2.124503850937
2.109882593155
2.122013807297
2.156254291534
2.693455219269
2.347763538361
2.341573715210
2.332233905792
2.317002773285
2.296501159668
2.280784606934
2.274017810822
2.265877962112
2.267213106155
2.262489318848
2.302389860153
2.262679576874
2.247044086456
2.250501155853
2.240772724152
2.283122062683
2.232527732849
2.229336977005
2.224097967148
2.224490404129
2.217126369476
2.234706878662
2.244067907333
2.364317655563
2.330749988556
2.274333000183
2.246576786041
2.294562578201
2.220500707626
2.208860158920
2.212560415268
2.202831268311
2.272849082947
2.184763669968
2.229716300964
2.214525461197
2.414551258087
2.293920040131
2.226162910461
2.182413339615
2.180401563644
2.167713403702
2.175216674805
2.159838438034
2.323880434036
2.237285614014
2.322954654694
2.242576599121
2.178107738495
2.161509513855
2.157124757767
2.144624710083
2.146662473679
2.132243871689
2.208983898163
2.201089382172
2.360916376114
2.241529703140
2.181222677231
2.162340879440
2.148193120956
2.244133234024
2.126022100449
2.138533592224
2.115182399750
2.141834735870
2.132321596146
2.212263345718
2.199728012085
2.347175359726
2.278372764587
2.226706266403
2.191107034683
2.161667585373
2.441771507263
2.220219373703
2.242378473282
2.200485229492
2.189944744110
2.181128501892
2.176135778427
2.168248653412
2.168855190277
2.159581422806
2.204074859619
2.145373821259
2.160670995712
2.175555944443
2.325543642044
2.285630226135
2.223705291748
2.168627500534
2.131204605103
2.199565410614
2.144892930984
2.225673437119
2.132949829102
2.225286006927
2.133273124695
2.132690906525
2.114709377289
2.214200973511
2.146466255188
2.349545240402
2.204669713974
2.215162038803
2.163757324219
2.269550800323
2.136498451233
2.109131813049
2.103560686111
2.092203140259
2.092957973480
2.084996938705
2.089864253998
2.078444957733
2.130606174469
2.147448539734
2.336582899094
2.220823049545
2.171590328217
2.118665456772
2.190766096115
2.158665418625
2.257831096649
2.141333341599
2.127218961716
2.100434303284
2.113239765167
2.087858676910
2.155585050583
2.097875595093
2.168009042740
2.096340656281
2.148625373840
2.080124378204
2.094675540924
2.073210954666
2.125708103180
2.104864120483
2.209083795547
2.101454734802
2.139342546463
2.092045783997
2.084213018417
2.088230371475
2.089092493057
2.145470857620
2.108382225037
2.069788932800
2.105149030685
2.104929924011
2.267107248306
2.183324575424
2.202073097229
2.085902214050
2.097871065140
2.073083162308
2.105501174927
2.086940765381
2.125810384750
2.094061613083
2.084450960159
2.156568050385
2.103979110718
2.066312313080
2.152884244919
2.138746976852
2.232677459717
2.125360012054
2.124263286591
2.110962867737
2.228386878967
2.136846542358
2.106489896774
2.076675176620
2.094010114670
2.064391374588
2.163253545761
2.084745168686
2.129140615463
2.074999332428
2.097256660461
2.057637214661
2.110716342926
2.093799114227
2.232717037201
2.131591796875
2.141740322113
2.098385095596
2.231057882309
2.101730823517
2.077576398849
2.062893390656
2.072439908981
2.049142837524
2.121831893921
2.049969911575
2.070000648499
2.052445411682
2.209672927856
2.183352231979
2.243518352509
2.158597946167
2.105471849442
2.084398031235
2.069814682007
2.068971872330
2.053984403610
2.158806562424
2.272497177124
2.339418649673
2.261622905731
2.198326110840
2.151262760162
2.114944219589
2.094274044037
2.078474760056
2.072637081146
2.052919626236
2.219101667404
2.653944015503
2.469771862030
2.401736974716
2.399300336838
2.396710395813
2.393367290497
2.388772249222
2.383344411850
2.368275642395
2.359048604965
2.336706876755
2.550068140030
2.370911598206
2.356380462646
2.348108291626
2.340849399567
2.333296775818
2.317258596420
2.354444742203
2.462041139603
2.373723983765
2.368783473969
2.356595039368
2.339478969574
2.327599287033
2.306863069534
2.296029567719
2.277948141098
2.717982292175
2.377593755722
2.375276565552
2.372738122940
2.370108127594
2.367461919785
2.364951848984
2.362532138824
2.359955310822
2.357494831085
2.355070114136
2.352455139160
2.349604606628
2.346549510956
2.343298196793
2.339637279510
2.335749626160
2.330431222916
2.325809955597
2.317422151566
2.324889183044
2.340403318405
2.363195419312
2.354514360428
2.347177982330
2.337878465652
2.324133872986
2.306794881821
2.318244934082
2.303209543228
2.498944282532
2.356872797012
2.355918884277
2.355142354965
2.354542970657
2.354082345963
2.353653430939
2.353284358978
2.352960824966
2.352661132812
2.352330923080
2.351994276047
2.351628303528
2.351228475571
2.350757598877
2.350228071213
2.349567890167
2.348727703094
2.347724199295
2.346446514130
2.344727754593
2.342277050018
2.338872194290
2.333932161331
2.326217174530
2.315667152405
2.303966999054
2.295333862305
2.288580179214
2.283391237259
2.278413534164
2.275206089020
2.269291877747
2.266426801682
2.255690813065
2.271506786346
2.277729511261
2.376720428467
2.373891353607
2.370757818222
2.366874933243
2.362163543701
2.358577966690
2.356240272522
2.354233503342
2.352257966995
2.350455522537
2.348621606827
2.346872806549
2.345082759857
2.343317031860
2.341526269913
2.339680433273
2.337826967239
2.335905313492
2.333950996399
2.331938266754
2.330098390579
2.327929735184
2.326276302338
2.323723316193
2.322813272476
2.319174051285
2.323377847672
2.316074609756
2.326875209808
2.309693098068
2.310223579407
2.304749965668
2.310595512390
2.300527334213
2.311879396439
2.294302463531
2.299904108047
2.289224147797
2.301108360291
2.282999515533
2.291099071503
2.277008295059
2.290902137756
2.269597768784
2.278006792068
2.260925292969
2.279168367386
2.246953487396
2.247580766678
2.218210458755
2.263523578644
2.176448106766
2.244080066681
2.440333366394
2.328817605972
2.269232273102
2.255965709686
2.242638349533
2.229348659515
2.220809459686
2.215098857880
2.208152770996
2.205257415771
2.198086738586
2.197911739349
2.188981056213
2.194318294525
2.178514480591
2.218355417252
2.226292371750
2.296706438065
2.298469781876
2.234033584595
2.206804037094
2.195459842682
2.176597356796
2.182682275772
2.166995286942
2.183980226517
2.162831068039
2.220650434494
2.237773895264
2.202609062195
2.171180009842
2.206131219864
2.205324888229
2.219940423965
2.214347600937
2.257531166077
2.251266717911
2.172472715378
2.159409761429
2.167963504791
2.148050069809
2.184493541718
2.181818962097
2.230574607849
2.235012531281
2.173151254654
2.145738124847
2.148602962494
2.136600494385
2.146812677383
2.129774093628
2.211878776550
2.284568071365
2.276718854904
2.234677314758
2.163022994995
2.153135299683
2.140033006668
2.142397165298
2.128763437271
2.146579027176
2.137809038162
2.286886453629
2.371696710587
2.256061315536
2.225969314575
2.209415912628
2.181701421738
2.168995857239
2.151718616486
2.156574249268
2.134890317917
2.188154935837
2.193091869354
2.283089637756
2.266965866089
2.272648811340
2.239877700806
2.257425069809
2.228568077087
2.250687837601
2.220620155334
2.243043184280
2.211896181107
2.233265638351
2.201434612274
2.226756095886
2.198977708817
2.221190690994
2.195200920105
2.198681116104
2.171282529831
2.185059785843
2.161595344543
2.157266378403
2.140268325806
2.156588077545
2.141722679138
2.173310518265
2.163711786270
2.162088871002
2.146122217178
2.183163642883
2.187304735184
2.173266172409
2.177543163300
2.189947128296
2.174851179123
2.202996015549
2.217883825302
2.202168941498
2.165857315063
2.174617767334
2.139964818954
2.166433334351
2.166379451752
2.195897579193
2.168399810791
2.169423818588
2.176514625549
2.219499588013
2.200907468796
2.159595489502
2.116748332977
2.182649135590
2.223258495331
2.162414312363
2.110866785049
2.118778944016
2.099530458450
2.162962436676
2.219385147095
2.216196298599
2.160599708557
2.143092155457
2.132408857346
2.144154071808
2.136467695236
2.197740316391
2.229193687439
2.203374147415
2.160030603409
2.149930000305
2.121223926544
2.125601053238
2.114881753922
2.161940097809
2.177226543427
2.151614189148
2.119129896164
2.139928340912
2.154631376266
2.166146039963
2.181766271591
2.159838438034
2.151211023331
2.177077770233
2.181873083115
2.134739398956
2.085747241974
2.156171321869
2.217581748962
2.212864637375
2.163702487946
2.131149291992
2.100064992905
2.131772756577
2.160195112228
2.172402858734
2.161316633224
2.093865156174
2.066774845123
2.167268276215
2.286918401718
2.247053384781
2.183775663376
2.186977386475
2.185718059540
2.135039329529
2.104166030884
2.109464883804
2.091990947723
2.148347854614
2.216156005859
2.169152021408
2.124265670776
2.112786769867
2.140945672989
2.144013404846
2.139122247696
2.167189836502
2.199981927872
2.154504776001
2.093995332718
2.116153240204
2.118819236755
2.193830251694
2.241322278976
2.212927818298
2.141380071640
2.157848358154
2.163286685944
2.106826543808
2.070991992950
2.109709501266
2.141148805618
2.160048246384
2.157808542252
2.085681438446
2.055819034576
2.104449510574
2.186952829361
2.206817865372
2.199572086334
2.099365472794
2.064310312271
2.068489551544
2.061187267303
2.247966527939
2.390366077423
2.290535449982
2.277987957001
2.259737253189
2.246793031693
2.230727672577
2.221330165863
2.207173109055
2.203066110611
2.184917926788
2.221781253815
2.274880409241
2.177854061127
2.163111925125
2.148314237595
2.149084091187
2.128672838211
2.153106212616
2.146466255188
2.162114620209
2.156512737274
2.172307729721
2.122667789459
2.112367153168
2.102566480637
2.137990713120
2.162453889847
2.231514215469
2.257328510284
2.176151752472
2.145999670029
2.095805644989
2.092155694962
2.073899269104
2.173682689667
2.296144485474
2.167742967606
2.119906187057
2.096611261368
2.078235149384
2.070096731186
2.055044412613
2.064052581787
2.059203863144
2.246912002563
2.390670537949
2.258537054062
2.226663112640
2.209662914276
2.174062967300
2.236123323441
2.326595306396
2.230360031128
2.173288106918
2.153185367584
2.135249853134
2.250784873962
2.313828229904
2.223650217056
2.155064821243
2.108690500259
2.084339141846
2.080652952194
2.068129539490
2.080363273621
2.085248231888
2.295752763748
2.303064584732
2.242537021637
2.209774971008
2.185911417007
2.161216974258
2.138716220856
2.121000528336
2.112196207047
2.102687597275
2.108701467514
2.098782300949
2.328828573227
2.331876993179
2.287498235703
2.257095575333
2.221274852753
2.172711372375
2.112043857574
2.080672264099
2.071511507034
2.067843437195
2.057021379471
2.223023653030
2.625791549683
2.290252923965
2.271415948868
2.238538503647
2.236867666245
2.247989892960
2.552715063095
2.366408586502
2.361053228378
2.356907367706
2.353416919708
2.350481510162
2.347749233246
2.344747066498
2.341425180435
2.337831735611
2.334036350250
2.330229282379
2.326286077499
2.322275161743
2.318716049194
2.315697193146
2.310370206833
2.307127237320
2.301563978195
2.298237562180
2.292025089264
2.289446115494
2.281541109085
2.284021615982
2.273007154465
2.279789209366
2.263640880585
2.267891645432
2.252018690109
2.252480030060
2.237432479858
2.240645170212
2.221417427063
2.261324167252
2.219433307648
2.283933877945
2.210761070251
2.195556163788
2.175405263901
2.178051233292
2.167190551758
2.345977783203
2.186311721802
2.170333862305
2.160565376282
2.158388137817
2.145858287811
2.197914123535
2.322068691254
2.459682226181
2.435795068741
2.389531850815
2.286775827408
2.255107164383
2.239636659622
2.220775127411
2.203575611115
2.187312841415
2.177245616913
2.166303873062
2.163582086563
2.148108243942
2.217098712921
2.333334684372
2.164531230927
2.167994260788
2.146457195282
2.253947973251
2.335792541504
2.174771308899
2.168925762177
2.132159471512
2.160064458847
2.154156446457
2.270274162292
2.312374591827
2.173718929291
2.146493434906
2.128537654877
2.119021654129
2.117151498795
2.106379032135
2.111698627472
2.099055528641
2.153628826141
2.220433950424
2.307856559753
2.255851030350
2.257671117783
2.273053646088
2.189494371414
2.159515380859
2.133819341660
2.125457763672
2.116000652313
2.112835884094
2.103551864624
2.104801893234
2.093354701996
2.117324829102
2.130240440369
2.183284044266
2.223806858063
2.192282199860
2.122136592865
2.124712705612
2.125636339188
2.143480539322
2.134101152420
2.157130718231
2.158490896225
2.161943197250
2.128022432327
2.152730703354
2.179164886475
2.150046110153
2.097095012665
2.107454538345
2.101088285446
2.164499521255
2.208816051483
2.154013872147
2.083925008774
2.084944009781
2.073318004608
2.121044874191
2.164178133011
2.216734409332
2.190135002136
2.093380928040
2.073971748352
2.083973646164
2.083810329437
2.188296318054
2.268870115280
2.231270313263
2.144336462021
2.123437404633
2.089135646820
2.096627473831
2.075118541718
2.110609054565
2.119165182114
2.175833225250
2.168814420700
2.122572898865
2.075481891632
2.086493730545
2.073392629623
2.115497589111
2.152905464172
2.171210765839
2.128046274185
2.073646783829
2.060929775238
2.069199085236
2.064642429352
2.151795148849
2.239307165146
2.235944747925
2.137601375580
2.101106405258
2.074307918549
2.090188980103
2.077739477158
2.135032892227
2.162144184113
2.152900218964
2.084216356277
2.074983358383
2.068935394287
2.123678684235
2.177209854126
2.181226253510
2.111616373062
2.079708814621
2.066664934158
2.106087207794
2.139521121979
2.153553485870
2.105427742004
2.102977752686
2.123920679092
2.125689983368
2.089422941208
2.113043546677
2.139945268631
2.134237289429
2.088724374771
2.098092317581
2.111583471298
2.127826929092
2.110701084137
2.121246576309
2.121195316315
2.118019580841
2.090708255768
2.113708734512
2.135237455368
2.134654521942
2.093118190765
2.100862503052
2.114126205444
2.124389886856
2.092339277267
2.124484777451
2.152371644974
2.147515773773
2.087956666946
2.084604978561
2.077069044113
2.112496852875
2.127142190933
2.144461631775
2.081759691238
2.088959217072
2.116316318512
2.112002611160
2.057676076889
2.113739252090
2.169469118118
2.158129215240
2.074811697006
2.069175243378
2.056040763855
2.101831674576
2.149404525757
2.175418376923
2.110512733459
2.063233852386
2.046056985855
2.081130266190
2.131100416183
2.168763875961
2.108497858047
2.087774038315
2.112470626831
2.122615098953
2.074142694473
2.090357780457
2.114219188690
2.134938716888
2.086392641068
2.102293014526
2.136168956757
2.137460231781
2.064870119095
2.071333169937
2.079145669937
2.112185239792
2.102535486221
2.139765739441
2.097195625305
2.072939872742
2.046912908554
2.091341018677
2.106282472610
2.136575222015
2.099808216095
2.083210945129
2.088259458542
2.090790987015
2.067337274551
2.100250244141
2.081646919250
2.093540668488
2.059638977051
2.119979858398
2.167239665985
2.160622596741
2.065274715424
2.057999372482
2.060355424881
2.071337938309
2.064302921295
2.146622657776
2.114316225052
2.060732364655
2.038040161133
2.017478942871
2.054133892059
2.014377832413
2.066346168518
2.093206405640
2.172557592392
2.148149251938
2.116149902344
2.156798601151
2.145966053009
2.096420764923
2.115701675415
2.112577438354
2.116665363312
2.142543792725
2.195470809937
2.113931417465
2.071666479111
2.049590826035
2.078619003296
2.081785202026
2.093916654587
2.072019338608
2.081014633179
2.023469448090
2.037042856216
2.032775878906
2.098300457001
2.136043071747
2.119917154312
2.062869071960
2.033818244934
2.054623842239
1.998665332794
2.015715360641
2.027311801910
2.096817970276
2.047597169876
2.235228538513
2.317857503891
2.290095806122
2.218547582626
2.185010910034
2.142171144485
2.286958217621
2.413262367249
2.300451278687
2.257149696350
2.220759868622
2.172392368317
2.146545410156
2.118021965027
2.133331060410
2.129612445831
2.354763746262
2.341628551483
2.307837009430
2.262582778931
2.211762189865
2.151982307434
2.106209754944
2.089134931564
2.068202733994
2.091815233231
2.097163915634
2.400028467178
2.280773878098
2.270543336868
2.205734968185
2.175394296646
2.147603750229
2.122707605362
2.097072124481
2.078875303268
2.058708667755
2.084549903870
2.167599678040
2.343008995056
2.234744787216
2.163913726807
2.124593019485
2.105398416519
2.085760354996
2.098098039627
2.121263742447
2.257580995560
2.147059917450
2.142840623856
2.172773838043
2.106540203094
2.052774429321
2.042065143585
2.034597873688
2.029220104218
2.049497604370
2.099054336548
2.096355199814
2.036783456802
2.074318408966
2.079438447952
2.106947898865
2.054089784622
2.063388586044
2.047641038895
2.044005632401
2.029266834259
2.080616235733
2.101933002472
2.095472812653
2.069611072540
2.038755655289
2.012897253036
2.008700847626
2.037666082382
2.093696832657
2.117746353149
2.086591482162
2.098541736603
2.078848600388
2.067378997803
2.069972276688
2.162714481354
2.136036872864
2.114013195038
2.071321487427
2.109141826630
2.101177692413
2.080332994461
2.017201662064
2.037846326828
2.040862560272
2.072386026382
2.076789855957
2.121155500412
2.058391571045
2.026126384735
2.012856006622
2.038874387741
2.073018312454
2.038254976273
2.032230377197
2.091519355774
2.057555437088
2.158904314041
2.171470403671
2.191605091095
2.217562437057
2.271153926849
2.150840997696
2.098020792007
2.055388212204
2.052702665329
2.040075540543
2.095827579498
2.119843244553
2.111573219299
2.032301664352
2.030056715012
2.031411409378
2.025324106216
2.003344058990
2.087660074234
2.150838375092
2.131675004959
2.058263063431
2.023658990860
2.042958736420
1.999712109566
2.039982080460
2.093797683716
2.064620256424
2.020076990128
2.010520935059
2.140827417374
2.274527072906
2.356228590012
2.299340963364
2.199259757996
2.103997707367
2.058795213699
2.023612260818
2.021694183350
2.010035514832
2.050242185593
2.086052656174
2.093820095062
2.053327322006
2.047037601471
2.024867773056
2.087954998016
2.104158163071
2.108733654022
2.084076166153
2.039021730423
1.998658657074
1.990957975388
2.024190187454
2.076338052750
2.038710355759
1.990578413010
2.009452104568
2.030401229858
2.262676000595
2.278987407684
2.236465692520
2.122798681259
2.066257715225
2.023285388947
2.009148120880
1.989592075348
2.027538061142
2.069963455200
2.042898178101
2.090163707733
2.160210609436
2.062736272812
2.035285949707
2.011185169220
2.020842313766
2.013002157211
2.126363039017
2.297417163849
2.336909055710
2.305057048798
2.226030826569
2.158262491226
2.088007450104
2.099367380142
2.175863981247
2.197303533554
2.114999771118
2.055525064468
2.015806198120
1.996729135513
2.014176607132
2.034504890442
2.023269176483
2.049855232239
2.025353908539
2.003803491592
2.006924867630
2.033100128174
2.118072509766
2.179547071457
2.138980388641
2.089337348938
2.055978775024
1.998421907425
1.985329866409
2.002041339874
2.016921520233
2.075119256973
2.067185163498
2.058790445328
