4.155427932739
4.132714271545
4.112113952637
4.090920448303
4.070311546326
4.047912597656
4.023793220520
3.995286941528
3.956657409668
3.903675556183
3.865504503250
3.733283519745
4.361592292786
3.949721336365
3.933169364929
3.916896820068
3.900796651840
3.884892225266
3.869109392166
3.853587627411
3.838285446167
3.823039770126
3.807833671570
3.792673587799
3.777482032776
3.762135982513
3.746461391449
3.730158805847
3.712702751160
3.692643165588
3.667271852493
3.628892183304
3.563635349274
3.476536750793
3.472189426422
3.390979528427
3.566926956177
3.368641853333
3.408145904541
3.403516292572
3.542295455933
3.396144866943
3.281921386719
3.569874763489
3.507833480835
3.374620676041
3.222099065781
3.289005756378
3.173520088196
3.562841892242
3.542885780334
3.525166988373
3.508061170578
3.491656541824
3.475455760956
3.458839654922
3.441491603851
3.422181606293
3.400630950928
3.371634483337
3.369566917419
3.777253627777
3.322175502777
3.309152126312
3.291206359863
3.266292095184
3.228575706482
3.165027618408
3.071612358093
3.049896001816
3.006360530853
3.104750871658
3.002983570099
3.287371158600
3.274832963943
3.262314558029
3.249651908875
3.236845731735
3.223515033722
3.209070205688
3.193562030792
3.176168918610
3.156487941742
3.134666442871
3.111681938171
3.088583469391
3.067054271698
3.041494846344
3.012543678284
2.974677085876
2.929419994354
2.885089635849
2.888179779053
2.839770078659
2.912567138672
2.793798208237
3.134881258011
3.103528738022
3.053926706314
2.980667114258
2.890288591385
2.768094062805
2.916611194611
2.768225669861
3.099114894867
3.084918737411
3.070245742798
3.054439544678
3.036310434341
3.014205455780
2.985045433044
2.949413537979
2.917728185654
2.895452737808
2.862071514130
2.843913555145
2.786285877228
2.913714408875
2.732844591141
2.662991523743
2.860840797424
2.670458555222
2.882604122162
2.693214893341
2.630669832230
2.682313442230
2.585140705109
2.983578205109
2.968369483948
2.951236486435
2.929989814758
2.902050971985
2.863341808319
2.801889657974
2.692459106445
2.567420959473
2.595854282379
2.528581142426
2.775959968567
2.560307502747
2.530792236328
2.535218238831
2.641366481781
2.476893663406
2.891947746277
2.839622497559
2.753545761108
2.601997375488
2.459602832794
2.601031780243
2.439951896667
2.858643054962
2.801837682724
2.713107347488
2.570832967758
2.440525293350
2.489620208740
2.499656200409
2.464061260223
2.750540733337
2.540401935577
2.592794418335
2.458942413330
2.869220972061
2.855262041092
2.842021703720
2.829267501831
2.817167758942
2.805222988129
2.792890548706
2.779069185257
2.763718605042
2.747237682343
2.726615905762
2.705627679825
2.674429416656
2.673532962799
2.712368488312
2.647550344467
2.531053304672
2.453043460846
2.542860746384
2.416895866394
2.607223987579
2.446802139282
2.398188591003
2.461045265198
2.371190309525
2.670175552368
2.597343921661
2.451132535934
2.358374357224
2.512262582779
2.337649822235
2.505154132843
2.329432249069
2.493883371353
2.300737380981
2.545974254608
2.335856437683
2.416141986847
2.245962381363
2.585282564163
2.392862558365
2.320919752121
2.309957742691
2.455459594727
2.297134399414
2.279000043869
2.251810550690
2.388545274734
2.332194566727
2.721334218979
2.658328771591
2.644415378571
2.628234386444
2.607479810715
2.587105512619
2.564782857895
2.521389961243
2.487832069397
2.514585971832
2.541265010834
2.559017658234
2.549067974091
2.536193609238
2.518431663513
2.495847702026
2.468776464462
2.410909414291
2.354522705078
2.296756029129
2.273508071899
2.243972301483
2.247511863708
2.233689785004
2.207040786743
2.355536699295
2.227283716202
2.397657394409
2.335011005402
2.197794437408
2.231187105179
2.167800426483
2.318330764771
2.183245420456
2.270456552505
2.206211328506
2.170105218887
2.174886465073
2.222787380219
2.267823457718
2.525848865509
2.455484151840
2.458771944046
2.422424793243
2.505617380142
2.440401554108
2.426749944687
2.406036376953
2.373950958252
2.325830459595
2.274094104767
2.219844341278
2.160909414291
2.301470041275
2.242913246155
2.695864915848
2.471802711487
2.460305929184
2.454163074493
2.462735652924
2.449293136597
2.429494619370
2.403524637222
2.382724523544
2.356315135956
2.332122325897
2.305421352386
2.281201124191
2.260514020920
2.240434885025
2.459196090698
2.265187025070
2.350161552429
2.308618545532
2.276432514191
2.243697881699
2.231259346008
2.207204341888
2.207016468048
2.177510738373
2.224875926971
2.191965341568
2.122676610947
2.245732784271
2.173126459122
2.605838298798
2.422844648361
2.421908617020
2.421088695526
2.420133113861
2.419102430344
2.417529106140
2.415360212326
2.412140369415
2.407558202744
2.402049303055
2.393030166626
2.378386497498
2.358611106873
2.335047245026
2.298094511032
2.248866558075
2.192737579346
2.155551910400
2.083460807800
2.667098999023
2.253550529480
2.384725332260
2.382055997849
2.377307653427
2.368552207947
2.353322505951
2.332574129105
2.288345813751
2.235825300217
2.197696924210
2.179395914078
2.167513847351
2.154885292053
2.147673130035
2.136361360550
2.136578321457
2.192273139954
2.095971584320
2.534598112106
2.323958635330
2.279751539230
2.177191734314
2.099859237671
2.283911466599
2.107550621033
2.141943454742
2.043534994125
2.383492469788
2.121395111084
2.120023488998
2.114689350128
2.084934711456
2.225133657455
2.077427625656
2.216770887375
2.016226291656
2.467387914658
2.144184112549
2.028130531311
2.195122241974
2.069397211075
2.215950965881
2.018853425980
2.229168415070
2.050822734833
2.037904977798
2.033200979233
2.030891418457
2.023716926575
2.079198360443
2.118410825729
2.480219841003
2.300883293152
2.238970994949
2.185374259949
2.113589048386
2.076812744141
2.026949405670
2.122949600220
2.017498731613
2.684329509735
2.401270866394
2.397143363953
2.392227411270
2.386970043182
2.380132675171
2.371203422546
2.358929157257
2.341492891312
2.310834646225
2.258102655411
2.179184198380
2.097640752792
2.040584087372
2.045541048050
2.012752532959
2.122937679291
2.112747192383
2.483851671219
2.351510524750
2.328061103821
2.325870275497
2.291498661041
2.276141405106
2.235587120056
2.231024742126
2.191477298737
2.218435525894
2.354600191116
2.232200860977
2.150889158249
2.096622943878
2.092150211334
2.032108306885
2.147540330887
2.085560321808
2.379569292068
2.246199846268
2.217416048050
2.163532018661
2.128564834595
2.063660144806
2.140784978867
2.104274034500
2.115885972977
2.036531448364
2.119518756866
2.067119359970
2.279725551605
2.207478761673
2.154169797897
2.111162185669
2.054152250290
2.023601293564
2.142545700073
1.978999733925
2.258639574051
1.991697907448
2.044918298721
1.952275276184
2.090095520020
1.927545666695
2.264876127243
2.031882762909
1.997398853302
1.966487288475
2.046266794205
2.170362710953
2.191690921783
2.038402557373
2.034257650375
1.971262097359
2.284754514694
1.977146983147
2.237761020660
2.123152494431
2.019249916077
1.968210220337
2.074945211411
2.001066684723
2.051440477371
1.927767753601
2.193668365479
2.122595071793
2.240858554840
2.213479280472
2.125036239624
2.088531255722
1.954021573067
2.023576259613
1.955093502998
2.141634225845
1.960047721863
1.933041930199
1.944552421570
1.952714323997
1.951971292496
2.034388780594
2.212940454483
2.000043630600
2.196907520294
2.089316606522
2.148910522461
1.984074234962
2.039015769958
1.903272509575
2.312071800232
2.001134634018
1.938433527946
1.934754133224
1.913856983185
1.938070893288
1.889689445496
2.083874940872
2.048829078674
2.029817581177
1.934277892113
1.967446923256
1.973327040672
2.081544160843
2.618248701096
2.205690145493
2.380845308304
2.379420518875
2.377996444702
2.376270294189
2.374010562897
2.371604442596
2.368559837341
2.364506959915
2.359781026840
2.353929519653
2.346479654312
2.336160898209
2.320183277130
2.298849344254
2.270283937454
2.233402252197
2.189461708069
2.139332294464
2.103257656097
2.085935831070
2.057970285416
2.125749111176
2.831769704819
2.752023935318
2.482668638229
2.477393627167
2.472502470016
2.467607498169
2.462865114212
2.458186626434
2.453789710999
2.449623584747
2.445920705795
2.442333698273
2.438143253326
2.434856891632
2.431435108185
2.428037405014
2.425084352493
2.421850442886
2.418425321579
2.413933277130
2.409415245056
2.403815746307
2.397830009460
2.391045331955
2.384160041809
2.376776456833
2.368999958038
2.362693548203
2.353922843933
2.352244138718
2.329934835434
2.578579425812
2.382823944092
2.381641626358
2.382055997849
2.382875919342
2.383322238922
2.383857488632
2.383496284485
2.383734226227
2.382286310196
2.377824306488
2.372526884079
2.364586830139
2.362936019897
2.542522192001
2.361132860184
2.357956171036
2.355036973953
2.351676464081
2.347673416138
2.343638420105
2.338060617447
2.329929351807
2.319949626923
2.308284282684
2.293926715851
2.274471044540
2.253199577332
2.228814601898
2.215332746506
2.187877416611
2.414712429047
2.398960828781
2.390661239624
2.389040946960
2.367594480515
2.794874668121
2.374808073044
2.367632627487
2.347852945328
2.302834510803
2.210427761078
2.178407192230
2.196032762527
2.136227607727
2.316091537476
2.148644685745
2.188129901886
2.112804651260
2.411560058594
2.398125648499
2.375489950180
2.335671424866
2.283611297607
2.249686717987
2.199776887894
2.143126964569
2.111536979675
2.134037017822
2.082246780396
2.444880008698
2.433318853378
2.416084766388
2.382060527802
2.278395652771
2.146104097366
2.429471969604
2.417372226715
2.399129152298
2.368330717087
2.305803537369
2.166561126709
2.070526599884
2.211089849472
2.079195022583
2.410559654236
2.369367122650
2.282617330551
2.126095056534
2.106906414032
2.054616689682
2.205570697784
2.051606416702
2.442469835281
2.409275770187
2.350883245468
2.231475830078
2.076169967651
2.179566860199
2.019826889038
2.405368804932
2.326845884323
2.217157363892
2.109011650085
2.022997856140
2.333552360535
2.145950555801
2.011001348495
2.164308071136
2.036066532135
2.380192279816
2.200045585632
2.016625165939
2.247833013535
1.991205930710
2.161153554916
1.990300059319
2.541449785233
2.391214370728
2.334221363068
2.305344581604
2.074613809586
2.013792037964
2.015736818314
1.996011257172
2.008101224899
1.977049589157
2.055632114410
2.003368377686
2.904006481171
2.436708211899
2.373017311096
2.322337388992
2.302494287491
2.226894378662
2.358861446381
2.218933343887
2.069615364075
2.344727754593
2.203357934952
2.086755752563
2.190634965897
2.034528255463
2.298204183578
2.114410400391
2.108884572983
2.027284860611
2.320512771606
2.083563089371
2.035888195038
2.018951177597
2.069578647614
1.995326995850
2.342709779739
2.078389406204
2.012337684631
2.004883527756
2.018379688263
1.991009593010
2.303936481476
2.115124225616
2.495639324188
2.492133140564
2.562087059021
2.529564619064
2.497127771378
2.462152242661
2.432294845581
2.416168212891
2.385624885559
2.381654262543
2.335114002228
2.364385366440
2.303659677505
2.247868537903
2.263097524643
2.203424930573
2.461070775986
2.425473928452
2.394394874573
2.359695911407
2.318697452545
2.261806011200
2.186474800110
2.105841636658
2.083315610886
2.061267614365
2.077743053436
2.038515567780
2.122560024261
2.034843921661
2.331464767456
2.180455207825
2.067631244659
2.196630954742
2.157163381577
2.331454753876
2.289641380310
2.229560136795
2.160118103027
2.118940114975
2.095599651337
2.088376760483
2.077735424042
2.073961257935
2.065289974213
2.066135168076
2.042221546173
2.092512607574
2.009898900986
2.594836235046
2.333491086960
2.287796020508
2.214458942413
2.111160278320
2.066406250000
2.049372911453
2.026473760605
2.042172908783
2.011757135391
2.056094169617
1.985696196556
2.186589479446
2.018455028534
2.320996284485
2.218057870865
2.111654758453
2.029280424118
2.023890972137
2.004726409912
2.023973703384
1.994272112846
2.054215192795
1.977661490440
2.137932062149
1.973649263382
2.068166255951
1.944961190224
2.206633329391
2.335355281830
2.452663898468
2.438128471375
2.423846244812
2.405804157257
2.388109683990
2.369888544083
2.349096298218
2.341606616974
2.321500778198
2.343603372574
2.324583768845
2.302752494812
2.307365179062
2.284633398056
2.309303283691
2.286894083023
2.277884244919
2.266691446304
2.263598442078
2.250609397888
2.255714654922
2.232632637024
2.323365449905
2.300225257874
2.280911922455
2.256844520569
2.304408073425
2.236819267273
2.204369544983
2.198833942413
2.173843383789
2.196817159653
2.161396026611
2.178973197937
2.093297719955
2.254443407059
2.164833307266
2.244031190872
2.198168039322
2.162676811218
2.091629981995
2.083289384842
2.037222862244
2.123663902283
2.038295745850
2.362210750580
2.258899450302
2.198928117752
2.164034605026
2.127109766006
2.072120428085
2.052634716034
2.013598918915
2.056924581528
1.994510769844
2.297197103500
2.123493194580
2.169256210327
2.095036745071
2.013821601868
2.054532051086
2.055739879608
2.092846632004
2.001561403275
2.036073923111
1.964735031128
2.117715835571
1.990939259529
2.251048088074
2.239675045013
2.219607114792
2.110273599625
2.044693708420
2.146371841431
2.104742765427
2.314724683762
2.272576808929
2.254209280014
2.225648641586
2.210261821747
2.191692352295
2.187925100327
2.169021368027
2.180380105972
2.173097372055
2.158699274063
2.116008758545
2.194177627563
2.294673204422
2.231816291809
2.189188003540
2.108603239059
2.116730928421
2.047971725464
2.101068019867
2.091262817383
2.100075960159
2.040828466415
2.067623853683
2.003583192825
2.038508176804
2.018772363663
2.190402984619
2.099528789520
2.182815313339
2.086786270142
2.089858770370
2.065567493439
2.056519746780
2.001568794250
1.971567392349
1.975063085556
1.959726333618
1.966203689575
1.948455214500
1.978684186935
1.944965600967
2.167045116425
2.087748765945
2.232334613800
2.069270849228
2.056226968765
1.991390705109
2.215143203735
2.057566881180
2.069108009338
1.974120259285
1.993965864182
1.950093984604
2.012180566788
1.952264785767
2.092025518417
1.958842992783
2.083764076233
1.989106059074
2.004337072372
1.934858560562
2.015580892563
1.923911094666
2.119672536850
2.002168416977
2.101436853409
1.970950126648
2.036549568176
1.944174528122
1.989875555038
1.962345361710
2.059847354889
1.959944725037
2.013476371765
1.914302229881
2.121865749359
2.039851188660
2.256810665131
2.023550033569
2.026873588562
1.931123256683
2.021975994110
1.922430515289
2.074668407440
1.943847656250
2.055979490280
1.963604807854
2.053569793701
1.957087397575
2.019121885300
1.925651550293
2.220720767975
2.064438343048
2.060686349869
1.949818730354
2.129147052765
1.983115196228
2.192602396011
2.015488147736
1.973682165146
1.941295623779
2.015898704529
1.961312413216
2.087933063507
1.951700448990
2.064918518066
1.918253660202
2.016320466995
1.913873076439
2.120338678360
2.029551267624
2.128823280334
1.964416503906
2.125597476959
1.986954808235
2.109309196472
1.991241574287
1.943094849586
1.940744280815
1.960519552231
1.962897419930
1.991950988770
1.902672886848
2.045480251312
1.942406773567
2.304665088654
2.172458887100
2.080667257309
2.002157688141
1.972485303879
1.971277832985
1.949886679649
1.986609101295
1.933437824249
2.503575325012
2.220725774765
2.129233837128
2.061854362488
2.008620023727
1.983284235001
1.955098867416
1.961925029755
1.938864946365
1.964055418968
1.977016806602
2.903126955032
2.333819866180
2.435164928436
2.430604934692
2.423605203629
2.412167072296
2.390347719193
2.357737302780
2.335032939911
2.288950443268
2.269557237625
2.235811948776
2.423516988754
2.313919067383
2.298499107361
2.289140939713
2.272732734680
2.266970396042
2.203415393829
2.774724245071
2.418928861618
2.401313781738
2.368396282196
2.295474052429
2.225859880447
2.183530569077
2.141508579254
2.172652244568
2.290921449661
2.463509559631
2.456205844879
2.448040008545
2.439524173737
2.430665731430
2.422571659088
2.417091369629
2.413087606430
2.409957647324
2.405945301056
2.399338722229
2.390469789505
2.379564523697
2.366993665695
2.352366447449
2.336468935013
2.316818237305
2.295779705048
2.279742717743
2.246686220169
2.377906799316
2.220769405365
2.416908979416
2.394850969315
2.366887092590
2.330219268799
2.249614477158
2.202236413956
2.304999589920
2.224377632141
2.444971561432
2.438052892685
2.431814193726
2.425975799561
2.421031236649
2.416221857071
2.412016153336
2.408303499222
2.404883384705
2.401265859604
2.397906780243
2.394696235657
2.391738414764
2.388639688492
2.385623216629
2.382551908493
2.379323244095
2.376286745071
2.373263835907
2.370272636414
2.367455244064
2.364799261093
2.361932516098
2.358595371246
2.354362726212
2.349520444870
2.345201253891
2.340753078461
2.335771083832
2.331609010696
2.325845479965
2.321578025818
2.312785625458
2.311470270157
2.291208982468
2.424290657043
2.323213338852
2.323479652405
2.323605775833
2.323597192764
2.324661493301
2.326852321625
2.327600240707
2.327536106110
2.328035593033
2.328095197678
2.328294277191
2.328213930130
2.328224658966
2.328102588654
2.327800035477
2.327446460724
2.326822996140
2.326234817505
2.325349569321
2.324880838394
2.323708057404
2.323389291763
2.321517229080
2.321865081787
2.318150997162
2.321810960770
2.314950466156
2.327466726303
2.315117597580
2.313920736313
2.308242082596
2.313102245331
2.305133104324
2.314306497574
2.303174972534
2.304641008377
2.296182870865
2.303979635239
2.293281555176
2.295498132706
2.285981655121
2.293140172958
2.281598806381
2.282804489136
2.271064519882
2.277910232544
2.260754108429
2.253432989120
2.226459264755
2.220250844955
2.129519224167
2.127829313278
2.024022579193
2.788716793060
2.227893590927
2.174976587296
2.121600389481
2.104916810989
2.094808816910
2.093426704407
2.082632780075
2.083212375641
2.073302030563
2.077900648117
2.065430641174
2.077357530594
2.053496599197
2.090769767761
2.032355546951
2.282289266586
2.045656204224
2.442052841187
2.272596359253
2.187005043030
2.097066640854
2.059504747391
2.050877332687
2.066813230515
2.034666776657
2.112998247147
2.015003442764
2.332055330276
2.085685253143
2.123110294342
2.014778375626
2.261245965958
2.081334352493
2.223549604416
2.102421283722
2.352954387665
2.065343618393
2.062597274780
2.022096157074
2.075797796249
2.004140138626
2.213193178177
2.016689300537
2.336247444153
2.094611406326
2.034609794617
2.024716615677
2.033827304840
2.004741430283
2.068389892578
1.995267629623
2.426629543304
2.179974794388
2.326253175735
2.044063806534
2.016377687454
2.030773639679
2.011523962021
2.035114765167
1.991574168205
2.116693496704
2.018318176270
2.614431619644
2.318243265152
2.268635272980
2.196282625198
2.115400075912
2.046554565430
2.056416988373
2.005676269531
2.079486131668
1.986653327942
2.264033794403
2.094627141953
2.322696208954
2.196098089218
2.200836896896
2.120840311050
2.210360527039
2.101341485977
2.216366052628
2.086124658585
2.216020822525
2.070374727249
2.208897352219
2.051237583160
2.232681751251
2.040123462677
2.234817504883
2.023132801056
2.173713922501
2.008162975311
2.163143157959
2.002901792526
2.090213775635
1.980341315269
2.140860080719
1.993881464005
2.201093673706
1.988294959068
2.160921573639
2.026677846909
2.249189853668
2.037949085236
2.240760803223
2.077442884445
2.205642938614
1.986823439598
2.331263780594
2.167158126831
2.203352928162
1.997134447098
2.152362108231
1.981811523438
2.206830739975
2.003892421722
2.221592187881
2.007621049881
2.215249300003
2.002775430679
2.287394285202
2.071482419968
2.091368675232
1.965414047241
2.339541912079
2.118569135666
2.025303125381
1.957996129990
2.072086572647
1.964643716812
2.327102899551
2.064230442047
2.177999019623
1.965375781059
2.140093564987
1.963451027870
2.174137830734
2.004245996475
2.321898698807
2.055234432220
2.177874088287
1.972134232521
2.117844820023
1.961680054665
2.121541738510
1.976980447769
2.260651588440
2.008008718491
2.134861230850
1.988756418228
2.201226711273
1.983725190163
2.267865419388
2.092998027802
2.176065206528
1.956928968430
2.271357774734
2.098129749298
2.052087545395
1.958039045334
2.309298992157
2.079635143280
2.191664218903
1.946533083916
2.091043472290
1.966516852379
2.193211317062
1.977245211601
2.200655221939
1.990990638733
2.005834579468
1.968038916588
2.409147977829
2.139349460602
2.171387672424
1.967631101608
2.232333898544
2.002126455307
2.016339302063
1.958485603333
2.052419424057
1.949133753777
2.320206642151
2.067979574203
2.104533433914
1.919901251793
2.197002649307
2.003344774246
2.172876358032
1.933741211891
2.301613092422
2.127128124237
2.057720899582
1.929266929626
2.171307086945
2.024998188019
2.317690372467
2.053133010864
2.100822687149
1.952644109726
2.233194828033
1.999638795853
2.005921602249
1.940216302872
2.189383029938
1.980717897415
2.201780080795
1.970535397530
1.992347121239
1.949317097664
2.240928888321
1.997986912727
2.261515378952
2.022751331329
1.969603538513
1.958588957787
2.026379346848
1.988902688026
2.614238739014
2.342212677002
2.295224666595
2.240369558334
2.172008991241
2.125394821167
2.090041399002
2.090475082397
2.050074338913
2.089300394058
1.997869253159
2.386327266693
2.075387954712
2.013131380081
2.032231807709
1.989095926285
2.043700456619
1.958309769630
2.171964645386
1.964780211449
2.212623119354
1.990109682083
2.135743379593
1.941775798798
2.120206594467
1.969731569290
2.223556756973
2.006618022919
2.401481389999
2.227728605270
2.148208856583
2.049932479858
1.956760168076
2.046150922775
1.951529741287
2.515628576279
2.161696910858
2.042841672897
1.970765233040
1.982397675514
1.953618526459
1.979183435440
1.932819128036
2.045817852020
1.991255283356
2.624761343002
2.288790464401
2.229664802551
2.144782543182
2.102277517319
2.006322383881
2.505540132523
2.288318395615
2.142625093460
2.002090454102
2.116795063019
1.985770106316
2.503149032593
2.278678894043
2.164366960526
2.061632156372
1.982367157936
1.979648351669
1.985463380814
1.953452944756
2.073795318604
2.003712654114
2.474590778351
2.314294576645
2.265632390976
2.210107088089
2.138281345367
2.062738895416
2.018450975418
1.998335003853
2.005859851837
1.972934842110
2.083978176117
2.030508041382
2.562305450439
2.357566118240
2.298697233200
2.240562200546
2.167667388916
2.071865320206
1.986643075943
1.984163045883
1.969708085060
1.997135162354
2.000239372253
2.912121295929
2.255199193954
2.177320480347
2.122518539429
2.043988466263
2.225348234177
2.131324291229
2.531053304672
2.506294727325
2.485362768173
2.466621637344
2.449910640717
2.434943199158
2.420516490936
2.406227588654
2.391551017761
2.378075599670
2.365539550781
2.354402542114
2.344466209412
2.334458112717
2.327621936798
2.324211359024
2.318403720856
2.314801454544
2.308970212936
2.305553436279
2.298441410065
2.297636270523
2.287407159805
2.298307657242
2.278432369232
2.289811611176
2.266474008560
2.274194002151
2.253992319107
2.259495735168
2.241062164307
2.261060237885
2.243544578552
2.292073726654
2.249275922775
2.229800224304
2.204998731613
2.199780702591
2.184966564178
2.215975046158
2.276453256607
2.202008962631
2.179233789444
2.173278093338
2.161888837814
2.167300701141
2.165397167206
2.454069852829
2.311418533325
2.319952487946
2.298549890518
2.252314329147
2.234184980392
2.202326774597
2.168485641479
2.126660346985
2.095675468445
2.074161767960
2.065035343170
2.043123722076
2.067102670670
2.030111789703
2.488227128983
2.097363233566
2.024652004242
2.104845046997
2.028970003128
2.500782728195
2.166506767273
2.051530122757
2.051244974136
1.998161196709
2.154063940048
2.030509948730
2.473646402359
2.179228305817
2.060549497604
2.008938074112
2.030467987061
1.999511361122
2.026899337769
1.987260580063
2.052445173264
1.971406579018
2.314867258072
2.130512475967
2.370406627655
2.065034151077
2.384955406189
2.176284313202
2.076436758041
2.023086071014
2.013746976852
2.017689466476
2.008698940277
2.020439147949
1.999836087227
2.034747123718
1.976285457611
2.161416292191
1.984064459801
2.335598468781
2.088282346725
2.101363658905
1.953100323677
2.167514085770
2.023066520691
2.137926340103
1.946991920471
2.249770402908
2.097098350525
2.129627227783
1.931280612946
2.272226333618
2.149430274963
2.080641746521
1.968751072884
2.107928514481
1.980650782585
2.311140775681
2.046681642532
2.028732538223
1.968984723091
2.047166109085
1.963907480240
2.218352556229
2.024694442749
2.275241136551
2.020344972610
2.020123958588
1.987061619759
2.070437192917
1.983784794807
2.387839555740
2.194486141205
2.114799261093
1.994611024857
2.028795719147
1.967129945755
2.057219505310
1.963493585587
2.161397933960
1.990292072296
2.262175083160
2.016041755676
2.031008243561
1.960864543915
2.072902202606
1.958471536636
2.207683563232
2.007493734360
2.164478302002
1.980088472366
2.014996051788
1.969474792480
2.058290481567
1.961773037910
2.346542119980
2.153932571411
2.149230003357
1.953565716743
2.058830261230
1.963131904602
2.090043544769
1.964979767799
2.242962360382
2.023737907410
2.067605972290
1.956047773361
2.082545995712
1.964159965515
2.240704536438
2.028589487076
2.133178472519
1.958866119385
2.068069934845
1.960964083672
2.185255050659
1.988808035851
2.150698423386
1.976539134979
2.150999069214
1.962486743927
2.127893209457
1.987487077713
2.155792474747
1.956671118736
2.134269475937
2.006593704224
2.113016843796
1.936968207359
2.199636697769
2.065471172333
2.104811429977
1.934224128723
2.157845973969
2.038231134415
2.136888265610
1.943947911263
2.153124094009
2.035826206207
2.115031480789
1.937295556068
2.164783000946
2.045379161835
2.157658338547
1.958154201508
2.125686883926
2.004638195038
2.072870254517
1.943933725357
2.198560714722
2.029466867447
2.087793588638
1.943136692047
2.165231227875
2.001918315887
2.054631710052
1.955312609673
2.237139940262
2.046044826508
2.061293363571
1.959162950516
2.062561273575
1.965053081512
2.193731546402
1.995026826859
2.158550739288
1.996751308441
2.013966560364
1.956161975861
2.171044588089
1.984667539597
2.172447681427
1.994650006294
2.119204759598
1.942965507507
2.130814075470
1.996257305145
2.115125417709
1.932069301605
2.175073146820
2.048004865646
2.129930496216
1.931760668755
2.114896535873
2.002745628357
2.069388151169
1.922432184219
2.204882621765
2.050292015076
2.091479063034
1.916768789291
2.096689462662
1.960092306137
2.137996435165
1.953576564789
2.188378095627
2.021308898926
2.072026252747
1.914484858513
2.145963430405
1.974997520447
2.093026876450
1.928432703018
2.143264532089
2.011354923248
2.192306995392
1.973465919495
2.104298114777
1.954519748688
2.065156221390
1.938519716263
2.120750427246
1.947651028633
2.225463151932
2.024830818176
1.957649111748
2.000125885010
1.961203455925
2.008967161179
1.926270365715
2.173402070999
1.959041118622
2.265901565552
2.077904939651
2.116786956787
1.966952681541
2.152841567993
1.968405008316
2.157566308975
1.960764765739
2.219446182251
2.006643056870
2.127513170242
1.969840288162
2.077702522278
1.950141310692
2.130532026291
1.939569234848
2.191588401794
1.949252963066
2.014819383621
1.913405656815
2.097533702850
1.922241806984
2.258020877838
2.003681898117
2.040173768997
1.981012940407
1.967326879501
1.961332917213
1.916313648224
2.125443935394
1.925379514694
2.062005758286
1.988157510757
2.494596004486
2.234465122223
2.182206153870
2.053292989731
2.105305671692
2.000200986862
2.654820680618
2.328283071518
2.253033161163
2.172651767731
2.087563514709
2.012657403946
2.024342298508
1.973102807999
2.152844190598
2.064832925797
2.532392263412
2.383566617966
2.288774728775
2.190736293793
2.076387882233
2.007475376129
1.971038341522
1.983944058418
1.946971893311
2.137136697769
2.097006082535
2.425739526749
2.341487169266
2.273375988007
2.211361169815
2.147296667099
2.083624362946
2.036128759384
2.004024505615
1.998955368996
1.970209002495
2.261391162872
2.055286645889
2.356675386429
2.284747600555
2.228865623474
2.147957801819
2.111062288284
2.031835317612
2.181570768356
2.021924495697
2.219916343689
2.175008535385
2.207460165024
1.986589074135
1.958853125572
1.951331257820
1.957389235497
1.941676616669
1.986014485359
2.056727647781
1.914322257042
2.065378427505
1.928028225899
2.100474596024
1.936966300011
2.102308273315
1.955429077148
2.010815858841
1.919591188431
2.022560119629
1.946382999420
2.119806289673
1.933348536491
2.183089494705
1.941681623459
1.949486374855
1.936501860619
1.974611163139
2.050445795059
1.901816606522
2.209367513657
2.055790424347
2.054861545563
1.891523838043
2.114650011063
2.000396013260
2.106739044189
1.956230401993
2.077855348587
1.935389757156
2.172816991806
2.001585245132
1.971977353096
1.936035990715
2.033202648163
1.912875771523
2.190940856934
1.966895937920
2.065764188766
1.925854206085
1.966266989708
1.948957681656
2.023933172226
1.896810054779
2.106866359711
1.898253560066
2.162214517593
2.039349079132
2.122638940811
1.952547192574
2.339831590652
2.106218814850
2.087857961655
1.972954988480
1.985953927040
1.922890067101
2.049967527390
1.917968869209
2.218029499054
2.013900756836
1.968218684196
1.955322504044
1.986813068390
1.901693105698
2.026760101318
1.902211070061
2.287415504456
2.064116954803
1.959445238113
1.994366765022
1.932039737701
1.984368205070
1.879212737083
2.235980033875
1.980321526527
1.923162102699
1.985929965973
1.960928440094
2.342961549759
2.112845182419
2.410274744034
2.267929077148
2.128700017929
2.014093875885
1.947426557541
1.958160996437
1.940541148186
2.004363775253
2.037844181061
1.905416011810
2.112090349197
1.939217329025
2.022581577301
1.929959058762
2.156993150711
1.939235925674
2.203783273697
1.938715338707
1.951587557793
1.906920552254
2.027461051941
1.975094437599
1.910703539848
1.928312301636
1.912328124046
2.055225133896
1.990361452103
2.451392889023
2.289778947830
2.197164773941
2.104210376740
1.994964838028
1.930992484093
1.936969161034
1.945563793182
2.041496992111
1.900549054146
2.198244810104
1.998250484467
2.007786989212
1.874063253403
2.032686948776
1.897304892540
2.020266294479
1.945429444313
2.346652984619
2.073994874954
2.348136663437
2.192554235458
2.047179460526
2.010882854462
1.985312104225
2.272446393967
1.998178839684
2.224144220352
1.995850920677
1.933604717255
1.926327466965
1.960963845253
1.931810617447
2.026889801025
1.906530141830
2.052759647369
1.900902390480
1.943504929543
1.979942321777
1.928823947906
2.290793180466
1.984266877174
2.168480634689
1.966948270798
1.868704438210
1.980921626091
1.863666653633
2.112742424011
1.877698540688
2.188907146454
1.978430747986
