4.140161991119
4.120398998260
4.101527214050
4.082484245300
4.063348770142
4.043712139130
4.022594928741
4.000010013580
3.971635818481
3.938549518585
3.894733428955
3.915143251419
4.095733642578
3.931107997894
3.915455341339
3.899970054626
3.884624481201
3.869439125061
3.854338884354
3.839416503906
3.824650764465
3.809967517853
3.795351505280
3.780802488327
3.766257286072
3.751648187637
3.736869573593
3.721728086472
3.705870151520
3.688496112823
3.668171167374
3.641748666763
3.606376647949
3.577257633209
3.552798748016
3.539599657059
3.570585250854
3.498080730438
3.471850395203
3.536667823792
3.529627799988
3.456269264221
3.443009853363
3.524261713028
3.489824056625
3.434413433075
3.372914075851
3.352960586548
3.412686824799
3.472827196121
3.458838462830
3.445549011230
3.432074546814
3.418636560440
3.404776573181
3.389794349670
3.372927188873
3.352799415588
3.328302860260
3.294819355011
3.313643455505
3.597268342972
3.346162319183
3.324311494827
3.309159040451
3.290901184082
3.266273021698
3.230838537216
3.195988178253
3.171962738037
3.158966541290
3.165598154068
3.220432281494
3.245228767395
3.235276222229
3.225419998169
3.215566635132
3.205730676651
3.195786714554
3.185441255569
3.174864053726
3.163795471191
3.152392387390
3.140863895416
3.129383087158
3.117699146271
3.105348348618
3.091383695602
3.074243545532
3.052792310715
3.025685548782
3.002854347229
2.986055850983
2.975248813629
2.969611883163
2.996183872223
3.063483715057
3.042097806931
3.012778997421
2.983562707901
2.939193248749
2.918612480164
2.919370889664
2.963838100433
3.022915840149
3.013577699661
3.004009485245
2.993910312653
2.982679367065
2.969784259796
2.954597234726
2.939446687698
2.926628828049
2.911175489426
2.898484706879
2.879788398743
2.880406618118
2.891970157623
2.816715240479
2.817041873932
2.839341640472
2.797861814499
2.860773086548
2.785193681717
2.749680757523
2.739075660706
2.801947116852
2.889626502991
2.879313468933
2.866734981537
2.850179195404
2.827834606171
2.797888755798
2.757647991180
2.708522796631
2.680896282196
2.667344570160
2.680494785309
2.747317075729
2.650475978851
2.634037017822
2.638481140137
2.686322212219
2.677968263626
2.792023658752
2.746943712234
2.676029682159
2.617485284805
2.596523761749
2.607013940811
2.635169506073
2.760346889496
2.714274406433
2.647494792938
2.587577819824
2.559760332108
2.561612367630
2.585907697678
2.599024772644
2.693655014038
2.607804775238
2.587335586548
2.697716712952
2.751827478409
2.743343353271
2.734962224960
2.726192712784
2.717104911804
2.707828044891
2.698325634003
2.688107490540
2.676558732986
2.664571523666
2.651701927185
2.639985322952
2.624987363815
2.643322229385
2.666725158691
2.630897283554
2.576625108719
2.570214033127
2.566847801208
2.558228015900
2.589866399765
2.520569324493
2.514622211456
2.510328531265
2.538018226624
2.605456829071
2.559451103210
2.483596086502
2.478619813919
2.501837253571
2.457564830780
2.479184865952
2.433486223221
2.459082126617
2.428136587143
2.460323333740
2.411689519882
2.411187887192
2.392595529556
2.445153951645
2.409518718719
2.356768608093
2.368649005890
2.397593021393
2.405698776245
2.329589605331
2.325200557709
2.346603393555
2.599985122681
2.561196327209
2.545479774475
2.524409055710
2.501247167587
2.476387500763
2.447788476944
2.424429178238
2.402807950974
2.392650842667
2.429192066193
2.664146900177
2.538197994232
2.526859283447
2.510105848312
2.483174800873
2.440768718719
2.394764661789
2.362953662872
2.339471340179
2.318695306778
2.301567554474
2.287353992462
2.287395954132
2.299340248108
2.314838647842
2.319615840912
2.406488418579
2.342384099960
2.285895824432
2.268812417984
2.255454778671
2.279052734375
2.270681142807
2.357647418976
2.276005268097
2.231235265732
2.225086212158
2.227637767792
2.243232011795
2.430993795395
2.459596872330
2.415306568146
2.390288591385
2.408808708191
2.382287025452
2.493446588516
2.467703819275
2.440678119659
2.401542186737
2.342877149582
2.274259090424
2.235534667969
2.232560634613
2.243953466415
2.575468301773
2.425797939301
2.466973543167
2.439869403839
2.405624628067
2.369677066803
2.346819877625
2.334926605225
2.323314666748
2.312054157257
2.300440549850
2.288645267487
2.275330066681
2.264262437820
2.248799800873
2.264379978180
2.393198013306
2.427155017853
2.370878219604
2.287438392639
2.264720678329
2.251423120499
2.239475965500
2.226544380188
2.216870784760
2.213962554932
2.220838069916
2.279479026794
2.194166898727
2.191082477570
2.396924972534
2.459050893784
2.460736989975
2.455255985260
2.449849843979
2.444229125977
2.438057661057
2.430679321289
2.421510934830
2.409549951553
2.393882751465
2.375316381454
2.356841325760
2.339519262314
2.322626113892
2.303200483322
2.276088953018
2.238378047943
2.207773208618
2.177207946777
2.203660011292
2.445628166199
2.520854711533
2.442492961884
2.433021783829
2.420872211456
2.403380632401
2.378324747086
2.352024078369
2.329956769943
2.309670686722
2.292421340942
2.274053573608
2.260215520859
2.243690252304
2.231946468353
2.214843988419
2.211133241653
2.214389324188
2.256486892700
2.368856668472
2.284102678299
2.220674037933
2.208921194077
2.187480449677
2.258268117905
2.164782047272
2.138004541397
2.162725687027
2.246377468109
2.219722509384
2.156470775604
2.135548591614
2.136254072189
2.189890861511
2.136861562729
2.188701152802
2.166877746582
2.244805812836
2.232465505600
2.169007778168
2.166191816330
2.140083312988
2.191063165665
2.173483610153
2.143480300903
2.085939168930
2.069879293442
2.061825990677
2.053632497787
2.057779788971
2.102090358734
2.268779993057
2.379619121552
2.328393697739
2.270857572556
2.223197460175
2.188566207886
2.163002014160
2.147477865219
2.143698453903
2.258606910706
2.467051982880
2.391151189804
2.385792255402
2.379331588745
2.371547937393
2.361341238022
2.347420454025
2.327426433563
2.298948764801
2.260586261749
2.212902545929
2.160627841949
2.117365121841
2.096240758896
2.084854602814
2.086094141006
2.091866493225
2.412939786911
2.296367168427
2.312046527863
2.256437778473
2.213161230087
2.197374105453
2.181724786758
2.166114091873
2.159200668335
2.172829389572
2.252747535706
2.293694257736
2.308872222900
2.218290567398
2.130649805069
2.093669176102
2.101805210114
2.110810518265
2.259774208069
2.256647348404
2.226763248444
2.148957967758
2.125969409943
2.091469526291
2.095469951630
2.119368314743
2.272963285446
2.150802612305
2.089633703232
2.086453437805
2.225857496262
2.199141502380
2.161975383759
2.116340875626
2.102858781815
2.065675973892
2.119592189789
2.103445529938
2.154592275620
2.126619577408
2.100844621658
2.042063713074
2.042547464371
2.033376693726
2.109252929688
2.110868453979
2.106306076050
2.017759561539
2.006468057632
2.068300247192
2.374104976654
2.228983879089
2.130058050156
2.089679002762
2.086966276169
2.166815042496
2.177606582642
2.145709514618
2.105050086975
2.051786422729
2.052784442902
2.075911521912
2.100490331650
2.064316034317
2.065944671631
2.110102653503
2.279771327972
2.202521085739
2.143702983856
2.140090703964
2.076187372208
2.052578926086
2.045292377472
2.093750715256
2.090771198273
2.048014640808
2.005364894867
1.995971202850
1.993515968323
2.015475034714
2.108887672424
2.212205886841
2.195607662201
2.142492532730
2.256067514420
2.104174852371
2.059544801712
2.013761043549
2.036253929138
2.123649597168
2.130639791489
1.999143600464
1.972812414169
1.960960388184
1.959310173988
1.953712701797
2.044899225235
2.182678461075
2.120715141296
2.042089462280
1.992771625519
1.974925160408
2.230857610703
2.457835435867
2.607523918152
2.391403675079
2.389092683792
2.386643171310
2.383866071701
2.380592584610
2.376883029938
2.372335195541
2.366398334503
2.358836650848
2.349216699600
2.337454795837
2.323760747910
2.307659387589
2.288900613785
2.266512870789
2.239906311035
2.211050987244
2.182581901550
2.157878398895
2.136773347855
2.121875762939
2.119359493256
3.223076105118
2.538864612579
2.430193662643
2.426756381989
2.423464059830
2.420232534409
2.417124509811
2.414105892181
2.411147117615
2.408235549927
2.405303239822
2.402348756790
2.399326562881
2.396125316620
2.392768144608
2.389170646667
2.385476827621
2.381471633911
2.377052068710
2.371975660324
2.366179943085
2.359837770462
2.352795124054
2.345234870911
2.337075710297
2.329140663147
2.321295738220
2.313925266266
2.307739496231
2.299621582031
2.304607152939
2.389379024506
2.441155195236
2.435923337936
2.431107759476
2.426543712616
2.421986579895
2.416901826859
2.411316394806
2.405078887939
2.398000001907
2.388959884644
2.380360126495
2.365271329880
2.383387088776
2.466583251953
2.419879198074
2.414877891541
2.409761667252
2.404253482819
2.398833274841
2.393591880798
2.386866807938
2.379488706589
2.372203350067
2.364534378052
2.356434345245
2.347049474716
2.336307525635
2.325600385666
2.310606956482
2.349702358246
2.384554386139
2.379179477692
2.365201950073
2.340943098068
2.338772296906
2.495015859604
2.390175580978
2.385724544525
2.375465869904
2.355068445206
2.329509019852
2.319820404053
2.306267499924
2.312968254089
2.337993860245
2.287091970444
2.278545856476
2.326597213745
2.372718811035
2.364744186401
2.350576162338
2.326730251312
2.304368972778
2.286512374878
2.265355587006
2.246173620224
2.237142562866
2.230511188507
2.280652999878
2.375267982483
2.370711565018
2.362938880920
2.344882726669
2.289303064346
2.311143159866
2.368610620499
2.363798618317
2.356187105179
2.343224525452
2.316773414612
2.270279645920
2.246914863586
2.239201068878
2.272002220154
2.348077535629
2.325971126556
2.279491424561
2.227724790573
2.204249382019
2.211390972137
2.226098060608
2.262997150421
2.351641654968
2.332814931870
2.297481536865
2.231134653091
2.211309432983
2.217355728149
2.237721681595
2.314701557159
2.257969379425
2.209940910339
2.191926479340
2.209345102310
2.272755384445
2.176476716995
2.173923969269
2.171857833862
2.207327365875
2.301490545273
2.211194753647
2.164697647095
2.216468811035
2.152719259262
2.151178598404
2.186480998993
2.363131284714
2.281510591507
2.256259202957
2.252047061920
2.153774261475
2.113869190216
2.096029281616
2.083312034607
2.075005769730
2.066740512848
2.074071407318
2.186848640442
2.569567203522
2.337102890015
2.299039125443
2.283319234848
2.265062570572
2.285213947296
2.309522628784
2.251137495041
2.265400409698
2.283403873444
2.209357261658
2.203223943710
2.209618091583
2.212690830231
2.245356321335
2.177552700043
2.165747165680
2.197874069214
2.262005090714
2.156972646713
2.141045331955
2.138680219650
2.132171630859
2.167280673981
2.255905628204
2.128724575043
2.113340139389
2.107245445251
2.098355054855
2.141562223434
2.253679275513
2.285401582718
2.328370809555
2.474094629288
2.396561384201
2.383567333221
2.371576070786
2.360694169998
2.354680538177
2.345875263214
2.341473579407
2.331237077713
2.330274581909
2.320583105087
2.302451372147
2.290541410446
2.266899585724
2.423362016678
2.353852748871
2.337494850159
2.320986509323
2.299677133560
2.272650241852
2.245400905609
2.215450763702
2.188237905502
2.166540384293
2.156043291092
2.149930000305
2.152046918869
2.156000614166
2.207933425903
2.253886222839
2.191140651703
2.160982131958
2.195301771164
2.402334213257
2.296549558640
2.267287969589
2.230065345764
2.199678897858
2.179344654083
2.168819427490
2.160115003586
2.154182672501
2.148974180222
2.144833564758
2.140449285507
2.139451026917
2.136398077011
2.211709260941
2.368244171143
2.320587873459
2.288813114166
2.242965698242
2.199255466461
2.162453413010
2.139959812164
2.129116535187
2.121325016022
2.122027397156
2.113786935806
2.132445096970
2.152851819992
2.249379634857
2.229372739792
2.178669214249
2.139109849930
2.113187074661
2.114390611649
2.097855567932
2.104921340942
2.095260381699
2.113390922546
2.104248523712
2.143625974655
2.100698232651
2.099411725998
2.093951702118
2.152128458023
2.699414253235
2.356921911240
2.349794387817
2.338668823242
2.321299314499
2.297723054886
2.278962612152
2.271010160446
2.260573625565
2.262812614441
2.253148555756
2.303220987320
2.257219791412
2.238252162933
2.244929552078
2.232355356216
2.282248497009
2.224743843079
2.222134828568
2.217093229294
2.217550277710
2.209936618805
2.228375673294
2.233180284500
2.366527557373
2.331588268280
2.270992040634
2.243771076202
2.290477275848
2.213276624680
2.198009252548
2.202292919159
2.189239263535
2.263685226440
2.169962167740
2.212985515594
2.203565120697
2.391122579575
2.291032314301
2.218093872070
2.167138814926
2.153457880020
2.137630462646
2.143981218338
2.141554355621
2.286160469055
2.244406223297
2.322942733765
2.237481355667
2.166851520538
2.144412517548
2.133857250214
2.118428707123
2.121026277542
2.109917402267
2.179557561874
2.212177515030
2.334935665131
2.234067201614
2.162184000015
2.134492158890
2.120460987091
2.229705095291
2.112209558487
2.102764129639
2.095366954803
2.107708930969
2.126330614090
2.181941747665
2.195443630219
2.350831508636
2.275233268738
2.213032007217
2.163334608078
2.161153316498
2.380384683609
2.230357408524
2.244429826736
2.197858333588
2.189021825790
2.179594993591
2.174942731857
2.166173696518
2.167583703995
2.158447027206
2.205305576324
2.142822265625
2.159124851227
2.175253629684
2.337736845016
2.293360948563
2.230239868164
2.162991046906
2.125004768372
2.188859701157
2.130167961121
2.216001272202
2.126255512238
2.203501462936
2.115726709366
2.102086544037
2.094291687012
2.187899351120
2.150624036789
2.311706304550
2.197176933289
2.195145368576
2.133418083191
2.244736194611
2.114032983780
2.078263998032
2.072800636292
2.067906618118
2.066155672073
2.061821937561
2.063524961472
2.058712482452
2.102411270142
2.146256923676
2.312857627869
2.211059331894
2.146933078766
2.096882820129
2.145608663559
2.163859128952
2.227836847305
2.127680778503
2.096556186676
2.072915315628
2.081522464752
2.067236423492
2.120589017868
2.087210655212
2.128715038300
2.088365077972
2.123522281647
2.055464029312
2.062635421753
2.058497667313
2.088823556900
2.101476430893
2.178487777710
2.088119506836
2.106471061707
2.075422048569
2.055208921432
2.066291332245
2.063599586487
2.130328893661
2.075848102570
2.052714109421
2.065965175629
2.102081775665
2.232737302780
2.173954248428
2.172781467438
2.070340156555
2.056949853897
2.055328130722
2.066661834717
2.076600790024
2.091816186905
2.079604387283
2.059009790421
2.137849569321
2.067625045776
2.053942203522
2.111072778702
2.144100189209
2.203146934509
2.102382898331
2.081299066544
2.108311414719
2.187689781189
2.137644290924
2.079783201218
2.047116994858
2.065966844559
2.051897764206
2.130644798279
2.070019721985
2.088559389114
2.065578222275
2.062861442566
2.041112422943
2.070522785187
2.094038486481
2.196988344193
2.109455823898
2.098606348038
2.093819856644
2.185624122620
2.092651605606
2.048944234848
2.029820919037
2.041698455811
2.027945280075
2.089324235916
2.024857997894
2.029886245728
2.043230772018
2.154217243195
2.194878339767
2.221979618073
2.127811670303
2.069578647614
2.055503606796
2.044387578964
2.040969848633
2.033956050873
2.113322019577
2.292050123215
2.311779022217
2.232017755508
2.162412405014
2.113847970963
2.080034017563
2.057987213135
2.045999526978
2.036200761795
2.028735637665
2.172298431396
2.682755470276
2.456297397614
2.398641347885
2.396312952042
2.393711566925
2.390032768250
2.384438753128
2.377076148987
2.359424591064
2.344119071960
2.319811344147
2.494441986084
2.371154308319
2.346323251724
2.333256721497
2.323292016983
2.311742544174
2.295259237289
2.308228731155
2.469454526901
2.377090215683
2.370421409607
2.354430437088
2.322694778442
2.296750307083
2.275443315506
2.261275768280
2.260283708572
2.602489948273
2.387139797211
2.384345293045
2.381419658661
2.378493785858
2.375173330307
2.371944904327
2.369304656982
2.366871118546
2.364591598511
2.362037181854
2.358756542206
2.354908704758
2.350566864014
2.345796346664
2.340506076813
2.334864139557
2.327630996704
2.320523977280
2.310779333115
2.310756206512
2.345718860626
2.334826469421
2.360368967056
2.351415872574
2.339769601822
2.321246623993
2.286797285080
2.282128810883
2.301885604858
2.422303676605
2.364846467972
2.363355636597
2.362080335617
2.361005067825
2.360113620758
2.359291076660
2.358558654785
2.357896804810
2.357277393341
2.356657266617
2.356050014496
2.355430126190
2.354790449142
2.354089260101
2.353332042694
2.352441310883
2.351360321045
2.350066661835
2.348511457443
2.346508026123
2.343764781952
2.339979171753
2.334527254105
2.326076269150
2.314476728439
2.301465749741
2.291715383530
2.284626245499
2.279881715775
2.275505781174
2.272564649582
2.267569541931
2.264980316162
2.256746768951
2.270371913910
2.294986486435
2.372959852219
2.370317935944
2.367356777191
2.363555192947
2.359140872955
2.355868339539
2.353679418564
2.351779937744
2.349933862686
2.348243951797
2.346535921097
2.344895839691
2.343224525452
2.341573476791
2.339905977249
2.338197946548
2.336464643478
2.334680080414
2.332861900330
2.331036806107
2.329276800156
2.327386617661
2.325669765472
2.323662042618
2.322216033936
2.320146560669
2.321763277054
2.318467855453
2.324290275574
2.310766458511
2.309477806091
2.307062864304
2.308824777603
2.304149627686
2.309302806854
2.297139167786
2.298195123672
2.293510913849
2.298396110535
2.286635398865
2.288855552673
2.282064676285
2.287636041641
2.273681879044
2.275177717209
2.266888380051
2.273848056793
2.248906373978
2.242008209229
2.223210096359
2.233696699142
2.163309097290
2.198398351669
2.498824596405
2.316268920898
2.249989986420
2.228203535080
2.213981389999
2.203813076019
2.196254968643
2.190384387970
2.184833049774
2.180739879608
2.176192998886
2.173315286636
2.169511079788
2.168507099152
2.165516853333
2.181720733643
2.237790346146
2.263474225998
2.308927774429
2.206444025040
2.180671691895
2.162901878357
2.160862207413
2.155966997147
2.154036045074
2.155423164368
2.161042690277
2.186474800110
2.254789590836
2.195760726929
2.154827356339
2.167837619781
2.221680164337
2.220376968384
2.197453260422
2.200998783112
2.271009922028
2.177186489105
2.143701553345
2.141809940338
2.136605739594
2.152949810028
2.189548492432
2.199042797089
2.249502182007
2.144828081131
2.133938550949
2.126687765121
2.122873783112
2.124342918396
2.123685836792
2.174909353256
2.304137706757
2.258567094803
2.251616954803
2.143640756607
2.132356882095
2.124045372009
2.121729850769
2.116533041000
2.122890233994
2.135745525360
2.239469528198
2.394518375397
2.258928298950
2.228063583374
2.202507019043
2.169056177139
2.145366907120
2.131723403931
2.128964424133
2.133216381073
2.153821229935
2.206903696060
2.265786886215
2.264002799988
2.236859321594
2.221820116043
2.221332550049
2.213804006577
2.210508823395
2.206773042679
2.199639320374
2.199184417725
2.186450719833
2.191612720490
2.176686763763
2.198380947113
2.172175645828
2.200027704239
2.157055616379
2.169286012650
2.145092248917
2.168107032776
2.134651660919
2.124905347824
2.129764080048
2.140974760056
2.139687299728
2.176978826523
2.142971038818
2.140772581100
2.140537023544
2.211801052094
2.188582420349
2.184142589569
2.146481275558
2.184960126877
2.184542655945
2.225821733475
2.161941051483
2.169793367386
2.139588594437
2.148635387421
2.137081861496
2.169460773468
2.156646966934
2.183013439178
2.146054744720
2.177116632462
2.174745559692
2.214014768600
2.147101402283
2.114054203033
2.149882078171
2.233841657639
2.142596244812
2.101801633835
2.097691535950
2.098363161087
2.129637479782
2.232753038406
2.181640386581
2.169898271561
2.118602275848
2.132961988449
2.118573904037
2.144590854645
2.159554481506
2.239535331726
2.186168670654
2.165405511856
2.117264986038
2.130631446838
2.109447240829
2.110091686249
2.123074293137
2.195873498917
2.148495197296
2.120272397995
2.102680921555
2.171069145203
2.164827108383
2.184875726700
2.116204261780
2.158585309982
2.158944129944
2.185072183609
2.101389169693
2.080261945724
2.126805782318
2.223870515823
2.182178497314
2.169458389282
2.104062318802
2.099637269974
2.106281042099
2.158795595169
2.139912366867
2.167094230652
2.072490215302
2.063374280930
2.136337518692
2.291201591492
2.218588590622
2.177653074265
2.155628204346
2.189692974091
2.111489295959
2.096465349197
2.088255643845
2.086519479752
2.118181467056
2.220473527908
2.144315242767
2.132066011429
2.092556476593
2.144630670547
2.117809295654
2.149664878845
2.138621330261
2.203170299530
2.139763116837
2.093539476395
2.090516805649
2.128600120544
2.161819458008
2.242445707321
2.183245658875
2.135824680328
2.129286289215
2.170410156250
2.081206321716
2.068609714508
2.086266517639
2.142845392227
2.127572298050
2.161827087402
2.062903404236
2.050317764282
2.082059621811
2.190420389175
2.170372009277
2.196683168411
2.079553365707
2.051497697830
2.051878690720
2.055465221405
2.209950923920
2.400923013687
2.277118206024
2.259016036987
2.237579107285
2.219018459320
2.202100038528
2.190178871155
2.178961038589
2.170225620270
2.161210060120
2.181121826172
2.281313419342
2.154578208923
2.139960050583
2.130797624588
2.126499176025
2.119061231613
2.125342607498
2.155749797821
2.133587837219
2.166429042816
2.138385057449
2.133277654648
2.100023508072
2.099530458450
2.099910736084
2.183899879456
2.225751161575
2.255456686020
2.148486614227
2.110738515854
2.080160617828
2.069230079651
2.074865102768
2.135691165924
2.319133043289
2.151714324951
2.102318286896
2.082378149033
2.066394329071
2.056075334549
2.045937299728
2.046702146530
2.058851480484
2.204008579254
2.410838127136
2.243896961212
2.211877584457
2.186284065247
2.157821178436
2.195443868637
2.333758115768
2.223521471024
2.155023336411
2.122188091278
2.129373311996
2.201284885406
2.325147151947
2.225324869156
2.147208929062
2.095522642136
2.071338653564
2.063954353333
2.055692195892
2.061705112457
2.081803083420
2.255907058716
2.311147928238
2.240942478180
2.202149629593
2.174058437347
2.145700454712
2.120112419128
2.103580236435
2.094926834106
2.087896347046
2.085685968399
2.098496437073
2.263534784317
2.357056856155
2.286803245544
2.250488996506
2.211567878723
2.161062479019
2.097911119461
2.063282012939
2.051168203354
2.047156572342
2.040783405304
2.186441421509
2.649385690689
2.268676996231
2.243004083633
2.211192607880
2.201997756958
2.233943462372
2.480178356171
2.371728181839
2.365512371063
2.360707998276
2.356665372849
2.353209495544
2.349896669388
2.346291065216
2.342196226120
2.337361335754
2.332417488098
2.327693462372
2.323265314102
2.319115877151
2.315271854401
2.312003612518
2.307443857193
2.303886651993
2.298929214478
2.295152187347
2.289862871170
2.286282539368
2.280636548996
2.279904842377
2.275162220001
2.276021957397
2.267347097397
2.263987064362
2.254401206970
2.249402999878
2.239660024643
2.237078428268
2.228242397308
2.252533435822
2.233936786652
2.274329900742
2.210380554199
2.188120126724
2.170086860657
2.165942192078
2.166911602020
2.330397844315
2.183298349380
2.161648035049
2.151207923889
2.145961046219
2.137717247009
2.182496547699
2.344217538834
2.444123744965
2.421073436737
2.376669883728
2.277996540070
2.248291730881
2.229571819305
2.208401203156
2.187312841415
2.168093204498
2.154292821884
2.143429517746
2.136181592941
2.130188703537
2.174107313156
2.344368696213
2.151698350906
2.140651702881
2.137244224548
2.207247972488
2.347159385681
2.169110298157
2.140652418137
2.120850324631
2.127614974976
2.149998188019
2.218844652176
2.326129436493
2.165612220764
2.124051332474
2.109295368195
2.100114822388
2.096364498138
2.089441061020
2.089651584625
2.088155031204
2.119628667831
2.224454164505
2.247544527054
2.262925148010
2.253893613815
2.277592182159
2.179066181183
2.137283325195
2.112187623978
2.099303960800
2.091443061829
2.086814880371
2.082170963287
2.081533432007
2.077940702438
2.091763019562
2.131233930588
2.143166780472
2.218749523163
2.152530431747
2.133105278015
2.104468345642
2.120870828629
2.107244968414
2.144774913788
2.125962018967
2.153507232666
2.118397474289
2.138299942017
2.129367113113
2.169346570969
2.111246585846
2.095433712006
2.078428030014
2.098084211349
2.124871253967
2.214118003845
2.118562459946
2.079655885696
2.064802169800
2.066257715225
2.089466094971
2.154276371002
2.166553497314
2.193115711212
2.079757213593
2.063715457916
2.066523790359
2.077561855316
2.151011705399
2.263264894485
2.203804492950
2.126990556717
2.091866493225
2.076802968979
2.072141647339
2.070352077484
2.080866575241
2.115414619446
2.133219480515
2.172893524170
2.090659141541
2.067712783813
2.063837766647
2.071092128754
2.084896802902
2.141921043396
2.126699447632
2.130201339722
2.056855916977
2.048945665359
2.051448345184
2.059243440628
2.117233276367
2.228345632553
2.193818092346
2.133279800415
2.077425479889
2.068278551102
2.065416812897
2.077518701553
2.099555015564
2.157070159912
2.110959529877
2.083749771118
2.056867122650
2.064781904221
2.089722394943
2.165332794189
2.136924743652
2.111140251160
2.060029745102
2.061415672302
2.077692270279
2.127021074295
2.109812259674
2.106745004654
2.073924541473
2.112662792206
2.090882062912
2.086313009262
2.077637434006
2.128320455551
2.101257324219
2.083896875381
2.065511465073
2.105855941772
2.097779989243
2.106626510620
2.078954935074
2.114349842072
2.093756198883
2.085533618927
2.074011325836
2.128062248230
2.106945514679
2.088011741638
2.065198659897
2.109181880951
2.096343755722
2.089873552322
2.082125663757
2.143291234970
2.118485450745
2.082376480103
2.055016756058
2.075044155121
2.082850217819
2.120863199234
2.096574544907
2.084245681763
2.066411495209
2.103456020355
2.070945024490
2.060633420944
2.082208871841
2.156144857407
2.111840009689
2.071529150009
2.050289154053
2.050547599792
2.067719936371
2.140253782272
2.129009962082
2.108684539795
2.043246746063
2.038062572479
2.055861473083
2.120301723480
2.119621276855
2.109515666962
2.061663150787
2.099661111832
2.084444522858
2.071977615356
2.058820247650
2.105414390564
2.095384120941
2.088046312332
2.069330215454
2.125371456146
2.099097251892
2.063858509064
2.047267436981
2.074745416641
2.076112270355
2.109517097473
2.101723670959
2.092109441757
2.046467304230
2.050472974777
2.057455539703
2.102242946625
2.094227313995
2.104928970337
2.056894540787
2.076360225677
2.057415962219
2.073747158051
2.066049098969
2.076056003571
2.059457540512
2.071376085281
2.085398912430
2.150855779648
2.109634637833
2.077406406403
2.047327041626
2.051234245300
2.040329694748
2.074444055557
2.102311849594
2.121392250061
2.044140338898
2.024801731110
2.022734880447
2.034578323364
2.021590232849
2.036870002747
2.103414773941
2.124035358429
2.147973775864
2.093433141708
2.128409147263
2.098440170288
2.099350690842
2.085996866226
2.110899209976
2.078820943832
2.146690845490
2.156585693359
2.104543924332
2.043835639954
2.055689334869
2.050119161606
2.084139108658
2.056927442551
2.095522880554
2.058605194092
2.017173051834
2.016152143478
2.043451547623
2.061271905899
2.147473573685
2.089304447174
2.055688619614
2.024032831192
2.038882970810
2.001000642776
1.999228477478
2.047699928284
2.068780183792
2.045920372009
2.184199810028
2.325387477875
2.256454706192
2.190443754196
2.144366025925
2.123921632767
2.246796607971
2.417692899704
2.280923604965
2.231338500977
2.188997983932
2.146782398224
2.124831676483
2.110837936401
2.107653856277
2.149218797684
2.300165891647
2.354866504669
2.299785852432
2.250041246414
2.195244550705
2.130342245102
2.091739416122
2.069334983826
2.058578014374
2.059231042862
2.105963468552
2.341681480408
2.288529396057
2.272896289825
2.206152200699
2.171662807465
2.136534214020
2.104542493820
2.074190855026
2.054395198822
2.038546323776
2.054585218430
2.170659065247
2.280332088470
2.237199544907
2.169188022614
2.133950471878
2.111974716187
2.093086242676
2.093950033188
2.121518850327
2.226238965988
2.145638227463
2.138446807861
2.159413814545
2.081855058670
2.034904956818
2.020319938660
2.018161296844
2.008640527725
2.037592172623
2.088206768036
2.067528963089
2.035399436951
2.045527696609
2.077465057373
2.072660684586
2.053240537643
2.037386655807
2.040110588074
2.024940729141
2.020962953568
2.055165767670
2.096429824829
2.058901786804
2.085467338562
2.032738685608
2.008219957352
1.998043775558
2.024830579758
2.085227489471
2.086813449860
2.086659669876
2.081390142441
2.072680950165
2.043316841125
2.069016933441
2.132892370224
2.113930225372
2.080109119415
2.076420783997
2.085909366608
2.100569248199
2.051076412201
2.011939287186
2.021183252335
2.037032604218
2.039091825485
2.082172155380
2.088600635529
2.048655271530
2.007061958313
1.998996496201
2.020584821701
2.059466123581
2.013464212418
2.036684274673
2.061789512634
2.065618515015
2.136418819427
2.146891832352
2.147308826447
2.232166767120
2.248604059219
2.125517845154
2.074016809464
2.044360637665
2.034941196442
2.035082340240
2.059623718262
2.118962049484
2.085392236710
2.020052909851
2.014165878296
2.024679183960
1.998091816902
2.001049995422
2.044954299927
2.156479835510
2.106604099274
2.037116050720
2.018135786057
2.025290012360
1.997713923454
2.011031627655
2.095826625824
2.044364929199
2.003580570221
2.000870943069
2.103722095490
2.255867242813
2.284039258957
2.295986890793
2.191216945648
2.095880031586
2.052252292633
2.018557310104
2.010899543762
2.004366159439
2.030748605728
2.088894844055
2.062348365784
2.056114196777
2.025832653046
2.024551868439
2.051920413971
2.103046178818
2.067015171051
2.080653190613
2.022422313690
1.990804791451
1.978366017342
2.016446590424
2.066190242767
2.020694017410
1.982577323914
1.983254671097
2.031551599503
2.197665452957
2.274142980576
2.223830938339
2.111437082291
2.054811954498
2.009742975235
1.991702437401
1.978807091713
1.999652266502
2.065932750702
2.005108833313
2.090402126312
2.132480144501
2.052988052368
2.014194488525
2.006070137024
1.992377281189
2.001382827759
2.077341079712
2.276102542877
2.278867959976
2.292484521866
2.211857318878
2.136406660080
2.074032306671
2.060183286667
2.181774616241
2.161937236786
2.104613780975
2.042235374451
2.000171422958
1.981101274490
1.991885900497
2.018374204636
2.010436534882
2.035499572754
2.016523838043
1.988175511360
1.986516833305
2.023701429367
2.077416181564
2.162760972977
2.093519449234
2.071672677994
2.052467584610
1.986034274101
1.972633123398
1.972115755081
2.018862247467
2.036612510681
2.073029279709
2.034852027893
