4.131286144257
4.111918449402
4.093612670898
4.074665069580
4.055391311646
4.035297393799
4.014119148254
3.989758014679
3.960402488708
3.919977188110
3.878818511963
3.886986017227
4.166326045990
3.925829410553
3.910595417023
3.895462989807
3.880438566208
3.865532875061
3.850682973862
3.835965871811
3.821363449097
3.806819200516
3.792312145233
3.777837038040
3.763336658478
3.748713254929
3.733836650848
3.718471527100
3.702114582062
3.683696269989
3.661075592041
3.629735708237
3.583237648010
3.540183544159
3.526150703430
3.493205785751
3.568853378296
3.475999355316
3.433658599854
3.532415390015
3.543807506561
3.459812641144
3.443270683289
3.535170793533
3.497297525406
3.435543298721
3.358059406281
3.324180126190
3.386456489563
3.492045402527
3.475598335266
3.460293769836
3.444323539734
3.429574728012
3.414166450500
3.398712873459
3.379787921906
3.359526634216
3.330863952637
3.306478023529
3.268836975098
3.781246900558
3.349115848541
3.326244592667
3.309090137482
3.287940979004
3.258570671082
3.214747428894
3.164264202118
3.140012025833
3.125676155090
3.149176836014
3.172199249268
3.262362718582
3.251757860184
3.241440773010
3.231279611588
3.221343755722
3.211549997330
3.201456069946
3.191378593445
3.180998086929
3.170344829559
3.159121036530
3.146677017212
3.132231950760
3.115422725677
3.096896648407
3.074646472931
3.047552824020
3.011710882187
2.977358102798
2.962964534760
2.948621511459
2.947748422623
2.970889329910
3.060735940933
3.036715745926
3.003409385681
2.973906755447
2.930682182312
2.898396492004
2.885761260986
2.934628009796
3.033165931702
3.023352622986
3.013422012329
3.003211498260
2.992221117020
2.980238914490
2.967061519623
2.954828262329
2.942802429199
2.924882411957
2.911507844925
2.890777587891
2.891240596771
2.892538070679
2.816195487976
2.803572416306
2.821155548096
2.759665250778
2.864747047424
2.785546302795
2.727551698685
2.708983898163
2.787682056427
2.899509429932
2.887007236481
2.871232748032
2.849253177643
2.817351579666
2.774536132812
2.728131771088
2.686443805695
2.661647081375
2.657219886780
2.664590835571
2.754782199860
2.631593465805
2.622440338135
2.622718334198
2.685625076294
2.645920276642
2.816351890564
2.765340805054
2.684729814529
2.607057571411
2.576229810715
2.603230953217
2.626999855042
2.781259775162
2.721797943115
2.632148027420
2.584017992020
2.543987274170
2.557751655579
2.581518888474
2.565453052521
2.730204343796
2.643552303314
2.606292724609
2.704640626907
2.788770437241
2.777945041656
2.766924142838
2.754235267639
2.739404201508
2.723082542419
2.706421852112
2.691022396088
2.673581361771
2.654490470886
2.640316247940
2.623806238174
2.623548269272
2.603706359863
2.704649686813
2.661358833313
2.593924045563
2.583018302917
2.585710048676
2.564847707748
2.615494966507
2.529331684113
2.524377584457
2.524420499802
2.547584772110
2.639429330826
2.585212707520
2.493143081665
2.483602046967
2.531494379044
2.473808765411
2.507003784180
2.444621086121
2.504862308502
2.450496435165
2.498597145081
2.400619029999
2.488055467606
2.411369562149
2.502506256104
2.392075777054
2.393152713776
2.377805233002
2.463141202927
2.422967433929
2.354013442993
2.330389022827
2.407190322876
2.575747966766
2.631073236465
2.592089653015
2.572200059891
2.548875093460
2.521001815796
2.488859891891
2.461204767227
2.446994066238
2.412052631378
2.545472145081
2.624912738800
2.554295063019
2.540169239044
2.519383430481
2.486439943314
2.437103271484
2.397190809250
2.384070396423
2.360039949417
2.360584735870
2.329209089279
2.335985422134
2.291682958603
2.383051872253
2.305804491043
2.374310970306
2.386173725128
2.341761350632
2.282487630844
2.295189619064
2.281038045883
2.291573047638
2.304534196854
2.363321065903
2.287143707275
2.244807481766
2.256557226181
2.233465671539
2.300646781921
2.390373706818
2.529554128647
2.463617801666
2.452648401260
2.426365613937
2.448014259338
2.489795923233
2.462106466293
2.432271718979
2.388758420944
2.325608491898
2.265726089478
2.260399818420
2.256841421127
2.277354478836
2.566519498825
2.478030920029
2.473534345627
2.441908597946
2.399136543274
2.357352733612
2.353330373764
2.343529224396
2.336170673370
2.327852010727
2.322604656219
2.312750101089
2.308046579361
2.293546915054
2.298232793808
2.271658658981
2.531005382538
2.411574363708
2.378378868103
2.280786991119
2.276332139969
2.278691291809
2.266791820526
2.258218765259
2.244303941727
2.249627590179
2.236641168594
2.314725637436
2.231665134430
2.221180438995
2.386583089828
2.572854757309
2.470336437225
2.463102340698
2.456082344055
2.448874711990
2.441114187241
2.431853055954
2.420377969742
2.405494213104
2.386599302292
2.365545749664
2.348587751389
2.336965322495
2.326944112778
2.312346458435
2.289446830750
2.252710342407
2.223979711533
2.200864315033
2.213188171387
2.517648935318
2.456248283386
2.450903415680
2.441085338593
2.428316116333
2.409403324127
2.380995988846
2.346310138702
2.313609123230
2.297270059586
2.275877952576
2.267835140228
2.244671106339
2.243507623672
2.213334083557
2.229938030243
2.178590774536
2.273006200790
2.209728002548
2.427946567535
2.308741331100
2.248215675354
2.236382722855
2.176311254501
2.320521354675
2.166370391846
2.170643091202
2.174447536469
2.291546106339
2.204779863358
2.164073705673
2.145931005478
2.124996185303
2.246543884277
2.131302356720
2.232217073441
2.135444879532
2.287988662720
2.261503219604
2.209089756012
2.210710287094
2.134866952896
2.256302833557
2.145347833633
2.177081346512
2.097204446793
2.084904432297
2.073930501938
2.069862127304
2.064539194107
2.147573471069
2.251443147659
2.447419643402
2.302196264267
2.242082118988
2.195720195770
2.173956871033
2.160704374313
2.144586801529
2.158680200577
2.258089303970
2.573334455490
2.390833616257
2.384745121002
2.377458333969
2.368474721909
2.356683492661
2.340585708618
2.317913293839
2.286264181137
2.246622085571
2.202177762985
2.159447193146
2.129355907440
2.115039110184
2.098441123962
2.096172332764
2.109730720520
2.402178525925
2.364285945892
2.311419010162
2.260235548019
2.218310117722
2.214917182922
2.181708097458
2.196215867996
2.140018463135
2.278520584106
2.192907333374
2.375964879990
2.318249940872
2.229003667831
2.147835254669
2.135504007339
2.127821683884
2.150586128235
2.263090133667
2.295314073563
2.246794223785
2.192574977875
2.142009019852
2.136173486710
2.103255748749
2.174352884293
2.276772975922
2.149807929993
2.090239524841
2.113492727280
2.231311082840
2.248682022095
2.154197692871
2.194007158279
2.070666313171
2.121638536453
2.113675117493
2.120144844055
2.176249027252
2.163594245911
2.096286058426
2.061410188675
2.070498704910
2.039868831635
2.159320354462
2.119194507599
2.151587009430
2.057270050049
1.994154930115
2.172533988953
2.289871454239
2.243316650391
2.119347095490
2.096776008606
2.106131792068
2.203447103500
2.166875600815
2.180145978928
2.101046800613
2.093863964081
2.033670186996
2.143783569336
2.078613519669
2.099293708801
2.082314729691
2.141598939896
2.240367650986
2.245999813080
2.166144847870
2.180139541626
2.085756540298
2.103138923645
2.024834394455
2.175673484802
2.110214710236
2.070359706879
2.026719331741
2.031049489975
1.994097471237
2.094991922379
2.042850971222
2.308836698532
2.201123952866
2.192952871323
2.256112813950
2.139668226242
2.050456762314
2.025656461716
2.063192844391
2.151406764984
2.156419515610
2.034016609192
1.989310383797
1.996130108833
1.964399337769
2.011329650879
1.993864178658
2.284092187881
2.171577692032
2.114494323730
2.041663885117
2.015352249146
2.218549728394
2.567498683929
2.555313348770
2.388410329819
2.386193513870
2.383697271347
2.380753040314
2.377106428146
2.372759342194
2.367124557495
2.359323978424
2.348616838455
2.334306716919
2.316696405411
2.297211408615
2.277854919434
2.260570764542
2.243992090225
2.227145910263
2.209765672684
2.191141366959
2.170759439468
2.150345087051
2.130171060562
2.158574581146
3.085850954056
2.623299121857
2.460050106049
2.453293800354
2.446987390518
2.440962076187
2.435265779495
2.429912090302
2.424735784531
2.419748783112
2.414780855179
2.409908294678
2.405224561691
2.400194168091
2.395118713379
2.389835357666
2.384479522705
2.378917694092
2.373031854630
2.366816282272
2.359897136688
2.352890253067
2.345386743546
2.338003873825
2.330649852753
2.324333906174
2.318821430206
2.313550233841
2.310055732727
2.304003953934
2.312940835953
2.408677101135
2.455209255219
2.449763774872
2.445446729660
2.441139221191
2.436280488968
2.431625604630
2.426039218903
2.420553684235
2.413756608963
2.406547546387
2.397164821625
2.391711711884
2.379029273987
2.575623273849
2.410354137421
2.404963016510
2.399112939835
2.392404317856
2.385231494904
2.378828048706
2.372950792313
2.367059707642
2.361240148544
2.355308771133
2.349281311035
2.342655420303
2.334417343140
2.325131893158
2.311098337173
2.342795848846
2.388292551041
2.380271911621
2.363932132721
2.339132785797
2.331078052521
2.538938283920
2.395183086395
2.390295267105
2.378850460052
2.355785369873
2.325501203537
2.312627077103
2.298197507858
2.301050662994
2.342589616776
2.271964550018
2.274617671967
2.319044351578
2.387875318527
2.378191709518
2.360526800156
2.329849243164
2.295291900635
2.285332441330
2.270946979523
2.257161855698
2.244462490082
2.234716176987
2.286679744720
2.396143913269
2.389238595963
2.377982854843
2.354104757309
2.280751943588
2.277841091156
2.389880657196
2.383953094482
2.375844478607
2.362915515900
2.338555335999
2.302284479141
2.271089553833
2.233014583588
2.258548498154
2.369603872299
2.345418930054
2.295839071274
2.244797945023
2.209664583206
2.221205711365
2.229858875275
2.266697406769
2.375341653824
2.352391004562
2.310008764267
2.230574131012
2.207104206085
2.231042385101
2.254955053329
2.332907438278
2.260298490524
2.183448076248
2.209655523300
2.225264310837
2.284513950348
2.153498649597
2.202106237411
2.162496566772
2.212935686111
2.328121662140
2.212360382080
2.163135528564
2.256407260895
2.183049440384
2.160892009735
2.189953565598
2.434428691864
2.319463729858
2.284513473511
2.293696165085
2.199354648590
2.143593788147
2.126206159592
2.115981101990
2.109933376312
2.093400955200
2.122550964355
2.178935050964
2.712402105331
2.354302406311
2.317073583603
2.299382925034
2.286495685577
2.310509443283
2.326431035995
2.268330812454
2.300536394119
2.295316934586
2.206550121307
2.184815406799
2.222895860672
2.225422620773
2.258357286453
2.158043622971
2.180501461029
2.206626653671
2.279704332352
2.144075870514
2.151422977448
2.144669294357
2.138077497482
2.174461841583
2.281893253326
2.115271806717
2.127452850342
2.110727787018
2.106239080429
2.144160032272
2.268357038498
2.258321523666
2.381813049316
2.471193075180
2.440311193466
2.422667980194
2.406382560730
2.390902519226
2.380009651184
2.371199131012
2.362110853195
2.355582714081
2.346385955811
2.347332239151
2.326083898544
2.310729503632
2.299702882767
2.417823076248
2.378519535065
2.359998941422
2.342849969864
2.322772741318
2.299718618393
2.273842573166
2.246203660965
2.219503402710
2.189560413361
2.173887729645
2.164064645767
2.168338060379
2.169389486313
2.223232984543
2.274097442627
2.201203346252
2.170917272568
2.240321159363
2.350609302521
2.301360845566
2.273932456970
2.240378141403
2.216301679611
2.202938556671
2.191821575165
2.183178424835
2.175790548325
2.169926166534
2.164582252502
2.159909963608
2.159042835236
2.155663013458
2.230043649673
2.418449640274
2.315011739731
2.284629821777
2.240086078644
2.196355581284
2.169603824615
2.156105756760
2.148846626282
2.143226146698
2.139456987381
2.137834310532
2.142028570175
2.190101861954
2.228106260300
2.256696939468
2.202474594116
2.152929067612
2.138595581055
2.122908592224
2.122507095337
2.116832494736
2.119238376617
2.124166965485
2.128806114197
2.154937982559
2.121711969376
2.111574649811
2.112533569336
2.199248790741
2.599779129028
2.366114377975
2.358762264252
2.349067211151
2.334821224213
2.317377328873
2.304443597794
2.295123100281
2.289752483368
2.282987117767
2.291141510010
2.307571649551
2.274580001831
2.269146442413
2.261505365372
2.269889116287
2.285211801529
2.250305175781
2.245306253433
2.243398189545
2.239033222198
2.238993167877
2.239391088486
2.284134626389
2.350698232651
2.320727109909
2.270440578461
2.258587360382
2.285365104675
2.233056306839
2.225920438766
2.216042757034
2.226238965988
2.250741958618
2.195810317993
2.205563545227
2.249047517776
2.355718612671
2.279391765594
2.215597867966
2.175417184830
2.159150362015
2.153553962708
2.149350881577
2.163433551788
2.268512725830
2.288823604584
2.308120012283
2.233314514160
2.178791284561
2.162426710129
2.144908666611
2.137689352036
2.125782966614
2.132261514664
2.167092323303
2.239248514175
2.302619695663
2.234219074249
2.173567295074
2.140849113464
2.153213977814
2.201597690582
2.124379634857
2.114199399948
2.114464282990
2.118525266647
2.147307634354
2.167939662933
2.240682125092
2.315961599350
2.263272762299
2.191775798798
2.147413969040
2.163753509521
2.354998350143
2.275425434113
2.258254766464
2.226698398590
2.218440055847
2.211039304733
2.203157424927
2.199704885483
2.192431688309
2.199351787567
2.213830947876
2.181394338608
2.177875995636
2.233914852142
2.325770378113
2.283270597458
2.226666450500
2.171725034714
2.148947000504
2.193618297577
2.170515298843
2.197652816772
2.130173683167
2.198487520218
2.132872581482
2.105202913284
2.119032382965
2.171067237854
2.167183876038
2.298564434052
2.218803167343
2.191839694977
2.173866510391
2.226877927780
2.122600078583
2.093659877777
2.089167356491
2.084665298462
2.080902814865
2.079157590866
2.074828863144
2.080299139023
2.097584247589
2.187345027924
2.284662961960
2.224600315094
2.144197225571
2.105689525604
2.147010087967
2.187397241592
2.221774101257
2.149765968323
2.112618446350
2.101919651031
2.091263771057
2.094778299332
2.118564367294
2.111126422882
2.124569892883
2.119275808334
2.113964319229
2.068089723587
2.071908950806
2.073557138443
2.095711708069
2.132930994034
2.160945415497
2.101982593536
2.113780736923
2.088466167450
2.077639818192
2.073507070541
2.093094825745
2.135551452637
2.091363668442
2.070297002792
2.075592041016
2.140336990356
2.215056896210
2.206058263779
2.155145168304
2.083179473877
2.072345733643
2.069074869156
2.081654787064
2.092138290405
2.103939771652
2.087529659271
2.085488080978
2.145579576492
2.075006961823
2.072049379349
2.111389160156
2.194765329361
2.190212726593
2.116453409195
2.088182210922
2.131728410721
2.187770605087
2.174732923508
2.083175897598
2.064828395844
2.068778753281
2.083074092865
2.128654241562
2.089644908905
2.091580867767
2.090092658997
2.078541517258
2.060732603073
2.071354866028
2.135182142258
2.189877271652
2.137818813324
2.099211692810
2.124697923660
2.188488245010
2.118542432785
2.056933879852
2.051915884018
2.053797006607
2.058337211609
2.094332456589
2.042308092117
2.044071912766
2.069442033768
2.152187585831
2.254631280899
2.215976476669
2.135822296143
2.086506128311
2.070695638657
2.060961008072
2.053981065750
2.055722475052
2.110569238663
2.360753536224
2.297230005264
2.225935459137
2.174187421799
2.134161472321
2.101158857346
2.079094409943
2.064720392227
2.053042888641
2.053482532501
2.142483949661
2.833990097046
2.415628194809
2.408967494965
2.406097650528
2.402564764023
2.397186279297
2.388133525848
2.375074148178
2.359008073807
2.336914777756
2.318507909775
2.434361696243
2.389892578125
2.353612422943
2.337305307388
2.328493595123
2.318973302841
2.310377597809
2.314651727676
2.539657115936
2.387226343155
2.377242088318
2.357836008072
2.314555883408
2.278929471970
2.258604288101
2.242963314056
2.252611160278
2.560797929764
2.411308288574
2.407046318054
2.402710437775
2.398277282715
2.393714666367
2.389266252518
2.384801864624
2.379947423935
2.375115633011
2.370028495789
2.364336490631
2.358243942261
2.352010250092
2.345873355865
2.340057849884
2.334474802017
2.328523159027
2.322391748428
2.314693450928
2.313540220261
2.363812208176
2.330819129944
2.381280183792
2.369800806046
2.353489398956
2.328858852386
2.277571201324
2.266026973724
2.316446304321
2.399842500687
2.392289161682
2.388685464859
2.385488986969
2.382669687271
2.380209684372
2.377974510193
2.375991582870
2.374209403992
2.372585773468
2.370973825455
2.369484424591
2.368048667908
2.366672515869
2.365247249603
2.363781213760
2.362230539322
2.360535860062
2.358788728714
2.356928110123
2.354848861694
2.352351665497
2.349331617355
2.345264434814
2.339468717575
2.332009077072
2.324185609818
2.318781852722
2.314683437347
2.311420202255
2.308791875839
2.306216001511
2.303620338440
2.299974203110
2.298064470291
2.294800281525
2.377625942230
2.361098289490
2.359365463257
2.357303857803
2.354638099670
2.351572513580
2.349402427673
2.347787618637
2.346221208572
2.344806194305
2.343398571014
2.342030763626
2.340647459030
2.339302301407
2.337960004807
2.336614131927
2.335253715515
2.333871364594
2.332488775253
2.331061840057
2.329724311829
2.328266382217
2.326926469803
2.325308084488
2.324141263962
2.322361469269
2.322114467621
2.321526050568
2.322772502899
2.322903633118
2.315122365952
2.312869071960
2.312950849533
2.311687469482
2.311995267868
2.311382293701
2.305908441544
2.303871393204
2.304107189178
2.302932739258
2.298444032669
2.296290159225
2.295738697052
2.293964385986
2.288722991943
2.284796476364
2.284055471420
2.280068635941
2.267964124680
2.254873514175
2.245767354965
2.221878051758
2.197916507721
2.184176921844
2.609542131424
2.292030811310
2.239741086960
2.213585853577
2.200622558594
2.196268081665
2.191005945206
2.188245773315
2.185652494431
2.182457447052
2.180921316147
2.176801681519
2.176766157150
2.172104120255
2.177671670914
2.176442861557
2.275332927704
2.261818408966
2.346807479858
2.178598165512
2.168751478195
2.154036760330
2.182366609573
2.159308910370
2.176496028900
2.157066345215
2.191965341568
2.179274797440
2.304174184799
2.204607486725
2.173581838608
2.162179708481
2.271788358688
2.238190650940
2.222186803818
2.177397012711
2.326533079147
2.216674089432
2.157291412354
2.146872758865
2.160860061646
2.152704715729
2.233138799667
2.197604894638
2.290762901306
2.126823425293
2.151597976685
2.135350942612
2.142668724060
2.131667852402
2.153608798981
2.165968179703
2.367553710938
2.275197744370
2.296754121780
2.149992942810
2.138911485672
2.136269092560
2.127659559250
2.132076978683
2.124971389771
2.172204971313
2.222131252289
2.478582382202
2.277320384979
2.256034851074
2.229564666748
2.197967052460
2.170124530792
2.151794672012
2.144149065018
2.151044368744
2.148804426193
2.252751111984
2.235185146332
2.298747301102
2.231739759445
2.248208999634
2.238609313965
2.243805408478
2.228265047073
2.237606763840
2.215665102005
2.229452848434
2.201726913452
2.219540596008
2.191979169846
2.227065324783
2.182420969009
2.231004714966
2.169820308685
2.193139076233
2.150950670242
2.201103925705
2.148492097855
2.133887529373
2.142656803131
2.167230367661
2.134423971176
2.225736379623
2.161042690277
2.151003122330
2.112487077713
2.284388303757
2.264426708221
2.207244157791
2.101333379745
2.251485824585
2.235967159271
2.257001161575
2.103721141815
2.222111701965
2.138494491577
2.180668592453
2.131949663162
2.225202083588
2.152284383774
2.216301202774
2.134762048721
2.237529754639
2.177307605743
2.252635240555
2.139196872711
2.157300472260
2.154037714005
2.294311523438
2.141293764114
2.117878913879
2.107177019119
2.127508640289
2.128568649292
2.301754474640
2.174092292786
2.192722558975
2.113190174103
2.178308963776
2.131981134415
2.173672437668
2.128933906555
2.319898366928
2.213647365570
2.188769102097
2.116911649704
2.160344362259
2.124986171722
2.135930061340
2.107174873352
2.263467073441
2.177867412567
2.136064291000
2.081857681274
2.253868341446
2.209702968597
2.204012870789
2.065623044968
2.236531734467
2.182368516922
2.210610151291
2.065312385559
2.125391244888
2.127602815628
2.299866914749
2.178243160248
2.195477485657
2.109585046768
2.127200603485
2.111142158508
2.220960140228
2.142636537552
2.189029693604
2.078264236450
2.109508991241
2.133680582047
2.383259773254
2.211412191391
2.200064659119
2.165281295776
2.211711168289
2.104207038879
2.105264425278
2.093637466431
2.106020450592
2.121605157852
2.276169061661
2.143821477890
2.155216217041
2.104499816895
2.195069551468
2.117964744568
2.190264463425
2.123604536057
2.265818834305
2.146221637726
2.117753267288
2.105552673340
2.164636135101
2.146490812302
2.320805072784
2.183914422989
2.160169839859
2.153172969818
2.202935218811
2.083459615707
2.102434873581
2.097806930542
2.204440832138
2.127881765366
2.186142683029
2.074987173080
2.083930492401
2.090850830078
2.266722440720
2.168985128403
2.214861154556
2.075157880783
2.083265066147
2.066472053528
2.099327802658
2.205744266510
2.508453130722
2.277584552765
2.253221511841
2.233655452728
2.217118501663
2.209407091141
2.203322887421
2.193572521210
2.186584949493
2.178461313248
2.198933362961
2.318642139435
2.154453039169
2.150402545929
2.142530202866
2.138290405273
2.137404203415
2.137232780457
2.191560745239
2.137946367264
2.221214771271
2.117363929749
2.183029651642
2.126402378082
2.119192123413
2.086683273315
2.284082651138
2.253510713577
2.283549547195
2.109104394913
2.065895795822
2.078167915344
2.075011968613
2.108051776886
2.142844915390
2.419944524765
2.144490957260
2.096717834473
2.088211536407
2.078352928162
2.071132898331
2.067875862122
2.067427635193
2.103810310364
2.202980995178
2.528549671173
2.232422590256
2.207547187805
2.180345535278
2.168147802353
2.210074424744
2.372917175293
2.246203184128
2.171140909195
2.145397186279
2.159363508224
2.222796440125
2.376283645630
2.234093666077
2.153945207596
2.109776973724
2.098093748093
2.083196640015
2.083488225937
2.076721191406
2.140270471573
2.244537353516
2.380568981171
2.256767511368
2.212434053421
2.185800313950
2.163238048553
2.147773504257
2.139388799667
2.129556179047
2.120134353638
2.118116617203
2.138329505920
2.288724422455
2.417959451675
2.291668415070
2.249377727509
2.206585884094
2.158951997757
2.115648269653
2.100612163544
2.081761598587
2.074778556824
2.084966182709
2.173765182495
2.820124864578
2.244832992554
2.215017795563
2.195029258728
2.190818786621
2.233946084976
2.487648725510
2.391851425171
2.382100582123
2.374344587326
2.367813825607
2.362288951874
2.357500553131
2.352904796600
2.348132848740
2.342639446259
2.337001323700
2.331600189209
2.326393365860
2.321251153946
2.315582752228
2.311607360840
2.308678388596
2.304831743240
2.301390409470
2.297425746918
2.293971061707
2.289670944214
2.287456750870
2.282616138458
2.288410663605
2.276966094971
2.282843351364
2.268011093140
2.269891262054
2.256871938705
2.258241176605
2.246011972427
2.259326934814
2.256198644638
2.286076545715
2.273487806320
2.234853506088
2.215183496475
2.210192918777
2.197080612183
2.229353189468
2.316368103027
2.210535049438
2.194020032883
2.189514875412
2.178905487061
2.184938430786
2.192224979401
2.464509010315
2.408986091614
2.389488458633
2.353186368942
2.272895097733
2.248389482498
2.230411291122
2.210662126541
2.190865039825
2.170327901840
2.153429746628
2.141124963760
2.134157180786
2.130271911621
2.166266202927
2.387989997864
2.148748397827
2.139101505280
2.144936323166
2.201920032501
2.395234823227
2.169182062149
2.126446247101
2.133991956711
2.131402254105
2.170284509659
2.214040040970
2.383401155472
2.176222324371
2.124502658844
2.123006582260
2.111289978027
2.106861591339
2.101359128952
2.100533008575
2.103966474533
2.133216619492
2.275715589523
2.228118181229
2.317666053772
2.252918720245
2.333273887634
2.209141492844
2.161266326904
2.142173528671
2.125148534775
2.116129875183
2.108702182770
2.103819847107
2.100941419601
2.100132465363
2.109049320221
2.165156841278
2.154408931732
2.280064105988
2.139367103577
2.168367862701
2.133257627487
2.150730848312
2.116266489029
2.182767868042
2.141317844391
2.191779136658
2.105298995972
2.182273626328
2.154216766357
2.211898088455
2.097963333130
2.117677688599
2.098266839981
2.140800476074
2.144388437271
2.275708436966
2.106310606003
2.105374336243
2.094239473343
2.095996618271
2.112187147141
2.216041564941
2.165161609650
2.231540441513
2.095467567444
2.097538471222
2.090147972107
2.119440793991
2.166105508804
2.326864480972
2.195915699005
2.158614397049
2.124979019165
2.112191915512
2.103416919708
2.098422527313
2.105720520020
2.166921615601
2.141252279282
2.234479904175
2.088784456253
2.110133647919
2.094013690948
2.102963924408
2.109097480774
2.203905820847
2.129717826843
2.165122032166
2.086255073547
2.079179286957
2.078675746918
2.100383758545
2.136091947556
2.297418355942
2.176998138428
2.173425197601
2.113782167435
2.097334861755
2.093453168869
2.116410255432
2.117702722549
2.223127841949
2.104234695435
2.113984823227
2.093314647675
2.097911834717
2.107301712036
2.235623121262
2.139189243317
2.147349119186
2.089822769165
2.096696138382
2.099887132645
2.187649726868
2.116511821747
2.143795013428
2.091696739197
2.171955823898
2.108709335327
2.116494894028
2.087811708450
2.196921586990
2.126587390900
2.108869314194
2.077799081802
2.170101404190
2.123362541199
2.140179157257
2.065434455872
2.188756942749
2.132320404053
2.110690355301
2.071702718735
2.205439329147
2.138489723206
2.112999916077
2.068744659424
2.177385330200
2.123608112335
2.122245550156
2.075176477432
2.222115039825
2.146060228348
2.109905242920
2.071149349213
2.127830028534
2.106009721756
2.179834127426
2.085569620132
2.120939731598
2.100523710251
2.154744386673
2.070269584656
2.102988719940
2.109951496124
2.224048137665
2.098206758499
2.103585481644
2.093605756760
2.076433897018
2.085192203522
2.214343547821
2.124869585037
2.135496616364
2.076154708862
2.067094564438
2.081286430359
2.186736345291
2.115329504013
2.143230438232
2.083343982697
2.156177759171
2.093097925186
2.110172033310
2.074684143066
2.168982744217
2.105146884918
2.124759674072
2.076109886169
2.191393375397
2.102141618729
2.097189188004
2.072544813156
2.120612621307
2.083738327026
2.178438663483
2.095798015594
2.118130445480
2.066735982895
2.100950717926
2.064261674881
2.175233364105
2.101020336151
2.141438722610
2.077711820602
2.112545251846
2.062278509140
2.141655445099
2.066819190979
2.136269330978
2.076307296753
2.116925477982
2.095093488693
2.203596115112
2.085073471069
2.133451938629
2.094615221024
2.078255891800
2.056171894073
2.151834487915
2.096953153610
2.190341949463
2.065131902695
2.038322448730
2.084417819977
2.021818161011
2.094443559647
2.033227920532
2.210579156876
2.109660863876
2.182576894760
2.109292984009
2.158409118652
2.094242095947
2.151435852051
2.113876819611
2.143425464630
2.068158864975
2.260433673859
2.141484022141
2.106284856796
2.071813106537
2.080089569092
2.073069810867
2.123952388763
2.051443338394
2.187952280045
2.059203147888
2.058121442795
2.034033298492
2.105165958405
2.060628414154
2.226748943329
2.090631961823
2.060498952866
2.075131893158
2.026388645172
2.049031972885
2.008970737457
2.127622127533
2.044849634171
2.102320671082
2.222669601440
2.353075265884
2.186191558838
2.156415462494
2.099660158157
2.142319917679
2.246000528336
2.492704391479
2.263051509857
2.205177545547
2.152664422989
2.120648384094
2.107807159424
2.104948043823
2.102770328522
2.168310642242
2.278854608536
2.407476902008
2.309407234192
2.252832174301
2.187226772308
2.120356082916
2.094701528549
2.086142778397
2.078154563904
2.081222772598
2.156687974930
2.327687501907
2.343390941620
2.292452573776
2.249322414398
2.219260454178
2.187008857727
2.158694267273
2.128041267395
2.107894182205
2.091511487961
2.094856262207
2.266504764557
2.278539180756
2.269923686981
2.218717336655
2.190158367157
2.153755664825
2.153128147125
2.108722686768
2.225874662399
2.186357498169
2.194489240646
2.190735578537
2.221002817154
2.088557004929
2.081250905991
2.049543619156
2.062391042709
2.034039258957
2.093710899353
2.121688127518
2.072004795074
2.095647096634
2.071416854858
2.140178203583
2.084384202957
2.099651098251
2.058470249176
2.075176715851
2.059705495834
2.057642936707
2.084866046906
2.136475563049
2.048005580902
2.164582014084
2.058871746063
2.056853532791
2.019190788269
2.067653179169
2.130829095840
2.084291458130
2.145819425583
2.103759050369
2.098372459412
2.047910213470
2.143786668777
2.140750169754
2.140075445175
2.092106103897
2.129121541977
2.119170427322
2.154341459274
2.042691707611
2.050925254822
2.065336704254
2.071587324142
2.053418397903
2.156007766724
2.077180862427
2.090975046158
2.041004657745
2.027970314026
2.059595823288
2.077404975891
2.021697521210
2.098659038544
2.050030469894
2.137622833252
2.164771080017
2.175428867340
2.128087282181
2.268343925476
2.202301740646
2.142298221588
2.099628686905
2.060549259186
2.054937124252
2.065407514572
2.070413351059
2.194737911224
2.086331367493
2.033621788025
2.063313245773
2.031268119812
2.024212837219
2.038516044617
2.057091236115
2.252355337143
2.102980852127
2.038314819336
2.072672843933
2.023886680603
2.041565418243
2.036211013794
2.147063970566
2.060047149658
2.035678863525
2.033226013184
2.124553680420
2.331515550613
2.221920490265
2.304364681244
2.213044404984
2.140185356140
2.111607074738
2.065407037735
2.056903123856
2.023203134537
2.073261976242
2.095335006714
2.068140268326
2.096480607986
2.049618959427
2.067832946777
2.070013523102
2.170707225800
2.052045583725
2.134334564209
2.041198253632
2.027081727982
1.990806937218
2.068011760712
2.066128253937
2.030195713043
2.012830018997
2.015811920166
2.077363967896
2.195185899734
2.345406293869
2.227647066116
2.149909019470
2.091090202332
2.041971445084
2.026638984680
2.006533145905
2.041146516800
2.071072101593
2.018505573273
2.146298646927
2.116418361664
2.077091693878
2.053412914276
2.054134845734
2.029499053955
2.033162117004
2.084158658981
2.386643648148
2.219632387161
2.278312206268
2.189538478851
2.123187780380
2.065502882004
2.088759183884
2.204040050507
2.118612766266
2.163253307343
2.068243741989
2.045484781265
2.000331640244
2.026485681534
2.026052713394
2.050452709198
2.066870927811
2.053680896759
2.026039600372
2.014778614044
2.065740823746
2.087105035782
2.220112085342
2.055887937546
2.101682901382
2.068199396133
2.027543544769
1.997490644455
1.983851313591
2.080547809601
2.029981374741
2.158248662949
2.050880670547
