4.149641036987
4.126926898956
4.105910301208
4.085010528564
4.064036369324
4.042003631592
4.017090797424
3.986715078354
3.947436809540
3.903278827667
4.035933494568
3.976903200150
3.938502788544
3.921428203583
3.904434204102
3.887618541718
3.870755672455
3.853734016418
3.836471557617
3.818687915802
3.800177097321
3.779748201370
3.758178710938
3.734260082245
3.709119319916
3.681516408920
3.654289722443
3.625093936920
3.603280067444
3.659487247467
3.629064559937
3.655000209808
3.641039371490
3.627281188965
3.613702058792
3.600279331207
3.586994171143
3.573812723160
3.560723543167
3.547694444656
3.534677028656
3.521633863449
3.508486986160
3.495138883591
3.481453180313
3.467218399048
3.452063083649
3.435292005539
3.415953397751
3.392915964127
3.366176605225
3.336384057999
3.300468206406
3.252704858780
3.212492227554
3.491729021072
4.359085083008
3.483181953430
3.469999313354
3.457292079926
3.444936275482
3.432838916779
3.420956611633
3.409309864044
3.397755861282
3.386402130127
3.375065803528
3.363990068436
3.352772951126
3.342210292816
3.331299781799
3.321907997131
3.309909343719
3.299470424652
3.286833763123
3.277147769928
3.263934612274
3.259412765503
3.245861291885
3.229560852051
3.215112209320
3.208933353424
3.201612472534
3.177322864532
3.164108753204
3.150908470154
3.140804767609
3.150128841400
3.167007923126
3.156188726425
3.145601987839
3.132752418518
3.117159128189
3.098479270935
3.073676586151
3.049592494965
3.030443191528
3.184842109680
3.078511714935
3.066036462784
3.052491664886
3.038759708405
3.026365518570
3.014503002167
3.002953529358
2.990895032883
2.979312896729
2.967242240906
2.971896409988
2.999510526657
2.983214616776
2.956292629242
2.927828788757
2.909244298935
2.916296958923
2.974215507507
2.946080446243
2.928761720657
2.902536153793
2.868134021759
2.843748092651
2.835438966751
2.830867767334
2.855716228485
2.839246511459
2.806350708008
2.787615060806
2.776330947876
2.788041830063
2.761207580566
2.774311542511
2.737772703171
2.773830890656
2.709657669067
2.746497154236
2.685523509979
2.713986396790
2.681189298630
2.729707956314
2.654387474060
2.653269290924
3.038112163544
2.808572292328
2.775341510773
2.751179218292
2.734903097153
2.721897602081
2.722475767136
2.713686943054
2.772523641586
2.730335474014
2.676902532578
2.658698081970
2.652786731720
2.640863418579
2.666390180588
2.636390209198
2.705255270004
2.621145963669
2.602414608002
2.645118951797
2.582779884338
2.579622030258
2.566790819168
2.625488281250
2.545526742935
2.578738212585
2.551849126816
2.688605785370
2.612033843994
2.518563270569
2.526680946350
2.556158542633
2.744486570358
2.692679882050
2.672005414963
2.635683059692
2.580425262451
2.545393466949
2.527081489563
2.519048690796
2.563106775284
2.487493276596
2.491636037827
2.471943616867
2.475015163422
2.462490081787
2.451238393784
2.449790000916
2.455349206924
2.534988164902
2.459429264069
2.480986356735
2.432177543640
2.554003953934
2.457409858704
2.412555217743
2.424967765808
2.406171321869
2.508934736252
2.420043706894
2.383455276489
2.398851633072
2.421343326569
2.712142229080
2.584105968475
2.553215265274
2.497698307037
2.474914312363
2.453827381134
2.445386409760
2.442821025848
2.430947780609
2.458780288696
2.399799823761
2.412613630295
2.409543514252
2.484864711761
2.374923944473
2.359480381012
2.396417856216
2.389443874359
2.501264095306
2.407323837280
2.319665431976
2.378147602081
2.433580636978
2.486161708832
2.373150348663
2.343967676163
2.405745983124
2.295036315918
2.297451734543
2.286951541901
2.285446166992
2.295499324799
2.362076282501
2.269104480743
2.335881471634
2.327508926392
2.460083246231
2.394248008728
2.291057348251
2.250948429108
2.260675191879
2.272594690323
2.301799774170
2.400452136993
2.271349668503
2.219343900681
2.276615858078
2.329321861267
2.529530286789
2.473672866821
2.421352148056
2.356598138809
2.315042495728
2.295214653015
2.318752527237
2.271952390671
2.375678539276
2.264998674393
2.219875574112
2.244339466095
2.231752634048
2.303030490875
2.212763786316
2.210472106934
2.217137575150
2.384112834930
2.325077056885
2.241931200027
2.207352399826
2.226577281952
2.296785593033
2.189604282379
2.183327198029
2.202400684357
2.194390773773
2.249356508255
2.230324029922
2.254765510559
2.284959793091
2.279840469360
2.290068864822
2.174451828003
2.147330045700
2.161604881287
2.144873619080
2.194818973541
2.223460435867
2.483867168427
2.428776264191
2.372951984406
2.312815427780
2.298592090607
2.278149843216
2.393531322479
2.275256633759
2.208261966705
2.186279058456
2.269795417786
2.336766719818
2.313108921051
2.234781980515
2.208217620850
2.168370246887
2.237396240234
2.163217306137
2.250872850418
2.201381206512
2.227571487427
2.136914491653
2.159878492355
2.184574604034
2.235044956207
2.122742652893
2.155686140060
2.196755647659
2.267036914825
2.194558620453
2.125728368759
2.100950241089
2.157525777817
2.392292499542
2.395517349243
2.364788770676
2.348038911819
2.333500146866
2.321886062622
2.359887123108
2.253391981125
2.251660823822
2.201166152954
2.225367307663
2.220284461975
2.251766681671
2.523136377335
2.391432523727
2.371944189072
2.345360994339
2.313009262085
2.264089345932
2.218654155731
2.167165279388
2.216402053833
2.295510530472
2.187223196030
2.146043777466
2.139818668365
2.158523559570
2.193267583847
2.280805826187
2.228495121002
2.148977279663
2.113090038300
2.147505998611
2.162875890732
2.116957187653
2.141273021698
2.115812778473
2.192199707031
2.190910100937
2.104633331299
2.096517562866
2.099925518036
2.239674091339
2.337701559067
2.224963188171
2.157649993896
2.165867567062
2.207871913910
2.201699733734
2.173028945923
2.116905689240
2.092337131500
2.118497133255
2.077371120453
2.204306364059
2.141999244690
2.136257886887
2.185533046722
2.186010837555
2.125137567520
2.059952497482
2.070612430573
2.050809860229
2.084872007370
2.056352615356
2.091730356216
2.088349103928
2.130970239639
2.391419887543
2.373677968979
2.320531845093
2.270442008972
2.215279102325
2.198279619217
2.168855428696
2.231494188309
2.245656490326
2.169074058533
2.176837205887
2.167252540588
2.267399787903
2.134702682495
2.082978248596
2.055408477783
2.082758903503
2.081131219864
2.164422273636
2.100133657455
2.041301250458
2.162912845612
2.249633312225
2.110934734344
2.051376581192
2.042683839798
2.047908067703
2.144641399384
2.146810770035
2.214607238770
2.135359764099
2.088090419769
2.107069015503
2.249745845795
2.244779825211
2.216556549072
2.229955673218
2.449720382690
2.238594055176
2.150322437286
2.150657176971
2.199272155762
2.073500156403
2.041328907013
2.017817497253
2.046677827835
2.014727830887
2.115782976151
2.153467178345
2.053363323212
2.065365076065
2.096654891968
2.104210138321
2.303825139999
2.276972293854
2.184872865677
2.131255388260
2.142915248871
2.287683010101
2.238146305084
2.185280799866
2.121150016785
2.111839056015
2.287020683289
2.350402355194
2.388110876083
2.347440958023
2.302677869797
2.242603778839
2.166510105133
2.084766149521
2.058980226517
2.049881935120
2.048774719238
2.042860984802
2.132786273956
2.321160554886
2.371297121048
2.301576852798
2.236350536346
2.195765495300
2.152513027191
2.128737688065
2.127057790756
2.307978153229
2.524595022202
2.394834280014
2.380686044693
2.371035814285
2.360895872116
2.347959518433
2.328535318375
2.301916837692
2.270106554031
2.228980541229
2.169937372208
2.127464294434
2.290843725204
3.559859991074
2.439258098602
2.423316240311
2.416563034058
2.405584812164
2.396204471588
2.387438535690
2.381268501282
2.375461339951
2.375890016556
2.390077352524
2.365420818329
2.371745347977
2.380012273788
2.420547485352
2.406900644302
2.383514642715
2.349895238876
2.344259023666
2.351956129074
2.350374937057
2.403186559677
2.369052886963
2.326095819473
2.313472032547
2.298595428467
2.286711454391
2.307900190353
2.656752347946
2.452688217163
2.448005199432
2.444644451141
2.441439867020
2.438464879990
2.435695648193
2.432994604111
2.430328845978
2.427618741989
2.424805164337
2.421796798706
2.418570280075
2.415039539337
2.411136388779
2.406743288040
2.401773929596
2.396047830582
2.389462232590
2.381838798523
2.373118162155
2.364225864410
2.371554613113
2.412658929825
2.410079717636
2.406899929047
2.401519536972
2.392090559006
2.380132913589
2.365942955017
2.351714372635
2.365216255188
2.393239498138
2.367936849594
2.326275587082
2.277389526367
2.353483438492
3.545044183731
2.484645128250
2.483094930649
2.480640172958
2.478357791901
2.476086616516
2.473873138428
2.471727371216
2.469604253769
2.467477321625
2.465288639069
2.462996006012
2.460485219955
2.457676410675
2.454110145569
2.449398279190
2.446362495422
2.438834667206
2.429762601852
2.413783550262
2.391967296600
2.374366044998
2.369660615921
2.360239982605
2.419585466385
2.386951208115
2.355312347412
2.340039253235
2.340209960938
2.337790727615
2.424303054810
2.390808582306
2.350354909897
2.316404342651
2.317319393158
2.315557241440
2.418942689896
2.389393329620
2.352038860321
2.319100618362
2.303390264511
2.298398733139
2.360544443130
2.308464527130
2.301000356674
2.281382322311
2.363760948181
2.286235809326
2.264590501785
2.276805400848
2.280025243759
2.432746410370
2.411393642426
2.377626180649
2.327171087265
2.283662319183
2.273725509644
2.249399185181
2.358425617218
2.263896703720
2.229901552200
2.252016544342
2.265850067139
2.447371959686
2.430425643921
2.416531801224
2.386390209198
2.354175806046
2.308988094330
2.376291751862
2.434079170227
2.413499832153
2.369659900665
2.325430154800
2.405169725418
2.356531381607
2.278312444687
2.250529289246
2.360950469971
2.292879343033
2.232623815536
2.253374576569
2.247199296951
2.407160282135
2.367506742477
2.327594757080
2.279902696609
2.229416847229
2.196391582489
2.287011861801
2.179238557816
2.237405300140
2.173989772797
2.266258001328
2.168306112289
2.154104232788
2.164280176163
2.395254373550
2.348145008087
2.310428619385
2.269505023956
2.224967002869
2.192728996277
2.161867380142
2.174614191055
2.179450273514
2.472027301788
2.416087150574
2.366380691528
2.328977823257
2.280447483063
2.247506141663
2.270955085754
2.151888370514
2.144355773926
2.220420360565
2.206105947495
2.141586065292
2.141790866852
2.354254484177
2.236367225647
2.197228908539
2.121477365494
2.287886142731
2.259788513184
2.163334608078
2.118448257446
2.140012979507
2.249516487122
2.330979347229
2.264333248138
2.157753705978
2.115394592285
2.109275817871
2.198446989059
2.155585765839
2.074505805969
2.212181806564
2.159542322159
2.128960132599
2.433463335037
2.321335554123
2.332049369812
2.264536857605
2.249931097031
2.317860603333
2.238332748413
2.225178003311
2.234480619431
2.356389045715
2.428436040878
2.422214031219
2.414419651031
2.408051013947
2.399774312973
2.396107196808
2.393339872360
2.381666421890
2.377064466476
2.393605232239
2.398747205734
2.394159078598
2.389094829559
2.383002042770
2.374976158142
2.363851308823
2.353150129318
2.346269607544
2.336997985840
2.331701278687
2.329773902893
2.366676568985
2.335556983948
2.311828851700
2.308762550354
2.304188489914
2.335955381393
2.292742252350
2.286675930023
2.309910774231
2.297294616699
2.367142438889
2.324051618576
2.287135601044
2.276229619980
2.298525571823
2.266757726669
2.306418180466
2.251280546188
2.256514072418
2.301975488663
2.380425214767
2.369269847870
2.359446525574
2.350041151047
2.335185766220
2.313854694366
2.295570373535
2.278221368790
2.270322084427
2.321548938751
2.379795074463
2.374214172363
2.370739698410
2.367766618729
2.364799737930
2.361402034760
2.357469320297
2.352646827698
2.345900297165
2.335496664047
2.319319725037
2.297749042511
2.274686336517
2.249383449554
2.224530696869
2.235718488693
2.485187768936
2.364225387573
2.359704494476
2.353154659271
2.344964265823
2.333770513535
2.316960334778
2.296125650406
2.278377294540
2.264104604721
2.249843597412
2.236508607864
2.219793081284
2.206783771515
2.196659088135
2.295292854309
2.190861463547
2.162261247635
2.226431608200
2.212263584137
2.448511362076
2.356275081635
2.346107244492
2.332411527634
2.312057733536
2.284090995789
2.260198354721
2.247665166855
2.237443923950
2.226110696793
2.213853836060
2.197606325150
2.179347515106
2.159787178040
2.145743846893
2.132795095444
2.151550292969
2.232159137726
2.355411529541
2.328457832336
2.304555177689
2.283147811890
2.259382486343
2.232966661453
2.203760147095
2.163693904877
2.132139205933
2.159527540207
2.134844303131
2.219347715378
2.172136068344
2.092041254044
2.061496257782
2.071969747543
2.061977624893
2.096934318542
2.157665252686
2.116424322128
2.096338033676
2.550332546234
2.306270360947
2.258677244186
2.248774528503
2.311343431473
2.330434560776
2.292271614075
2.238736629486
2.192333459854
2.173588991165
2.179731607437
2.288996934891
2.239278793335
2.166119098663
2.140294790268
2.136361598969
2.149893999100
2.201704263687
2.327600955963
2.333467245102
2.282980918884
2.242498636246
2.203231811523
2.166490316391
2.139885425568
2.133571386337
2.124548435211
2.122595548630
2.121642351151
2.188812732697
2.361550331116
2.360770702362
2.353928804398
2.335011720657
2.288348436356
2.246477127075
2.211142539978
2.175956249237
2.147159099579
2.130314588547
2.126863718033
2.115839242935
2.127623796463
2.159587144852
2.190129995346
2.220120429993
2.180482864380
2.158998727798
2.151650428772
2.080201625824
2.128537416458
2.089185714722
2.174279451370
2.265629768372
2.280397653580
2.189248085022
2.130156755447
2.118448734283
2.134374380112
2.084968805313
2.107693672180
2.154451608658
2.286878824234
2.286269903183
2.154514551163
2.091201305389
2.090505838394
2.082383632660
2.129105091095
2.222472429276
2.288566350937
2.171537637711
2.102478504181
2.124424934387
2.201513528824
2.085145711899
2.052719593048
2.122357130051
2.268835783005
2.273609399796
2.217293739319
2.174864530563
2.143997669220
2.096147298813
2.081663131714
2.077107667923
2.112231254578
2.230394124985
2.143055200577
2.078313350677
2.132991790771
2.113190174103
2.096495628357
2.297002077103
2.299468755722
2.264923572540
2.249404668808
2.251505374908
2.258756399155
2.177470445633
2.151449680328
2.112381696701
2.133871555328
2.243314266205
2.148590564728
2.119960784912
2.076052665710
2.113950014114
2.138028144836
2.058465957642
2.079501628876
2.122212409973
2.345085620880
2.300945043564
2.191854715347
2.122044801712
2.058387279510
2.065658807755
2.172897100449
2.093696832657
2.108388662338
2.076722383499
2.024792194366
2.031578302383
2.010339021683
2.048522472382
2.027406930923
2.215472221375
2.149962902069
2.064762353897
2.110440254211
2.141329050064
2.269054174423
2.278376340866
2.146580219269
2.084988355637
2.095619440079
2.070131540298
2.148314476013
2.141764640808
2.073879718781
2.066671133041
2.133461236954
2.035627126694
2.060380697250
2.029273986816
2.087199449539
2.078887701035
2.107404232025
2.125185251236
2.225432395935
2.160832643509
2.098430395126
2.110053539276
2.047367095947
2.051998376846
2.071447134018
2.160557985306
2.072186470032
2.063093185425
2.016174554825
2.024285316467
2.037025928497
2.163707256317
2.118452787399
2.159399986267
2.126231193542
2.030255079269
2.015170574188
2.015002965927
2.016266107559
2.174901008606
2.246602296829
2.197162628174
2.377473354340
2.354363441467
2.335813283920
2.307062625885
2.256124496460
2.161136150360
2.080777883530
2.091480493546
2.126850366592
2.269211292267
2.230561733246
2.154503345490
2.086564064026
2.050875425339
2.036996841431
2.046582698822
2.085661411285
2.213034868240
2.305907964706
2.182130575180
2.122785806656
2.086992740631
2.069509983063
2.071016788483
2.079186201096
2.147331476212
2.069208621979
2.015408992767
2.043775558472
2.009243965149
2.090620040894
2.088862180710
2.066731452942
2.037065982819
2.095385074615
2.136591911316
2.114242076874
2.041658878326
2.012043714523
2.023319005966
2.134101629257
2.042835235596
2.027858734131
2.071772098541
2.110189437866
2.133536577225
2.120724201202
2.113785982132
2.139229536057
2.134016990662
2.036265611649
1.983601212502
1.991159200668
2.000156402588
2.054921627045
2.011773347855
2.093287706375
2.084127902985
2.016783237457
2.011202812195
2.090437650681
2.211977005005
2.144490003586
2.132129430771
2.233316183090
2.256050348282
2.116731643677
2.038318395615
2.117809534073
2.117848634720
2.167210578918
2.093829870224
2.025734901428
2.004793643951
2.004755973816
2.008711099625
2.070166110992
2.033060789108
1.990015745163
2.062712192535
2.152848958969
2.055972814560
2.029069185257
2.059234142303
2.063576221466
2.160491943359
2.143933296204
2.041007518768
1.995909929276
2.000708580017
2.067523241043
2.050697326660
2.058623552322
2.018908977509
2.057988166809
2.135272741318
2.069348096848
1.990374207497
2.008519411087
2.014530181885
1.987418532372
2.049564838409
2.015048980713
1.943485617638
2.025671482086
2.026133298874
1.956875324249
2.044791460037
2.119790554047
2.130833625793
2.011151075363
1.977193236351
1.987355709076
2.293402910233
2.428100585938
2.343662500381
2.281850814819
2.206866741180
2.150714397430
2.125781774521
2.107295989990
2.096530437469
2.102789402008
2.267824649811
2.316877365112
2.300696372986
2.250586271286
2.211293458939
2.169102907181
2.117352247238
2.065018892288
2.053482532501
2.054005384445
2.127396583557
2.323397397995
2.280826807022
2.273152112961
2.224730491638
2.258390903473
2.155033588409
2.098801851273
2.061776161194
2.045760393143
2.067590475082
2.171386241913
2.152852296829
2.114693164825
2.048506975174
2.043643236160
2.066997051239
2.135126590729
2.087279319763
2.016503572464
2.030662298203
2.039719343185
2.091121673584
2.229415655136
2.166368484497
2.063042879105
2.008132457733
2.013182163239
1.998679518700
2.012860298157
2.015173912048
2.141193151474
2.151066780090
2.093155384064
2.039916992188
2.024621486664
2.063673973083
2.103828191757
2.100731611252
2.040156364441
1.968332171440
2.101896762848
2.103492259979
2.118878364563
2.066816568375
2.025701284409
2.119879007339
2.071591615677
2.025872468948
2.068058490753
2.165600061417
2.112720727921
2.002581119537
1.980919122696
1.960118889809
2.197736263275
2.103317499161
2.041931152344
1.990169167519
1.999267816544
2.035083055496
2.261812210083
2.348209142685
2.224787235260
2.127076387405
2.132966756821
2.261710166931
2.336498737335
2.312013387680
2.235776901245
2.196609020233
2.165009737015
2.132382392883
2.095496416092
2.058764457703
2.035602569580
2.032119274139
2.053467035294
2.164401054382
2.192980527878
2.181353807449
2.063826084137
1.982480764389
2.074186086655
2.050086736679
2.326910018921
2.264850139618
2.197157621384
2.119246244431
2.057990074158
2.012744665146
2.022087097168
2.055526733398
2.110884666443
2.072777032852
1.968342185020
2.092941761017
2.048703670502
2.081819295883
2.062822341919
1.997359991074
2.004315614700
2.070450305939
2.153396129608
2.132838964462
2.053366184235
2.027529478073
2.097636938095
2.149014472961
2.230587720871
2.089202165604
2.063745260239
2.093437671661
2.069533824921
1.996950149536
1.980967879295
2.089550018311
2.086782455444
2.115116357803
2.008946895599
1.994531154633
2.017049312592
2.038429975510
2.113696813583
2.117323637009
2.061659336090
2.036005020142
2.014120101929
1.970798850060
1.988802194595
2.015756845474
2.159638404846
2.014049768448
1.967051029205
1.998797059059
2.022968292236
2.307497024536
2.248271226883
2.169310092926
2.076150417328
2.030169248581
2.123905897141
2.068113088608
2.064467191696
1.986960411072
1.958755373955
1.950325727463
1.971079945564
2.062685489655
2.112370252609
2.087215423584
2.050670623779
2.063619852066
2.061444520950
2.023598432541
1.984505891800
2.048962593079
2.083600282669
2.030248641968
2.002199172974
2.065379381180
2.101710796356
2.191623210907
2.222431659698
2.116326093674
2.006159782410
2.010988712311
2.114830255508
2.187235355377
2.039894104004
1.984656810760
2.100583076477
2.037228345871
2.016464233398
1.985337018967
2.013221025467
1.997140765190
1.986428260803
2.073980569839
1.974433064461
2.177757024765
2.120853185654
2.126545906067
2.114547967911
2.171120643616
2.270080566406
2.270612001419
2.154224395752
2.110839366913
2.053595304489
2.040982723236
2.076608657837
2.231291294098
2.180362462997
2.077465057373
2.017833232880
1.977794647217
1.979401230812
1.966512918472
2.174221754074
2.060993671417
2.009015083313
2.177747011185
2.146375656128
2.007075548172
1.963944911957
1.941301822662
1.957399010658
1.986654400826
2.121581792831
2.017490863800
2.066602945328
2.030328989029
2.036319971085
2.044221878052
2.056015253067
2.061525583267
2.029326438904
2.006858110428
2.095851182938
2.014984846115
1.998668313026
1.984754920006
1.960045695305
1.997264504433
2.052392721176
2.036600112915
2.017783403397
2.083777666092
2.133907318115
1.982448697090
1.949942231178
1.951000690460
2.036437273026
2.169811964035
2.160694837570
2.025280475616
1.960932850838
2.073106527328
2.057479381561
2.013021707535
1.977609395981
1.954068064690
2.029067993164
2.002161026001
2.036284923553
1.951116442680
1.943710327148
2.106499195099
2.007388114929
1.920440077782
2.001812219620
2.049564123154
2.150587081909
2.187899827957
2.084102630615
1.979559540749
1.930360913277
2.008100032806
1.925093412399
2.066247701645
1.946837782860
1.941481828690
1.931387305260
1.989416599274
2.008053064346
2.080996990204
2.220451593399
2.095273494720
1.992240667343
1.978039860725
1.967208743095
1.989470124245
1.988032698631
2.070653438568
2.158268690109
2.090862274170
2.006691694260
1.925847530365
2.143893718719
2.116243124008
2.080431461334
2.109911680222
2.044429540634
2.016631364822
2.037829160690
2.100746870041
1.990941762924
1.996126413345
1.976540207863
2.236586809158
2.098354101181
1.971104025841
1.947285890579
1.926436066628
1.942445278168
1.948916912079
2.038275718689
2.032519102097
2.020786046982
2.022596359253
1.992513656616
1.972857475281
1.961534738541
2.099710226059
1.958604097366
1.900669693947
1.908787727356
1.931649327278
2.114360332489
1.980741977692
1.958365797997
1.900305867195
2.180331468582
2.273756027222
2.034860372543
1.935565829277
1.955847263336
1.967844605446
2.118019104004
1.920492172241
1.942224264145
1.907928586006
2.094944238663
2.143466234207
2.029932975769
1.983445882797
1.974533438683
2.089921236038
2.001047372818
2.219652891159
2.201391696930
2.278434991837
2.287957191467
2.210525274277
2.118211746216
2.050862312317
1.999972939491
1.999250650406
2.129158020020
2.230118513107
2.093591213226
1.971396565437
2.032588481903
1.962039470673
2.230813741684
1.974278211594
2.022280693054
1.984193205833
2.016181230545
1.910953521729
2.010557651520
1.938099861145
2.058002471924
2.074639320374
2.020071029663
2.094567298889
2.035439968109
1.909983515739
1.981242775917
1.917228460312
1.963310360909
1.961018323898
1.925847411156
1.914799928665
2.120463371277
1.979648470879
1.908209323883
1.959130525589
1.938877224922
2.080690860748
1.936432838440
1.978191256523
1.962682127953
1.992041349411
2.102797269821
2.374001979828
2.180701732635
2.079581022263
2.087944746017
2.043908834457
1.962749481201
2.038753032684
2.087823390961
2.190727949142
2.233678579330
2.116740226746
2.006400823593
1.926385164261
2.044826984406
1.989542603493
1.945713520050
1.912235260010
1.951676011086
1.936375141144
1.936212420464
1.886291503906
1.874206662178
1.938766717911
2.135489702225
2.029508352280
1.901088595390
1.980217576027
1.963007330894
1.925239443779
2.091003656387
2.274489402771
2.265609025955
2.201853513718
2.088202238083
2.062434434891
2.191581726074
2.082943916321
2.001302003860
2.248517036438
2.212350606918
2.181544542313
2.127564668655
2.027389287949
2.001874923706
1.984079360962
2.017716407776
1.993765234947
2.042454957962
1.961691617966
1.934327006340
1.941553831100
2.142823457718
2.491662740707
2.409609794617
2.329097747803
2.259064435959
2.184825420380
2.787149190903
2.502982378006
2.405500650406
2.377593040466
2.343100070953
2.306908369064
2.264576435089
2.218330383301
2.167879581451
2.125017881393
2.094060897827
2.128730773926
2.242275714874
2.378413677216
2.354012250900
2.249819993973
2.191303253174
2.137897968292
2.122788906097
2.511679410934
2.372847557068
2.314686536789
2.262498140335
2.221341133118
2.180252552032
2.286798954010
2.344805240631
2.223366260529
2.157567739487
2.120777130127
2.090101242065
2.118791580200
2.113233566284
2.084626197815
2.055119276047
2.105746746063
2.073160886765
2.113885164261
2.090623140335
2.045391798019
2.054409265518
2.099967479706
1.984813690186
2.139865875244
1.992138981819
2.008831024170
2.079641342163
2.275141000748
2.151360511780
2.046258926392
2.163506031036
2.120194911957
2.057418584824
2.053137540817
2.018487453461
2.074267625809
2.018971204758
2.059738874435
2.021130561829
2.062364816666
1.990003705025
1.970107913017
1.956464171410
2.194384574890
2.108533143997
1.992339253426
1.938997268677
1.987739801407
2.002501010895
2.356623649597
2.276414871216
2.371962308884
2.371613502502
2.320734262466
2.280180692673
2.237972021103
2.193636417389
2.151660203934
2.107113361359
2.218344449997
2.343178272247
2.261248111725
2.216651916504
2.283953905106
2.156583309174
2.064760208130
2.049480676651
2.059614419937
2.352699995041
2.279135704041
2.260567665100
2.197265863419
2.226941823959
2.179167747498
2.291812419891
2.246771812439
2.113416671753
2.068242073059
2.029212474823
2.068771123886
2.107676744461
2.155653953552
2.166923046112
2.053731918335
2.005256175995
1.976113200188
2.077862024307
2.036579847336
2.213536739349
2.137669086456
2.038367748260
1.986375331879
1.996084928513
2.172857761383
2.160148143768
2.016971588135
2.037748813629
2.057965993881
2.144615173340
2.139527559280
2.162961244583
2.032296895981
1.970677137375
1.977198123932
1.956732749939
2.059159994125
2.006313800812
2.027168273926
1.943038225174
2.061799049377
1.964005351067
2.067886590958
2.180165767670
2.173083543777
2.067970275879
2.013292789459
2.121397018433
2.012974262238
1.953316569328
2.026691913605
2.022132158279
2.132979869843
2.039514303207
1.948128223419
1.996182441711
2.011473417282
2.098017454147
1.967323303223
1.975451231003
2.125717401505
2.255931377411
2.274451017380
2.126078605652
1.974792599678
2.023525953293
1.948773145676
2.067565917969
1.985057115555
1.931352257729
2.057173013687
1.984971642494
2.059423208237
1.926441073418
1.930428147316
1.935486316681
2.145790576935
2.057768821716
1.921644568443
1.941645264626
2.124491453171
2.048980236053
2.051027536392
1.970841288567
2.158289909363
2.044013023376
1.951105117798
1.893470168114
1.969938039780
2.002909660339
2.151955842972
2.344537258148
2.114279270172
1.994794249535
2.016139268875
2.116859436035
2.038552045822
2.004768371582
2.037652015686
2.150244712830
2.134539127350
2.044830083847
1.994759559631
2.056367635727
2.006424665451
1.945336818695
1.995136737823
1.971573352814
2.018310308456
1.887822508812
2.033132314682
1.967576861382
1.959837198257
1.892735958099
1.914493918419
1.978590130806
2.259121417999
2.157494783401
2.100330829620
1.979688167572
2.035073518753
1.969657540321
2.122741937637
1.999970436096
1.880204677582
1.959497809410
1.998895645142
1.945865035057
1.872924327850
1.958121061325
1.986086130142
1.978099107742
2.028896093369
1.927165508270
2.064468860626
2.112146139145
2.062597751617
2.151659011841
2.084339380264
2.072733640671
2.069268703461
1.987310171127
1.909293889999
1.945191621780
2.108795404434
2.161101579666
2.157391786575
2.173118591309
2.046755313873
1.998023509979
1.923998117447
1.981672406197
1.971393227577
1.957666993141
1.872821688652
1.901771783829
1.878995418549
1.981376171112
2.081949710846
2.019775152206
1.967923998833
1.896595239639
1.971317887306
1.908703565598
2.104230403900
1.925897240639
1.962975025177
2.102696895599
2.008699893951
1.889100432396
1.884554028511
1.940869092941
2.274517774582
2.139447450638
2.019618749619
2.112770080566
1.991834878922
1.979881763458
1.923172950745
1.956702709198
1.866174936295
2.174626350403
1.964116215706
1.890036702156
1.968388199806
1.987539649010
2.066281080246
2.160450220108
2.592502593994
2.543918132782
2.377038955688
2.323681354523
2.269463539124
2.198385715485
2.102925777435
2.083395957947
2.167242527008
2.149655103683
2.592385530472
2.527237653732
2.386831760406
2.349435329437
2.304044723511
2.247141361237
2.206867933273
2.181285142899
2.162249803543
2.186989307404
2.258774518967
2.340565443039
2.350283145905
2.293071746826
2.247468948364
2.176504611969
2.137026786804
2.107240915298
2.223777770996
2.261059761047
2.227849006653
2.109564781189
2.051426887512
2.077671289444
2.094029664993
2.115112304688
2.070046424866
2.116293430328
2.000576972961
1.981570601463
1.985797047615
2.113256454468
2.040572643280
2.034280538559
2.071197509766
2.129370927811
2.213690996170
2.080780029297
2.052202701569
1.934047579765
1.994869828224
2.029080390930
1.991543292999
1.971008896828
2.131846189499
2.096869945526
2.042468070984
1.932808637619
1.923318862915
1.966382861137
2.003387451172
2.108268260956
2.124741792679
2.075089216232
2.128075838089
2.029437541962
1.923856377602
2.003871917725
2.039315700531
2.098341941833
2.096659660339
1.930416345596
1.991920590401
2.180401325226
2.321494340897
2.249422073364
2.140545606613
2.054006338120
2.032355308533
1.999620199203
2.271684885025
2.096972227097
2.002274513245
1.966432332993
1.967860698700
2.121946096420
2.085184335709
1.953189849854
1.969035506248
1.899462699890
2.025708198547
1.884849548340
2.041998386383
1.901552915573
2.131887435913
2.124762058258
2.027054309845
1.980818748474
1.941052794456
2.070861101151
2.163656473160
2.089094400406
1.911353588104
1.967805147171
1.889958858490
2.042890310287
1.912317156792
1.864277362823
1.919386863708
2.013613700867
2.087285280228
2.181712388992
2.060564756393
1.973225831985
1.982977151871
1.995485901833
1.971280097961
2.060283660889
2.088755130768
2.082278728485
1.938501238823
1.926080107689
1.898556351662
2.057802677155
1.986352324486
2.003229379654
1.927788376808
1.965155601501
2.015977382660
2.064396858215
1.874175071716
1.979841709137
1.839717984200
2.094392776489
1.954375863075
1.904380559921
1.886825203896
2.036039113998
2.112132072449
2.137164592743
2.224834680557
2.139734983444
2.154294729233
2.108166217804
2.008832693100
2.014542579651
1.960169196129
1.960301041603
1.937088251114
1.928241729736
2.018850803375
2.008510589600
