0.068836045056
0.067167292449
0.065915727993
0.065081351690
0.062995410930
0.061743846475
0.062578222778
0.062161034627
0.062161034627
0.061743846475
0.061743846475
0.061743846475
0.061743846475
0.061743846475
0.061743846475
0.061743846475
0.061743846475
0.061743846475
0.062995410930
0.064246975386
0.069670421360
0.070504797664
0.080934501460
0.088861076345
0.117647058824
0.123070504798
0.150604922820
0.158531497705
0.179390905298
0.183562786817
0.201084689195
0.202336253650
0.209845640384
0.210680016688
0.217772215269
0.221526908636
0.223612849395
0.226950354610
0.230705047977
0.231956612432
0.228201919065
0.228619107217
0.228619107217
0.228201919065
0.223612849395
0.224864413851
0.219023779725
0.223195661243
0.219858156028
0.218189403421
0.216103462662
0.209011264080
0.207759699625
0.214434710054
0.216103462662
0.212765957447
0.205673758865
0.211514392991
0.210262828536
0.214017521902
0.210262828536
0.215269086358
0.210262828536
0.214434710054
0.210262828536
0.185648727576
0.208594075928
0.125156445557
0.217355027117
0.163537755528
0.188569044639
0.252816020025
0.190237797247
0.260742594910
0.167292448894
0.272423863162
0.188569044639
0.258239465999
0.154359616187
0.273675427618
0.204839382562
0.210680016688
0.105965790572
0.271589486859
0.230287859825
0.183145598665
0.091781393408
0.215269086358
0.216103462662
0.193158114310
0.132665832290
0.252398831873
0.172298706717
0.171881518565
0.090529828953
0.236962870254
0.166875260743
0.135586149353
0.089278264497
0.223612849395
0.176887776387
0.123904881101
0.093450146016
0.138923654568
0.149353358365
0.130162703379
0.213600333751
0.149770546516
0.082186065916
0.153942428035
0.195661243221
0.180225281602
0.212765957447
0.140175219024
0.111389236546
0.182728410513
0.229870671673
0.141009595327
0.125156445557
0.171464330413
0.236128493951
0.157279933250
0.196912807676
0.144764288694
0.179390905298
0.196495619524
0.209428452232
0.166875260743
0.173550271172
0.226950354610
0.209011264080
0.155193992491
0.182311222361
0.175219023780
0.133083020442
0.225698790154
0.230287859825
0.164372131831
0.142678347935
0.213183145599
0.209845640384
0.152690863579
0.161869002920
0.154776804339
0.113475177305
0.175636211932
0.244472256988
0.235711305799
0.216937838965
0.151856487276
0.161034626617
0.150187734668
0.133917396746
0.142678347935
0.125573633709
0.153525239883
0.209011264080
0.189820609095
0.229870671673
0.120984564038
0.209845640384
0.204422194410
0.193158114310
0.218189403421
0.230287859825
0.198581560284
0.225698790154
0.224030037547
0.214017521902
0.166875260743
0.149770546516
0.221526908636
0.194826866917
0.176887776387
0.180225281602
0.232373800584
0.213600333751
0.144347100542
0.154776804339
0.184814351272
0.225281602003
0.143512724239
0.226950354610
0.214851898206
0.204839382562
0.190237797247
0.175636211932
0.200250312891
0.198164372132
0.176470588235
0.160200250313
0.192740926158
0.208176887776
0.224030037547
0.207759699625
0.182311222361
0.184397163121
0.166458072591
0.139758030872
0.163120567376
0.256570713392
0.252398831873
0.230705047977
0.156445556946
0.185231539424
0.208594075928
0.172715894869
0.210680016688
0.247392574051
0.219858156028
0.214851898206
0.173133083020
0.130162703379
0.074676679182
0.120984564038
0.145598664998
0.155611180642
0.082186065916
0.050062578223
0.074259491030
0.041718815186
0.045056320401
0.045056320401
0.062995410930
0.100125156446
0.123904881101
0.098873591990
0.095118898623
0.070087609512
0.061326658323
0.047559449312
0.060492282019
0.095953274927
0.080100125156
0.096370463079
0.123487692950
0.132665832290
0.123487692950
0.144347100542
0.144347100542
0.177304964539
0.184397163121
0.217355027117
0.125573633709
0.174801835628
0.127242386316
0.160200250313
0.160200250313
0.099707968294
0.077596996245
0.039215686275
0.039215686275
0.039215686275
0.055903212349
0.124322069253
0.041301627034
0.103462661660
0.073425114727
0.125573633709
0.047559449312
0.081351689612
0.061743846475
0.135168961202
0.062161034627
0.057154776804
0.109720483938
0.172715894869
0.077596996245
0.068001668753
0.177304964539
0.112640801001
0.170629954109
0.163537755528
0.164789319983
0.168544013350
0.174384647476
0.165206508135
0.082186065916
0.165206508135
0.070921985816
0.065915727993
0.096787651231
0.165206508135
0.165206508135
0.165206508135
0.165206508135
0.165206508135
0.165206508135
0.165206508135
0.165206508135
0.165206508135
0.165206508135
0.165206508135
0.165206508135
0.165206508135
0.165206508135
0.165206508135
0.165206508135
0.165206508135
0.165206508135
0.165206508135
0.165206508135
0.165206508135
0.165206508135
0.165206508135
0.165206508135
0.165206508135
0.165206508135
0.165206508135
0.165206508135
0.165206508135
0.165206508135
0.165206508135
0.165206508135
0.165206508135
0.165206508135
0.165206508135
0.165206508135
0.165206508135
0.165206508135
0.165206508135
0.165206508135
0.165206508135
0.165206508135
0.165206508135
0.165206508135
0.165206508135
0.165206508135
0.165206508135
0.165206508135
0.165206508135
0.165206508135
0.165206508135
0.165206508135
0.165206508135
0.165206508135
0.165206508135
0.165206508135
0.165206508135
0.165206508135
0.165206508135
0.165206508135
0.165206508135
0.165206508135
0.165206508135
0.165206508135
0.165206508135
0.165206508135
0.165206508135
0.165206508135
0.165206508135
0.165206508135
0.165206508135
0.165206508135
0.165206508135
0.165206508135
0.165206508135
0.165206508135
0.165206508135
0.165206508135
0.165206508135
0.165206508135
0.165206508135
0.165206508135
0.165206508135
0.165206508135
0.165206508135
0.165206508135
0.165206508135
0.165206508135
0.165206508135
0.165206508135
0.165206508135
0.165206508135
0.165206508135
0.165206508135
0.165206508135
0.165206508135
0.165206508135
0.165206508135
0.165206508135
0.165206508135
0.165206508135
0.165206508135
0.165206508135
0.165206508135
0.165206508135
0.165206508135
0.165206508135
0.165206508135
0.165206508135
0.165206508135
0.165206508135
0.165206508135
0.165206508135
0.165206508135
0.165206508135
0.165206508135
0.165206508135
0.165206508135
0.165206508135
0.165206508135
0.165206508135
0.165206508135
0.165206508135
0.165206508135
0.165206508135
0.165206508135
0.165206508135
0.165206508135
0.165206508135
0.165206508135
0.165206508135
0.165206508135
0.165206508135
0.165206508135
0.165206508135
0.165206508135
0.165206508135
0.165206508135
0.165206508135
0.165206508135
0.165206508135
0.165206508135
0.165206508135
0.165206508135
0.165206508135
0.165206508135
0.165206508135
0.165206508135
0.165206508135
0.165206508135
0.165206508135
0.165206508135
0.165206508135
0.165206508135
0.165206508135
0.165206508135
0.165206508135
0.165206508135
0.165206508135
0.165206508135
0.165206508135
0.165206508135
0.165206508135
0.165206508135
0.165206508135
0.165206508135
0.165206508135
0.165206508135
0.165206508135
0.165206508135
0.165206508135
0.165206508135
0.165206508135
0.165206508135
0.165206508135
0.165206508135
0.165206508135
0.165206508135
0.165206508135
0.165206508135
0.165206508135
0.165206508135
0.165206508135
0.165206508135
0.165206508135
0.165206508135
0.165206508135
0.165206508135
0.165206508135
0.165206508135
0.165206508135
0.165206508135
0.165206508135
0.165206508135
0.165206508135
0.165206508135
0.165206508135
0.165206508135
0.165206508135
0.165206508135
0.165206508135
0.165206508135
0.165206508135
0.165206508135
0.165206508135
0.165206508135
0.165206508135
0.165206508135
0.165206508135
0.165206508135
0.165206508135
0.165206508135
0.165206508135
0.165206508135
0.165206508135
0.165206508135
0.165206508135
0.165206508135
0.165206508135
0.165206508135
0.165206508135
0.165206508135
0.165206508135
0.165206508135
0.165206508135
0.165206508135
0.165206508135
0.165206508135
0.165206508135
0.165206508135
0.165206508135
0.165206508135
0.165206508135
0.165206508135
0.165206508135
0.165206508135
0.165206508135
0.165206508135
0.165206508135
0.165206508135
0.165206508135
0.165206508135
0.165206508135
0.165206508135
0.165206508135
0.165206508135
0.165206508135
0.165206508135
0.165206508135
0.165206508135
0.165206508135
0.165206508135
0.165206508135
0.165206508135
0.165206508135
0.165206508135
0.165206508135
0.165206508135
0.165206508135
0.165206508135
0.165206508135
0.165206508135
0.165206508135
0.165206508135
0.165206508135
0.165206508135
0.165206508135
0.165206508135
0.165206508135
0.165206508135
0.165206508135
0.165206508135
0.165206508135
0.165206508135
0.165206508135
0.165206508135
0.165206508135
0.165206508135
0.165206508135
0.165206508135
0.165206508135
0.165206508135
0.165206508135
0.165206508135
0.165206508135
0.165206508135
0.165206508135
0.165206508135
0.165206508135
0.165206508135
0.165206508135
0.165206508135
0.165206508135
0.165206508135
0.165206508135
0.165206508135
0.165206508135
0.165206508135
0.165206508135
0.165206508135
0.165206508135
0.165206508135
0.165206508135
0.165206508135
0.165206508135
0.165206508135
0.165206508135
0.165206508135
0.165206508135
0.165206508135
0.165206508135
0.165206508135
0.165206508135
0.165206508135
0.165206508135
0.165206508135
0.165206508135
0.165206508135
0.165206508135
0.165206508135
0.165206508135
0.165206508135
0.165206508135
0.165206508135
0.165206508135
0.165206508135
0.165206508135
0.165206508135
0.165206508135
0.165206508135
0.165206508135
0.165206508135
0.165206508135
0.165206508135
0.165206508135
0.165206508135
0.165206508135
0.165206508135
0.165206508135
0.165206508135
0.165206508135
0.165206508135
0.165206508135
0.165206508135
0.165206508135
0.165206508135
0.165206508135
0.165206508135
0.165206508135
0.165206508135
0.165206508135
0.165206508135
0.165206508135
0.165206508135
0.165206508135
0.165206508135
0.165206508135
0.165206508135
0.165206508135
0.165206508135
0.165206508135
0.165206508135
0.165206508135
0.165206508135
0.165206508135
0.165206508135
0.165206508135
0.165206508135
0.165206508135
0.165206508135
0.165206508135
0.165206508135
0.165206508135
0.165206508135
0.165206508135
0.165206508135
0.165206508135
0.165206508135
0.165206508135
0.165206508135
0.165206508135
0.165206508135
0.165206508135
0.165206508135
0.165206508135
0.165206508135
0.165206508135
0.165206508135
0.165206508135
0.165206508135
0.165206508135
0.165206508135
0.165206508135
0.165206508135
0.165206508135
0.165206508135
0.165206508135
0.165206508135
0.165206508135
0.165206508135
0.165206508135
0.165206508135
0.165206508135
0.165206508135
0.165206508135
0.165206508135
0.165206508135
0.165206508135
0.165206508135
0.165206508135
0.165206508135
0.165206508135
0.165206508135
0.165206508135
0.165206508135
0.165206508135
0.165206508135
0.165206508135
0.165206508135
0.165206508135
0.165206508135
0.165206508135
0.165206508135
0.165206508135
0.165206508135
0.165206508135
0.165206508135
0.165206508135
0.165206508135
0.165206508135
0.165206508135
0.165206508135
0.165206508135
0.165206508135
0.165206508135
0.165206508135
0.165206508135
0.165206508135
0.165206508135
0.165206508135
0.165206508135
0.165206508135
0.165206508135
0.165206508135
0.165206508135
0.165206508135
0.165206508135
0.165206508135
0.165206508135
0.165206508135
0.165206508135
0.165206508135
0.165206508135
0.165206508135
0.165206508135
0.165206508135
0.165206508135
0.165206508135
0.165206508135
0.165206508135
0.165206508135
0.165206508135
0.165206508135
0.165206508135
0.165206508135
0.165206508135
0.165206508135
0.165206508135
0.165206508135
0.165206508135
0.165206508135
0.165206508135
0.165206508135
0.165206508135
0.165206508135
0.165206508135
0.165206508135
0.165206508135
0.165206508135
0.165206508135
0.165206508135
0.165206508135
0.165206508135
0.165206508135
0.165206508135
0.165206508135
0.165206508135
0.165206508135
0.165206508135
0.165206508135
0.165206508135
0.165206508135
0.165206508135
0.165206508135
0.165206508135
0.165206508135
0.165206508135
0.165206508135
0.165206508135
0.165206508135
0.165206508135
0.165206508135
0.165206508135
0.165206508135
0.165206508135
0.165206508135
0.165206508135
0.165206508135
0.165206508135
0.165206508135
0.165206508135
0.165206508135
0.165206508135
0.165206508135
0.165206508135
0.165206508135
0.165206508135
0.165206508135
0.165206508135
0.165206508135
0.165206508135
0.165206508135
0.165206508135
0.165206508135
0.165206508135
0.165206508135
0.165206508135
0.165206508135
0.165206508135
0.165206508135
0.165206508135
0.165206508135
0.165206508135
0.165206508135
0.165206508135
0.165206508135
0.165206508135
0.165206508135
0.165206508135
0.165206508135
0.165206508135
0.165206508135
0.165206508135
0.165206508135
0.165206508135
0.165206508135
0.165206508135
0.165206508135
0.165206508135
0.165206508135
0.165206508135
0.165206508135
0.165206508135
0.165206508135
0.165206508135
0.165206508135
0.165206508135
0.165206508135
0.165206508135
0.165206508135
0.165206508135
0.165206508135
0.165206508135
0.165206508135
0.165206508135
0.165206508135
0.165206508135
0.165206508135
0.165206508135
0.165206508135
0.165206508135
0.165206508135
0.165206508135
0.165206508135
0.165206508135
0.165206508135
0.165206508135
0.165206508135
0.165206508135
0.165206508135
0.165206508135
0.165206508135
0.165206508135
0.165206508135
0.165206508135
0.165206508135
0.165206508135
0.165206508135
0.165206508135
0.165206508135
0.165206508135
0.165206508135
0.165206508135
0.165206508135
0.165206508135
0.165206508135
0.165206508135
0.165206508135
0.165206508135
0.165206508135
0.165206508135
0.165206508135
0.165206508135
0.165206508135
0.165206508135
0.165206508135
0.165206508135
0.165206508135
0.165206508135
0.165206508135
0.165206508135
0.165206508135
0.165206508135
0.165206508135
0.165206508135
0.165206508135
0.165206508135
0.165206508135
0.165206508135
0.165206508135
0.165206508135
0.165206508135
0.165206508135
0.165206508135
0.165206508135
0.165206508135
0.165206508135
0.165206508135
0.165206508135
0.165206508135
0.165206508135
0.165206508135
0.165206508135
0.165206508135
0.165206508135
0.165206508135
0.165206508135
0.165206508135
0.165206508135
0.165206508135
0.165206508135
0.165206508135
0.165206508135
0.165206508135
0.165206508135
0.165206508135
0.165206508135
0.165206508135
0.165206508135
0.165206508135
0.165206508135
0.165206508135
0.165206508135
0.165206508135
0.165206508135
0.165206508135
0.165206508135
0.165206508135
0.165206508135
0.165206508135
0.165206508135
0.165206508135
0.165206508135
0.165206508135
0.165206508135
0.165206508135
0.165206508135
0.165206508135
0.165206508135
0.165206508135
0.165206508135
0.165206508135
0.165206508135
0.165206508135
0.165206508135
0.165206508135
0.165206508135
0.165206508135
0.165206508135
0.165206508135
0.165206508135
0.165206508135
0.165206508135
0.165206508135
0.165206508135
0.165206508135
0.165206508135
0.165206508135
0.165206508135
0.165206508135
0.165206508135
0.165206508135
0.165206508135
0.165206508135
0.165206508135
0.165206508135
0.165206508135
0.165206508135
0.165206508135
0.165206508135
0.165206508135
0.165206508135
0.165206508135
0.165206508135
0.165206508135
0.165206508135
0.165206508135
0.165206508135
0.165206508135
0.165206508135
0.165206508135
0.165206508135
0.165206508135
0.165206508135
0.165206508135
0.165206508135
0.165206508135
0.165206508135
0.165206508135
0.165206508135
0.165206508135
0.165206508135
0.165206508135
0.165206508135
0.165206508135
0.165206508135
0.165206508135
0.165206508135
0.165206508135
0.165206508135
0.165206508135
0.165206508135
0.165206508135
0.165206508135
0.165206508135
0.165206508135
0.165206508135
0.165206508135
0.165206508135
0.165206508135
0.165206508135
0.165206508135
0.165206508135
0.165206508135
0.165206508135
0.165206508135
0.165206508135
0.165206508135
0.165206508135
0.165206508135
0.165206508135
0.165206508135
0.165206508135
0.165206508135
0.165206508135
0.165206508135
0.165206508135
0.165206508135
0.165206508135
0.165206508135
0.165206508135
0.165206508135
0.165206508135
0.165206508135
0.165206508135
0.165206508135
0.165206508135
0.165206508135
0.165206508135
0.165206508135
0.165206508135
0.165206508135
0.165206508135
0.165206508135
0.165206508135
0.165206508135
0.165206508135
0.165206508135
0.165206508135
0.165206508135
0.165206508135
0.165206508135
0.165206508135
0.165206508135
0.165206508135
0.165206508135
0.165206508135
0.165206508135
0.165206508135
0.165206508135
0.165206508135
0.165206508135
0.165206508135
0.165206508135
0.165206508135
0.165206508135
0.165206508135
0.165206508135
0.165206508135
0.165206508135
0.165206508135
0.165206508135
0.165206508135
0.165206508135
0.165206508135
0.165206508135
0.165206508135
0.165206508135
0.165206508135
0.165206508135
0.165206508135
0.165206508135
0.165206508135
0.165206508135
0.165206508135
0.165206508135
0.165206508135
0.165206508135
0.165206508135
0.165206508135
0.165206508135
0.165206508135
0.165206508135
0.165206508135
0.165206508135
0.165206508135
0.165206508135
0.165206508135
0.165206508135
0.165206508135
0.165206508135
0.165206508135
0.165206508135
0.165206508135
0.165206508135
0.165206508135
0.165206508135
0.165206508135
0.165206508135
0.165206508135
0.165206508135
0.165206508135
0.165206508135
0.165206508135
0.165206508135
0.165206508135
0.165206508135
0.165206508135
0.165206508135
0.165206508135
0.165206508135
0.165206508135
0.165206508135
0.165206508135
0.165206508135
0.165206508135
0.165206508135
0.165206508135
0.165206508135
0.165206508135
0.165206508135
0.165206508135
0.165206508135
0.165206508135
0.165206508135
0.165206508135
0.165206508135
0.165206508135
0.165206508135
0.165206508135
0.165206508135
0.165206508135
0.165206508135
0.165206508135
0.165206508135
0.165206508135
0.165206508135
0.165206508135
0.165206508135
0.165206508135
0.165206508135
0.165206508135
0.165206508135
0.165206508135
0.165206508135
0.165206508135
0.165206508135
0.165206508135
0.165206508135
0.165206508135
0.165206508135
0.165206508135
0.165206508135
0.165206508135
0.165206508135
0.165206508135
0.165206508135
0.165206508135
0.165206508135
0.165206508135
0.165206508135
0.165206508135
0.165206508135
0.165206508135
0.165206508135
0.165206508135
0.165206508135
0.165206508135
0.165206508135
0.165206508135
0.165206508135
0.165206508135
0.165206508135
0.165206508135
0.165206508135
0.165206508135
0.165206508135
0.165206508135
0.165206508135
0.165206508135
0.165206508135
0.165206508135
0.165206508135
0.165206508135
0.165206508135
0.165206508135
0.165206508135
0.165206508135
0.165206508135
0.165206508135
0.165206508135
0.165206508135
0.165206508135
0.165206508135
0.165206508135
0.165206508135
0.165206508135
0.165206508135
0.165206508135
0.165206508135
0.165206508135
0.165206508135
0.165206508135
0.165206508135
0.165206508135
0.165206508135
0.165206508135
0.165206508135
0.165206508135
0.165206508135
0.165206508135
0.165206508135
0.165206508135
0.165206508135
0.165206508135
0.165206508135
0.165206508135
0.165206508135
0.165206508135
0.165206508135
0.165206508135
0.165206508135
0.165206508135
0.165206508135
0.165206508135
0.165206508135
0.165206508135
0.165206508135
0.165206508135
0.165206508135
0.165206508135
0.165206508135
0.165206508135
0.165206508135
0.165206508135
0.165206508135
0.165206508135
0.165206508135
0.165206508135
0.165206508135
0.165206508135
0.165206508135
0.165206508135
0.165206508135
0.165206508135
0.165206508135
0.165206508135
0.165206508135
0.165206508135
0.165206508135
0.165206508135
0.165206508135
0.165206508135
0.165206508135
0.165206508135
0.165206508135
0.165206508135
0.165206508135
0.165206508135
0.165206508135
0.165206508135
0.165206508135
0.165206508135
0.165206508135
0.165206508135
0.165206508135
0.165206508135
0.165206508135
0.165206508135
0.165206508135
0.165206508135
0.165206508135
0.165206508135
0.165206508135
0.165206508135
0.165206508135
0.165206508135
0.165206508135
0.165206508135
0.165206508135
0.165206508135
0.165206508135
0.165206508135
0.165206508135
0.165206508135
0.165206508135
0.165206508135
0.165206508135
0.165206508135
0.165206508135
0.165206508135
0.165206508135
0.165206508135
0.165206508135
0.165206508135
0.165206508135
0.165206508135
0.165206508135
0.165206508135
0.165206508135
0.165206508135
0.165206508135
0.165206508135
0.165206508135
0.165206508135
0.165206508135
0.165206508135
0.165206508135
0.165206508135
0.165206508135
0.165206508135
0.165206508135
0.165206508135
0.165206508135
0.165206508135
0.165206508135
0.165206508135
0.165206508135
0.165206508135
0.165206508135
0.165206508135
0.165206508135
0.165206508135
0.165206508135
0.165206508135
0.165206508135
0.165206508135
0.165206508135
0.165206508135
0.165206508135
0.165206508135
0.165206508135
0.165206508135
0.165206508135
0.165206508135
0.165206508135
0.165206508135
0.165206508135
0.165206508135
0.165206508135
0.165206508135
0.165206508135
0.165206508135
0.165206508135
0.165206508135
0.165206508135
0.165206508135
0.165206508135
0.165206508135
0.165206508135
0.165206508135
0.165206508135
0.165206508135
0.165206508135
0.165206508135
0.165206508135
0.165206508135
0.165206508135
0.165206508135
0.165206508135
0.165206508135
0.165206508135
0.165206508135
0.165206508135
0.165206508135
0.165206508135
0.165206508135
0.165206508135
0.165206508135
0.165206508135
0.165206508135
0.165206508135
0.165206508135
0.165206508135
0.165206508135
0.165206508135
0.165206508135
0.165206508135
0.165206508135
0.165206508135
0.165206508135
0.165206508135
0.165206508135
0.165206508135
0.165206508135
0.165206508135
0.165206508135
0.165206508135
0.165206508135
0.165206508135
0.165206508135
0.165206508135
0.165206508135
0.165206508135
0.165206508135
0.165206508135
0.165206508135
0.165206508135
0.165206508135
0.165206508135
0.165206508135
0.165206508135
0.165206508135
0.165206508135
0.165206508135
0.165206508135
0.165206508135
0.165206508135
0.165206508135
0.165206508135
0.165206508135
0.165206508135
0.165206508135
0.165206508135
0.165206508135
0.165206508135
0.165206508135
0.165206508135
0.165206508135
0.165206508135
0.165206508135
0.165206508135
0.165206508135
0.165206508135
0.165206508135
0.165206508135
0.165206508135
0.165206508135
0.165206508135
0.165206508135
0.165206508135
0.165206508135
0.165206508135
0.165206508135
0.165206508135
0.165206508135
0.165206508135
0.165206508135
0.165206508135
0.165206508135
0.165206508135
0.165206508135
0.165206508135
0.165206508135
0.165206508135
0.165206508135
0.165206508135
0.165206508135
0.165206508135
0.165206508135
0.165206508135
0.165206508135
0.165206508135
0.165206508135
0.165206508135
0.165206508135
0.165206508135
0.165206508135
0.165206508135
0.165206508135
0.165206508135
0.165206508135
0.165206508135
0.165206508135
0.165206508135
0.165206508135
0.165206508135
0.165206508135
0.165206508135
0.165206508135
0.165206508135
0.165206508135
0.165206508135
0.165206508135
0.165206508135
0.165206508135
0.165206508135
0.165206508135
0.165206508135
0.165206508135
0.165206508135
0.165206508135
0.165206508135
0.165206508135
0.165206508135
0.165206508135
0.165206508135
0.165206508135
0.165206508135
0.165206508135
0.165206508135
0.165206508135
0.165206508135
0.165206508135
0.165206508135
0.165206508135
0.165206508135
0.165206508135
0.165206508135
0.165206508135
0.165206508135
0.165206508135
0.165206508135
0.165206508135
0.165206508135
0.165206508135
0.165206508135
0.165206508135
0.165206508135
0.165206508135
0.165206508135
0.165206508135
0.165206508135
0.165206508135
0.165206508135
0.165206508135
0.165206508135
0.165206508135
0.165206508135
0.165206508135
0.165206508135
0.165206508135
0.165206508135
0.165206508135
0.165206508135
0.165206508135
0.165206508135
0.165206508135
0.165206508135
0.165206508135
0.165206508135
0.165206508135
0.165206508135
0.165206508135
0.165206508135
0.165206508135
0.165206508135
0.165206508135
0.165206508135
0.165206508135
0.165206508135
0.165206508135
0.165206508135
0.165206508135
0.165206508135
0.165206508135
0.165206508135
0.165206508135
0.165206508135
0.165206508135
0.165206508135
0.165206508135
0.165206508135
0.165206508135
0.165206508135
0.165206508135
0.165206508135
0.165206508135
0.165206508135
0.165206508135
0.165206508135
0.165206508135
0.165206508135
0.165206508135
0.165206508135
0.165206508135
0.165206508135
0.165206508135
0.165206508135
0.165206508135
0.165206508135
0.165206508135
0.165206508135
0.165206508135
0.165206508135
0.165206508135
0.165206508135
0.165206508135
0.165206508135
0.165206508135
0.165206508135
0.165206508135
0.165206508135
0.165206508135
0.165206508135
0.165206508135
0.165206508135
0.165206508135
0.165206508135
0.165206508135
0.165206508135
0.165206508135
0.165206508135
0.165206508135
0.165206508135
0.165206508135
0.165206508135
0.165206508135
0.165206508135
0.165206508135
0.165206508135
0.165206508135
0.165206508135
0.165206508135
0.165206508135
0.165206508135
0.165206508135
0.165206508135
0.165206508135
0.165206508135
0.165206508135
0.165206508135
0.165206508135
0.165206508135
0.165206508135
0.165206508135
0.165206508135
0.165206508135
0.165206508135
0.165206508135
0.165206508135
0.165206508135
0.165206508135
0.165206508135
0.165206508135
0.165206508135
0.165206508135
0.165206508135
0.165206508135
0.165206508135
0.165206508135
0.165206508135
0.165206508135
0.165206508135
0.165206508135
0.165206508135
0.165206508135
0.165206508135
0.165206508135
0.165206508135
0.165206508135
0.165206508135
0.165206508135
0.165206508135
0.165206508135
0.165206508135
0.165206508135
0.165206508135
0.165206508135
0.165206508135
0.165206508135
0.165206508135
0.165206508135
0.165206508135
0.165206508135
0.165206508135
0.165206508135
0.165206508135
0.165206508135
0.165206508135
0.165206508135
0.165206508135
0.165206508135
0.165206508135
0.165206508135
0.165206508135
0.165206508135
0.165206508135
0.165206508135
0.165206508135
0.165206508135
0.165206508135
0.165206508135
0.165206508135
0.165206508135
0.165206508135
0.165206508135
0.165206508135
0.165206508135
0.165206508135
0.165206508135
0.165206508135
0.165206508135
0.165206508135
0.165206508135
0.165206508135
0.165206508135
0.165206508135
0.165206508135
0.165206508135
0.165206508135
0.165206508135
0.165206508135
0.165206508135
0.165206508135
0.165206508135
0.165206508135
0.165206508135
0.165206508135
0.165206508135
0.165206508135
0.165206508135
0.165206508135
0.165206508135
0.165206508135
0.165206508135
0.165206508135
0.165206508135
0.165206508135
0.165206508135
0.165206508135
0.165206508135
0.165206508135
0.165206508135
0.165206508135
0.165206508135
0.165206508135
0.165206508135
0.165206508135
0.165206508135
0.165206508135
0.165206508135
0.165206508135
0.165206508135
0.165206508135
0.165206508135
0.165206508135
0.165206508135
0.165206508135
0.165206508135
0.165206508135
0.165206508135
0.165206508135
0.165206508135
0.165206508135
0.165206508135
0.165206508135
0.165206508135
0.165206508135
0.165206508135
0.165206508135
0.165206508135
0.165206508135
0.165206508135
0.165206508135
0.165206508135
0.165206508135
0.165206508135
0.165206508135
0.165206508135
0.165206508135
0.165206508135
0.165206508135
0.165206508135
0.165206508135
0.165206508135
0.165206508135
0.165206508135
0.165206508135
0.165206508135
0.165206508135
0.165206508135
0.165206508135
0.165206508135
0.165206508135
0.165206508135
0.165206508135
0.165206508135
0.165206508135
0.165206508135
0.165206508135
0.165206508135
0.165206508135
0.165206508135
0.165206508135
0.165206508135
0.165206508135
0.165206508135
0.165206508135
0.165206508135
0.165206508135
0.165206508135
0.165206508135
0.165206508135
0.165206508135
0.165206508135
0.165206508135
0.165206508135
0.165206508135
0.165206508135
0.165206508135
0.165206508135
0.165206508135
0.165206508135
0.165206508135
0.165206508135
0.165206508135
0.165206508135
0.165206508135
0.165206508135
0.165206508135
0.165206508135
0.165206508135
0.165206508135
0.165206508135
0.165206508135
0.165206508135
0.165206508135
0.165206508135
0.165206508135
0.165206508135
0.165206508135
0.165206508135
0.165206508135
0.165206508135
0.165206508135
0.165206508135
0.165206508135
0.165206508135
0.165206508135
0.165206508135
0.165206508135
0.165206508135
0.165206508135
0.165206508135
0.165206508135
0.165206508135
0.165206508135
0.165206508135
0.165206508135
0.165206508135
0.165206508135
0.165206508135
0.165206508135
0.165206508135
0.165206508135
0.165206508135
0.165206508135
0.165206508135
0.165206508135
0.165206508135
0.165206508135
0.165206508135
0.165206508135
0.165206508135
0.165206508135
0.165206508135
0.165206508135
0.165206508135
0.165206508135
0.165206508135
0.165206508135
0.165206508135
0.165206508135
0.165206508135
0.165206508135
0.165206508135
0.165206508135
0.165206508135
0.165206508135
0.165206508135
0.165206508135
0.165206508135
0.165206508135
0.165206508135
0.165206508135
0.165206508135
0.165206508135
0.165206508135
0.165206508135
0.165206508135
0.165206508135
0.165206508135
0.165206508135
0.165206508135
0.165206508135
0.165206508135
0.165206508135
0.165206508135
0.165206508135
0.165206508135
0.165206508135
0.165206508135
0.165206508135
0.165206508135
0.165206508135
0.165206508135
0.165206508135
0.165206508135
0.165206508135
0.165206508135
0.165206508135
0.165206508135
0.165206508135
0.165206508135
0.165206508135
0.165206508135
0.165206508135
0.165206508135
0.165206508135
0.165206508135
0.165206508135
0.165206508135
0.165206508135
0.165206508135
0.165206508135
0.165206508135
0.165206508135
0.165206508135
0.165206508135
0.165206508135
0.165206508135
0.165206508135
0.165206508135
0.165206508135
0.165206508135
0.165206508135
0.165206508135
0.165206508135
0.165206508135
0.165206508135
0.165206508135
0.165206508135
0.165206508135
0.165206508135
0.165206508135
0.165206508135
0.165206508135
0.165206508135
0.165206508135
0.165206508135
0.165206508135
0.165206508135
0.165206508135
0.165206508135
0.165206508135
0.165206508135
0.165206508135
0.165206508135
0.165206508135
0.165206508135
0.165206508135
0.165206508135
0.165206508135
0.165206508135
0.165206508135
0.165206508135
0.165206508135
0.165206508135
0.165206508135
0.165206508135
0.165206508135
0.165206508135
0.165206508135
0.165206508135
0.165206508135
0.165206508135
0.165206508135
0.165206508135
0.165206508135
0.165206508135
0.165206508135
0.165206508135
0.165206508135
0.165206508135
0.165206508135
0.165206508135
0.165206508135
0.165206508135
0.165206508135
0.165206508135
0.165206508135
0.165206508135
0.165206508135
0.165206508135
0.165206508135
0.165206508135
0.165206508135
