0.119377889870
0.117276166456
0.116015132409
0.114754098361
0.114754098361
0.113493064313
0.113493064313
0.112652374947
0.112232030265
0.112652374947
0.112652374947
0.112652374947
0.112652374947
0.112652374947
0.112652374947
0.112652374947
0.112652374947
0.112652374947
0.113072719630
0.112652374947
0.113913408995
0.113913408995
0.116435477091
0.114754098361
0.113072719630
0.111391340900
0.112232030265
0.111811685582
0.112232030265
0.114754098361
0.108028583438
0.109289617486
0.103404791929
0.104665825977
0.104665825977
0.105506515343
0.111811685582
0.114754098361
0.120638923918
0.123581336696
0.119377889870
0.123160992013
0.121899957966
0.124422026061
0.128625472888
0.128205128205
0.131147540984
0.131988230349
0.137452711223
0.136191677175
0.137032366541
0.139134089954
0.145018915511
0.147540983607
0.150063051702
0.152585119798
0.150903741068
0.153005464481
0.153425809164
0.154266498529
0.157208911307
0.158049600673
0.164354770912
0.156788566625
0.173602353930
0.136612021858
0.174022698613
0.120218579235
0.170239596469
0.140815468684
0.159310634720
0.160571668768
0.151324085750
0.162253047499
0.147961328289
0.154686843211
0.147120638924
0.162673392182
0.148381672972
0.158890290038
0.148381672972
0.171080285834
0.147540983607
0.173182009248
0.127364438840
0.167297183691
0.152585119798
0.188734762505
0.128625472888
0.163934426230
0.155947877259
0.171080285834
0.132408575032
0.155107187894
0.150903741068
0.160151324086
0.126944094157
0.138713745271
0.157208911307
0.148802017654
0.122320302648
0.136612021858
0.159310634720
0.153005464481
0.144178226145
0.151324085750
0.145018915511
0.145439260193
0.151744430433
0.138713745271
0.135350987810
0.132828919714
0.136612021858
0.156788566625
0.153005464481
0.141235813367
0.140815468684
0.166456494325
0.148802017654
0.143337536780
0.149222362337
0.174022698613
0.136612021858
0.147961328289
0.168558217739
0.174863387978
0.126944094157
0.145439260193
0.158049600673
0.163934426230
0.113072719630
0.164775115595
0.144178226145
0.165195460277
0.147961328289
0.156368221942
0.124842370744
0.147540983607
0.155527532577
0.159730979403
0.120218579235
0.151324085750
0.158049600673
0.162673392182
0.146279949559
0.153846153846
0.142917192098
0.163093736864
0.117696511139
0.163934426230
0.171500630517
0.172761664565
0.163093736864
0.167717528373
0.164775115595
0.169819251786
0.171920975200
0.187053383775
0.127784783522
0.125683060109
0.175283732661
0.176965111391
0.135771332493
0.192097519966
0.142496847415
0.184531315679
0.155527532577
0.176965111391
0.110970996217
0.162673392182
0.152585119798
0.193358554014
0.159310634720
0.182009247583
0.151324085750
0.191256830601
0.146279949559
0.184951660361
0.157208911307
0.118957545187
0.154686843211
0.154686843211
0.183270281631
0.168978562421
0.147540983607
0.159310634720
0.162253047499
0.178226145439
0.143337536780
0.156788566625
0.168137873056
0.160571668768
0.164354770912
0.182009247583
0.153425809164
0.182429592266
0.152164775116
0.187894073140
0.155947877259
0.177805800757
0.153846153846
0.178646490122
0.148802017654
0.142076502732
0.130306851618
0.190836485918
0.153846153846
0.181588902900
0.129045817570
0.181168558218
0.124842370744
0.116855821774
0.160992013451
0.098360655738
0.083228247163
0.052963430013
0.062631357713
0.110130306852
0.094997898277
0.100042034468
0.097519966372
0.103825136612
0.095418242959
0.103404791929
0.092475830181
0.091635140815
0.096258932325
0.098781000420
0.096258932325
0.106767549391
0.098360655738
0.102143757881
0.099621689786
0.106347204708
0.108869272804
0.104245481295
0.102984447247
0.118537200504
0.121059268600
0.135771332493
0.143757881463
0.159730979403
0.153005464481
0.071458596049
0.078184110971
0.140815468684
0.061370323665
0.079865489702
0.087011349306
0.084068936528
0.093316519546
0.093316519546
0.093316519546
0.096679277007
0.072719630097
0.091635140815
0.085750315259
0.092055485498
0.075662042875
0.088692728037
0.091635140815
0.091635140815
0.073139974779
0.110970996217
0.133249264397
0.149642707020
0.110550651534
0.142917192098
0.130306851618
0.114754098361
0.144178226145
0.128625472888
0.094997898277
0.132828919714
0.121899957966
0.117276166456
0.061370323665
0.105506515343
0.061370323665
0.155947877259
0.155947877259
0.134089953762
0.061370323665
0.061370323665
0.061370323665
0.061370323665
0.061370323665
0.061370323665
0.061370323665
0.061370323665
0.061370323665
0.061370323665
0.061370323665
0.061370323665
0.061370323665
0.061370323665
0.061370323665
0.061370323665
0.061370323665
0.061370323665
0.061370323665
0.061370323665
0.061370323665
0.061370323665
0.061370323665
0.061370323665
0.061370323665
0.061370323665
0.061370323665
0.061370323665
0.061370323665
0.061370323665
0.061370323665
0.061370323665
0.061370323665
0.061370323665
0.061370323665
0.061370323665
0.061370323665
0.061370323665
0.061370323665
0.061370323665
0.061370323665
0.061370323665
0.061370323665
0.061370323665
0.061370323665
0.061370323665
0.061370323665
0.061370323665
0.061370323665
0.061370323665
0.061370323665
0.061370323665
0.061370323665
0.061370323665
0.061370323665
0.061370323665
0.061370323665
0.061370323665
0.061370323665
0.061370323665
0.061370323665
0.061370323665
0.061370323665
0.061370323665
0.061370323665
0.061370323665
0.061370323665
0.061370323665
0.061370323665
0.061370323665
0.061370323665
0.061370323665
0.061370323665
0.061370323665
0.061370323665
0.061370323665
0.061370323665
0.061370323665
0.061370323665
0.061370323665
0.061370323665
0.061370323665
0.061370323665
0.061370323665
0.061370323665
0.061370323665
0.061370323665
0.061370323665
0.061370323665
0.061370323665
0.061370323665
0.061370323665
0.061370323665
0.061370323665
0.061370323665
0.061370323665
0.061370323665
0.061370323665
0.061370323665
0.061370323665
0.061370323665
0.061370323665
0.061370323665
0.061370323665
0.061370323665
0.061370323665
0.061370323665
0.061370323665
0.061370323665
0.061370323665
0.061370323665
0.061370323665
0.061370323665
0.061370323665
0.061370323665
0.061370323665
0.061370323665
0.061370323665
0.061370323665
0.061370323665
0.061370323665
0.061370323665
0.061370323665
0.061370323665
0.061370323665
0.061370323665
0.061370323665
0.061370323665
0.061370323665
0.061370323665
0.061370323665
0.061370323665
0.061370323665
0.061370323665
0.061370323665
0.061370323665
0.061370323665
0.061370323665
0.061370323665
0.061370323665
0.061370323665
0.061370323665
0.061370323665
0.061370323665
0.061370323665
0.061370323665
0.061370323665
0.061370323665
0.061370323665
0.061370323665
0.061370323665
0.061370323665
0.061370323665
0.061370323665
0.061370323665
0.061370323665
0.061370323665
0.061370323665
0.061370323665
0.061370323665
0.061370323665
0.061370323665
0.061370323665
0.061370323665
0.061370323665
0.061370323665
0.061370323665
0.061370323665
0.061370323665
0.061370323665
0.061370323665
0.061370323665
0.061370323665
0.061370323665
0.061370323665
0.061370323665
0.061370323665
0.061370323665
0.061370323665
0.061370323665
0.061370323665
0.061370323665
0.061370323665
0.061370323665
0.061370323665
0.061370323665
0.061370323665
0.061370323665
0.061370323665
0.061370323665
0.061370323665
0.061370323665
0.061370323665
0.061370323665
0.061370323665
0.061370323665
0.061370323665
0.061370323665
0.061370323665
0.061370323665
0.061370323665
0.061370323665
0.061370323665
0.061370323665
0.061370323665
0.061370323665
0.061370323665
0.061370323665
0.061370323665
0.061370323665
0.061370323665
0.061370323665
0.061370323665
0.061370323665
0.061370323665
0.061370323665
0.061370323665
0.061370323665
0.061370323665
0.061370323665
0.061370323665
0.061370323665
0.061370323665
0.061370323665
0.061370323665
0.061370323665
0.061370323665
0.061370323665
0.061370323665
0.061370323665
0.061370323665
0.061370323665
0.061370323665
0.061370323665
0.061370323665
0.061370323665
0.061370323665
0.061370323665
0.061370323665
0.061370323665
0.061370323665
0.061370323665
0.061370323665
0.061370323665
0.061370323665
0.061370323665
0.061370323665
0.061370323665
0.061370323665
0.061370323665
0.061370323665
0.061370323665
0.061370323665
0.061370323665
0.061370323665
0.061370323665
0.061370323665
0.061370323665
0.061370323665
0.061370323665
0.061370323665
0.061370323665
0.061370323665
0.061370323665
0.061370323665
0.061370323665
0.061370323665
0.061370323665
0.061370323665
0.061370323665
0.061370323665
0.061370323665
0.061370323665
0.061370323665
0.061370323665
0.061370323665
0.061370323665
0.061370323665
0.061370323665
0.061370323665
0.061370323665
0.061370323665
0.061370323665
0.061370323665
0.061370323665
0.061370323665
0.061370323665
0.061370323665
0.061370323665
0.061370323665
0.061370323665
0.061370323665
0.061370323665
0.061370323665
0.061370323665
0.061370323665
0.061370323665
0.061370323665
0.061370323665
0.061370323665
0.061370323665
0.061370323665
0.061370323665
0.061370323665
0.061370323665
0.061370323665
0.061370323665
0.061370323665
0.061370323665
0.061370323665
0.061370323665
0.061370323665
0.061370323665
0.061370323665
0.061370323665
0.061370323665
0.061370323665
0.061370323665
0.061370323665
0.061370323665
0.061370323665
0.061370323665
0.061370323665
0.061370323665
0.061370323665
0.061370323665
0.061370323665
0.061370323665
0.061370323665
0.061370323665
0.061370323665
0.061370323665
0.061370323665
0.061370323665
0.061370323665
0.061370323665
0.061370323665
0.061370323665
0.061370323665
0.061370323665
0.061370323665
0.061370323665
0.061370323665
0.061370323665
0.061370323665
0.061370323665
0.061370323665
0.061370323665
0.061370323665
0.061370323665
0.061370323665
0.061370323665
0.061370323665
0.061370323665
0.061370323665
0.061370323665
0.061370323665
0.061370323665
0.061370323665
0.061370323665
0.061370323665
0.061370323665
0.061370323665
0.061370323665
0.061370323665
0.061370323665
0.061370323665
0.061370323665
0.061370323665
0.061370323665
0.061370323665
0.061370323665
0.061370323665
0.061370323665
0.061370323665
0.061370323665
0.061370323665
0.061370323665
0.061370323665
0.061370323665
0.061370323665
0.061370323665
0.061370323665
0.061370323665
0.061370323665
0.061370323665
0.061370323665
0.061370323665
0.061370323665
0.061370323665
0.061370323665
0.061370323665
0.061370323665
0.061370323665
0.061370323665
0.061370323665
0.061370323665
0.061370323665
0.061370323665
0.061370323665
0.061370323665
0.061370323665
0.061370323665
0.061370323665
0.061370323665
0.061370323665
0.061370323665
0.061370323665
0.061370323665
0.061370323665
0.061370323665
0.061370323665
0.061370323665
0.061370323665
0.061370323665
0.061370323665
0.061370323665
0.061370323665
0.061370323665
0.061370323665
0.061370323665
0.061370323665
0.061370323665
0.061370323665
0.061370323665
0.061370323665
0.061370323665
0.061370323665
0.061370323665
0.061370323665
0.061370323665
0.061370323665
0.061370323665
0.061370323665
0.061370323665
0.061370323665
0.061370323665
0.061370323665
0.061370323665
0.061370323665
0.061370323665
0.061370323665
0.061370323665
0.061370323665
0.061370323665
0.061370323665
0.061370323665
0.061370323665
0.061370323665
0.061370323665
0.061370323665
0.061370323665
0.061370323665
0.061370323665
0.061370323665
0.061370323665
0.061370323665
0.061370323665
0.061370323665
0.061370323665
0.061370323665
0.061370323665
0.061370323665
0.061370323665
0.061370323665
0.061370323665
0.061370323665
0.061370323665
0.061370323665
0.061370323665
0.061370323665
0.061370323665
0.061370323665
0.061370323665
0.061370323665
0.061370323665
0.061370323665
0.061370323665
0.061370323665
0.061370323665
0.061370323665
0.061370323665
0.061370323665
0.061370323665
0.061370323665
0.061370323665
0.061370323665
0.061370323665
0.061370323665
0.061370323665
0.061370323665
0.061370323665
0.061370323665
0.061370323665
0.061370323665
0.061370323665
0.061370323665
0.061370323665
0.061370323665
0.061370323665
0.061370323665
0.061370323665
0.061370323665
0.061370323665
0.061370323665
0.061370323665
0.061370323665
0.061370323665
0.061370323665
0.061370323665
0.061370323665
0.061370323665
0.061370323665
0.061370323665
0.061370323665
0.061370323665
0.061370323665
0.061370323665
0.061370323665
0.061370323665
0.061370323665
0.061370323665
0.061370323665
0.061370323665
0.061370323665
0.061370323665
0.061370323665
0.061370323665
0.061370323665
0.061370323665
0.061370323665
0.061370323665
0.061370323665
0.061370323665
0.061370323665
0.061370323665
0.061370323665
0.061370323665
0.061370323665
0.061370323665
0.061370323665
0.061370323665
0.061370323665
0.061370323665
0.061370323665
0.061370323665
0.061370323665
0.061370323665
0.061370323665
0.061370323665
0.061370323665
0.061370323665
0.061370323665
0.061370323665
0.061370323665
0.061370323665
0.061370323665
0.061370323665
0.061370323665
0.061370323665
0.061370323665
0.061370323665
0.061370323665
0.061370323665
0.061370323665
0.061370323665
0.061370323665
0.061370323665
0.061370323665
0.061370323665
0.061370323665
0.061370323665
0.061370323665
0.061370323665
0.061370323665
0.061370323665
0.061370323665
0.061370323665
0.061370323665
0.061370323665
0.061370323665
0.061370323665
0.061370323665
0.061370323665
0.061370323665
0.061370323665
0.061370323665
0.061370323665
0.061370323665
0.061370323665
0.061370323665
0.061370323665
0.061370323665
0.061370323665
0.061370323665
0.061370323665
0.061370323665
0.061370323665
0.061370323665
0.061370323665
0.061370323665
0.061370323665
0.061370323665
0.061370323665
0.061370323665
0.061370323665
0.061370323665
0.061370323665
0.061370323665
0.061370323665
0.061370323665
0.061370323665
0.061370323665
0.061370323665
0.061370323665
0.061370323665
0.061370323665
0.061370323665
0.061370323665
0.061370323665
0.061370323665
0.061370323665
0.061370323665
0.061370323665
0.061370323665
0.061370323665
0.061370323665
0.061370323665
0.061370323665
0.061370323665
0.061370323665
0.061370323665
0.061370323665
0.061370323665
0.061370323665
0.061370323665
0.061370323665
0.061370323665
0.061370323665
0.061370323665
0.061370323665
0.061370323665
0.061370323665
0.061370323665
0.061370323665
0.061370323665
0.061370323665
0.061370323665
0.061370323665
0.061370323665
0.061370323665
0.061370323665
0.061370323665
0.061370323665
0.061370323665
0.061370323665
0.061370323665
0.061370323665
0.061370323665
0.061370323665
0.061370323665
0.061370323665
0.061370323665
0.061370323665
0.061370323665
0.061370323665
0.061370323665
0.061370323665
0.061370323665
0.061370323665
0.061370323665
0.061370323665
0.061370323665
0.061370323665
0.061370323665
0.061370323665
0.061370323665
0.061370323665
0.061370323665
0.061370323665
0.061370323665
0.061370323665
0.061370323665
0.061370323665
0.061370323665
0.061370323665
0.061370323665
0.061370323665
0.061370323665
0.061370323665
0.061370323665
0.061370323665
0.061370323665
0.061370323665
0.061370323665
0.061370323665
0.061370323665
0.061370323665
0.061370323665
0.061370323665
0.061370323665
0.061370323665
0.061370323665
0.061370323665
0.061370323665
0.061370323665
0.061370323665
0.061370323665
0.061370323665
0.061370323665
0.061370323665
0.061370323665
0.061370323665
0.061370323665
0.061370323665
0.061370323665
0.061370323665
0.061370323665
0.061370323665
0.061370323665
0.061370323665
0.061370323665
0.061370323665
0.061370323665
0.061370323665
0.061370323665
0.061370323665
0.061370323665
0.061370323665
0.061370323665
0.061370323665
0.061370323665
0.061370323665
0.061370323665
0.061370323665
0.061370323665
0.061370323665
0.061370323665
0.061370323665
0.061370323665
0.061370323665
0.061370323665
0.061370323665
0.061370323665
0.061370323665
0.061370323665
0.061370323665
0.061370323665
0.061370323665
0.061370323665
0.061370323665
0.061370323665
0.061370323665
0.061370323665
0.061370323665
0.061370323665
0.061370323665
0.061370323665
0.061370323665
0.061370323665
0.061370323665
0.061370323665
0.061370323665
0.061370323665
0.061370323665
0.061370323665
0.061370323665
0.061370323665
0.061370323665
0.061370323665
0.061370323665
0.061370323665
0.061370323665
0.061370323665
0.061370323665
0.061370323665
0.061370323665
0.061370323665
0.061370323665
0.061370323665
0.061370323665
0.061370323665
0.061370323665
0.061370323665
0.061370323665
0.061370323665
0.061370323665
0.061370323665
0.061370323665
0.061370323665
0.061370323665
0.061370323665
0.061370323665
0.061370323665
0.061370323665
0.061370323665
0.061370323665
0.061370323665
0.061370323665
0.061370323665
0.061370323665
0.061370323665
0.061370323665
0.061370323665
0.061370323665
0.061370323665
0.061370323665
0.061370323665
0.061370323665
0.061370323665
0.061370323665
0.061370323665
0.061370323665
0.061370323665
0.061370323665
0.061370323665
0.061370323665
0.061370323665
0.061370323665
0.061370323665
0.061370323665
0.061370323665
0.061370323665
0.061370323665
0.061370323665
0.061370323665
0.061370323665
0.061370323665
0.061370323665
0.061370323665
0.061370323665
0.061370323665
0.061370323665
0.061370323665
0.061370323665
0.061370323665
0.061370323665
0.061370323665
0.061370323665
0.061370323665
0.061370323665
0.061370323665
0.061370323665
0.061370323665
0.061370323665
0.061370323665
0.061370323665
0.061370323665
0.061370323665
0.061370323665
0.061370323665
0.061370323665
0.061370323665
0.061370323665
0.061370323665
0.061370323665
0.061370323665
0.061370323665
0.061370323665
0.061370323665
0.061370323665
0.061370323665
0.061370323665
0.061370323665
0.061370323665
0.061370323665
0.061370323665
0.061370323665
0.061370323665
0.061370323665
0.061370323665
0.061370323665
0.061370323665
0.061370323665
0.061370323665
0.061370323665
0.061370323665
0.061370323665
0.061370323665
0.061370323665
0.061370323665
0.061370323665
0.061370323665
0.061370323665
0.061370323665
0.061370323665
0.061370323665
0.061370323665
0.061370323665
0.061370323665
0.061370323665
0.061370323665
0.061370323665
0.061370323665
0.061370323665
0.061370323665
0.061370323665
0.061370323665
0.061370323665
0.061370323665
0.061370323665
0.061370323665
0.061370323665
0.061370323665
0.061370323665
0.061370323665
0.061370323665
0.061370323665
0.061370323665
0.061370323665
0.061370323665
0.061370323665
0.061370323665
0.061370323665
0.061370323665
0.061370323665
0.061370323665
0.061370323665
0.061370323665
0.061370323665
0.061370323665
0.061370323665
0.061370323665
0.061370323665
0.061370323665
0.061370323665
0.061370323665
0.061370323665
0.061370323665
0.061370323665
0.061370323665
0.061370323665
0.061370323665
0.061370323665
0.061370323665
0.061370323665
0.061370323665
0.061370323665
0.061370323665
0.061370323665
0.061370323665
0.061370323665
0.061370323665
0.061370323665
0.061370323665
0.061370323665
0.061370323665
0.061370323665
0.061370323665
0.061370323665
0.061370323665
0.061370323665
0.061370323665
0.061370323665
0.061370323665
0.061370323665
0.061370323665
0.061370323665
0.061370323665
0.061370323665
0.061370323665
0.061370323665
0.061370323665
0.061370323665
0.061370323665
0.061370323665
0.061370323665
0.061370323665
0.061370323665
0.061370323665
0.061370323665
0.061370323665
0.061370323665
0.061370323665
0.061370323665
0.061370323665
0.061370323665
0.061370323665
0.061370323665
0.061370323665
0.061370323665
0.061370323665
0.061370323665
0.061370323665
0.061370323665
0.061370323665
0.061370323665
0.061370323665
0.061370323665
0.061370323665
0.061370323665
0.061370323665
0.061370323665
0.061370323665
0.061370323665
0.061370323665
0.061370323665
0.061370323665
0.061370323665
0.061370323665
0.061370323665
0.061370323665
0.061370323665
0.061370323665
0.061370323665
0.061370323665
0.061370323665
0.061370323665
0.061370323665
0.061370323665
0.061370323665
0.061370323665
0.061370323665
0.061370323665
0.061370323665
0.061370323665
0.061370323665
0.061370323665
0.061370323665
0.061370323665
0.061370323665
0.061370323665
0.061370323665
0.061370323665
0.061370323665
0.061370323665
0.061370323665
0.061370323665
0.061370323665
0.061370323665
0.061370323665
0.061370323665
0.061370323665
0.061370323665
0.061370323665
0.061370323665
0.061370323665
0.061370323665
0.061370323665
0.061370323665
0.061370323665
0.061370323665
0.061370323665
0.061370323665
0.061370323665
0.061370323665
0.061370323665
0.061370323665
0.061370323665
0.061370323665
0.061370323665
0.061370323665
0.061370323665
0.061370323665
0.061370323665
0.061370323665
0.061370323665
0.061370323665
0.061370323665
0.061370323665
0.061370323665
0.061370323665
0.061370323665
0.061370323665
0.061370323665
0.061370323665
0.061370323665
0.061370323665
0.061370323665
0.061370323665
0.061370323665
0.061370323665
0.061370323665
0.061370323665
0.061370323665
0.061370323665
0.061370323665
0.061370323665
0.061370323665
0.061370323665
0.061370323665
0.061370323665
0.061370323665
0.061370323665
0.061370323665
0.061370323665
0.061370323665
0.061370323665
0.061370323665
0.061370323665
0.061370323665
0.061370323665
0.061370323665
0.061370323665
0.061370323665
0.061370323665
0.061370323665
0.061370323665
0.061370323665
0.061370323665
0.061370323665
0.061370323665
0.061370323665
0.061370323665
0.061370323665
0.061370323665
0.061370323665
0.061370323665
0.061370323665
0.061370323665
0.061370323665
0.061370323665
0.061370323665
0.061370323665
0.061370323665
0.061370323665
0.061370323665
0.061370323665
0.061370323665
0.061370323665
0.061370323665
0.061370323665
0.061370323665
0.061370323665
0.061370323665
0.061370323665
0.061370323665
0.061370323665
0.061370323665
0.061370323665
0.061370323665
0.061370323665
0.061370323665
0.061370323665
0.061370323665
0.061370323665
0.061370323665
0.061370323665
0.061370323665
0.061370323665
0.061370323665
0.061370323665
0.061370323665
0.061370323665
0.061370323665
0.061370323665
0.061370323665
0.061370323665
0.061370323665
0.061370323665
0.061370323665
0.061370323665
0.061370323665
0.061370323665
0.061370323665
0.061370323665
0.061370323665
0.061370323665
0.061370323665
0.061370323665
0.061370323665
0.061370323665
0.061370323665
0.061370323665
0.061370323665
0.061370323665
0.061370323665
0.061370323665
0.061370323665
0.061370323665
0.061370323665
0.061370323665
0.061370323665
0.061370323665
0.061370323665
0.061370323665
0.061370323665
0.061370323665
0.061370323665
0.061370323665
0.061370323665
0.061370323665
0.061370323665
0.061370323665
0.061370323665
0.061370323665
0.061370323665
0.061370323665
0.061370323665
0.061370323665
0.061370323665
0.061370323665
0.061370323665
0.061370323665
0.061370323665
0.061370323665
0.061370323665
0.061370323665
0.061370323665
0.061370323665
0.061370323665
0.061370323665
0.061370323665
0.061370323665
0.061370323665
0.061370323665
0.061370323665
0.061370323665
0.061370323665
0.061370323665
0.061370323665
0.061370323665
0.061370323665
0.061370323665
0.061370323665
0.061370323665
0.061370323665
0.061370323665
0.061370323665
0.061370323665
0.061370323665
0.061370323665
0.061370323665
0.061370323665
0.061370323665
0.061370323665
0.061370323665
0.061370323665
0.061370323665
0.061370323665
0.061370323665
0.061370323665
0.061370323665
0.061370323665
0.061370323665
0.061370323665
0.061370323665
0.061370323665
0.061370323665
0.061370323665
0.061370323665
0.061370323665
0.061370323665
0.061370323665
0.061370323665
0.061370323665
0.061370323665
0.061370323665
0.061370323665
0.061370323665
0.061370323665
0.061370323665
0.061370323665
0.061370323665
0.061370323665
0.061370323665
0.061370323665
0.061370323665
0.061370323665
0.061370323665
0.061370323665
0.061370323665
0.061370323665
0.061370323665
0.061370323665
0.061370323665
0.061370323665
0.061370323665
0.061370323665
0.061370323665
0.061370323665
0.061370323665
0.061370323665
0.061370323665
0.061370323665
0.061370323665
0.061370323665
0.061370323665
0.061370323665
0.061370323665
0.061370323665
0.061370323665
0.061370323665
0.061370323665
0.061370323665
0.061370323665
0.061370323665
0.061370323665
0.061370323665
0.061370323665
0.061370323665
0.061370323665
0.061370323665
0.061370323665
0.061370323665
0.061370323665
0.061370323665
0.061370323665
0.061370323665
0.061370323665
0.061370323665
0.061370323665
0.061370323665
0.061370323665
0.061370323665
0.061370323665
0.061370323665
0.061370323665
0.061370323665
0.061370323665
0.061370323665
0.061370323665
0.061370323665
0.061370323665
0.061370323665
0.061370323665
0.061370323665
0.061370323665
0.061370323665
0.061370323665
0.061370323665
0.061370323665
0.061370323665
0.061370323665
0.061370323665
0.061370323665
0.061370323665
0.061370323665
0.061370323665
0.061370323665
0.061370323665
0.061370323665
0.061370323665
0.061370323665
0.061370323665
0.061370323665
0.061370323665
0.061370323665
0.061370323665
0.061370323665
0.061370323665
0.061370323665
0.061370323665
0.061370323665
0.061370323665
0.061370323665
0.061370323665
0.061370323665
0.061370323665
0.061370323665
0.061370323665
0.061370323665
0.061370323665
0.061370323665
0.061370323665
0.061370323665
0.061370323665
0.061370323665
0.061370323665
0.061370323665
0.061370323665
0.061370323665
0.061370323665
0.061370323665
0.061370323665
0.061370323665
0.061370323665
0.061370323665
0.061370323665
0.061370323665
0.061370323665
0.061370323665
0.061370323665
0.061370323665
0.061370323665
0.061370323665
0.061370323665
0.061370323665
0.061370323665
0.061370323665
0.061370323665
0.061370323665
0.061370323665
0.061370323665
0.061370323665
0.061370323665
0.061370323665
0.061370323665
0.061370323665
0.061370323665
0.061370323665
0.061370323665
0.061370323665
0.061370323665
0.061370323665
0.061370323665
0.061370323665
0.061370323665
0.061370323665
0.061370323665
0.061370323665
0.061370323665
0.061370323665
0.061370323665
0.061370323665
0.061370323665
0.061370323665
0.061370323665
0.061370323665
0.061370323665
0.061370323665
0.061370323665
0.061370323665
0.061370323665
0.061370323665
0.061370323665
0.061370323665
0.061370323665
0.061370323665
0.061370323665
0.061370323665
0.061370323665
0.061370323665
0.061370323665
0.061370323665
0.061370323665
0.061370323665
0.061370323665
0.061370323665
0.061370323665
0.061370323665
0.061370323665
0.061370323665
0.061370323665
0.061370323665
0.061370323665
0.061370323665
0.061370323665
0.061370323665
0.061370323665
0.061370323665
0.061370323665
0.061370323665
0.061370323665
0.061370323665
0.061370323665
0.061370323665
0.061370323665
0.061370323665
0.061370323665
0.061370323665
0.061370323665
0.061370323665
0.061370323665
0.061370323665
0.061370323665
0.061370323665
0.061370323665
0.061370323665
0.061370323665
0.061370323665
0.061370323665
0.061370323665
0.061370323665
0.061370323665
0.061370323665
0.061370323665
0.061370323665
0.061370323665
0.061370323665
0.061370323665
0.061370323665
0.061370323665
0.061370323665
0.061370323665
0.061370323665
0.061370323665
0.061370323665
0.061370323665
0.061370323665
0.061370323665
0.061370323665
0.061370323665
0.061370323665
0.061370323665
0.061370323665
0.061370323665
0.061370323665
0.061370323665
0.061370323665
0.061370323665
0.061370323665
0.061370323665
0.061370323665
0.061370323665
0.061370323665
0.061370323665
0.061370323665
0.061370323665
0.061370323665
0.061370323665
0.061370323665
0.061370323665
0.061370323665
0.061370323665
0.061370323665
0.061370323665
0.061370323665
0.061370323665
0.061370323665
0.061370323665
0.061370323665
0.061370323665
0.061370323665
0.061370323665
0.061370323665
0.061370323665
0.061370323665
0.061370323665
0.061370323665
0.061370323665
0.061370323665
0.061370323665
0.061370323665
0.061370323665
0.061370323665
0.061370323665
0.061370323665
0.061370323665
0.061370323665
0.061370323665
0.061370323665
0.061370323665
0.061370323665
0.061370323665
0.061370323665
0.061370323665
0.061370323665
0.061370323665
0.061370323665
0.061370323665
0.061370323665
0.061370323665
0.061370323665
0.061370323665
0.061370323665
0.061370323665
0.061370323665
0.061370323665
0.061370323665
0.061370323665
0.061370323665
0.061370323665
0.061370323665
0.061370323665
0.061370323665
0.061370323665
0.061370323665
0.061370323665
0.061370323665
0.061370323665
0.061370323665
0.061370323665
0.061370323665
0.061370323665
0.061370323665
0.061370323665
0.061370323665
0.061370323665
0.061370323665
0.061370323665
0.061370323665
0.061370323665
0.061370323665
0.061370323665
0.061370323665
0.061370323665
0.061370323665
0.061370323665
0.061370323665
0.061370323665
0.061370323665
0.061370323665
0.061370323665
0.061370323665
0.061370323665
0.061370323665
0.061370323665
0.061370323665
0.061370323665
0.061370323665
0.061370323665
0.061370323665
0.061370323665
0.061370323665
0.061370323665
0.061370323665
0.061370323665
0.061370323665
0.061370323665
0.061370323665
0.061370323665
0.061370323665
0.061370323665
0.061370323665
0.061370323665
0.061370323665
0.061370323665
0.061370323665
0.061370323665
0.061370323665
0.061370323665
0.061370323665
0.061370323665
0.061370323665
0.061370323665
0.061370323665
0.061370323665
0.061370323665
0.061370323665
0.061370323665
0.061370323665
0.061370323665
0.061370323665
0.061370323665
0.061370323665
0.061370323665
0.061370323665
0.061370323665
0.061370323665
0.061370323665
0.061370323665
0.061370323665
0.061370323665
0.061370323665
0.061370323665
0.061370323665
0.061370323665
0.061370323665
0.061370323665
0.061370323665
0.061370323665
0.061370323665
0.061370323665
0.061370323665
0.061370323665
0.061370323665
0.061370323665
0.061370323665
0.061370323665
0.061370323665
0.061370323665
0.061370323665
0.061370323665
0.061370323665
0.061370323665
0.061370323665
0.061370323665
0.061370323665
0.061370323665
0.061370323665
0.061370323665
0.061370323665
0.061370323665
0.061370323665
0.061370323665
0.061370323665
0.061370323665
0.061370323665
0.061370323665
0.061370323665
0.061370323665
0.061370323665
0.061370323665
0.061370323665
0.061370323665
0.061370323665
0.061370323665
0.061370323665
0.061370323665
0.061370323665
0.061370323665
0.061370323665
0.061370323665
0.061370323665
0.061370323665
0.061370323665
0.061370323665
0.061370323665
0.061370323665
0.061370323665
0.061370323665
0.061370323665
0.061370323665
0.061370323665
0.061370323665
0.061370323665
0.061370323665
0.061370323665
0.061370323665
0.061370323665
0.061370323665
0.061370323665
0.061370323665
0.061370323665
0.061370323665
0.061370323665
0.061370323665
0.061370323665
0.061370323665
0.061370323665
0.061370323665
0.061370323665
0.061370323665
0.061370323665
0.061370323665
0.061370323665
0.061370323665
