0.115328467153
0.118978102190
0.117518248175
0.119708029197
0.116788321168
0.118248175182
0.118248175182
0.118978102190
0.118248175182
0.118248175182
0.118248175182
0.118248175182
0.118248175182
0.118248175182
0.118248175182
0.118248175182
0.118248175182
0.118248175182
0.118248175182
0.117518248175
0.119708029197
0.119708029197
0.114598540146
0.116058394161
0.114598540146
0.114598540146
0.110948905109
0.112408759124
0.109489051095
0.109489051095
0.105109489051
0.105109489051
0.096350364964
0.095620437956
0.091240875912
0.094160583942
0.099270072993
0.102919708029
0.108029197080
0.110948905109
0.110218978102
0.114598540146
0.113138686131
0.115328467153
0.113868613139
0.112408759124
0.112408759124
0.114598540146
0.112408759124
0.122627737226
0.132846715328
0.144525547445
0.151824817518
0.161313868613
0.165693430657
0.170072992701
0.180291970803
0.183211678832
0.190510948905
0.189051094891
0.196350364964
0.193430656934
0.208029197080
0.189781021898
0.208759124088
0.172992700730
0.204379562044
0.148175182482
0.201459854015
0.172262773723
0.196350364964
0.179562043796
0.172262773723
0.186861313869
0.169343065693
0.162773722628
0.150364963504
0.174452554745
0.175182481752
0.164963503650
0.145985401460
0.209489051095
0.197810218978
0.168613138686
0.110218978102
0.217518248175
0.202189781022
0.201459854015
0.110218978102
0.199270072993
0.201459854015
0.186861313869
0.141605839416
0.197080291971
0.206569343066
0.173722627737
0.127737226277
0.180291970803
0.216058394161
0.157664233577
0.108759124088
0.164233576642
0.221897810219
0.180291970803
0.172262773723
0.177372262774
0.148905109489
0.184671532847
0.210948905109
0.148175182482
0.148905109489
0.157664233577
0.136496350365
0.218248175182
0.218978102190
0.158394160584
0.138686131387
0.230656934307
0.200729927007
0.172262773723
0.148175182482
0.239416058394
0.150364963504
0.181751824818
0.231386861314
0.232846715328
0.108029197080
0.186861313869
0.213138686131
0.200000000000
0.094890510949
0.193430656934
0.183211678832
0.230656934307
0.209489051095
0.180291970803
0.118978102190
0.185401459854
0.218978102190
0.199270072993
0.116788321168
0.191240875912
0.221897810219
0.224817518248
0.211678832117
0.186861313869
0.140145985401
0.183941605839
0.105109489051
0.194890510949
0.224817518248
0.225547445255
0.222627737226
0.224817518248
0.211678832117
0.229197080292
0.199270072993
0.214598540146
0.118978102190
0.154744525547
0.224817518248
0.227007299270
0.160583941606
0.229927007299
0.133576642336
0.229927007299
0.175182481752
0.218978102190
0.105109489051
0.213868613139
0.210218978102
0.215328467153
0.202189781022
0.186131386861
0.208029197080
0.216788321168
0.148905109489
0.224087591241
0.208759124088
0.143795620438
0.145985401460
0.159854014599
0.189051094891
0.182481751825
0.154744525547
0.168613138686
0.194890510949
0.216788321168
0.138686131387
0.166423357664
0.217518248175
0.161313868613
0.201459854015
0.185401459854
0.172992700730
0.202189781022
0.207299270073
0.230656934307
0.216058394161
0.190510948905
0.186131386861
0.192700729927
0.164963503650
0.177372262774
0.174452554745
0.221897810219
0.209489051095
0.209489051095
0.166423357664
0.205109489051
0.123357664234
0.150364963504
0.219708029197
0.129927007299
0.093430656934
0.062773722628
0.029927007299
0.157664233577
0.137226277372
0.141605839416
0.135766423358
0.140145985401
0.131386861314
0.134306569343
0.100000000000
0.067153284672
0.113138686131
0.119708029197
0.125547445255
0.136496350365
0.132846715328
0.129927007299
0.113868613139
0.137226277372
0.124087591241
0.101459854015
0.098540145985
0.137226277372
0.120437956204
0.160583941606
0.144525547445
0.181021897810
0.118978102190
0.094890510949
0.045255474453
0.116788321168
0.026277372263
0.110218978102
0.086861313869
0.109489051095
0.130656934307
0.130656934307
0.130656934307
0.127007299270
0.053284671533
0.127007299270
0.085401459854
0.117518248175
0.057664233577
0.122627737226
0.109489051095
0.121167883212
0.048175182482
0.151824817518
0.154744525547
0.178102189781
0.077372262774
0.192700729927
0.178102189781
0.090510948905
0.176642335766
0.156934306569
0.111678832117
0.130656934307
0.115328467153
0.092700729927
0.025547445255
0.145985401460
0.025547445255
0.086131386861
0.115328467153
0.160583941606
0.025547445255
0.025547445255
0.025547445255
0.025547445255
0.025547445255
0.025547445255
0.025547445255
0.025547445255
0.025547445255
0.025547445255
0.025547445255
0.025547445255
0.025547445255
0.025547445255
0.025547445255
0.025547445255
0.025547445255
0.025547445255
0.025547445255
0.025547445255
0.025547445255
0.025547445255
0.025547445255
0.025547445255
0.025547445255
0.025547445255
0.025547445255
0.025547445255
0.025547445255
0.025547445255
0.025547445255
0.025547445255
0.025547445255
0.025547445255
0.025547445255
0.025547445255
0.025547445255
0.025547445255
0.025547445255
0.025547445255
0.025547445255
0.025547445255
0.025547445255
0.025547445255
0.025547445255
0.025547445255
0.025547445255
0.025547445255
0.025547445255
0.025547445255
0.025547445255
0.025547445255
0.025547445255
0.025547445255
0.025547445255
0.025547445255
0.025547445255
0.025547445255
0.025547445255
0.025547445255
0.025547445255
0.025547445255
0.025547445255
0.025547445255
0.025547445255
0.025547445255
0.025547445255
0.025547445255
0.025547445255
0.025547445255
0.025547445255
0.025547445255
0.025547445255
0.025547445255
0.025547445255
0.025547445255
0.025547445255
0.025547445255
0.025547445255
0.025547445255
0.025547445255
0.025547445255
0.025547445255
0.025547445255
0.025547445255
0.025547445255
0.025547445255
0.025547445255
0.025547445255
0.025547445255
0.025547445255
0.025547445255
0.025547445255
0.025547445255
0.025547445255
0.025547445255
0.025547445255
0.025547445255
0.025547445255
0.025547445255
0.025547445255
0.025547445255
0.025547445255
0.025547445255
0.025547445255
0.025547445255
0.025547445255
0.025547445255
0.025547445255
0.025547445255
0.025547445255
0.025547445255
0.025547445255
0.025547445255
0.025547445255
0.025547445255
0.025547445255
0.025547445255
0.025547445255
0.025547445255
0.025547445255
0.025547445255
0.025547445255
0.025547445255
0.025547445255
0.025547445255
0.025547445255
0.025547445255
0.025547445255
0.025547445255
0.025547445255
0.025547445255
0.025547445255
0.025547445255
0.025547445255
0.025547445255
0.025547445255
0.025547445255
0.025547445255
0.025547445255
0.025547445255
0.025547445255
0.025547445255
0.025547445255
0.025547445255
0.025547445255
0.025547445255
0.025547445255
0.025547445255
0.025547445255
0.025547445255
0.025547445255
0.025547445255
0.025547445255
0.025547445255
0.025547445255
0.025547445255
0.025547445255
0.025547445255
0.025547445255
0.025547445255
0.025547445255
0.025547445255
0.025547445255
0.025547445255
0.025547445255
0.025547445255
0.025547445255
0.025547445255
0.025547445255
0.025547445255
0.025547445255
0.025547445255
0.025547445255
0.025547445255
0.025547445255
0.025547445255
0.025547445255
0.025547445255
0.025547445255
0.025547445255
0.025547445255
0.025547445255
0.025547445255
0.025547445255
0.025547445255
0.025547445255
0.025547445255
0.025547445255
0.025547445255
0.025547445255
0.025547445255
0.025547445255
0.025547445255
0.025547445255
0.025547445255
0.025547445255
0.025547445255
0.025547445255
0.025547445255
0.025547445255
0.025547445255
0.025547445255
0.025547445255
0.025547445255
0.025547445255
0.025547445255
0.025547445255
0.025547445255
0.025547445255
0.025547445255
0.025547445255
0.025547445255
0.025547445255
0.025547445255
0.025547445255
0.025547445255
0.025547445255
0.025547445255
0.025547445255
0.025547445255
0.025547445255
0.025547445255
0.025547445255
0.025547445255
0.025547445255
0.025547445255
0.025547445255
0.025547445255
0.025547445255
0.025547445255
0.025547445255
0.025547445255
0.025547445255
0.025547445255
0.025547445255
0.025547445255
0.025547445255
0.025547445255
0.025547445255
0.025547445255
0.025547445255
0.025547445255
0.025547445255
0.025547445255
0.025547445255
0.025547445255
0.025547445255
0.025547445255
0.025547445255
0.025547445255
0.025547445255
0.025547445255
0.025547445255
0.025547445255
0.025547445255
0.025547445255
0.025547445255
0.025547445255
0.025547445255
0.025547445255
0.025547445255
0.025547445255
0.025547445255
0.025547445255
0.025547445255
0.025547445255
0.025547445255
0.025547445255
0.025547445255
0.025547445255
0.025547445255
0.025547445255
0.025547445255
0.025547445255
0.025547445255
0.025547445255
0.025547445255
0.025547445255
0.025547445255
0.025547445255
0.025547445255
0.025547445255
0.025547445255
0.025547445255
0.025547445255
0.025547445255
0.025547445255
0.025547445255
0.025547445255
0.025547445255
0.025547445255
0.025547445255
0.025547445255
0.025547445255
0.025547445255
0.025547445255
0.025547445255
0.025547445255
0.025547445255
0.025547445255
0.025547445255
0.025547445255
0.025547445255
0.025547445255
0.025547445255
0.025547445255
0.025547445255
0.025547445255
0.025547445255
0.025547445255
0.025547445255
0.025547445255
0.025547445255
0.025547445255
0.025547445255
0.025547445255
0.025547445255
0.025547445255
0.025547445255
0.025547445255
0.025547445255
0.025547445255
0.025547445255
0.025547445255
0.025547445255
0.025547445255
0.025547445255
0.025547445255
0.025547445255
0.025547445255
0.025547445255
0.025547445255
0.025547445255
0.025547445255
0.025547445255
0.025547445255
0.025547445255
0.025547445255
0.025547445255
0.025547445255
0.025547445255
0.025547445255
0.025547445255
0.025547445255
0.025547445255
0.025547445255
0.025547445255
0.025547445255
0.025547445255
0.025547445255
0.025547445255
0.025547445255
0.025547445255
0.025547445255
0.025547445255
0.025547445255
0.025547445255
0.025547445255
0.025547445255
0.025547445255
0.025547445255
0.025547445255
0.025547445255
0.025547445255
0.025547445255
0.025547445255
0.025547445255
0.025547445255
0.025547445255
0.025547445255
0.025547445255
0.025547445255
0.025547445255
0.025547445255
0.025547445255
0.025547445255
0.025547445255
0.025547445255
0.025547445255
0.025547445255
0.025547445255
0.025547445255
0.025547445255
0.025547445255
0.025547445255
0.025547445255
0.025547445255
0.025547445255
0.025547445255
0.025547445255
0.025547445255
0.025547445255
0.025547445255
0.025547445255
0.025547445255
0.025547445255
0.025547445255
0.025547445255
0.025547445255
0.025547445255
0.025547445255
0.025547445255
0.025547445255
0.025547445255
0.025547445255
0.025547445255
0.025547445255
0.025547445255
0.025547445255
0.025547445255
0.025547445255
0.025547445255
0.025547445255
0.025547445255
0.025547445255
0.025547445255
0.025547445255
0.025547445255
0.025547445255
0.025547445255
0.025547445255
0.025547445255
0.025547445255
0.025547445255
0.025547445255
0.025547445255
0.025547445255
0.025547445255
0.025547445255
0.025547445255
0.025547445255
0.025547445255
0.025547445255
0.025547445255
0.025547445255
0.025547445255
0.025547445255
0.025547445255
0.025547445255
0.025547445255
0.025547445255
0.025547445255
0.025547445255
0.025547445255
0.025547445255
0.025547445255
0.025547445255
0.025547445255
0.025547445255
0.025547445255
0.025547445255
0.025547445255
0.025547445255
0.025547445255
0.025547445255
0.025547445255
0.025547445255
0.025547445255
0.025547445255
0.025547445255
0.025547445255
0.025547445255
0.025547445255
0.025547445255
0.025547445255
0.025547445255
0.025547445255
0.025547445255
0.025547445255
0.025547445255
0.025547445255
0.025547445255
0.025547445255
0.025547445255
0.025547445255
0.025547445255
0.025547445255
0.025547445255
0.025547445255
0.025547445255
0.025547445255
0.025547445255
0.025547445255
0.025547445255
0.025547445255
0.025547445255
0.025547445255
0.025547445255
0.025547445255
0.025547445255
0.025547445255
0.025547445255
0.025547445255
0.025547445255
0.025547445255
0.025547445255
0.025547445255
0.025547445255
0.025547445255
0.025547445255
0.025547445255
0.025547445255
0.025547445255
0.025547445255
0.025547445255
0.025547445255
0.025547445255
0.025547445255
0.025547445255
0.025547445255
0.025547445255
0.025547445255
0.025547445255
0.025547445255
0.025547445255
0.025547445255
0.025547445255
0.025547445255
0.025547445255
0.025547445255
0.025547445255
0.025547445255
0.025547445255
0.025547445255
0.025547445255
0.025547445255
0.025547445255
0.025547445255
0.025547445255
0.025547445255
0.025547445255
0.025547445255
0.025547445255
0.025547445255
0.025547445255
0.025547445255
0.025547445255
0.025547445255
0.025547445255
0.025547445255
0.025547445255
0.025547445255
0.025547445255
0.025547445255
0.025547445255
0.025547445255
0.025547445255
0.025547445255
0.025547445255
0.025547445255
0.025547445255
0.025547445255
0.025547445255
0.025547445255
0.025547445255
0.025547445255
0.025547445255
0.025547445255
0.025547445255
0.025547445255
0.025547445255
0.025547445255
0.025547445255
0.025547445255
0.025547445255
0.025547445255
0.025547445255
0.025547445255
0.025547445255
0.025547445255
0.025547445255
0.025547445255
0.025547445255
0.025547445255
0.025547445255
0.025547445255
0.025547445255
0.025547445255
0.025547445255
0.025547445255
0.025547445255
0.025547445255
0.025547445255
0.025547445255
0.025547445255
0.025547445255
0.025547445255
0.025547445255
0.025547445255
0.025547445255
0.025547445255
0.025547445255
0.025547445255
0.025547445255
0.025547445255
0.025547445255
0.025547445255
0.025547445255
0.025547445255
0.025547445255
0.025547445255
0.025547445255
0.025547445255
0.025547445255
0.025547445255
0.025547445255
0.025547445255
0.025547445255
0.025547445255
0.025547445255
0.025547445255
0.025547445255
0.025547445255
0.025547445255
0.025547445255
0.025547445255
0.025547445255
0.025547445255
0.025547445255
0.025547445255
0.025547445255
0.025547445255
0.025547445255
0.025547445255
0.025547445255
0.025547445255
0.025547445255
0.025547445255
0.025547445255
0.025547445255
0.025547445255
0.025547445255
0.025547445255
0.025547445255
0.025547445255
0.025547445255
0.025547445255
0.025547445255
0.025547445255
0.025547445255
0.025547445255
0.025547445255
0.025547445255
0.025547445255
0.025547445255
0.025547445255
0.025547445255
0.025547445255
0.025547445255
0.025547445255
0.025547445255
0.025547445255
0.025547445255
0.025547445255
0.025547445255
0.025547445255
0.025547445255
0.025547445255
0.025547445255
0.025547445255
0.025547445255
0.025547445255
0.025547445255
0.025547445255
0.025547445255
0.025547445255
0.025547445255
0.025547445255
0.025547445255
0.025547445255
0.025547445255
0.025547445255
0.025547445255
0.025547445255
0.025547445255
0.025547445255
0.025547445255
0.025547445255
0.025547445255
0.025547445255
0.025547445255
0.025547445255
0.025547445255
0.025547445255
0.025547445255
0.025547445255
0.025547445255
0.025547445255
0.025547445255
0.025547445255
0.025547445255
0.025547445255
0.025547445255
0.025547445255
0.025547445255
0.025547445255
0.025547445255
0.025547445255
0.025547445255
0.025547445255
0.025547445255
0.025547445255
0.025547445255
0.025547445255
0.025547445255
0.025547445255
0.025547445255
0.025547445255
0.025547445255
0.025547445255
0.025547445255
0.025547445255
0.025547445255
0.025547445255
0.025547445255
0.025547445255
0.025547445255
0.025547445255
0.025547445255
0.025547445255
0.025547445255
0.025547445255
0.025547445255
0.025547445255
0.025547445255
0.025547445255
0.025547445255
0.025547445255
0.025547445255
0.025547445255
0.025547445255
0.025547445255
0.025547445255
0.025547445255
0.025547445255
0.025547445255
0.025547445255
0.025547445255
0.025547445255
0.025547445255
0.025547445255
0.025547445255
0.025547445255
0.025547445255
0.025547445255
0.025547445255
0.025547445255
0.025547445255
0.025547445255
0.025547445255
0.025547445255
0.025547445255
0.025547445255
0.025547445255
0.025547445255
0.025547445255
0.025547445255
0.025547445255
0.025547445255
0.025547445255
0.025547445255
0.025547445255
0.025547445255
0.025547445255
0.025547445255
0.025547445255
0.025547445255
0.025547445255
0.025547445255
0.025547445255
0.025547445255
0.025547445255
0.025547445255
0.025547445255
0.025547445255
0.025547445255
0.025547445255
0.025547445255
0.025547445255
0.025547445255
0.025547445255
0.025547445255
0.025547445255
0.025547445255
0.025547445255
0.025547445255
0.025547445255
0.025547445255
0.025547445255
0.025547445255
0.025547445255
0.025547445255
0.025547445255
0.025547445255
0.025547445255
0.025547445255
0.025547445255
0.025547445255
0.025547445255
0.025547445255
0.025547445255
0.025547445255
0.025547445255
0.025547445255
0.025547445255
0.025547445255
0.025547445255
0.025547445255
0.025547445255
0.025547445255
0.025547445255
0.025547445255
0.025547445255
0.025547445255
0.025547445255
0.025547445255
0.025547445255
0.025547445255
0.025547445255
0.025547445255
0.025547445255
0.025547445255
0.025547445255
0.025547445255
0.025547445255
0.025547445255
0.025547445255
0.025547445255
0.025547445255
0.025547445255
0.025547445255
0.025547445255
0.025547445255
0.025547445255
0.025547445255
0.025547445255
0.025547445255
0.025547445255
0.025547445255
0.025547445255
0.025547445255
0.025547445255
0.025547445255
0.025547445255
0.025547445255
0.025547445255
0.025547445255
0.025547445255
0.025547445255
0.025547445255
0.025547445255
0.025547445255
0.025547445255
0.025547445255
0.025547445255
0.025547445255
0.025547445255
0.025547445255
0.025547445255
0.025547445255
0.025547445255
0.025547445255
0.025547445255
0.025547445255
0.025547445255
0.025547445255
0.025547445255
0.025547445255
0.025547445255
0.025547445255
0.025547445255
0.025547445255
0.025547445255
0.025547445255
0.025547445255
0.025547445255
0.025547445255
0.025547445255
0.025547445255
0.025547445255
0.025547445255
0.025547445255
0.025547445255
0.025547445255
0.025547445255
0.025547445255
0.025547445255
0.025547445255
0.025547445255
0.025547445255
0.025547445255
0.025547445255
0.025547445255
0.025547445255
0.025547445255
0.025547445255
0.025547445255
0.025547445255
0.025547445255
0.025547445255
0.025547445255
0.025547445255
0.025547445255
0.025547445255
0.025547445255
0.025547445255
0.025547445255
0.025547445255
0.025547445255
0.025547445255
0.025547445255
0.025547445255
0.025547445255
0.025547445255
0.025547445255
0.025547445255
0.025547445255
0.025547445255
0.025547445255
0.025547445255
0.025547445255
0.025547445255
0.025547445255
0.025547445255
0.025547445255
0.025547445255
0.025547445255
0.025547445255
0.025547445255
0.025547445255
0.025547445255
0.025547445255
0.025547445255
0.025547445255
0.025547445255
0.025547445255
0.025547445255
0.025547445255
0.025547445255
0.025547445255
0.025547445255
0.025547445255
0.025547445255
0.025547445255
0.025547445255
0.025547445255
0.025547445255
0.025547445255
0.025547445255
0.025547445255
0.025547445255
0.025547445255
0.025547445255
0.025547445255
0.025547445255
0.025547445255
0.025547445255
0.025547445255
0.025547445255
0.025547445255
0.025547445255
0.025547445255
0.025547445255
0.025547445255
0.025547445255
0.025547445255
0.025547445255
0.025547445255
0.025547445255
0.025547445255
0.025547445255
0.025547445255
0.025547445255
0.025547445255
0.025547445255
0.025547445255
0.025547445255
0.025547445255
0.025547445255
0.025547445255
0.025547445255
0.025547445255
0.025547445255
0.025547445255
0.025547445255
0.025547445255
0.025547445255
0.025547445255
0.025547445255
0.025547445255
0.025547445255
0.025547445255
0.025547445255
0.025547445255
0.025547445255
0.025547445255
0.025547445255
0.025547445255
0.025547445255
0.025547445255
0.025547445255
0.025547445255
0.025547445255
0.025547445255
0.025547445255
0.025547445255
0.025547445255
0.025547445255
0.025547445255
0.025547445255
0.025547445255
0.025547445255
0.025547445255
0.025547445255
0.025547445255
0.025547445255
0.025547445255
0.025547445255
0.025547445255
0.025547445255
0.025547445255
0.025547445255
0.025547445255
0.025547445255
0.025547445255
0.025547445255
0.025547445255
0.025547445255
0.025547445255
0.025547445255
0.025547445255
0.025547445255
0.025547445255
0.025547445255
0.025547445255
0.025547445255
0.025547445255
0.025547445255
0.025547445255
0.025547445255
0.025547445255
0.025547445255
0.025547445255
0.025547445255
0.025547445255
0.025547445255
0.025547445255
0.025547445255
0.025547445255
0.025547445255
0.025547445255
0.025547445255
0.025547445255
0.025547445255
0.025547445255
0.025547445255
0.025547445255
0.025547445255
0.025547445255
0.025547445255
0.025547445255
0.025547445255
0.025547445255
0.025547445255
0.025547445255
0.025547445255
0.025547445255
0.025547445255
0.025547445255
0.025547445255
0.025547445255
0.025547445255
0.025547445255
0.025547445255
0.025547445255
0.025547445255
0.025547445255
0.025547445255
0.025547445255
0.025547445255
0.025547445255
0.025547445255
0.025547445255
0.025547445255
0.025547445255
0.025547445255
0.025547445255
0.025547445255
0.025547445255
0.025547445255
0.025547445255
0.025547445255
0.025547445255
0.025547445255
0.025547445255
0.025547445255
0.025547445255
0.025547445255
0.025547445255
0.025547445255
0.025547445255
0.025547445255
0.025547445255
0.025547445255
0.025547445255
0.025547445255
0.025547445255
0.025547445255
0.025547445255
0.025547445255
0.025547445255
0.025547445255
0.025547445255
0.025547445255
0.025547445255
0.025547445255
0.025547445255
0.025547445255
0.025547445255
0.025547445255
0.025547445255
0.025547445255
0.025547445255
0.025547445255
0.025547445255
0.025547445255
0.025547445255
0.025547445255
0.025547445255
0.025547445255
0.025547445255
0.025547445255
0.025547445255
0.025547445255
0.025547445255
0.025547445255
0.025547445255
0.025547445255
0.025547445255
0.025547445255
0.025547445255
0.025547445255
0.025547445255
0.025547445255
0.025547445255
0.025547445255
0.025547445255
0.025547445255
0.025547445255
0.025547445255
0.025547445255
0.025547445255
0.025547445255
0.025547445255
0.025547445255
0.025547445255
0.025547445255
0.025547445255
0.025547445255
0.025547445255
0.025547445255
0.025547445255
0.025547445255
0.025547445255
0.025547445255
0.025547445255
0.025547445255
0.025547445255
0.025547445255
0.025547445255
0.025547445255
0.025547445255
0.025547445255
0.025547445255
0.025547445255
0.025547445255
0.025547445255
0.025547445255
0.025547445255
0.025547445255
0.025547445255
0.025547445255
0.025547445255
0.025547445255
0.025547445255
0.025547445255
0.025547445255
0.025547445255
0.025547445255
0.025547445255
0.025547445255
0.025547445255
0.025547445255
0.025547445255
0.025547445255
0.025547445255
0.025547445255
0.025547445255
0.025547445255
0.025547445255
0.025547445255
0.025547445255
0.025547445255
0.025547445255
0.025547445255
0.025547445255
0.025547445255
0.025547445255
0.025547445255
0.025547445255
0.025547445255
0.025547445255
0.025547445255
0.025547445255
0.025547445255
0.025547445255
0.025547445255
0.025547445255
0.025547445255
0.025547445255
0.025547445255
0.025547445255
0.025547445255
0.025547445255
0.025547445255
0.025547445255
0.025547445255
0.025547445255
0.025547445255
0.025547445255
0.025547445255
0.025547445255
0.025547445255
0.025547445255
0.025547445255
0.025547445255
0.025547445255
0.025547445255
0.025547445255
0.025547445255
0.025547445255
0.025547445255
0.025547445255
0.025547445255
0.025547445255
0.025547445255
0.025547445255
0.025547445255
0.025547445255
0.025547445255
0.025547445255
0.025547445255
0.025547445255
0.025547445255
0.025547445255
0.025547445255
0.025547445255
0.025547445255
0.025547445255
0.025547445255
0.025547445255
0.025547445255
0.025547445255
0.025547445255
0.025547445255
0.025547445255
0.025547445255
0.025547445255
0.025547445255
0.025547445255
0.025547445255
0.025547445255
0.025547445255
0.025547445255
0.025547445255
0.025547445255
0.025547445255
0.025547445255
0.025547445255
0.025547445255
0.025547445255
0.025547445255
0.025547445255
0.025547445255
0.025547445255
0.025547445255
0.025547445255
0.025547445255
0.025547445255
0.025547445255
0.025547445255
0.025547445255
0.025547445255
0.025547445255
0.025547445255
0.025547445255
0.025547445255
0.025547445255
0.025547445255
0.025547445255
0.025547445255
0.025547445255
0.025547445255
0.025547445255
0.025547445255
0.025547445255
0.025547445255
0.025547445255
0.025547445255
0.025547445255
0.025547445255
0.025547445255
0.025547445255
0.025547445255
0.025547445255
0.025547445255
0.025547445255
0.025547445255
0.025547445255
0.025547445255
0.025547445255
0.025547445255
0.025547445255
0.025547445255
0.025547445255
0.025547445255
0.025547445255
0.025547445255
0.025547445255
0.025547445255
0.025547445255
0.025547445255
0.025547445255
0.025547445255
0.025547445255
0.025547445255
0.025547445255
0.025547445255
0.025547445255
0.025547445255
0.025547445255
0.025547445255
0.025547445255
0.025547445255
0.025547445255
0.025547445255
0.025547445255
0.025547445255
0.025547445255
0.025547445255
0.025547445255
0.025547445255
0.025547445255
0.025547445255
0.025547445255
0.025547445255
0.025547445255
0.025547445255
0.025547445255
0.025547445255
0.025547445255
0.025547445255
0.025547445255
0.025547445255
0.025547445255
0.025547445255
0.025547445255
0.025547445255
0.025547445255
0.025547445255
0.025547445255
0.025547445255
0.025547445255
0.025547445255
0.025547445255
0.025547445255
0.025547445255
0.025547445255
0.025547445255
0.025547445255
0.025547445255
0.025547445255
0.025547445255
0.025547445255
0.025547445255
0.025547445255
0.025547445255
0.025547445255
0.025547445255
0.025547445255
0.025547445255
0.025547445255
0.025547445255
0.025547445255
0.025547445255
0.025547445255
0.025547445255
0.025547445255
0.025547445255
0.025547445255
0.025547445255
0.025547445255
0.025547445255
0.025547445255
0.025547445255
0.025547445255
0.025547445255
0.025547445255
0.025547445255
0.025547445255
0.025547445255
0.025547445255
0.025547445255
0.025547445255
0.025547445255
0.025547445255
0.025547445255
0.025547445255
0.025547445255
0.025547445255
0.025547445255
0.025547445255
0.025547445255
0.025547445255
0.025547445255
0.025547445255
0.025547445255
0.025547445255
0.025547445255
0.025547445255
0.025547445255
0.025547445255
0.025547445255
0.025547445255
0.025547445255
0.025547445255
0.025547445255
0.025547445255
0.025547445255
0.025547445255
0.025547445255
0.025547445255
0.025547445255
0.025547445255
0.025547445255
0.025547445255
0.025547445255
0.025547445255
0.025547445255
0.025547445255
0.025547445255
0.025547445255
0.025547445255
0.025547445255
0.025547445255
0.025547445255
0.025547445255
0.025547445255
0.025547445255
0.025547445255
0.025547445255
0.025547445255
0.025547445255
0.025547445255
0.025547445255
0.025547445255
0.025547445255
0.025547445255
0.025547445255
0.025547445255
0.025547445255
0.025547445255
0.025547445255
0.025547445255
0.025547445255
0.025547445255
0.025547445255
0.025547445255
0.025547445255
0.025547445255
0.025547445255
0.025547445255
0.025547445255
0.025547445255
0.025547445255
0.025547445255
0.025547445255
0.025547445255
0.025547445255
0.025547445255
0.025547445255
0.025547445255
0.025547445255
0.025547445255
0.025547445255
0.025547445255
0.025547445255
0.025547445255
0.025547445255
0.025547445255
0.025547445255
0.025547445255
0.025547445255
0.025547445255
0.025547445255
0.025547445255
0.025547445255
0.025547445255
0.025547445255
0.025547445255
0.025547445255
0.025547445255
0.025547445255
0.025547445255
0.025547445255
0.025547445255
0.025547445255
0.025547445255
0.025547445255
0.025547445255
0.025547445255
0.025547445255
0.025547445255
0.025547445255
0.025547445255
0.025547445255
0.025547445255
0.025547445255
0.025547445255
0.025547445255
0.025547445255
0.025547445255
0.025547445255
0.025547445255
0.025547445255
0.025547445255
0.025547445255
0.025547445255
0.025547445255
0.025547445255
0.025547445255
0.025547445255
0.025547445255
0.025547445255
0.025547445255
0.025547445255
0.025547445255
0.025547445255
0.025547445255
0.025547445255
0.025547445255
0.025547445255
0.025547445255
0.025547445255
0.025547445255
0.025547445255
0.025547445255
0.025547445255
0.025547445255
0.025547445255
0.025547445255
0.025547445255
0.025547445255
0.025547445255
0.025547445255
0.025547445255
0.025547445255
0.025547445255
0.025547445255
0.025547445255
0.025547445255
0.025547445255
0.025547445255
0.025547445255
0.025547445255
0.025547445255
0.025547445255
0.025547445255
0.025547445255
0.025547445255
0.025547445255
0.025547445255
0.025547445255
0.025547445255
0.025547445255
0.025547445255
0.025547445255
0.025547445255
0.025547445255
0.025547445255
0.025547445255
0.025547445255
0.025547445255
0.025547445255
0.025547445255
0.025547445255
0.025547445255
0.025547445255
0.025547445255
0.025547445255
0.025547445255
0.025547445255
0.025547445255
0.025547445255
0.025547445255
0.025547445255
0.025547445255
0.025547445255
0.025547445255
0.025547445255
0.025547445255
0.025547445255
0.025547445255
0.025547445255
0.025547445255
0.025547445255
0.025547445255
0.025547445255
0.025547445255
0.025547445255
0.025547445255
0.025547445255
0.025547445255
0.025547445255
0.025547445255
0.025547445255
0.025547445255
0.025547445255
0.025547445255
0.025547445255
0.025547445255
0.025547445255
0.025547445255
0.025547445255
0.025547445255
0.025547445255
0.025547445255
0.025547445255
0.025547445255
0.025547445255
0.025547445255
0.025547445255
0.025547445255
0.025547445255
0.025547445255
0.025547445255
0.025547445255
0.025547445255
0.025547445255
0.025547445255
0.025547445255
0.025547445255
0.025547445255
0.025547445255
0.025547445255
0.025547445255
0.025547445255
0.025547445255
0.025547445255
0.025547445255
0.025547445255
0.025547445255
0.025547445255
0.025547445255
0.025547445255
0.025547445255
0.025547445255
0.025547445255
0.025547445255
0.025547445255
0.025547445255
0.025547445255
0.025547445255
0.025547445255
0.025547445255
0.025547445255
0.025547445255
0.025547445255
0.025547445255
0.025547445255
0.025547445255
0.025547445255
0.025547445255
0.025547445255
0.025547445255
0.025547445255
0.025547445255
0.025547445255
0.025547445255
0.025547445255
0.025547445255
0.025547445255
0.025547445255
0.025547445255
0.025547445255
0.025547445255
0.025547445255
0.025547445255
0.025547445255
0.025547445255
0.025547445255
0.025547445255
0.025547445255
0.025547445255
0.025547445255
0.025547445255
0.025547445255
0.025547445255
0.025547445255
0.025547445255
0.025547445255
0.025547445255
0.025547445255
0.025547445255
0.025547445255
0.025547445255
0.025547445255
