0.109460128777
0.113917781080
0.113917781080
0.117384843982
0.117384843982
0.117384843982
0.117384843982
0.117384843982
0.116394254581
0.116394254581
0.116394254581
0.116394254581
0.116394254581
0.116394254581
0.116394254581
0.116394254581
0.116394254581
0.115898959881
0.115403665181
0.115898959881
0.118375433383
0.119861317484
0.127786032689
0.127786032689
0.133729569094
0.136701337296
0.132738979693
0.131253095592
0.123328380386
0.122337790986
0.120851906885
0.121347201585
0.116394254581
0.115898959881
0.110450718177
0.112927191679
0.110946012878
0.111936602278
0.112927191679
0.115898959881
0.116394254581
0.114908370480
0.117384843982
0.118375433383
0.116889549282
0.121842496285
0.120851906885
0.125804853888
0.123328380386
0.129767211491
0.128776622090
0.140168400198
0.149083704804
0.167409608717
0.175829618623
0.182763744428
0.185240217930
0.188211986132
0.187221396731
0.190193164933
0.196631996038
0.197622585438
0.203566121842
0.196631996038
0.202575532442
0.176820208024
0.205547300644
0.159484893512
0.194650817236
0.187221396731
0.185735512630
0.186726102031
0.161466072313
0.191679049034
0.167409608717
0.168895492818
0.147102526003
0.167904903418
0.170876671620
0.158989598811
0.134224863794
0.214462605250
0.190193164933
0.160970777613
0.102030708271
0.230312035661
0.200099058940
0.167409608717
0.099554234770
0.190193164933
0.191183754334
0.182763744428
0.120851906885
0.194155522536
0.207528479445
0.172362555721
0.105993065874
0.170876671620
0.210004952947
0.149578999505
0.099554234770
0.157999009411
0.225359088658
0.188211986132
0.155027241209
0.175829618623
0.147597820703
0.190688459633
0.214462605250
0.131253095592
0.124318969787
0.154531946508
0.135710747895
0.233283803863
0.232788509163
0.159484893512
0.142644873700
0.243189697870
0.233779098564
0.190193164933
0.169390787519
0.252105002476
0.167904903418
0.184249628529
0.268945022288
0.262010896483
0.131748390292
0.193660227836
0.259039128281
0.220901436355
0.104507181773
0.202080237741
0.212481426449
0.259534422982
0.236750866766
0.191679049034
0.119861317484
0.189697870233
0.245170876672
0.218920257553
0.113422486379
0.189202575532
0.251609707776
0.250619118375
0.221892025755
0.194155522536
0.157503714710
0.194650817236
0.101040118871
0.197622585438
0.270926201090
0.260525012382
0.253590886578
0.254086181278
0.236750866766
0.257057949480
0.218920257553
0.246161466072
0.123328380386
0.162456661714
0.253590886578
0.251609707776
0.173848439822
0.236750866766
0.132243684993
0.252600297177
0.181277860327
0.234769687964
0.094105993066
0.243189697870
0.244180287271
0.239722634968
0.219910846954
0.213472015849
0.233779098564
0.231302625062
0.157008420010
0.249628528975
0.222882615156
0.176820208024
0.149578999505
0.169390787519
0.191679049034
0.191183754334
0.150074294205
0.194650817236
0.232788509163
0.223873204557
0.126795443289
0.188707280832
0.219415552254
0.191183754334
0.223873204557
0.184249628529
0.167409608717
0.223873204557
0.235760277365
0.229816740961
0.208023774146
0.197127290738
0.187221396731
0.201089648341
0.162951956414
0.189697870233
0.200099058940
0.238732045567
0.210004952947
0.223377909856
0.177315502724
0.219910846954
0.113917781080
0.173353145121
0.235760277365
0.123328380386
0.102030708271
0.103021297672
0.031698860822
0.192669638435
0.154036651808
0.161466072313
0.153046062407
0.155027241209
0.147597820703
0.141654284299
0.100544824170
0.073303615651
0.121842496285
0.130757800892
0.135710747895
0.146111936602
0.146111936602
0.141158989599
0.119861317484
0.147102526003
0.122337790986
0.095591877167
0.082714214958
0.122337790986
0.093610698366
0.139177810797
0.112927191679
0.160970777613
0.105002476474
0.132738979693
0.039128281327
0.090638930163
0.027241208519
0.198117880139
0.092620108965
0.116394254581
0.148093115404
0.148093115404
0.148093115404
0.144130757801
0.059435364042
0.145121347202
0.090638930163
0.126300148588
0.058444774641
0.139177810797
0.117880138683
0.128281327390
0.055473006439
0.127786032689
0.159484893512
0.136701337296
0.052005943536
0.152550767707
0.152550767707
0.051015354136
0.151560178306
0.126300148588
0.112431896979
0.063397721644
0.062407132244
0.054482417038
0.026745913819
0.188211986132
0.026745913819
0.101040118871
0.146111936602
0.153046062407
0.026745913819
0.026745913819
0.026745913819
0.026745913819
0.026745913819
0.026745913819
0.026745913819
0.026745913819
0.026745913819
0.026745913819
0.026745913819
0.026745913819
0.026745913819
0.026745913819
0.026745913819
0.026745913819
0.026745913819
0.026745913819
0.026745913819
0.026745913819
0.026745913819
0.026745913819
0.026745913819
0.026745913819
0.026745913819
0.026745913819
0.026745913819
0.026745913819
0.026745913819
0.026745913819
0.026745913819
0.026745913819
0.026745913819
0.026745913819
0.026745913819
0.026745913819
0.026745913819
0.026745913819
0.026745913819
0.026745913819
0.026745913819
0.026745913819
0.026745913819
0.026745913819
0.026745913819
0.026745913819
0.026745913819
0.026745913819
0.026745913819
0.026745913819
0.026745913819
0.026745913819
0.026745913819
0.026745913819
0.026745913819
0.026745913819
0.026745913819
0.026745913819
0.026745913819
0.026745913819
0.026745913819
0.026745913819
0.026745913819
0.026745913819
0.026745913819
0.026745913819
0.026745913819
0.026745913819
0.026745913819
0.026745913819
0.026745913819
0.026745913819
0.026745913819
0.026745913819
0.026745913819
0.026745913819
0.026745913819
0.026745913819
0.026745913819
0.026745913819
0.026745913819
0.026745913819
0.026745913819
0.026745913819
0.026745913819
0.026745913819
0.026745913819
0.026745913819
0.026745913819
0.026745913819
0.026745913819
0.026745913819
0.026745913819
0.026745913819
0.026745913819
0.026745913819
0.026745913819
0.026745913819
0.026745913819
0.026745913819
0.026745913819
0.026745913819
0.026745913819
0.026745913819
0.026745913819
0.026745913819
0.026745913819
0.026745913819
0.026745913819
0.026745913819
0.026745913819
0.026745913819
0.026745913819
0.026745913819
0.026745913819
0.026745913819
0.026745913819
0.026745913819
0.026745913819
0.026745913819
0.026745913819
0.026745913819
0.026745913819
0.026745913819
0.026745913819
0.026745913819
0.026745913819
0.026745913819
0.026745913819
0.026745913819
0.026745913819
0.026745913819
0.026745913819
0.026745913819
0.026745913819
0.026745913819
0.026745913819
0.026745913819
0.026745913819
0.026745913819
0.026745913819
0.026745913819
0.026745913819
0.026745913819
0.026745913819
0.026745913819
0.026745913819
0.026745913819
0.026745913819
0.026745913819
0.026745913819
0.026745913819
0.026745913819
0.026745913819
0.026745913819
0.026745913819
0.026745913819
0.026745913819
0.026745913819
0.026745913819
0.026745913819
0.026745913819
0.026745913819
0.026745913819
0.026745913819
0.026745913819
0.026745913819
0.026745913819
0.026745913819
0.026745913819
0.026745913819
0.026745913819
0.026745913819
0.026745913819
0.026745913819
0.026745913819
0.026745913819
0.026745913819
0.026745913819
0.026745913819
0.026745913819
0.026745913819
0.026745913819
0.026745913819
0.026745913819
0.026745913819
0.026745913819
0.026745913819
0.026745913819
0.026745913819
0.026745913819
0.026745913819
0.026745913819
0.026745913819
0.026745913819
0.026745913819
0.026745913819
0.026745913819
0.026745913819
0.026745913819
0.026745913819
0.026745913819
0.026745913819
0.026745913819
0.026745913819
0.026745913819
0.026745913819
0.026745913819
0.026745913819
0.026745913819
0.026745913819
0.026745913819
0.026745913819
0.026745913819
0.026745913819
0.026745913819
0.026745913819
0.026745913819
0.026745913819
0.026745913819
0.026745913819
0.026745913819
0.026745913819
0.026745913819
0.026745913819
0.026745913819
0.026745913819
0.026745913819
0.026745913819
0.026745913819
0.026745913819
0.026745913819
0.026745913819
0.026745913819
0.026745913819
0.026745913819
0.026745913819
0.026745913819
0.026745913819
0.026745913819
0.026745913819
0.026745913819
0.026745913819
0.026745913819
0.026745913819
0.026745913819
0.026745913819
0.026745913819
0.026745913819
0.026745913819
0.026745913819
0.026745913819
0.026745913819
0.026745913819
0.026745913819
0.026745913819
0.026745913819
0.026745913819
0.026745913819
0.026745913819
0.026745913819
0.026745913819
0.026745913819
0.026745913819
0.026745913819
0.026745913819
0.026745913819
0.026745913819
0.026745913819
0.026745913819
0.026745913819
0.026745913819
0.026745913819
0.026745913819
0.026745913819
0.026745913819
0.026745913819
0.026745913819
0.026745913819
0.026745913819
0.026745913819
0.026745913819
0.026745913819
0.026745913819
0.026745913819
0.026745913819
0.026745913819
0.026745913819
0.026745913819
0.026745913819
0.026745913819
0.026745913819
0.026745913819
0.026745913819
0.026745913819
0.026745913819
0.026745913819
0.026745913819
0.026745913819
0.026745913819
0.026745913819
0.026745913819
0.026745913819
0.026745913819
0.026745913819
0.026745913819
0.026745913819
0.026745913819
0.026745913819
0.026745913819
0.026745913819
0.026745913819
0.026745913819
0.026745913819
0.026745913819
0.026745913819
0.026745913819
0.026745913819
0.026745913819
0.026745913819
0.026745913819
0.026745913819
0.026745913819
0.026745913819
0.026745913819
0.026745913819
0.026745913819
0.026745913819
0.026745913819
0.026745913819
0.026745913819
0.026745913819
0.026745913819
0.026745913819
0.026745913819
0.026745913819
0.026745913819
0.026745913819
0.026745913819
0.026745913819
0.026745913819
0.026745913819
0.026745913819
0.026745913819
0.026745913819
0.026745913819
0.026745913819
0.026745913819
0.026745913819
0.026745913819
0.026745913819
0.026745913819
0.026745913819
0.026745913819
0.026745913819
0.026745913819
0.026745913819
0.026745913819
0.026745913819
0.026745913819
0.026745913819
0.026745913819
0.026745913819
0.026745913819
0.026745913819
0.026745913819
0.026745913819
0.026745913819
0.026745913819
0.026745913819
0.026745913819
0.026745913819
0.026745913819
0.026745913819
0.026745913819
0.026745913819
0.026745913819
0.026745913819
0.026745913819
0.026745913819
0.026745913819
0.026745913819
0.026745913819
0.026745913819
0.026745913819
0.026745913819
0.026745913819
0.026745913819
0.026745913819
0.026745913819
0.026745913819
0.026745913819
0.026745913819
0.026745913819
0.026745913819
0.026745913819
0.026745913819
0.026745913819
0.026745913819
0.026745913819
0.026745913819
0.026745913819
0.026745913819
0.026745913819
0.026745913819
0.026745913819
0.026745913819
0.026745913819
0.026745913819
0.026745913819
0.026745913819
0.026745913819
0.026745913819
0.026745913819
0.026745913819
0.026745913819
0.026745913819
0.026745913819
0.026745913819
0.026745913819
0.026745913819
0.026745913819
0.026745913819
0.026745913819
0.026745913819
0.026745913819
0.026745913819
0.026745913819
0.026745913819
0.026745913819
0.026745913819
0.026745913819
0.026745913819
0.026745913819
0.026745913819
0.026745913819
0.026745913819
0.026745913819
0.026745913819
0.026745913819
0.026745913819
0.026745913819
0.026745913819
0.026745913819
0.026745913819
0.026745913819
0.026745913819
0.026745913819
0.026745913819
0.026745913819
0.026745913819
0.026745913819
0.026745913819
0.026745913819
0.026745913819
0.026745913819
0.026745913819
0.026745913819
0.026745913819
0.026745913819
0.026745913819
0.026745913819
0.026745913819
0.026745913819
0.026745913819
0.026745913819
0.026745913819
0.026745913819
0.026745913819
0.026745913819
0.026745913819
0.026745913819
0.026745913819
0.026745913819
0.026745913819
0.026745913819
0.026745913819
0.026745913819
0.026745913819
0.026745913819
0.026745913819
0.026745913819
0.026745913819
0.026745913819
0.026745913819
0.026745913819
0.026745913819
0.026745913819
0.026745913819
0.026745913819
0.026745913819
0.026745913819
0.026745913819
0.026745913819
0.026745913819
0.026745913819
0.026745913819
0.026745913819
0.026745913819
0.026745913819
0.026745913819
0.026745913819
0.026745913819
0.026745913819
0.026745913819
0.026745913819
0.026745913819
0.026745913819
0.026745913819
0.026745913819
0.026745913819
0.026745913819
0.026745913819
0.026745913819
0.026745913819
0.026745913819
0.026745913819
0.026745913819
0.026745913819
0.026745913819
0.026745913819
0.026745913819
0.026745913819
0.026745913819
0.026745913819
0.026745913819
0.026745913819
0.026745913819
0.026745913819
0.026745913819
0.026745913819
0.026745913819
0.026745913819
0.026745913819
0.026745913819
0.026745913819
0.026745913819
0.026745913819
0.026745913819
0.026745913819
0.026745913819
0.026745913819
0.026745913819
0.026745913819
0.026745913819
0.026745913819
0.026745913819
0.026745913819
0.026745913819
0.026745913819
0.026745913819
0.026745913819
0.026745913819
0.026745913819
0.026745913819
0.026745913819
0.026745913819
0.026745913819
0.026745913819
0.026745913819
0.026745913819
0.026745913819
0.026745913819
0.026745913819
0.026745913819
0.026745913819
0.026745913819
0.026745913819
0.026745913819
0.026745913819
0.026745913819
0.026745913819
0.026745913819
0.026745913819
0.026745913819
0.026745913819
0.026745913819
0.026745913819
0.026745913819
0.026745913819
0.026745913819
0.026745913819
0.026745913819
0.026745913819
0.026745913819
0.026745913819
0.026745913819
0.026745913819
0.026745913819
0.026745913819
0.026745913819
0.026745913819
0.026745913819
0.026745913819
0.026745913819
0.026745913819
0.026745913819
0.026745913819
0.026745913819
0.026745913819
0.026745913819
0.026745913819
0.026745913819
0.026745913819
0.026745913819
0.026745913819
0.026745913819
0.026745913819
0.026745913819
0.026745913819
0.026745913819
0.026745913819
0.026745913819
0.026745913819
0.026745913819
0.026745913819
0.026745913819
0.026745913819
0.026745913819
0.026745913819
0.026745913819
0.026745913819
0.026745913819
0.026745913819
0.026745913819
0.026745913819
0.026745913819
0.026745913819
0.026745913819
0.026745913819
0.026745913819
0.026745913819
0.026745913819
0.026745913819
0.026745913819
0.026745913819
0.026745913819
0.026745913819
0.026745913819
0.026745913819
0.026745913819
0.026745913819
0.026745913819
0.026745913819
0.026745913819
0.026745913819
0.026745913819
0.026745913819
0.026745913819
0.026745913819
0.026745913819
0.026745913819
0.026745913819
0.026745913819
0.026745913819
0.026745913819
0.026745913819
0.026745913819
0.026745913819
0.026745913819
0.026745913819
0.026745913819
0.026745913819
0.026745913819
0.026745913819
0.026745913819
0.026745913819
0.026745913819
0.026745913819
0.026745913819
0.026745913819
0.026745913819
0.026745913819
0.026745913819
0.026745913819
0.026745913819
0.026745913819
0.026745913819
0.026745913819
0.026745913819
0.026745913819
0.026745913819
0.026745913819
0.026745913819
0.026745913819
0.026745913819
0.026745913819
0.026745913819
0.026745913819
0.026745913819
0.026745913819
0.026745913819
0.026745913819
0.026745913819
0.026745913819
0.026745913819
0.026745913819
0.026745913819
0.026745913819
0.026745913819
0.026745913819
0.026745913819
0.026745913819
0.026745913819
0.026745913819
0.026745913819
0.026745913819
0.026745913819
0.026745913819
0.026745913819
0.026745913819
0.026745913819
0.026745913819
0.026745913819
0.026745913819
0.026745913819
0.026745913819
0.026745913819
0.026745913819
0.026745913819
0.026745913819
0.026745913819
0.026745913819
0.026745913819
0.026745913819
0.026745913819
0.026745913819
0.026745913819
0.026745913819
0.026745913819
0.026745913819
0.026745913819
0.026745913819
0.026745913819
0.026745913819
0.026745913819
0.026745913819
0.026745913819
0.026745913819
0.026745913819
0.026745913819
0.026745913819
0.026745913819
0.026745913819
0.026745913819
0.026745913819
0.026745913819
0.026745913819
0.026745913819
0.026745913819
0.026745913819
0.026745913819
0.026745913819
0.026745913819
0.026745913819
0.026745913819
0.026745913819
0.026745913819
0.026745913819
0.026745913819
0.026745913819
0.026745913819
0.026745913819
0.026745913819
0.026745913819
0.026745913819
0.026745913819
0.026745913819
0.026745913819
0.026745913819
0.026745913819
0.026745913819
0.026745913819
0.026745913819
0.026745913819
0.026745913819
0.026745913819
0.026745913819
0.026745913819
0.026745913819
0.026745913819
0.026745913819
0.026745913819
0.026745913819
0.026745913819
0.026745913819
0.026745913819
0.026745913819
0.026745913819
0.026745913819
0.026745913819
0.026745913819
0.026745913819
0.026745913819
0.026745913819
0.026745913819
0.026745913819
0.026745913819
0.026745913819
0.026745913819
0.026745913819
0.026745913819
0.026745913819
0.026745913819
0.026745913819
0.026745913819
0.026745913819
0.026745913819
0.026745913819
0.026745913819
0.026745913819
0.026745913819
0.026745913819
0.026745913819
0.026745913819
0.026745913819
0.026745913819
0.026745913819
0.026745913819
0.026745913819
0.026745913819
0.026745913819
0.026745913819
0.026745913819
0.026745913819
0.026745913819
0.026745913819
0.026745913819
0.026745913819
0.026745913819
0.026745913819
0.026745913819
0.026745913819
0.026745913819
0.026745913819
0.026745913819
0.026745913819
0.026745913819
0.026745913819
0.026745913819
0.026745913819
0.026745913819
0.026745913819
0.026745913819
0.026745913819
0.026745913819
0.026745913819
0.026745913819
0.026745913819
0.026745913819
0.026745913819
0.026745913819
0.026745913819
0.026745913819
0.026745913819
0.026745913819
0.026745913819
0.026745913819
0.026745913819
0.026745913819
0.026745913819
0.026745913819
0.026745913819
0.026745913819
0.026745913819
0.026745913819
0.026745913819
0.026745913819
0.026745913819
0.026745913819
0.026745913819
0.026745913819
0.026745913819
0.026745913819
0.026745913819
0.026745913819
0.026745913819
0.026745913819
0.026745913819
0.026745913819
0.026745913819
0.026745913819
0.026745913819
0.026745913819
0.026745913819
0.026745913819
0.026745913819
0.026745913819
0.026745913819
0.026745913819
0.026745913819
0.026745913819
0.026745913819
0.026745913819
0.026745913819
0.026745913819
0.026745913819
0.026745913819
0.026745913819
0.026745913819
0.026745913819
0.026745913819
0.026745913819
0.026745913819
0.026745913819
0.026745913819
0.026745913819
0.026745913819
0.026745913819
0.026745913819
0.026745913819
0.026745913819
0.026745913819
0.026745913819
0.026745913819
0.026745913819
0.026745913819
0.026745913819
0.026745913819
0.026745913819
0.026745913819
0.026745913819
0.026745913819
0.026745913819
0.026745913819
0.026745913819
0.026745913819
0.026745913819
0.026745913819
0.026745913819
0.026745913819
0.026745913819
0.026745913819
0.026745913819
0.026745913819
0.026745913819
0.026745913819
0.026745913819
0.026745913819
0.026745913819
0.026745913819
0.026745913819
0.026745913819
0.026745913819
0.026745913819
0.026745913819
0.026745913819
0.026745913819
0.026745913819
0.026745913819
0.026745913819
0.026745913819
0.026745913819
0.026745913819
0.026745913819
0.026745913819
0.026745913819
0.026745913819
0.026745913819
0.026745913819
0.026745913819
0.026745913819
0.026745913819
0.026745913819
0.026745913819
0.026745913819
0.026745913819
0.026745913819
0.026745913819
0.026745913819
0.026745913819
0.026745913819
0.026745913819
0.026745913819
0.026745913819
0.026745913819
0.026745913819
0.026745913819
0.026745913819
0.026745913819
0.026745913819
0.026745913819
0.026745913819
0.026745913819
0.026745913819
0.026745913819
0.026745913819
0.026745913819
0.026745913819
0.026745913819
0.026745913819
0.026745913819
0.026745913819
0.026745913819
0.026745913819
0.026745913819
0.026745913819
0.026745913819
0.026745913819
0.026745913819
0.026745913819
0.026745913819
0.026745913819
0.026745913819
0.026745913819
0.026745913819
0.026745913819
0.026745913819
0.026745913819
0.026745913819
0.026745913819
0.026745913819
0.026745913819
0.026745913819
0.026745913819
0.026745913819
0.026745913819
0.026745913819
0.026745913819
0.026745913819
0.026745913819
0.026745913819
0.026745913819
0.026745913819
0.026745913819
0.026745913819
0.026745913819
0.026745913819
0.026745913819
0.026745913819
0.026745913819
0.026745913819
0.026745913819
0.026745913819
0.026745913819
0.026745913819
0.026745913819
0.026745913819
0.026745913819
0.026745913819
0.026745913819
0.026745913819
0.026745913819
0.026745913819
0.026745913819
0.026745913819
0.026745913819
0.026745913819
0.026745913819
0.026745913819
0.026745913819
0.026745913819
0.026745913819
0.026745913819
0.026745913819
0.026745913819
0.026745913819
0.026745913819
0.026745913819
0.026745913819
0.026745913819
0.026745913819
0.026745913819
0.026745913819
0.026745913819
0.026745913819
0.026745913819
0.026745913819
0.026745913819
0.026745913819
0.026745913819
0.026745913819
0.026745913819
0.026745913819
0.026745913819
0.026745913819
0.026745913819
0.026745913819
0.026745913819
0.026745913819
0.026745913819
0.026745913819
0.026745913819
0.026745913819
0.026745913819
0.026745913819
0.026745913819
0.026745913819
0.026745913819
0.026745913819
0.026745913819
0.026745913819
0.026745913819
0.026745913819
0.026745913819
0.026745913819
0.026745913819
0.026745913819
0.026745913819
0.026745913819
0.026745913819
0.026745913819
0.026745913819
0.026745913819
0.026745913819
0.026745913819
0.026745913819
0.026745913819
0.026745913819
0.026745913819
0.026745913819
0.026745913819
0.026745913819
0.026745913819
0.026745913819
0.026745913819
0.026745913819
0.026745913819
0.026745913819
0.026745913819
0.026745913819
0.026745913819
0.026745913819
0.026745913819
0.026745913819
0.026745913819
0.026745913819
0.026745913819
0.026745913819
0.026745913819
0.026745913819
0.026745913819
0.026745913819
0.026745913819
0.026745913819
0.026745913819
0.026745913819
0.026745913819
0.026745913819
0.026745913819
0.026745913819
0.026745913819
0.026745913819
0.026745913819
0.026745913819
0.026745913819
0.026745913819
0.026745913819
0.026745913819
0.026745913819
0.026745913819
0.026745913819
0.026745913819
0.026745913819
0.026745913819
0.026745913819
0.026745913819
0.026745913819
0.026745913819
0.026745913819
0.026745913819
0.026745913819
0.026745913819
0.026745913819
0.026745913819
0.026745913819
0.026745913819
0.026745913819
0.026745913819
0.026745913819
0.026745913819
0.026745913819
0.026745913819
0.026745913819
0.026745913819
0.026745913819
0.026745913819
0.026745913819
0.026745913819
0.026745913819
0.026745913819
0.026745913819
0.026745913819
0.026745913819
0.026745913819
0.026745913819
0.026745913819
0.026745913819
0.026745913819
0.026745913819
0.026745913819
0.026745913819
0.026745913819
0.026745913819
0.026745913819
0.026745913819
0.026745913819
0.026745913819
0.026745913819
0.026745913819
0.026745913819
0.026745913819
0.026745913819
0.026745913819
0.026745913819
0.026745913819
0.026745913819
0.026745913819
0.026745913819
0.026745913819
0.026745913819
0.026745913819
0.026745913819
0.026745913819
0.026745913819
0.026745913819
0.026745913819
0.026745913819
0.026745913819
0.026745913819
0.026745913819
0.026745913819
0.026745913819
0.026745913819
0.026745913819
0.026745913819
0.026745913819
0.026745913819
0.026745913819
0.026745913819
0.026745913819
0.026745913819
0.026745913819
0.026745913819
0.026745913819
0.026745913819
0.026745913819
0.026745913819
0.026745913819
0.026745913819
0.026745913819
0.026745913819
0.026745913819
0.026745913819
0.026745913819
0.026745913819
0.026745913819
0.026745913819
0.026745913819
0.026745913819
0.026745913819
0.026745913819
0.026745913819
0.026745913819
0.026745913819
0.026745913819
0.026745913819
0.026745913819
0.026745913819
0.026745913819
0.026745913819
0.026745913819
0.026745913819
0.026745913819
0.026745913819
0.026745913819
0.026745913819
0.026745913819
0.026745913819
0.026745913819
0.026745913819
0.026745913819
0.026745913819
0.026745913819
0.026745913819
0.026745913819
0.026745913819
0.026745913819
0.026745913819
0.026745913819
0.026745913819
0.026745913819
0.026745913819
0.026745913819
0.026745913819
0.026745913819
0.026745913819
0.026745913819
0.026745913819
0.026745913819
0.026745913819
0.026745913819
0.026745913819
0.026745913819
0.026745913819
0.026745913819
0.026745913819
0.026745913819
0.026745913819
0.026745913819
0.026745913819
0.026745913819
0.026745913819
0.026745913819
0.026745913819
0.026745913819
0.026745913819
0.026745913819
0.026745913819
0.026745913819
0.026745913819
0.026745913819
0.026745913819
0.026745913819
0.026745913819
0.026745913819
0.026745913819
0.026745913819
0.026745913819
0.026745913819
0.026745913819
0.026745913819
0.026745913819
0.026745913819
0.026745913819
0.026745913819
0.026745913819
0.026745913819
0.026745913819
0.026745913819
0.026745913819
0.026745913819
0.026745913819
0.026745913819
0.026745913819
0.026745913819
0.026745913819
0.026745913819
0.026745913819
0.026745913819
0.026745913819
0.026745913819
0.026745913819
0.026745913819
0.026745913819
0.026745913819
0.026745913819
0.026745913819
0.026745913819
0.026745913819
0.026745913819
0.026745913819
0.026745913819
0.026745913819
0.026745913819
0.026745913819
0.026745913819
0.026745913819
0.026745913819
0.026745913819
0.026745913819
0.026745913819
0.026745913819
0.026745913819
0.026745913819
0.026745913819
0.026745913819
0.026745913819
0.026745913819
0.026745913819
0.026745913819
0.026745913819
0.026745913819
0.026745913819
0.026745913819
0.026745913819
0.026745913819
0.026745913819
0.026745913819
0.026745913819
0.026745913819
0.026745913819
0.026745913819
0.026745913819
0.026745913819
0.026745913819
0.026745913819
0.026745913819
0.026745913819
0.026745913819
0.026745913819
0.026745913819
0.026745913819
0.026745913819
0.026745913819
0.026745913819
0.026745913819
0.026745913819
0.026745913819
0.026745913819
0.026745913819
0.026745913819
0.026745913819
0.026745913819
0.026745913819
0.026745913819
0.026745913819
0.026745913819
0.026745913819
0.026745913819
0.026745913819
0.026745913819
0.026745913819
0.026745913819
0.026745913819
0.026745913819
0.026745913819
0.026745913819
0.026745913819
0.026745913819
0.026745913819
0.026745913819
0.026745913819
0.026745913819
0.026745913819
0.026745913819
0.026745913819
0.026745913819
0.026745913819
0.026745913819
0.026745913819
0.026745913819
0.026745913819
0.026745913819
0.026745913819
0.026745913819
0.026745913819
0.026745913819
0.026745913819
0.026745913819
0.026745913819
0.026745913819
0.026745913819
0.026745913819
0.026745913819
0.026745913819
0.026745913819
0.026745913819
0.026745913819
0.026745913819
0.026745913819
0.026745913819
0.026745913819
0.026745913819
0.026745913819
0.026745913819
0.026745913819
0.026745913819
0.026745913819
0.026745913819
0.026745913819
0.026745913819
0.026745913819
0.026745913819
0.026745913819
0.026745913819
0.026745913819
0.026745913819
0.026745913819
0.026745913819
0.026745913819
0.026745913819
0.026745913819
0.026745913819
0.026745913819
0.026745913819
0.026745913819
0.026745913819
0.026745913819
0.026745913819
0.026745913819
0.026745913819
0.026745913819
0.026745913819
0.026745913819
0.026745913819
0.026745913819
0.026745913819
0.026745913819
0.026745913819
0.026745913819
0.026745913819
0.026745913819
0.026745913819
0.026745913819
0.026745913819
0.026745913819
0.026745913819
0.026745913819
0.026745913819
0.026745913819
0.026745913819
0.026745913819
0.026745913819
0.026745913819
0.026745913819
0.026745913819
0.026745913819
0.026745913819
0.026745913819
0.026745913819
0.026745913819
0.026745913819
0.026745913819
0.026745913819
0.026745913819
0.026745913819
0.026745913819
0.026745913819
0.026745913819
0.026745913819
0.026745913819
0.026745913819
0.026745913819
0.026745913819
0.026745913819
0.026745913819
0.026745913819
0.026745913819
0.026745913819
0.026745913819
0.026745913819
0.026745913819
0.026745913819
0.026745913819
0.026745913819
0.026745913819
0.026745913819
0.026745913819
0.026745913819
0.026745913819
0.026745913819
0.026745913819
0.026745913819
0.026745913819
0.026745913819
0.026745913819
0.026745913819
0.026745913819
0.026745913819
0.026745913819
0.026745913819
0.026745913819
0.026745913819
0.026745913819
0.026745913819
0.026745913819
0.026745913819
0.026745913819
0.026745913819
0.026745913819
0.026745913819
0.026745913819
0.026745913819
0.026745913819
0.026745913819
0.026745913819
0.026745913819
0.026745913819
0.026745913819
0.026745913819
0.026745913819
0.026745913819
0.026745913819
0.026745913819
0.026745913819
0.026745913819
0.026745913819
0.026745913819
0.026745913819
0.026745913819
0.026745913819
0.026745913819
0.026745913819
0.026745913819
0.026745913819
0.026745913819
0.026745913819
0.026745913819
0.026745913819
0.026745913819
0.026745913819
0.026745913819
0.026745913819
0.026745913819
0.026745913819
0.026745913819
0.026745913819
0.026745913819
0.026745913819
0.026745913819
0.026745913819
0.026745913819
0.026745913819
0.026745913819
0.026745913819
0.026745913819
0.026745913819
0.026745913819
0.026745913819
0.026745913819
0.026745913819
0.026745913819
0.026745913819
0.026745913819
0.026745913819
0.026745913819
0.026745913819
0.026745913819
0.026745913819
0.026745913819
0.026745913819
0.026745913819
0.026745913819
0.026745913819
0.026745913819
0.026745913819
0.026745913819
0.026745913819
0.026745913819
0.026745913819
0.026745913819
0.026745913819
0.026745913819
0.026745913819
0.026745913819
0.026745913819
0.026745913819
0.026745913819
0.026745913819
0.026745913819
0.026745913819
0.026745913819
0.026745913819
0.026745913819
0.026745913819
0.026745913819
0.026745913819
0.026745913819
0.026745913819
0.026745913819
0.026745913819
0.026745913819
0.026745913819
0.026745913819
0.026745913819
0.026745913819
0.026745913819
0.026745913819
0.026745913819
0.026745913819
0.026745913819
0.026745913819
0.026745913819
0.026745913819
0.026745913819
0.026745913819
0.026745913819
0.026745913819
0.026745913819
0.026745913819
0.026745913819
0.026745913819
0.026745913819
0.026745913819
0.026745913819
0.026745913819
0.026745913819
0.026745913819
0.026745913819
0.026745913819
0.026745913819
0.026745913819
0.026745913819
0.026745913819
0.026745913819
0.026745913819
0.026745913819
0.026745913819
0.026745913819
0.026745913819
0.026745913819
0.026745913819
0.026745913819
0.026745913819
0.026745913819
0.026745913819
0.026745913819
0.026745913819
0.026745913819
0.026745913819
0.026745913819
0.026745913819
0.026745913819
0.026745913819
0.026745913819
0.026745913819
0.026745913819
0.026745913819
0.026745913819
0.026745913819
0.026745913819
0.026745913819
0.026745913819
0.026745913819
0.026745913819
0.026745913819
0.026745913819
