0.056529112493
0.057094403618
0.054833239118
0.055963821368
0.055398530243
0.054267947993
0.053702656868
0.053137365743
0.053137365743
0.053137365743
0.052572074618
0.052572074618
0.052572074618
0.052572074618
0.052572074618
0.052572074618
0.052572074618
0.052572074618
0.053702656868
0.054267947993
0.058224985868
0.058790276993
0.065008479367
0.066139061617
0.079706048615
0.083097795365
0.093273035613
0.097795364613
0.107405313737
0.114754098361
0.125494629734
0.126059920859
0.133408705483
0.133408705483
0.139061616733
0.139626907858
0.147540983607
0.156020350480
0.166195590729
0.169022046354
0.167891464104
0.170717919729
0.175805539853
0.176370830978
0.176936122103
0.182023742227
0.185980780102
0.187676653477
0.196721311475
0.201808931600
0.207461842849
0.218202374223
0.228942905596
0.240248728095
0.243640474845
0.248728094969
0.253815715093
0.252119841718
0.254946297343
0.247032221594
0.263990955342
0.244771057094
0.273035613341
0.230073487846
0.280949689090
0.168456755229
0.282645562465
0.126059920859
0.291690220464
0.140192198982
0.290559638214
0.189372526851
0.268513284341
0.215375918598
0.285472018089
0.197286602600
0.256076879593
0.224420576597
0.293386093838
0.196156020350
0.236856981345
0.233465234596
0.296212549463
0.189937817976
0.179197286603
0.244205765969
0.315997738836
0.193894855851
0.180893159977
0.145845110232
0.319954776710
0.208027133974
0.241379310345
0.180893159977
0.318258903335
0.226681741097
0.214245336348
0.139061616733
0.325042396834
0.202374222725
0.195590729226
0.131147540984
0.315432447711
0.142453363482
0.280384397965
0.140192198982
0.213680045223
0.159412097230
0.318258903335
0.163369135105
0.188241944601
0.174109666478
0.188807235726
0.260033917467
0.307518371962
0.168456755229
0.181458451102
0.265121537592
0.290559638214
0.178066704353
0.200113058225
0.278123233465
0.225551158847
0.144149236857
0.278123233465
0.296212549463
0.189937817976
0.145279819107
0.279253815715
0.244205765969
0.171283210854
0.115884680611
0.130016958734
0.270774448841
0.288863764839
0.183154324477
0.178066704353
0.135669869983
0.292255511588
0.253815715093
0.183154324477
0.131712832109
0.279819106840
0.296212549463
0.304126625212
0.157150932730
0.195590729226
0.235161107971
0.171848501979
0.114754098361
0.300734878462
0.303561334087
0.302996042962
0.301300169587
0.302430751837
0.263990955342
0.268513284341
0.296212549463
0.174109666478
0.095534200113
0.260599208592
0.288298473714
0.236856981345
0.278688524590
0.192764273601
0.262860373092
0.231204070096
0.286602600339
0.170717919729
0.258903335218
0.271905031091
0.264556246467
0.278688524590
0.174674957603
0.270774448841
0.257772752968
0.223289994347
0.289994347089
0.314867156586
0.140757490107
0.226116449972
0.106274731487
0.239118145845
0.254946297343
0.232334652346
0.140192198982
0.234030525721
0.296777840588
0.219332956473
0.139626907858
0.300734878462
0.133408705483
0.273035613341
0.235161107971
0.247597512719
0.219898247598
0.241944601470
0.310910118711
0.289994347089
0.174674957603
0.211418880724
0.230073487846
0.224985867722
0.124364047484
0.187111362352
0.294516676088
0.293951384963
0.253815715093
0.182589033352
0.287733182589
0.190503109101
0.138496325608
0.299604296213
0.104578858112
0.218767665348
0.087620124364
0.126625211984
0.274166195591
0.264556246467
0.276427360090
0.269078575466
0.274166195591
0.269643866591
0.274731486716
0.225551158847
0.193894855851
0.252119841718
0.270209157716
0.266252119842
0.257207461843
0.271339739966
0.270209157716
0.259468626343
0.282080271340
0.267382702092
0.234595816846
0.216506500848
0.271905031091
0.247032221594
0.252119841718
0.246466930469
0.248728094969
0.193894855851
0.156585641605
0.141888072357
0.055398530243
0.125494629734
0.042396834370
0.191633691351
0.245901639344
0.265121537592
0.265121537592
0.265121537592
0.267382702092
0.155455059356
0.265121537592
0.186546071227
0.253815715093
0.160542679480
0.259468626343
0.243640474845
0.254946297343
0.157716223855
0.231204070096
0.273600904466
0.287167891464
0.154324477106
0.283776144715
0.292255511588
0.158281514980
0.279819106840
0.140192198982
0.113623516111
0.163934426230
0.156020350480
0.165065008479
0.126625211984
0.243075183720
0.126625211984
0.107970604862
0.206896551724
0.209723007349
0.126625211984
0.126625211984
0.126625211984
0.126625211984
0.126625211984
0.126625211984
0.126625211984
0.126625211984
0.126625211984
0.126625211984
0.126625211984
0.126625211984
0.126625211984
0.126625211984
0.126625211984
0.126625211984
0.126625211984
0.126625211984
0.126625211984
0.126625211984
0.126625211984
0.126625211984
0.126625211984
0.126625211984
0.126625211984
0.126625211984
0.126625211984
0.126625211984
0.126625211984
0.126625211984
0.126625211984
0.126625211984
0.126625211984
0.126625211984
0.126625211984
0.126625211984
0.126625211984
0.126625211984
0.126625211984
0.126625211984
0.126625211984
0.126625211984
0.126625211984
0.126625211984
0.126625211984
0.126625211984
0.126625211984
0.126625211984
0.126625211984
0.126625211984
0.126625211984
0.126625211984
0.126625211984
0.126625211984
0.126625211984
0.126625211984
0.126625211984
0.126625211984
0.126625211984
0.126625211984
0.126625211984
0.126625211984
0.126625211984
0.126625211984
0.126625211984
0.126625211984
0.126625211984
0.126625211984
0.126625211984
0.126625211984
0.126625211984
0.126625211984
0.126625211984
0.126625211984
0.126625211984
0.126625211984
0.126625211984
0.126625211984
0.126625211984
0.126625211984
0.126625211984
0.126625211984
0.126625211984
0.126625211984
0.126625211984
0.126625211984
0.126625211984
0.126625211984
0.126625211984
0.126625211984
0.126625211984
0.126625211984
0.126625211984
0.126625211984
0.126625211984
0.126625211984
0.126625211984
0.126625211984
0.126625211984
0.126625211984
0.126625211984
0.126625211984
0.126625211984
0.126625211984
0.126625211984
0.126625211984
0.126625211984
0.126625211984
0.126625211984
0.126625211984
0.126625211984
0.126625211984
0.126625211984
0.126625211984
0.126625211984
0.126625211984
0.126625211984
0.126625211984
0.126625211984
0.126625211984
0.126625211984
0.126625211984
0.126625211984
0.126625211984
0.126625211984
0.126625211984
0.126625211984
0.126625211984
0.126625211984
0.126625211984
0.126625211984
0.126625211984
0.126625211984
0.126625211984
0.126625211984
0.126625211984
0.126625211984
0.126625211984
0.126625211984
0.126625211984
0.126625211984
0.126625211984
0.126625211984
0.126625211984
0.126625211984
0.126625211984
0.126625211984
0.126625211984
0.126625211984
0.126625211984
0.126625211984
0.126625211984
0.126625211984
0.126625211984
0.126625211984
0.126625211984
0.126625211984
0.126625211984
0.126625211984
0.126625211984
0.126625211984
0.126625211984
0.126625211984
0.126625211984
0.126625211984
0.126625211984
0.126625211984
0.126625211984
0.126625211984
0.126625211984
0.126625211984
0.126625211984
0.126625211984
0.126625211984
0.126625211984
0.126625211984
0.126625211984
0.126625211984
0.126625211984
0.126625211984
0.126625211984
0.126625211984
0.126625211984
0.126625211984
0.126625211984
0.126625211984
0.126625211984
0.126625211984
0.126625211984
0.126625211984
0.126625211984
0.126625211984
0.126625211984
0.126625211984
0.126625211984
0.126625211984
0.126625211984
0.126625211984
0.126625211984
0.126625211984
0.126625211984
0.126625211984
0.126625211984
0.126625211984
0.126625211984
0.126625211984
0.126625211984
0.126625211984
0.126625211984
0.126625211984
0.126625211984
0.126625211984
0.126625211984
0.126625211984
0.126625211984
0.126625211984
0.126625211984
0.126625211984
0.126625211984
0.126625211984
0.126625211984
0.126625211984
0.126625211984
0.126625211984
0.126625211984
0.126625211984
0.126625211984
0.126625211984
0.126625211984
0.126625211984
0.126625211984
0.126625211984
0.126625211984
0.126625211984
0.126625211984
0.126625211984
0.126625211984
0.126625211984
0.126625211984
0.126625211984
0.126625211984
0.126625211984
0.126625211984
0.126625211984
0.126625211984
0.126625211984
0.126625211984
0.126625211984
0.126625211984
0.126625211984
0.126625211984
0.126625211984
0.126625211984
0.126625211984
0.126625211984
0.126625211984
0.126625211984
0.126625211984
0.126625211984
0.126625211984
0.126625211984
0.126625211984
0.126625211984
0.126625211984
0.126625211984
0.126625211984
0.126625211984
0.126625211984
0.126625211984
0.126625211984
0.126625211984
0.126625211984
0.126625211984
0.126625211984
0.126625211984
0.126625211984
0.126625211984
0.126625211984
0.126625211984
0.126625211984
0.126625211984
0.126625211984
0.126625211984
0.126625211984
0.126625211984
0.126625211984
0.126625211984
0.126625211984
0.126625211984
0.126625211984
0.126625211984
0.126625211984
0.126625211984
0.126625211984
0.126625211984
0.126625211984
0.126625211984
0.126625211984
0.126625211984
0.126625211984
0.126625211984
0.126625211984
0.126625211984
0.126625211984
0.126625211984
0.126625211984
0.126625211984
0.126625211984
0.126625211984
0.126625211984
0.126625211984
0.126625211984
0.126625211984
0.126625211984
0.126625211984
0.126625211984
0.126625211984
0.126625211984
0.126625211984
0.126625211984
0.126625211984
0.126625211984
0.126625211984
0.126625211984
0.126625211984
0.126625211984
0.126625211984
0.126625211984
0.126625211984
0.126625211984
0.126625211984
0.126625211984
0.126625211984
0.126625211984
0.126625211984
0.126625211984
0.126625211984
0.126625211984
0.126625211984
0.126625211984
0.126625211984
0.126625211984
0.126625211984
0.126625211984
0.126625211984
0.126625211984
0.126625211984
0.126625211984
0.126625211984
0.126625211984
0.126625211984
0.126625211984
0.126625211984
0.126625211984
0.126625211984
0.126625211984
0.126625211984
0.126625211984
0.126625211984
0.126625211984
0.126625211984
0.126625211984
0.126625211984
0.126625211984
0.126625211984
0.126625211984
0.126625211984
0.126625211984
0.126625211984
0.126625211984
0.126625211984
0.126625211984
0.126625211984
0.126625211984
0.126625211984
0.126625211984
0.126625211984
0.126625211984
0.126625211984
0.126625211984
0.126625211984
0.126625211984
0.126625211984
0.126625211984
0.126625211984
0.126625211984
0.126625211984
0.126625211984
0.126625211984
0.126625211984
0.126625211984
0.126625211984
0.126625211984
0.126625211984
0.126625211984
0.126625211984
0.126625211984
0.126625211984
0.126625211984
0.126625211984
0.126625211984
0.126625211984
0.126625211984
0.126625211984
0.126625211984
0.126625211984
0.126625211984
0.126625211984
0.126625211984
0.126625211984
0.126625211984
0.126625211984
0.126625211984
0.126625211984
0.126625211984
0.126625211984
0.126625211984
0.126625211984
0.126625211984
0.126625211984
0.126625211984
0.126625211984
0.126625211984
0.126625211984
0.126625211984
0.126625211984
0.126625211984
0.126625211984
0.126625211984
0.126625211984
0.126625211984
0.126625211984
0.126625211984
0.126625211984
0.126625211984
0.126625211984
0.126625211984
0.126625211984
0.126625211984
0.126625211984
0.126625211984
0.126625211984
0.126625211984
0.126625211984
0.126625211984
0.126625211984
0.126625211984
0.126625211984
0.126625211984
0.126625211984
0.126625211984
0.126625211984
0.126625211984
0.126625211984
0.126625211984
0.126625211984
0.126625211984
0.126625211984
0.126625211984
0.126625211984
0.126625211984
0.126625211984
0.126625211984
0.126625211984
0.126625211984
0.126625211984
0.126625211984
0.126625211984
0.126625211984
0.126625211984
0.126625211984
0.126625211984
0.126625211984
0.126625211984
0.126625211984
0.126625211984
0.126625211984
0.126625211984
0.126625211984
0.126625211984
0.126625211984
0.126625211984
0.126625211984
0.126625211984
0.126625211984
0.126625211984
0.126625211984
0.126625211984
0.126625211984
0.126625211984
0.126625211984
0.126625211984
0.126625211984
0.126625211984
0.126625211984
0.126625211984
0.126625211984
0.126625211984
0.126625211984
0.126625211984
0.126625211984
0.126625211984
0.126625211984
0.126625211984
0.126625211984
0.126625211984
0.126625211984
0.126625211984
0.126625211984
0.126625211984
0.126625211984
0.126625211984
0.126625211984
0.126625211984
0.126625211984
0.126625211984
0.126625211984
0.126625211984
0.126625211984
0.126625211984
0.126625211984
0.126625211984
0.126625211984
0.126625211984
0.126625211984
0.126625211984
0.126625211984
0.126625211984
0.126625211984
0.126625211984
0.126625211984
0.126625211984
0.126625211984
0.126625211984
0.126625211984
0.126625211984
0.126625211984
0.126625211984
0.126625211984
0.126625211984
0.126625211984
0.126625211984
0.126625211984
0.126625211984
0.126625211984
0.126625211984
0.126625211984
0.126625211984
0.126625211984
0.126625211984
0.126625211984
0.126625211984
0.126625211984
0.126625211984
0.126625211984
0.126625211984
0.126625211984
0.126625211984
0.126625211984
0.126625211984
0.126625211984
0.126625211984
0.126625211984
0.126625211984
0.126625211984
0.126625211984
0.126625211984
0.126625211984
0.126625211984
0.126625211984
0.126625211984
0.126625211984
0.126625211984
0.126625211984
0.126625211984
0.126625211984
0.126625211984
0.126625211984
0.126625211984
0.126625211984
0.126625211984
0.126625211984
0.126625211984
0.126625211984
0.126625211984
0.126625211984
0.126625211984
0.126625211984
0.126625211984
0.126625211984
0.126625211984
0.126625211984
0.126625211984
0.126625211984
0.126625211984
0.126625211984
0.126625211984
0.126625211984
0.126625211984
0.126625211984
0.126625211984
0.126625211984
0.126625211984
0.126625211984
0.126625211984
0.126625211984
0.126625211984
0.126625211984
0.126625211984
0.126625211984
0.126625211984
0.126625211984
0.126625211984
0.126625211984
0.126625211984
0.126625211984
0.126625211984
0.126625211984
0.126625211984
0.126625211984
0.126625211984
0.126625211984
0.126625211984
0.126625211984
0.126625211984
0.126625211984
0.126625211984
0.126625211984
0.126625211984
0.126625211984
0.126625211984
0.126625211984
0.126625211984
0.126625211984
0.126625211984
0.126625211984
0.126625211984
0.126625211984
0.126625211984
0.126625211984
0.126625211984
0.126625211984
0.126625211984
0.126625211984
0.126625211984
0.126625211984
0.126625211984
0.126625211984
0.126625211984
0.126625211984
0.126625211984
0.126625211984
0.126625211984
0.126625211984
0.126625211984
0.126625211984
0.126625211984
0.126625211984
0.126625211984
0.126625211984
0.126625211984
0.126625211984
0.126625211984
0.126625211984
0.126625211984
0.126625211984
0.126625211984
0.126625211984
0.126625211984
0.126625211984
0.126625211984
0.126625211984
0.126625211984
0.126625211984
0.126625211984
0.126625211984
0.126625211984
0.126625211984
0.126625211984
0.126625211984
0.126625211984
0.126625211984
0.126625211984
0.126625211984
0.126625211984
0.126625211984
0.126625211984
0.126625211984
0.126625211984
0.126625211984
0.126625211984
0.126625211984
0.126625211984
0.126625211984
0.126625211984
0.126625211984
0.126625211984
0.126625211984
0.126625211984
0.126625211984
0.126625211984
0.126625211984
0.126625211984
0.126625211984
0.126625211984
0.126625211984
0.126625211984
0.126625211984
0.126625211984
0.126625211984
0.126625211984
0.126625211984
0.126625211984
0.126625211984
0.126625211984
0.126625211984
0.126625211984
0.126625211984
0.126625211984
0.126625211984
0.126625211984
0.126625211984
0.126625211984
0.126625211984
0.126625211984
0.126625211984
0.126625211984
0.126625211984
0.126625211984
0.126625211984
0.126625211984
0.126625211984
0.126625211984
0.126625211984
0.126625211984
0.126625211984
0.126625211984
0.126625211984
0.126625211984
0.126625211984
0.126625211984
0.126625211984
0.126625211984
0.126625211984
0.126625211984
0.126625211984
0.126625211984
0.126625211984
0.126625211984
0.126625211984
0.126625211984
0.126625211984
0.126625211984
0.126625211984
0.126625211984
0.126625211984
0.126625211984
0.126625211984
0.126625211984
0.126625211984
0.126625211984
0.126625211984
0.126625211984
0.126625211984
0.126625211984
0.126625211984
0.126625211984
0.126625211984
0.126625211984
0.126625211984
0.126625211984
0.126625211984
0.126625211984
0.126625211984
0.126625211984
0.126625211984
0.126625211984
0.126625211984
0.126625211984
0.126625211984
0.126625211984
0.126625211984
0.126625211984
0.126625211984
0.126625211984
0.126625211984
0.126625211984
0.126625211984
0.126625211984
0.126625211984
0.126625211984
0.126625211984
0.126625211984
0.126625211984
0.126625211984
0.126625211984
0.126625211984
0.126625211984
0.126625211984
0.126625211984
0.126625211984
0.126625211984
0.126625211984
0.126625211984
0.126625211984
0.126625211984
0.126625211984
0.126625211984
0.126625211984
0.126625211984
0.126625211984
0.126625211984
0.126625211984
0.126625211984
0.126625211984
0.126625211984
0.126625211984
0.126625211984
0.126625211984
0.126625211984
0.126625211984
0.126625211984
0.126625211984
0.126625211984
0.126625211984
0.126625211984
0.126625211984
0.126625211984
0.126625211984
0.126625211984
0.126625211984
0.126625211984
0.126625211984
0.126625211984
0.126625211984
0.126625211984
0.126625211984
0.126625211984
0.126625211984
0.126625211984
0.126625211984
0.126625211984
0.126625211984
0.126625211984
0.126625211984
0.126625211984
0.126625211984
0.126625211984
0.126625211984
0.126625211984
0.126625211984
0.126625211984
0.126625211984
0.126625211984
0.126625211984
0.126625211984
0.126625211984
0.126625211984
0.126625211984
0.126625211984
0.126625211984
0.126625211984
0.126625211984
0.126625211984
0.126625211984
0.126625211984
0.126625211984
0.126625211984
0.126625211984
0.126625211984
0.126625211984
0.126625211984
0.126625211984
0.126625211984
0.126625211984
0.126625211984
0.126625211984
0.126625211984
0.126625211984
0.126625211984
0.126625211984
0.126625211984
0.126625211984
0.126625211984
0.126625211984
0.126625211984
0.126625211984
0.126625211984
0.126625211984
0.126625211984
0.126625211984
0.126625211984
0.126625211984
0.126625211984
0.126625211984
0.126625211984
0.126625211984
0.126625211984
0.126625211984
0.126625211984
0.126625211984
0.126625211984
0.126625211984
0.126625211984
0.126625211984
0.126625211984
0.126625211984
0.126625211984
0.126625211984
0.126625211984
0.126625211984
0.126625211984
0.126625211984
0.126625211984
0.126625211984
0.126625211984
0.126625211984
0.126625211984
0.126625211984
0.126625211984
0.126625211984
0.126625211984
0.126625211984
0.126625211984
0.126625211984
0.126625211984
0.126625211984
0.126625211984
0.126625211984
0.126625211984
0.126625211984
0.126625211984
0.126625211984
0.126625211984
0.126625211984
0.126625211984
0.126625211984
0.126625211984
0.126625211984
0.126625211984
0.126625211984
0.126625211984
0.126625211984
0.126625211984
0.126625211984
0.126625211984
0.126625211984
0.126625211984
0.126625211984
0.126625211984
0.126625211984
0.126625211984
0.126625211984
0.126625211984
0.126625211984
0.126625211984
0.126625211984
0.126625211984
0.126625211984
0.126625211984
0.126625211984
0.126625211984
0.126625211984
0.126625211984
0.126625211984
0.126625211984
0.126625211984
0.126625211984
0.126625211984
0.126625211984
0.126625211984
0.126625211984
0.126625211984
0.126625211984
0.126625211984
0.126625211984
0.126625211984
0.126625211984
0.126625211984
0.126625211984
0.126625211984
0.126625211984
0.126625211984
0.126625211984
0.126625211984
0.126625211984
0.126625211984
0.126625211984
0.126625211984
0.126625211984
0.126625211984
0.126625211984
0.126625211984
0.126625211984
0.126625211984
0.126625211984
0.126625211984
0.126625211984
0.126625211984
0.126625211984
0.126625211984
0.126625211984
0.126625211984
0.126625211984
0.126625211984
0.126625211984
0.126625211984
0.126625211984
0.126625211984
0.126625211984
0.126625211984
0.126625211984
0.126625211984
0.126625211984
0.126625211984
0.126625211984
0.126625211984
0.126625211984
0.126625211984
0.126625211984
0.126625211984
0.126625211984
0.126625211984
0.126625211984
0.126625211984
0.126625211984
0.126625211984
0.126625211984
0.126625211984
0.126625211984
0.126625211984
0.126625211984
0.126625211984
0.126625211984
0.126625211984
0.126625211984
0.126625211984
0.126625211984
0.126625211984
0.126625211984
0.126625211984
0.126625211984
0.126625211984
0.126625211984
0.126625211984
0.126625211984
0.126625211984
0.126625211984
0.126625211984
0.126625211984
0.126625211984
0.126625211984
0.126625211984
0.126625211984
0.126625211984
0.126625211984
0.126625211984
0.126625211984
0.126625211984
0.126625211984
0.126625211984
0.126625211984
0.126625211984
0.126625211984
0.126625211984
0.126625211984
0.126625211984
0.126625211984
0.126625211984
0.126625211984
0.126625211984
0.126625211984
0.126625211984
0.126625211984
0.126625211984
0.126625211984
0.126625211984
0.126625211984
0.126625211984
0.126625211984
0.126625211984
0.126625211984
0.126625211984
0.126625211984
0.126625211984
0.126625211984
0.126625211984
0.126625211984
0.126625211984
0.126625211984
0.126625211984
0.126625211984
0.126625211984
0.126625211984
0.126625211984
0.126625211984
0.126625211984
0.126625211984
0.126625211984
0.126625211984
0.126625211984
0.126625211984
0.126625211984
0.126625211984
0.126625211984
0.126625211984
0.126625211984
0.126625211984
0.126625211984
0.126625211984
0.126625211984
0.126625211984
0.126625211984
0.126625211984
0.126625211984
0.126625211984
0.126625211984
0.126625211984
0.126625211984
0.126625211984
0.126625211984
0.126625211984
0.126625211984
0.126625211984
0.126625211984
0.126625211984
0.126625211984
0.126625211984
0.126625211984
0.126625211984
0.126625211984
0.126625211984
0.126625211984
0.126625211984
0.126625211984
0.126625211984
0.126625211984
0.126625211984
0.126625211984
0.126625211984
0.126625211984
0.126625211984
0.126625211984
0.126625211984
0.126625211984
0.126625211984
0.126625211984
0.126625211984
0.126625211984
0.126625211984
0.126625211984
0.126625211984
0.126625211984
0.126625211984
0.126625211984
0.126625211984
0.126625211984
0.126625211984
0.126625211984
0.126625211984
0.126625211984
0.126625211984
0.126625211984
0.126625211984
0.126625211984
0.126625211984
0.126625211984
0.126625211984
0.126625211984
0.126625211984
0.126625211984
0.126625211984
0.126625211984
0.126625211984
0.126625211984
0.126625211984
0.126625211984
0.126625211984
0.126625211984
0.126625211984
0.126625211984
0.126625211984
0.126625211984
0.126625211984
0.126625211984
0.126625211984
0.126625211984
0.126625211984
0.126625211984
0.126625211984
0.126625211984
0.126625211984
0.126625211984
0.126625211984
0.126625211984
0.126625211984
0.126625211984
0.126625211984
0.126625211984
0.126625211984
0.126625211984
0.126625211984
0.126625211984
0.126625211984
0.126625211984
0.126625211984
0.126625211984
0.126625211984
0.126625211984
0.126625211984
0.126625211984
0.126625211984
0.126625211984
0.126625211984
0.126625211984
0.126625211984
0.126625211984
0.126625211984
0.126625211984
0.126625211984
0.126625211984
0.126625211984
0.126625211984
0.126625211984
0.126625211984
0.126625211984
0.126625211984
0.126625211984
0.126625211984
0.126625211984
0.126625211984
0.126625211984
0.126625211984
0.126625211984
0.126625211984
0.126625211984
0.126625211984
0.126625211984
0.126625211984
0.126625211984
0.126625211984
0.126625211984
0.126625211984
0.126625211984
0.126625211984
0.126625211984
0.126625211984
0.126625211984
0.126625211984
0.126625211984
0.126625211984
0.126625211984
0.126625211984
0.126625211984
0.126625211984
0.126625211984
0.126625211984
0.126625211984
0.126625211984
0.126625211984
0.126625211984
0.126625211984
0.126625211984
0.126625211984
0.126625211984
0.126625211984
0.126625211984
0.126625211984
0.126625211984
0.126625211984
0.126625211984
0.126625211984
0.126625211984
0.126625211984
0.126625211984
0.126625211984
0.126625211984
0.126625211984
0.126625211984
0.126625211984
0.126625211984
0.126625211984
0.126625211984
0.126625211984
0.126625211984
0.126625211984
0.126625211984
0.126625211984
0.126625211984
0.126625211984
0.126625211984
0.126625211984
0.126625211984
0.126625211984
0.126625211984
0.126625211984
0.126625211984
0.126625211984
0.126625211984
0.126625211984
0.126625211984
0.126625211984
0.126625211984
0.126625211984
0.126625211984
0.126625211984
0.126625211984
0.126625211984
0.126625211984
0.126625211984
0.126625211984
0.126625211984
0.126625211984
0.126625211984
0.126625211984
0.126625211984
0.126625211984
0.126625211984
0.126625211984
0.126625211984
0.126625211984
0.126625211984
0.126625211984
0.126625211984
0.126625211984
0.126625211984
0.126625211984
0.126625211984
0.126625211984
0.126625211984
0.126625211984
0.126625211984
0.126625211984
0.126625211984
0.126625211984
0.126625211984
0.126625211984
0.126625211984
0.126625211984
0.126625211984
0.126625211984
0.126625211984
0.126625211984
0.126625211984
0.126625211984
0.126625211984
0.126625211984
0.126625211984
0.126625211984
0.126625211984
0.126625211984
0.126625211984
0.126625211984
0.126625211984
0.126625211984
0.126625211984
0.126625211984
0.126625211984
0.126625211984
0.126625211984
0.126625211984
0.126625211984
0.126625211984
0.126625211984
0.126625211984
0.126625211984
0.126625211984
0.126625211984
0.126625211984
0.126625211984
0.126625211984
0.126625211984
0.126625211984
0.126625211984
0.126625211984
0.126625211984
0.126625211984
0.126625211984
0.126625211984
0.126625211984
0.126625211984
0.126625211984
0.126625211984
0.126625211984
0.126625211984
0.126625211984
0.126625211984
0.126625211984
0.126625211984
0.126625211984
0.126625211984
0.126625211984
0.126625211984
0.126625211984
0.126625211984
0.126625211984
0.126625211984
0.126625211984
0.126625211984
0.126625211984
0.126625211984
0.126625211984
0.126625211984
0.126625211984
0.126625211984
0.126625211984
0.126625211984
0.126625211984
0.126625211984
0.126625211984
0.126625211984
0.126625211984
0.126625211984
0.126625211984
0.126625211984
0.126625211984
0.126625211984
0.126625211984
0.126625211984
0.126625211984
0.126625211984
0.126625211984
0.126625211984
0.126625211984
0.126625211984
0.126625211984
0.126625211984
0.126625211984
0.126625211984
0.126625211984
0.126625211984
0.126625211984
0.126625211984
0.126625211984
0.126625211984
0.126625211984
0.126625211984
0.126625211984
0.126625211984
0.126625211984
0.126625211984
0.126625211984
0.126625211984
0.126625211984
0.126625211984
0.126625211984
0.126625211984
0.126625211984
0.126625211984
0.126625211984
0.126625211984
0.126625211984
0.126625211984
0.126625211984
0.126625211984
0.126625211984
0.126625211984
0.126625211984
0.126625211984
0.126625211984
0.126625211984
0.126625211984
0.126625211984
0.126625211984
0.126625211984
0.126625211984
0.126625211984
0.126625211984
0.126625211984
0.126625211984
0.126625211984
0.126625211984
0.126625211984
0.126625211984
0.126625211984
0.126625211984
0.126625211984
0.126625211984
0.126625211984
0.126625211984
0.126625211984
0.126625211984
0.126625211984
0.126625211984
0.126625211984
0.126625211984
0.126625211984
0.126625211984
0.126625211984
0.126625211984
0.126625211984
0.126625211984
0.126625211984
0.126625211984
0.126625211984
0.126625211984
0.126625211984
0.126625211984
0.126625211984
0.126625211984
0.126625211984
0.126625211984
0.126625211984
0.126625211984
0.126625211984
0.126625211984
0.126625211984
0.126625211984
0.126625211984
0.126625211984
0.126625211984
0.126625211984
0.126625211984
0.126625211984
0.126625211984
0.126625211984
0.126625211984
0.126625211984
0.126625211984
0.126625211984
0.126625211984
0.126625211984
0.126625211984
0.126625211984
0.126625211984
0.126625211984
0.126625211984
0.126625211984
0.126625211984
0.126625211984
0.126625211984
0.126625211984
0.126625211984
0.126625211984
0.126625211984
0.126625211984
0.126625211984
0.126625211984
0.126625211984
0.126625211984
0.126625211984
0.126625211984
0.126625211984
0.126625211984
0.126625211984
0.126625211984
0.126625211984
0.126625211984
0.126625211984
0.126625211984
0.126625211984
0.126625211984
0.126625211984
0.126625211984
0.126625211984
0.126625211984
0.126625211984
0.126625211984
0.126625211984
0.126625211984
0.126625211984
0.126625211984
0.126625211984
0.126625211984
0.126625211984
0.126625211984
0.126625211984
0.126625211984
0.126625211984
0.126625211984
0.126625211984
0.126625211984
0.126625211984
0.126625211984
0.126625211984
0.126625211984
0.126625211984
0.126625211984
0.126625211984
0.126625211984
0.126625211984
0.126625211984
0.126625211984
0.126625211984
0.126625211984
0.126625211984
0.126625211984
0.126625211984
0.126625211984
0.126625211984
0.126625211984
0.126625211984
0.126625211984
0.126625211984
0.126625211984
0.126625211984
0.126625211984
0.126625211984
0.126625211984
0.126625211984
0.126625211984
0.126625211984
0.126625211984
0.126625211984
0.126625211984
0.126625211984
0.126625211984
0.126625211984
0.126625211984
0.126625211984
0.126625211984
0.126625211984
0.126625211984
0.126625211984
0.126625211984
0.126625211984
0.126625211984
0.126625211984
0.126625211984
0.126625211984
0.126625211984
0.126625211984
0.126625211984
0.126625211984
0.126625211984
0.126625211984
0.126625211984
0.126625211984
0.126625211984
0.126625211984
0.126625211984
0.126625211984
0.126625211984
0.126625211984
0.126625211984
0.126625211984
0.126625211984
0.126625211984
0.126625211984
0.126625211984
0.126625211984
0.126625211984
0.126625211984
0.126625211984
0.126625211984
0.126625211984
0.126625211984
0.126625211984
0.126625211984
0.126625211984
0.126625211984
0.126625211984
0.126625211984
0.126625211984
0.126625211984
0.126625211984
0.126625211984
0.126625211984
0.126625211984
0.126625211984
0.126625211984
0.126625211984
0.126625211984
0.126625211984
0.126625211984
0.126625211984
0.126625211984
0.126625211984
0.126625211984
0.126625211984
0.126625211984
0.126625211984
0.126625211984
0.126625211984
0.126625211984
0.126625211984
0.126625211984
0.126625211984
0.126625211984
0.126625211984
0.126625211984
0.126625211984
0.126625211984
0.126625211984
0.126625211984
0.126625211984
0.126625211984
0.126625211984
0.126625211984
0.126625211984
0.126625211984
0.126625211984
0.126625211984
0.126625211984
0.126625211984
0.126625211984
0.126625211984
0.126625211984
0.126625211984
0.126625211984
0.126625211984
0.126625211984
0.126625211984
0.126625211984
0.126625211984
0.126625211984
0.126625211984
0.126625211984
0.126625211984
0.126625211984
0.126625211984
0.126625211984
0.126625211984
0.126625211984
0.126625211984
0.126625211984
0.126625211984
0.126625211984
