0.095311695003
0.094796496651
0.096342091705
0.096342091705
0.095311695003
0.094796496651
0.094796496651
0.094796496651
0.095311695003
0.095826893354
0.095826893354
0.095826893354
0.095826893354
0.095826893354
0.095826893354
0.095826893354
0.095826893354
0.095826893354
0.097372488408
0.098402885111
0.100463678516
0.100978876868
0.113858835652
0.120041215868
0.138588356517
0.142709943328
0.159196290572
0.162287480680
0.171561051005
0.174137042761
0.184441009789
0.185471406491
0.177228232870
0.179804224626
0.182380216383
0.183925811437
0.189592993302
0.192168985059
0.199896960330
0.202472952087
0.201957753735
0.203503348789
0.206594538897
0.209685729006
0.207624935600
0.210200927357
0.209170530654
0.207109737249
0.207624935600
0.214322514168
0.214322514168
0.226172076249
0.227202472952
0.235445646574
0.232869654817
0.238536836682
0.239567233385
0.241112828439
0.241628026790
0.250386398764
0.246780010304
0.256053580629
0.247810407007
0.254507985574
0.248840803709
0.232869654817
0.224111282844
0.182895414735
0.208140133952
0.216898505925
0.180834621329
0.261720762494
0.181349819681
0.249356002061
0.161257083977
0.249356002061
0.168985059248
0.245234415250
0.145801133436
0.245749613601
0.172076249356
0.239052035033
0.130345182895
0.250386398764
0.187017001546
0.225656877898
0.137042761463
0.231839258114
0.184956208140
0.230293663060
0.156620298815
0.244719216899
0.165893869140
0.224626481195
0.148377125193
0.240082431736
0.168985059248
0.195260175167
0.159711488923
0.242143225142
0.182895414735
0.193199381762
0.170530654302
0.216383307573
0.175167439464
0.203503348789
0.233384853168
0.215352910871
0.153529108707
0.190623390005
0.209170530654
0.217928902628
0.214837712519
0.215868109222
0.160741885626
0.219474497682
0.204533745492
0.206079340546
0.138073158166
0.206079340546
0.183925811437
0.214837712519
0.142194744977
0.184441009789
0.194229778465
0.215868109222
0.141164348274
0.210200927357
0.190108191654
0.245749613601
0.160226687275
0.196805770222
0.218444100979
0.234415249871
0.162287480680
0.252447192169
0.199381761978
0.221535291087
0.186501803194
0.247295208655
0.177743431221
0.209685729006
0.221535291087
0.214322514168
0.151468315301
0.224111282844
0.225656877898
0.241628026790
0.180834621329
0.183925811437
0.210716125708
0.202988150438
0.175682637816
0.199381761978
0.166924265842
0.221020092736
0.212776919114
0.226172076249
0.187017001546
0.151983513653
0.217928902628
0.222050489438
0.172076249356
0.236476043277
0.185471406491
0.217928902628
0.201957753735
0.232354456466
0.171045852653
0.203503348789
0.181349819681
0.236476043277
0.198866563627
0.193714580113
0.209685729006
0.245234415250
0.191138588357
0.196290571870
0.182895414735
0.207624935600
0.200927357032
0.159711488923
0.214837712519
0.208140133952
0.186501803194
0.216898505925
0.206079340546
0.216383307573
0.178773827924
0.221020092736
0.190108191654
0.218959299330
0.224626481195
0.226687274601
0.183925811437
0.211746522411
0.205048943843
0.211746522411
0.165893869140
0.188047398248
0.227202472952
0.243688820196
0.201442555384
0.201957753735
0.195775373519
0.248325605358
0.174652241113
0.253477588872
0.234930448223
0.226172076249
0.172591447707
0.214322514168
0.156620298815
0.139618753220
0.102009273570
0.136012364760
0.108706852138
0.092735703246
0.075734157651
0.086038124678
0.073158165894
0.078310149408
0.073673364245
0.082946934570
0.085522926327
0.100978876868
0.094281298300
0.099433281813
0.085007727975
0.082431736218
0.076249356002
0.083977331273
0.092220504894
0.091190108192
0.092220504894
0.101494075219
0.111798042246
0.113343637300
0.125193199382
0.135497166409
0.150953116950
0.162802679031
0.159711488923
0.131375579598
0.124678001030
0.088098918083
0.111282843895
0.093766099948
0.094281298300
0.085007727975
0.069551777434
0.069551777434
0.069551777434
0.080886141164
0.093766099948
0.072127769191
0.094281298300
0.086038124678
0.101494075219
0.076764554353
0.094281298300
0.083462132921
0.104070066976
0.099948480165
0.100463678516
0.149922720247
0.139103554869
0.134466769706
0.109737248841
0.145801133436
0.136527563112
0.205048943843
0.173621844410
0.166924265842
0.165893869140
0.152498712004
0.110767645544
0.085007727975
0.111282843895
0.108706852138
0.127769191139
0.094281298300
0.110767645544
0.110767645544
0.110767645544
0.110767645544
0.110767645544
0.110767645544
0.110767645544
0.110767645544
0.110767645544
0.110767645544
0.110767645544
0.110767645544
0.110767645544
0.110767645544
0.110767645544
0.110767645544
0.110767645544
0.110767645544
0.110767645544
0.110767645544
0.110767645544
0.110767645544
0.110767645544
0.110767645544
0.110767645544
0.110767645544
0.110767645544
0.110767645544
0.110767645544
0.110767645544
0.110767645544
0.110767645544
0.110767645544
0.110767645544
0.110767645544
0.110767645544
0.110767645544
0.110767645544
0.110767645544
0.110767645544
0.110767645544
0.110767645544
0.110767645544
0.110767645544
0.110767645544
0.110767645544
0.110767645544
0.110767645544
0.110767645544
0.110767645544
0.110767645544
0.110767645544
0.110767645544
0.110767645544
0.110767645544
0.110767645544
0.110767645544
0.110767645544
0.110767645544
0.110767645544
0.110767645544
0.110767645544
0.110767645544
0.110767645544
0.110767645544
0.110767645544
0.110767645544
0.110767645544
0.110767645544
0.110767645544
0.110767645544
0.110767645544
0.110767645544
0.110767645544
0.110767645544
0.110767645544
0.110767645544
0.110767645544
0.110767645544
0.110767645544
0.110767645544
0.110767645544
0.110767645544
0.110767645544
0.110767645544
0.110767645544
0.110767645544
0.110767645544
0.110767645544
0.110767645544
0.110767645544
0.110767645544
0.110767645544
0.110767645544
0.110767645544
0.110767645544
0.110767645544
0.110767645544
0.110767645544
0.110767645544
0.110767645544
0.110767645544
0.110767645544
0.110767645544
0.110767645544
0.110767645544
0.110767645544
0.110767645544
0.110767645544
0.110767645544
0.110767645544
0.110767645544
0.110767645544
0.110767645544
0.110767645544
0.110767645544
0.110767645544
0.110767645544
0.110767645544
0.110767645544
0.110767645544
0.110767645544
0.110767645544
0.110767645544
0.110767645544
0.110767645544
0.110767645544
0.110767645544
0.110767645544
0.110767645544
0.110767645544
0.110767645544
0.110767645544
0.110767645544
0.110767645544
0.110767645544
0.110767645544
0.110767645544
0.110767645544
0.110767645544
0.110767645544
0.110767645544
0.110767645544
0.110767645544
0.110767645544
0.110767645544
0.110767645544
0.110767645544
0.110767645544
0.110767645544
0.110767645544
0.110767645544
0.110767645544
0.110767645544
0.110767645544
0.110767645544
0.110767645544
0.110767645544
0.110767645544
0.110767645544
0.110767645544
0.110767645544
0.110767645544
0.110767645544
0.110767645544
0.110767645544
0.110767645544
0.110767645544
0.110767645544
0.110767645544
0.110767645544
0.110767645544
0.110767645544
0.110767645544
0.110767645544
0.110767645544
0.110767645544
0.110767645544
0.110767645544
0.110767645544
0.110767645544
0.110767645544
0.110767645544
0.110767645544
0.110767645544
0.110767645544
0.110767645544
0.110767645544
0.110767645544
0.110767645544
0.110767645544
0.110767645544
0.110767645544
0.110767645544
0.110767645544
0.110767645544
0.110767645544
0.110767645544
0.110767645544
0.110767645544
0.110767645544
0.110767645544
0.110767645544
0.110767645544
0.110767645544
0.110767645544
0.110767645544
0.110767645544
0.110767645544
0.110767645544
0.110767645544
0.110767645544
0.110767645544
0.110767645544
0.110767645544
0.110767645544
0.110767645544
0.110767645544
0.110767645544
0.110767645544
0.110767645544
0.110767645544
0.110767645544
0.110767645544
0.110767645544
0.110767645544
0.110767645544
0.110767645544
0.110767645544
0.110767645544
0.110767645544
0.110767645544
0.110767645544
0.110767645544
0.110767645544
0.110767645544
0.110767645544
0.110767645544
0.110767645544
0.110767645544
0.110767645544
0.110767645544
0.110767645544
0.110767645544
0.110767645544
0.110767645544
0.110767645544
0.110767645544
0.110767645544
0.110767645544
0.110767645544
0.110767645544
0.110767645544
0.110767645544
0.110767645544
0.110767645544
0.110767645544
0.110767645544
0.110767645544
0.110767645544
0.110767645544
0.110767645544
0.110767645544
0.110767645544
0.110767645544
0.110767645544
0.110767645544
0.110767645544
0.110767645544
0.110767645544
0.110767645544
0.110767645544
0.110767645544
0.110767645544
0.110767645544
0.110767645544
0.110767645544
0.110767645544
0.110767645544
0.110767645544
0.110767645544
0.110767645544
0.110767645544
0.110767645544
0.110767645544
0.110767645544
0.110767645544
0.110767645544
0.110767645544
0.110767645544
0.110767645544
0.110767645544
0.110767645544
0.110767645544
0.110767645544
0.110767645544
0.110767645544
0.110767645544
0.110767645544
0.110767645544
0.110767645544
0.110767645544
0.110767645544
0.110767645544
0.110767645544
0.110767645544
0.110767645544
0.110767645544
0.110767645544
0.110767645544
0.110767645544
0.110767645544
0.110767645544
0.110767645544
0.110767645544
0.110767645544
0.110767645544
0.110767645544
0.110767645544
0.110767645544
0.110767645544
0.110767645544
0.110767645544
0.110767645544
0.110767645544
0.110767645544
0.110767645544
0.110767645544
0.110767645544
0.110767645544
0.110767645544
0.110767645544
0.110767645544
0.110767645544
0.110767645544
0.110767645544
0.110767645544
0.110767645544
0.110767645544
0.110767645544
0.110767645544
0.110767645544
0.110767645544
0.110767645544
0.110767645544
0.110767645544
0.110767645544
0.110767645544
0.110767645544
0.110767645544
0.110767645544
0.110767645544
0.110767645544
0.110767645544
0.110767645544
0.110767645544
0.110767645544
0.110767645544
0.110767645544
0.110767645544
0.110767645544
0.110767645544
0.110767645544
0.110767645544
0.110767645544
0.110767645544
0.110767645544
0.110767645544
0.110767645544
0.110767645544
0.110767645544
0.110767645544
0.110767645544
0.110767645544
0.110767645544
0.110767645544
0.110767645544
0.110767645544
0.110767645544
0.110767645544
0.110767645544
0.110767645544
0.110767645544
0.110767645544
0.110767645544
0.110767645544
0.110767645544
0.110767645544
0.110767645544
0.110767645544
0.110767645544
0.110767645544
0.110767645544
0.110767645544
0.110767645544
0.110767645544
0.110767645544
0.110767645544
0.110767645544
0.110767645544
0.110767645544
0.110767645544
0.110767645544
0.110767645544
0.110767645544
0.110767645544
0.110767645544
0.110767645544
0.110767645544
0.110767645544
0.110767645544
0.110767645544
0.110767645544
0.110767645544
0.110767645544
0.110767645544
0.110767645544
0.110767645544
0.110767645544
0.110767645544
0.110767645544
0.110767645544
0.110767645544
0.110767645544
0.110767645544
0.110767645544
0.110767645544
0.110767645544
0.110767645544
0.110767645544
0.110767645544
0.110767645544
0.110767645544
0.110767645544
0.110767645544
0.110767645544
0.110767645544
0.110767645544
0.110767645544
0.110767645544
0.110767645544
0.110767645544
0.110767645544
0.110767645544
0.110767645544
0.110767645544
0.110767645544
0.110767645544
0.110767645544
0.110767645544
0.110767645544
0.110767645544
0.110767645544
0.110767645544
0.110767645544
0.110767645544
0.110767645544
0.110767645544
0.110767645544
0.110767645544
0.110767645544
0.110767645544
0.110767645544
0.110767645544
0.110767645544
0.110767645544
0.110767645544
0.110767645544
0.110767645544
0.110767645544
0.110767645544
0.110767645544
0.110767645544
0.110767645544
0.110767645544
0.110767645544
0.110767645544
0.110767645544
0.110767645544
0.110767645544
0.110767645544
0.110767645544
0.110767645544
0.110767645544
0.110767645544
0.110767645544
0.110767645544
0.110767645544
0.110767645544
0.110767645544
0.110767645544
0.110767645544
0.110767645544
0.110767645544
0.110767645544
0.110767645544
0.110767645544
0.110767645544
0.110767645544
0.110767645544
0.110767645544
0.110767645544
0.110767645544
0.110767645544
0.110767645544
0.110767645544
0.110767645544
0.110767645544
0.110767645544
0.110767645544
0.110767645544
0.110767645544
0.110767645544
0.110767645544
0.110767645544
0.110767645544
0.110767645544
0.110767645544
0.110767645544
0.110767645544
0.110767645544
0.110767645544
0.110767645544
0.110767645544
0.110767645544
0.110767645544
0.110767645544
0.110767645544
0.110767645544
0.110767645544
0.110767645544
0.110767645544
0.110767645544
0.110767645544
0.110767645544
0.110767645544
0.110767645544
0.110767645544
0.110767645544
0.110767645544
0.110767645544
0.110767645544
0.110767645544
0.110767645544
0.110767645544
0.110767645544
0.110767645544
0.110767645544
0.110767645544
0.110767645544
0.110767645544
0.110767645544
0.110767645544
0.110767645544
0.110767645544
0.110767645544
0.110767645544
0.110767645544
0.110767645544
0.110767645544
0.110767645544
0.110767645544
0.110767645544
0.110767645544
0.110767645544
0.110767645544
0.110767645544
0.110767645544
0.110767645544
0.110767645544
0.110767645544
0.110767645544
0.110767645544
0.110767645544
0.110767645544
0.110767645544
0.110767645544
0.110767645544
0.110767645544
0.110767645544
0.110767645544
0.110767645544
0.110767645544
0.110767645544
0.110767645544
0.110767645544
0.110767645544
0.110767645544
0.110767645544
0.110767645544
0.110767645544
0.110767645544
0.110767645544
0.110767645544
0.110767645544
0.110767645544
0.110767645544
0.110767645544
0.110767645544
0.110767645544
0.110767645544
0.110767645544
0.110767645544
0.110767645544
0.110767645544
0.110767645544
0.110767645544
0.110767645544
0.110767645544
0.110767645544
0.110767645544
0.110767645544
0.110767645544
0.110767645544
0.110767645544
0.110767645544
0.110767645544
0.110767645544
0.110767645544
0.110767645544
0.110767645544
0.110767645544
0.110767645544
0.110767645544
0.110767645544
0.110767645544
0.110767645544
0.110767645544
0.110767645544
0.110767645544
0.110767645544
0.110767645544
0.110767645544
0.110767645544
0.110767645544
0.110767645544
0.110767645544
0.110767645544
0.110767645544
0.110767645544
0.110767645544
0.110767645544
0.110767645544
0.110767645544
0.110767645544
0.110767645544
0.110767645544
0.110767645544
0.110767645544
0.110767645544
0.110767645544
0.110767645544
0.110767645544
0.110767645544
0.110767645544
0.110767645544
0.110767645544
0.110767645544
0.110767645544
0.110767645544
0.110767645544
0.110767645544
0.110767645544
0.110767645544
0.110767645544
0.110767645544
0.110767645544
0.110767645544
0.110767645544
0.110767645544
0.110767645544
0.110767645544
0.110767645544
0.110767645544
0.110767645544
0.110767645544
0.110767645544
0.110767645544
0.110767645544
0.110767645544
0.110767645544
0.110767645544
0.110767645544
0.110767645544
0.110767645544
0.110767645544
0.110767645544
0.110767645544
0.110767645544
0.110767645544
0.110767645544
0.110767645544
0.110767645544
0.110767645544
0.110767645544
0.110767645544
0.110767645544
0.110767645544
0.110767645544
0.110767645544
0.110767645544
0.110767645544
0.110767645544
0.110767645544
0.110767645544
0.110767645544
0.110767645544
0.110767645544
0.110767645544
0.110767645544
0.110767645544
0.110767645544
0.110767645544
0.110767645544
0.110767645544
0.110767645544
0.110767645544
0.110767645544
0.110767645544
0.110767645544
0.110767645544
0.110767645544
0.110767645544
0.110767645544
0.110767645544
0.110767645544
0.110767645544
0.110767645544
0.110767645544
0.110767645544
0.110767645544
0.110767645544
0.110767645544
0.110767645544
0.110767645544
0.110767645544
0.110767645544
0.110767645544
0.110767645544
0.110767645544
0.110767645544
0.110767645544
0.110767645544
0.110767645544
0.110767645544
0.110767645544
0.110767645544
0.110767645544
0.110767645544
0.110767645544
0.110767645544
0.110767645544
0.110767645544
0.110767645544
0.110767645544
0.110767645544
0.110767645544
0.110767645544
0.110767645544
0.110767645544
0.110767645544
0.110767645544
0.110767645544
0.110767645544
0.110767645544
0.110767645544
0.110767645544
0.110767645544
0.110767645544
0.110767645544
0.110767645544
0.110767645544
0.110767645544
0.110767645544
0.110767645544
0.110767645544
0.110767645544
0.110767645544
0.110767645544
0.110767645544
0.110767645544
0.110767645544
0.110767645544
0.110767645544
0.110767645544
0.110767645544
0.110767645544
0.110767645544
0.110767645544
0.110767645544
0.110767645544
0.110767645544
0.110767645544
0.110767645544
0.110767645544
0.110767645544
0.110767645544
0.110767645544
0.110767645544
0.110767645544
0.110767645544
0.110767645544
0.110767645544
0.110767645544
0.110767645544
0.110767645544
0.110767645544
0.110767645544
0.110767645544
0.110767645544
0.110767645544
0.110767645544
0.110767645544
0.110767645544
0.110767645544
0.110767645544
0.110767645544
0.110767645544
0.110767645544
0.110767645544
0.110767645544
0.110767645544
0.110767645544
0.110767645544
0.110767645544
0.110767645544
0.110767645544
0.110767645544
0.110767645544
0.110767645544
0.110767645544
0.110767645544
0.110767645544
0.110767645544
0.110767645544
0.110767645544
0.110767645544
0.110767645544
0.110767645544
0.110767645544
0.110767645544
0.110767645544
0.110767645544
0.110767645544
0.110767645544
0.110767645544
0.110767645544
0.110767645544
0.110767645544
0.110767645544
0.110767645544
0.110767645544
0.110767645544
0.110767645544
0.110767645544
0.110767645544
0.110767645544
0.110767645544
0.110767645544
0.110767645544
0.110767645544
0.110767645544
0.110767645544
0.110767645544
0.110767645544
0.110767645544
0.110767645544
0.110767645544
0.110767645544
0.110767645544
0.110767645544
0.110767645544
0.110767645544
0.110767645544
0.110767645544
0.110767645544
0.110767645544
0.110767645544
0.110767645544
0.110767645544
0.110767645544
0.110767645544
0.110767645544
0.110767645544
0.110767645544
0.110767645544
0.110767645544
0.110767645544
0.110767645544
0.110767645544
0.110767645544
0.110767645544
0.110767645544
0.110767645544
0.110767645544
0.110767645544
0.110767645544
0.110767645544
0.110767645544
0.110767645544
0.110767645544
0.110767645544
0.110767645544
0.110767645544
0.110767645544
0.110767645544
0.110767645544
0.110767645544
0.110767645544
0.110767645544
0.110767645544
0.110767645544
0.110767645544
0.110767645544
0.110767645544
0.110767645544
0.110767645544
0.110767645544
0.110767645544
0.110767645544
0.110767645544
0.110767645544
0.110767645544
0.110767645544
0.110767645544
0.110767645544
0.110767645544
0.110767645544
0.110767645544
0.110767645544
0.110767645544
0.110767645544
0.110767645544
0.110767645544
0.110767645544
0.110767645544
0.110767645544
0.110767645544
0.110767645544
0.110767645544
0.110767645544
0.110767645544
0.110767645544
0.110767645544
0.110767645544
0.110767645544
0.110767645544
0.110767645544
0.110767645544
0.110767645544
0.110767645544
0.110767645544
0.110767645544
0.110767645544
0.110767645544
0.110767645544
0.110767645544
0.110767645544
0.110767645544
0.110767645544
0.110767645544
0.110767645544
0.110767645544
0.110767645544
0.110767645544
0.110767645544
0.110767645544
0.110767645544
0.110767645544
0.110767645544
0.110767645544
0.110767645544
0.110767645544
0.110767645544
0.110767645544
0.110767645544
0.110767645544
0.110767645544
0.110767645544
0.110767645544
0.110767645544
0.110767645544
0.110767645544
0.110767645544
0.110767645544
0.110767645544
0.110767645544
0.110767645544
0.110767645544
0.110767645544
0.110767645544
0.110767645544
0.110767645544
0.110767645544
0.110767645544
0.110767645544
0.110767645544
0.110767645544
0.110767645544
0.110767645544
0.110767645544
0.110767645544
0.110767645544
0.110767645544
0.110767645544
0.110767645544
0.110767645544
0.110767645544
0.110767645544
0.110767645544
0.110767645544
0.110767645544
0.110767645544
0.110767645544
0.110767645544
0.110767645544
0.110767645544
0.110767645544
0.110767645544
0.110767645544
0.110767645544
0.110767645544
0.110767645544
0.110767645544
0.110767645544
0.110767645544
0.110767645544
0.110767645544
0.110767645544
0.110767645544
0.110767645544
0.110767645544
0.110767645544
0.110767645544
0.110767645544
0.110767645544
0.110767645544
0.110767645544
0.110767645544
0.110767645544
0.110767645544
0.110767645544
0.110767645544
0.110767645544
0.110767645544
0.110767645544
0.110767645544
0.110767645544
0.110767645544
0.110767645544
0.110767645544
0.110767645544
0.110767645544
0.110767645544
0.110767645544
0.110767645544
0.110767645544
0.110767645544
0.110767645544
0.110767645544
0.110767645544
0.110767645544
0.110767645544
0.110767645544
0.110767645544
0.110767645544
0.110767645544
0.110767645544
0.110767645544
0.110767645544
0.110767645544
0.110767645544
0.110767645544
0.110767645544
0.110767645544
0.110767645544
0.110767645544
0.110767645544
0.110767645544
0.110767645544
0.110767645544
0.110767645544
0.110767645544
0.110767645544
0.110767645544
0.110767645544
0.110767645544
0.110767645544
0.110767645544
0.110767645544
0.110767645544
0.110767645544
0.110767645544
0.110767645544
0.110767645544
0.110767645544
0.110767645544
0.110767645544
0.110767645544
0.110767645544
0.110767645544
0.110767645544
0.110767645544
0.110767645544
0.110767645544
0.110767645544
0.110767645544
0.110767645544
0.110767645544
0.110767645544
0.110767645544
0.110767645544
0.110767645544
0.110767645544
0.110767645544
0.110767645544
0.110767645544
0.110767645544
0.110767645544
0.110767645544
0.110767645544
0.110767645544
0.110767645544
0.110767645544
0.110767645544
0.110767645544
0.110767645544
0.110767645544
0.110767645544
0.110767645544
0.110767645544
0.110767645544
0.110767645544
0.110767645544
0.110767645544
0.110767645544
0.110767645544
0.110767645544
0.110767645544
0.110767645544
0.110767645544
0.110767645544
0.110767645544
0.110767645544
0.110767645544
0.110767645544
0.110767645544
0.110767645544
0.110767645544
0.110767645544
0.110767645544
0.110767645544
0.110767645544
0.110767645544
0.110767645544
0.110767645544
0.110767645544
0.110767645544
0.110767645544
0.110767645544
0.110767645544
0.110767645544
0.110767645544
0.110767645544
0.110767645544
0.110767645544
0.110767645544
0.110767645544
0.110767645544
0.110767645544
0.110767645544
0.110767645544
0.110767645544
0.110767645544
0.110767645544
0.110767645544
0.110767645544
0.110767645544
0.110767645544
0.110767645544
0.110767645544
0.110767645544
0.110767645544
0.110767645544
0.110767645544
0.110767645544
0.110767645544
0.110767645544
0.110767645544
0.110767645544
0.110767645544
0.110767645544
0.110767645544
0.110767645544
0.110767645544
0.110767645544
0.110767645544
0.110767645544
0.110767645544
0.110767645544
0.110767645544
0.110767645544
0.110767645544
0.110767645544
0.110767645544
0.110767645544
0.110767645544
0.110767645544
0.110767645544
0.110767645544
0.110767645544
0.110767645544
0.110767645544
0.110767645544
0.110767645544
0.110767645544
0.110767645544
0.110767645544
0.110767645544
0.110767645544
0.110767645544
0.110767645544
0.110767645544
0.110767645544
0.110767645544
0.110767645544
0.110767645544
0.110767645544
0.110767645544
0.110767645544
0.110767645544
0.110767645544
0.110767645544
0.110767645544
0.110767645544
0.110767645544
0.110767645544
0.110767645544
0.110767645544
0.110767645544
0.110767645544
0.110767645544
0.110767645544
0.110767645544
0.110767645544
0.110767645544
0.110767645544
0.110767645544
0.110767645544
0.110767645544
0.110767645544
0.110767645544
0.110767645544
0.110767645544
0.110767645544
0.110767645544
0.110767645544
0.110767645544
0.110767645544
0.110767645544
0.110767645544
0.110767645544
0.110767645544
0.110767645544
0.110767645544
0.110767645544
0.110767645544
0.110767645544
0.110767645544
0.110767645544
0.110767645544
0.110767645544
0.110767645544
0.110767645544
0.110767645544
0.110767645544
0.110767645544
0.110767645544
0.110767645544
0.110767645544
0.110767645544
0.110767645544
0.110767645544
0.110767645544
0.110767645544
0.110767645544
0.110767645544
0.110767645544
0.110767645544
0.110767645544
0.110767645544
0.110767645544
0.110767645544
0.110767645544
0.110767645544
0.110767645544
0.110767645544
0.110767645544
0.110767645544
0.110767645544
0.110767645544
0.110767645544
0.110767645544
0.110767645544
0.110767645544
0.110767645544
0.110767645544
0.110767645544
0.110767645544
0.110767645544
0.110767645544
0.110767645544
0.110767645544
0.110767645544
0.110767645544
0.110767645544
0.110767645544
0.110767645544
0.110767645544
0.110767645544
0.110767645544
0.110767645544
0.110767645544
0.110767645544
0.110767645544
0.110767645544
0.110767645544
0.110767645544
0.110767645544
0.110767645544
0.110767645544
0.110767645544
0.110767645544
0.110767645544
0.110767645544
0.110767645544
0.110767645544
0.110767645544
0.110767645544
0.110767645544
0.110767645544
0.110767645544
0.110767645544
0.110767645544
0.110767645544
0.110767645544
0.110767645544
0.110767645544
0.110767645544
0.110767645544
0.110767645544
0.110767645544
0.110767645544
0.110767645544
0.110767645544
0.110767645544
0.110767645544
0.110767645544
0.110767645544
0.110767645544
0.110767645544
0.110767645544
0.110767645544
0.110767645544
0.110767645544
0.110767645544
0.110767645544
0.110767645544
0.110767645544
0.110767645544
0.110767645544
0.110767645544
0.110767645544
0.110767645544
0.110767645544
0.110767645544
0.110767645544
0.110767645544
0.110767645544
0.110767645544
0.110767645544
0.110767645544
0.110767645544
0.110767645544
0.110767645544
0.110767645544
0.110767645544
0.110767645544
0.110767645544
0.110767645544
0.110767645544
0.110767645544
0.110767645544
0.110767645544
0.110767645544
0.110767645544
0.110767645544
0.110767645544
0.110767645544
0.110767645544
0.110767645544
0.110767645544
0.110767645544
0.110767645544
0.110767645544
0.110767645544
0.110767645544
0.110767645544
0.110767645544
0.110767645544
0.110767645544
0.110767645544
0.110767645544
0.110767645544
0.110767645544
0.110767645544
0.110767645544
0.110767645544
0.110767645544
0.110767645544
0.110767645544
0.110767645544
0.110767645544
0.110767645544
0.110767645544
0.110767645544
0.110767645544
0.110767645544
0.110767645544
0.110767645544
0.110767645544
0.110767645544
0.110767645544
0.110767645544
0.110767645544
0.110767645544
0.110767645544
0.110767645544
0.110767645544
0.110767645544
0.110767645544
0.110767645544
0.110767645544
0.110767645544
0.110767645544
0.110767645544
0.110767645544
0.110767645544
0.110767645544
0.110767645544
0.110767645544
0.110767645544
0.110767645544
0.110767645544
0.110767645544
0.110767645544
0.110767645544
0.110767645544
0.110767645544
0.110767645544
0.110767645544
0.110767645544
0.110767645544
0.110767645544
0.110767645544
0.110767645544
0.110767645544
0.110767645544
0.110767645544
0.110767645544
0.110767645544
0.110767645544
0.110767645544
0.110767645544
0.110767645544
0.110767645544
0.110767645544
0.110767645544
0.110767645544
0.110767645544
0.110767645544
0.110767645544
0.110767645544
0.110767645544
0.110767645544
0.110767645544
0.110767645544
0.110767645544
0.110767645544
0.110767645544
0.110767645544
0.110767645544
0.110767645544
0.110767645544
0.110767645544
0.110767645544
0.110767645544
0.110767645544
0.110767645544
0.110767645544
0.110767645544
0.110767645544
0.110767645544
0.110767645544
0.110767645544
0.110767645544
0.110767645544
0.110767645544
0.110767645544
0.110767645544
0.110767645544
0.110767645544
0.110767645544
0.110767645544
0.110767645544
0.110767645544
0.110767645544
0.110767645544
0.110767645544
0.110767645544
0.110767645544
0.110767645544
0.110767645544
0.110767645544
0.110767645544
0.110767645544
0.110767645544
0.110767645544
0.110767645544
0.110767645544
0.110767645544
0.110767645544
0.110767645544
0.110767645544
0.110767645544
0.110767645544
0.110767645544
0.110767645544
0.110767645544
0.110767645544
0.110767645544
0.110767645544
0.110767645544
0.110767645544
0.110767645544
0.110767645544
0.110767645544
0.110767645544
0.110767645544
0.110767645544
0.110767645544
0.110767645544
0.110767645544
0.110767645544
0.110767645544
0.110767645544
0.110767645544
0.110767645544
0.110767645544
0.110767645544
0.110767645544
0.110767645544
0.110767645544
0.110767645544
0.110767645544
0.110767645544
0.110767645544
0.110767645544
0.110767645544
0.110767645544
0.110767645544
0.110767645544
0.110767645544
0.110767645544
0.110767645544
0.110767645544
0.110767645544
0.110767645544
0.110767645544
0.110767645544
0.110767645544
0.110767645544
0.110767645544
0.110767645544
0.110767645544
0.110767645544
0.110767645544
0.110767645544
0.110767645544
0.110767645544
0.110767645544
0.110767645544
0.110767645544
0.110767645544
0.110767645544
0.110767645544
0.110767645544
0.110767645544
0.110767645544
0.110767645544
0.110767645544
0.110767645544
0.110767645544
0.110767645544
0.110767645544
0.110767645544
0.110767645544
0.110767645544
0.110767645544
0.110767645544
0.110767645544
0.110767645544
0.110767645544
0.110767645544
0.110767645544
0.110767645544
0.110767645544
0.110767645544
0.110767645544
0.110767645544
0.110767645544
0.110767645544
0.110767645544
0.110767645544
0.110767645544
0.110767645544
0.110767645544
0.110767645544
0.110767645544
0.110767645544
0.110767645544
0.110767645544
0.110767645544
0.110767645544
0.110767645544
0.110767645544
0.110767645544
0.110767645544
0.110767645544
0.110767645544
0.110767645544
0.110767645544
0.110767645544
0.110767645544
0.110767645544
0.110767645544
0.110767645544
0.110767645544
0.110767645544
0.110767645544
0.110767645544
0.110767645544
0.110767645544
0.110767645544
0.110767645544
0.110767645544
0.110767645544
0.110767645544
0.110767645544
0.110767645544
0.110767645544
0.110767645544
0.110767645544
0.110767645544
0.110767645544
0.110767645544
0.110767645544
0.110767645544
0.110767645544
0.110767645544
0.110767645544
0.110767645544
0.110767645544
0.110767645544
0.110767645544
0.110767645544
0.110767645544
0.110767645544
0.110767645544
0.110767645544
0.110767645544
0.110767645544
0.110767645544
0.110767645544
0.110767645544
0.110767645544
0.110767645544
0.110767645544
0.110767645544
0.110767645544
0.110767645544
0.110767645544
0.110767645544
0.110767645544
0.110767645544
0.110767645544
0.110767645544
0.110767645544
0.110767645544
0.110767645544
0.110767645544
0.110767645544
0.110767645544
0.110767645544
0.110767645544
0.110767645544
0.110767645544
0.110767645544
0.110767645544
0.110767645544
0.110767645544
0.110767645544
0.110767645544
0.110767645544
0.110767645544
0.110767645544
0.110767645544
0.110767645544
