4.138447284698
4.133645057678
4.128892898560
4.124209403992
4.119603633881
4.115060806274
4.110564708710
4.106099128723
4.101646423340
4.097208023071
4.092767715454
4.088321208954
4.083868503571
4.079395294189
4.074909687042
4.070389270782
4.065829277039
4.061217784882
4.056537151337
4.051775932312
4.046917915344
4.041942119598
4.036829471588
4.031569480896
4.026137351990
4.020503520966
4.014628887177
4.008497238159
4.002085208893
3.995369911194
3.988324165344
3.980931758881
3.973181724548
3.965068578720
3.956589698792
3.947805166245
3.938747882843
3.929427385330
3.919837951660
3.909970760345
3.899832725525
3.889472484589
3.878873348236
3.868119716644
3.857233524323
3.846300125122
3.835281372070
3.824423313141
3.813560724258
3.803577423096
3.792378902435
3.787291526794
3.780995607376
4.010081768036
4.175012588501
3.905993223190
3.876319885254
3.848552227020
3.823131561279
3.800060749054
3.780085802078
3.764138221741
3.750649929047
3.737658977509
3.725292205811
3.713972806931
3.703639984131
3.693992614746
3.685141801834
3.676782608032
3.669257164001
3.661656618118
3.656344890594
3.649938106537
3.707559108734
4.101281642914
3.838078022003
3.723394393921
3.697042465210
3.675970554352
3.658442497253
3.643575191498
3.631554603577
3.621522188187
3.612588882446
3.604394912720
3.596802234650
3.589597702026
3.582963466644
3.576520919800
3.570702075958
3.564730644226
3.559645652771
3.553549289703
3.550211191177
3.544281959534
3.564461231232
3.674419641495
3.968683719635
3.749440670013
