4.132740974426
4.128351211548
4.123979568481
4.119631767273
4.115311622620
4.111007690430
4.106706142426
4.102403163910
4.098080158234
4.093731403351
4.089353561401
4.084949970245
4.080521583557
4.076068401337
4.071592807770
4.067073822021
4.062503337860
4.057872772217
4.053164005280
4.048358440399
4.043440341949
4.038394451141
4.033197402954
4.027823925018
4.022257804871
4.016465663910
4.010405063629
4.004054546356
3.997384548187
3.990375995636
3.983019351959
3.975298404694
3.967222690582
3.958770990372
3.949980258942
3.940915584564
3.931593418121
3.922056913376
3.912324666977
3.902375936508
3.892252445221
3.881973743439
3.871535301208
3.860979557037
3.850381851196
3.839763164520
3.829203128815
3.818788528442
3.808608770370
3.798635959625
3.788949012756
3.780663013458
3.787017822266
3.973592281342
4.213559627533
3.934600591660
3.899108409882
3.865916728973
3.834847211838
3.806153297424
3.781110525131
3.761311054230
3.746222019196
3.733628273010
3.722318172455
3.712093830109
3.702652931213
3.693655967712
3.684959650040
3.676552295685
3.668439149857
3.661142110825
3.653649091721
3.653299093246
3.690097570419
4.156271934509
3.825810909271
3.736078262329
3.705887317657
3.682822704315
3.665534019470
3.651962757111
3.641039848328
3.631881475449
3.623650074005
3.615989685059
3.608692646027
3.601728916168
3.595125913620
3.588964939117
3.583202838898
3.577930688858
3.572571992874
3.568335056305
3.562460899353
3.564069271088
3.567170858383
3.719956874847
3.922104835510
3.796865701675
