4.138081073761
4.132445812225
4.126901626587
4.121455192566
4.116106987000
4.110834598541
4.105608940125
4.100416660309
4.095241069794
4.090068817139
4.084891319275
4.079699516296
4.074501991272
4.069282531738
4.064034938812
4.058741092682
4.053381919861
4.047937870026
4.042391300201
4.036720752716
4.030904769897
4.024911403656
4.018716812134
4.012288093567
4.005589485168
3.998580455780
3.991187095642
3.983401775360
3.975199222565
3.966576576233
3.957545757294
3.948122501373
3.938315868378
3.928172826767
3.917714595795
3.907037496567
3.896241664886
3.885401964188
3.874654054642
3.864036321640
3.853456974030
3.842843055725
3.832182407379
3.821501731873
3.811051368713
3.800685167313
3.790693283081
3.780640125275
3.771367549896
3.761547565460
3.754682540894
3.742255687714
3.768191337585
3.910166740417
4.336211681366
3.915298700333
3.870486736298
3.827909469604
3.790614843369
3.758391380310
3.732652664185
3.715209960938
3.703867435455
3.694343090057
3.684864521027
3.676142930984
3.668507099152
3.661100864410
3.653607845306
3.646320343018
3.638925313950
3.633096218109
3.623390674591
3.633092164993
3.640223264694
4.291221618652
3.666182994843
3.707380294800
3.666812419891
3.637158393860
3.618545532227
3.607357025146
3.600356101990
3.594416856766
3.588288784027
3.582233428955
3.575844764709
3.569406986237
3.563203096390
3.557167053223
3.551884889603
3.546453475952
3.541281700134
3.537187576294
3.529857873917
3.536814689636
3.525122165680
3.751573562622
3.815069198608
3.837666273117
