4.147359848022
4.143721580505
4.140087604523
4.136442184448
4.132786750793
4.129093170166
4.125364780426
4.121595382690
4.117795944214
4.113966464996
4.110103607178
4.106208801270
4.102292537689
4.098355770111
4.094384670258
4.090376377106
4.086324214935
4.082239151001
4.078109741211
4.073925018311
4.069664001465
4.065314292908
4.060861587524
4.056306838989
4.051639080048
4.046838283539
4.041876316071
4.036742210388
4.031400203705
4.025832653046
4.020019054413
4.013941764832
4.007595539093
4.000971794128
3.994113445282
3.987067461014
3.979882955551
3.972546339035
3.965042114258
3.957303285599
3.949295043945
3.941017627716
3.932433605194
3.923546791077
3.914368629456
3.904911279678
3.895129203796
3.885120153427
3.874979496002
3.864861965179
3.854673862457
3.845714092255
3.848722934723
4.007623672485
4.152984142303
3.946967124939
3.923027992249
3.901315689087
3.879832744598
3.858986854553
3.839633226395
3.822654724121
3.808128833771
3.795402526855
3.784346103668
3.774298906326
3.764783382416
3.755575656891
3.746729135513
3.738137722015
3.730051279068
3.722198724747
3.716121196747
3.710068464279
3.754837751389
4.067236900330
3.933591842651
3.769142627716
3.744738101959
3.724692821503
3.708419322968
3.695295810699
3.685183525085
3.677396774292
3.670782089233
3.664249658585
3.657891750336
3.651705265045
3.645752668381
3.640083789825
3.634593486786
3.629359006882
3.624404430389
3.619318246841
3.615526676178
3.610805988312
3.625938653946
3.705057621002
3.987583160400
3.728395700455
