4.140935420990
4.136460304260
4.132040023804
4.127673149109
4.123353004456
4.119057655334
4.114776134491
4.110487461090
4.106169223785
4.101820468903
4.097440719604
4.093028545380
4.088591098785
4.084119796753
4.079613685608
4.075064659119
4.070466518402
4.065814495087
4.061100959778
4.056304454803
4.051428318024
4.046449184418
4.041347503662
4.036111354828
4.030721664429
4.025145530701
4.019335746765
4.013277530670
4.006947040558
4.000336647034
3.993441581726
3.986249923706
3.978744268417
3.970942735672
3.962819576263
3.954434633255
3.945766925812
3.936823368073
3.927541017532
3.917905569077
3.907904148102
3.897536754608
3.886735916138
3.875610828400
3.864197254181
3.852671384811
3.840934276581
3.829452037811
3.817666292191
3.807102203369
3.794458389282
3.790643215179
3.776614904404
4.034386634827
4.131871700287
3.914197206497
3.885291099548
3.858185768127
3.832940340042
3.810044765472
3.789952039719
3.772736072540
3.756688594818
3.740703105927
3.726305961609
3.714004278183
3.703228950500
3.693294525146
3.684120416641
3.675112724304
3.667175054550
3.658473968506
3.654066324234
3.642754077911
3.718816518784
4.043260097504
3.907124042511
3.757945060730
3.725164175034
3.697493076324
3.674353122711
3.654755115509
3.638871669769
3.625980854034
3.615180015564
3.605668783188
3.597053050995
3.589151859283
3.582053184509
3.575376033783
3.569633007050
3.563622236252
3.559337615967
3.552713394165
3.552103996277
3.541829109192
3.575654268265
3.648653745651
4.035182476044
3.738658905029
