0.108891108891
0.068931068931
0.158841158841
0.067932067932
0.038961038961
0.098901098901
0.098901098901
0.098901098901
0.098901098901
0.098901098901
0.098901098901
0.098901098901
0.098901098901
0.098901098901
0.098901098901
0.098901098901
0.098901098901
0.098901098901
0.098901098901
0.098901098901
0.098901098901
0.098901098901
0.098901098901
0.098901098901
0.098901098901
0.098901098901
0.098901098901
0.098901098901
0.098901098901
0.098901098901
0.098901098901
0.098901098901
0.098901098901
0.098901098901
0.098901098901
0.098901098901
0.098901098901
0.098901098901
0.098901098901
0.098901098901
0.098901098901
0.098901098901
0.098901098901
0.098901098901
0.098901098901
0.098901098901
0.098901098901
0.098901098901
0.098901098901
0.098901098901
0.098901098901
0.098901098901
0.098901098901
0.098901098901
0.098901098901
0.098901098901
0.098901098901
0.098901098901
0.098901098901
0.098901098901
0.098901098901
0.098901098901
0.098901098901
0.098901098901
0.098901098901
0.098901098901
0.098901098901
0.098901098901
0.098901098901
0.098901098901
0.098901098901
0.098901098901
0.098901098901
0.098901098901
0.098901098901
0.098901098901
0.098901098901
0.098901098901
0.098901098901
0.098901098901
0.098901098901
0.098901098901
0.098901098901
0.098901098901
0.098901098901
0.098901098901
0.098901098901
0.098901098901
0.098901098901
0.098901098901
0.098901098901
0.098901098901
0.098901098901
0.098901098901
0.098901098901
0.098901098901
0.098901098901
0.098901098901
0.098901098901
0.098901098901
