0.082589285714
0.077008928571
0.136160714286
0.032366071429
0.100446428571
0.063616071429
0.063616071429
0.063616071429
0.063616071429
0.063616071429
0.063616071429
0.063616071429
0.063616071429
0.063616071429
0.063616071429
0.063616071429
0.063616071429
0.063616071429
0.063616071429
0.063616071429
0.063616071429
0.063616071429
0.063616071429
0.063616071429
0.063616071429
0.063616071429
0.063616071429
0.063616071429
0.063616071429
0.063616071429
0.063616071429
0.063616071429
0.063616071429
0.063616071429
0.063616071429
0.063616071429
0.063616071429
0.063616071429
0.063616071429
0.063616071429
0.063616071429
0.063616071429
0.063616071429
0.063616071429
0.063616071429
0.063616071429
0.063616071429
0.063616071429
0.063616071429
0.063616071429
0.063616071429
0.063616071429
0.063616071429
0.063616071429
0.063616071429
0.063616071429
0.063616071429
0.063616071429
0.063616071429
0.063616071429
0.063616071429
0.063616071429
0.063616071429
0.063616071429
0.063616071429
0.063616071429
0.063616071429
0.063616071429
0.063616071429
0.063616071429
0.063616071429
0.063616071429
0.063616071429
0.063616071429
0.063616071429
0.063616071429
0.063616071429
0.063616071429
0.063616071429
0.063616071429
0.063616071429
0.063616071429
0.063616071429
0.063616071429
0.063616071429
0.063616071429
0.063616071429
0.063616071429
0.063616071429
0.063616071429
0.063616071429
0.063616071429
0.063616071429
0.063616071429
0.063616071429
0.063616071429
0.063616071429
0.063616071429
0.063616071429
0.063616071429
