0.115328467153
0.119708029197
0.118248175182
0.118248175182
0.118248175182
0.118248175182
0.118248175182
0.118248175182
0.119708029197
0.113868613139
0.117518248175
0.113138686131
0.110218978102
0.097810218978
0.091240875912
0.097810218978
0.102189781022
0.111678832117
0.120437956204
0.126277372263
0.148905109489
0.175182481752
0.188321167883
0.202189781022
0.202189781022
0.206569343066
0.205839416058
0.197080291971
0.104379562044
0.124087591241
0.118978102190
0.116788321168
0.116788321168
0.116788321168
0.116788321168
0.116788321168
0.116788321168
0.116788321168
0.118978102190
0.125547445255
0.132116788321
0.139416058394
0.138686131387
0.144525547445
0.144525547445
0.148175182482
0.148905109489
0.145255474453
0.146715328467
0.141605839416
0.136496350365
0.135036496350
0.123357664234
0.116058394161
0.116788321168
0.115328467153
0.110218978102
0.105109489051
0.103649635036
0.104379562044
0.101459854015
0.097810218978
0.094890510949
0.094160583942
0.094160583942
0.095620437956
0.097080291971
0.097080291971
0.097810218978
0.101459854015
0.102919708029
0.104379562044
0.109489051095
0.114598540146
0.121897810219
0.128467153285
0.128467153285
0.131386861314
0.136496350365
0.143795620438
0.151094890511
0.158394160584
0.159854014599
0.162773722628
0.166423357664
0.175912408759
0.178102189781
0.173722627737
0.178102189781
0.175912408759
0.175912408759
0.183211678832
0.189051094891
0.197810218978
0.201459854015
0.202189781022
0.205839416058
0.200000000000
0.208759124088
0.176642335766
0.167153284672
0.173722627737
0.175912408759
0.177372262774
0.187591240876
0.203649635036
0.218248175182
0.224817518248
0.235036496350
0.235766423358
0.238686131387
0.237226277372
0.246715328467
0.242335766423
0.235766423358
0.134306569343
0.113138686131
0.025547445255
0.025547445255
0.025547445255
0.025547445255
0.025547445255
0.025547445255
0.025547445255
0.025547445255
0.025547445255
0.025547445255
0.025547445255
0.025547445255
0.025547445255
0.025547445255
0.025547445255
0.025547445255
0.025547445255
0.025547445255
0.025547445255
0.027007299270
0.035036496350
0.059854014599
0.099270072993
0.126277372263
0.139416058394
0.148905109489
0.154014598540
0.152554744526
0.160583941606
0.159124087591
0.161313868613
0.154014598540
0.159124087591
0.188321167883
0.184671532847
0.185401459854
0.187591240876
0.189781021898
0.191970802920
0.204379562044
0.210218978102
0.217518248175
0.216058394161
0.214598540146
0.198540145985
0.183941605839
0.167153284672
0.173722627737
0.187591240876
0.204379562044
0.218978102190
0.214598540146
0.217518248175
0.225547445255
0.235766423358
0.209489051095
0.181021897810
0.195620437956
0.240145985401
0.251824817518
0.210218978102
0.181751824818
0.170072992701
0.171532846715
0.172992700730
0.179562043796
0.195620437956
0.208759124088
0.221897810219
0.237956204380
0.254014598540
0.261313868613
0.260583941606
0.261313868613
0.259124087591
0.262043795620
0.254744525547
0.270802919708
0.224087591241
0.254744525547
0.142335766423
0.186131386861
0.196350364964
0.221897810219
0.239416058394
0.238686131387
0.232846715328
0.216788321168
0.196350364964
0.200729927007
0.208759124088
0.220437956204
0.239416058394
0.252554744526
0.267883211679
0.271532846715
0.267883211679
0.272262773723
0.266423357664
0.267153284672
0.262773722628
0.248905109489
0.249635036496
0.208029197080
0.251094890511
0.267153284672
0.269343065693
0.266423357664
0.270072992701
0.267883211679
0.268613138686
0.263503649635
0.262043795620
0.264233576642
0.264233576642
0.262043795620
0.263503649635
0.264963503650
0.265693430657
0.264233576642
0.261313868613
0.260583941606
0.255474452555
0.264963503650
0.248905109489
0.186861313869
0.154744525547
0.159124087591
0.152554744526
0.157664233577
0.149635036496
0.147445255474
0.153284671533
0.151094890511
0.159854014599
0.171532846715
0.175182481752
0.189051094891
0.189781021898
0.189781021898
0.192700729927
0.191240875912
0.191970802920
0.193430656934
0.197080291971
0.200000000000
0.202919708029
0.202189781022
0.205839416058
0.203649635036
0.208759124088
0.210218978102
0.216058394161
0.221167883212
0.227007299270
0.233576642336
0.237226277372
0.243795620438
0.256934306569
0.257664233577
0.260583941606
0.258394160584
0.257664233577
0.258394160584
0.254744525547
0.262773722628
0.255474452555
0.253284671533
0.207299270073
0.235766423358
0.200729927007
0.220437956204
0.251094890511
0.262043795620
0.256934306569
0.257664233577
0.255474452555
0.258394160584
0.257664233577
0.256934306569
0.254744525547
0.250364963504
0.250364963504
0.254014598540
0.254014598540
0.256204379562
0.259124087591
0.260583941606
0.255474452555
0.258394160584
0.260583941606
0.264963503650
0.264233576642
0.265693430657
0.265693430657
0.267153284672
0.259124087591
0.266423357664
0.235766423358
0.169343065693
0.171532846715
0.183941605839
0.190510948905
0.197810218978
0.213868613139
0.221167883212
0.226277372263
0.214598540146
0.210948905109
0.227737226277
0.267153284672
0.280291970803
0.283211678832
0.289781021898
0.283211678832
0.273722627737
0.272262773723
0.267883211679
0.273722627737
0.278102189781
0.280291970803
0.283941605839
0.284671532847
0.281751824818
0.278102189781
0.281751824818
0.283211678832
0.284671532847
0.279562043796
0.279562043796
0.279562043796
0.281751824818
0.279562043796
0.276642335766
0.275182481752
0.275182481752
0.281021897810
0.272262773723
0.195620437956
0.129927007299
0.093430656934
0.205109489051
0.151824817518
0.115328467153
0.107299270073
0.105839416058
0.105839416058
0.105109489051
0.105109489051
0.108029197080
0.110948905109
0.116788321168
0.117518248175
0.121167883212
0.132846715328
0.183941605839
0.191240875912
0.198540145985
0.204379562044
0.210218978102
0.216058394161
0.221167883212
0.231386861314
0.232846715328
0.233576642336
0.234306569343
0.234306569343
0.236496350365
0.235766423358
0.235766423358
0.237956204380
0.236496350365
0.237956204380
0.237226277372
0.240145985401
0.242335766423
0.234306569343
0.233576642336
0.235766423358
0.251824817518
0.251824817518
0.251824817518
0.252554744526
0.249635036496
0.251094890511
0.254744525547
0.255474452555
0.256204379562
0.251094890511
0.252554744526
0.253284671533
0.253284671533
0.255474452555
0.254014598540
0.251094890511
0.194890510949
0.175182481752
0.130656934307
0.118978102190
0.107299270073
0.128467153285
0.124817518248
0.132116788321
0.127007299270
0.123357664234
0.125547445255
0.122627737226
0.121167883212
0.108759124088
0.102919708029
0.097810218978
0.127737226277
0.132846715328
0.120437956204
0.112408759124
0.139416058394
0.129927007299
0.127737226277
0.121897810219
0.105839416058
0.126277372263
0.156934306569
0.172992700730
0.158394160584
0.150364963504
0.151094890511
0.151824817518
0.158394160584
0.175912408759
0.185401459854
0.193430656934
0.191970802920
0.202189781022
0.208029197080
0.208759124088
0.214598540146
0.210218978102
0.211678832117
0.214598540146
0.217518248175
0.218978102190
0.220437956204
0.221897810219
0.224817518248
0.229197080292
0.232846715328
0.234306569343
0.224087591241
0.156204379562
0.164963503650
0.159854014599
0.223357664234
0.213868613139
0.219708029197
0.216058394161
0.208029197080
0.205109489051
0.214598540146
0.227007299270
0.229927007299
0.229197080292
0.235766423358
0.231386861314
0.235036496350
0.232846715328
0.233576642336
0.232116788321
0.234306569343
0.234306569343
0.236496350365
0.240145985401
0.243795620438
0.242335766423
0.246715328467
0.244525547445
0.169343065693
0.244525547445
0.230656934307
0.186861313869
0.237226277372
0.243065693431
0.250364963504
0.211678832117
0.258394160584
0.227737226277
0.242335766423
0.249635036496
0.256934306569
0.240875912409
0.249635036496
0.255474452555
0.256934306569
0.249635036496
0.252554744526
0.243065693431
0.254014598540
0.233576642336
0.250364963504
0.257664233577
0.254744525547
0.239416058394
0.251094890511
0.257664233577
0.256204379562
0.248905109489
0.251824817518
0.264233576642
0.259124087591
0.256934306569
0.255474452555
0.262043795620
0.256934306569
0.259854014599
0.254014598540
0.262043795620
0.261313868613
0.262043795620
0.260583941606
0.261313868613
0.256934306569
0.261313868613
0.258394160584
0.257664233577
0.262773722628
0.259854014599
0.265693430657
0.259124087591
0.270072992701
0.261313868613
0.272992700730
0.256204379562
0.272262773723
0.252554744526
0.274452554745
0.251824817518
0.268613138686
0.233576642336
0.275182481752
0.232846715328
0.287591240876
0.275182481752
0.281021897810
0.272992700730
0.254744525547
0.242335766423
0.240875912409
0.244525547445
0.253284671533
0.283941605839
0.278832116788
0.291970802920
0.275912408759
0.291240875912
0.277372262774
0.285401459854
0.250364963504
0.268613138686
0.224087591241
0.265693430657
0.294160583942
0.314598540146
0.286131386861
0.302919708029
0.276642335766
0.240875912409
0.254014598540
0.285401459854
0.275182481752
0.287591240876
0.294160583942
0.303649635036
0.303649635036
0.309489051095
0.297080291971
0.320437956204
0.262773722628
0.244525547445
0.156204379562
0.135766423358
0.205109489051
0.222627737226
0.219708029197
0.224817518248
0.227007299270
0.218248175182
0.224817518248
0.216788321168
0.235766423358
0.248905109489
0.264963503650
0.270072992701
0.277372262774
0.301459854015
0.297080291971
0.300729927007
0.289051094891
0.291970802920
0.262773722628
0.245255474453
0.217518248175
0.275182481752
0.278102189781
0.279562043796
0.284671532847
0.281751824818
0.275912408759
0.280291970803
0.287591240876
0.296350364964
0.295620437956
0.300729927007
0.292700729927
0.283211678832
0.260583941606
0.246715328467
0.201459854015
0.200729927007
0.200729927007
0.205109489051
0.243065693431
0.236496350365
0.243795620438
0.251094890511
0.271532846715
0.286131386861
0.289781021898
0.285401459854
0.277372262774
0.275182481752
0.273722627737
0.275912408759
0.283941605839
0.289051094891
0.291970802920
0.299270072993
0.296350364964
0.297080291971
0.283211678832
0.285401459854
0.194160583942
0.154014598540
0.167883211679
0.153284671533
0.137226277372
0.135766423358
0.143065693431
0.148175182482
0.163503649635
0.205839416058
0.228467153285
0.239416058394
0.235766423358
0.215328467153
0.208759124088
0.214598540146
0.240875912409
0.236496350365
0.198540145985
0.180291970803
0.151094890511
0.144525547445
0.158394160584
0.164233576642
0.156204379562
0.184671532847
0.241605839416
0.244525547445
0.245255474453
0.239416058394
0.241605839416
0.227737226277
0.221897810219
0.227007299270
0.235036496350
0.202189781022
0.198540145985
0.170802919708
0.187591240876
0.196350364964
0.248175182482
0.233576642336
0.245985401460
0.251824817518
0.261313868613
0.263503649635
0.260583941606
0.261313868613
0.259124087591
0.261313868613
0.262773722628
0.261313868613
0.258394160584
0.262773722628
0.259124087591
0.264963503650
0.267883211679
0.258394160584
0.252554744526
0.263503649635
0.257664233577
0.257664233577
0.254014598540
0.220437956204
0.210218978102
0.210218978102
0.208759124088
0.218978102190
0.245985401460
0.235036496350
0.243795620438
0.247445255474
0.242335766423
0.235766423358
0.240145985401
0.241605839416
0.248905109489
0.254744525547
0.262773722628
0.266423357664
0.268613138686
0.267883211679
0.270802919708
0.274452554745
0.272262773723
0.274452554745
0.273722627737
0.273722627737
0.271532846715
0.274452554745
0.276642335766
0.281021897810
0.283211678832
0.280291970803
0.291970802920
0.279562043796
0.286861313869
0.247445255474
0.218248175182
0.205839416058
0.232116788321
0.229197080292
0.264233576642
0.285401459854
0.283211678832
0.271532846715
0.266423357664
0.263503649635
0.282481751825
0.285401459854
0.283941605839
0.297810218978
0.296350364964
0.289781021898
0.291970802920
0.284671532847
0.282481751825
0.281021897810
0.255474452555
0.296350364964
0.314598540146
0.310948905109
0.300729927007
0.303649635036
0.297810218978
0.302919708029
0.297080291971
0.252554744526
0.221167883212
0.302189781022
0.280291970803
0.315328467153
0.313868613139
0.301459854015
0.308029197080
0.305839416058
0.309489051095
0.309489051095
0.327737226277
0.291970802920
0.299270072993
0.236496350365
0.242335766423
0.290510948905
0.284671532847
0.289781021898
0.304379562044
0.305109489051
0.305109489051
0.314598540146
0.313138686131
0.307299270073
0.310948905109
0.316058394161
0.324817518248
0.324087591241
0.332116788321
0.334306569343
0.331386861314
0.337226277372
0.327007299270
0.209489051095
0.301459854015
0.246715328467
0.288321167883
0.276642335766
0.273722627737
0.296350364964
0.309489051095
0.324087591241
0.319708029197
0.327737226277
0.319708029197
0.326277372263
0.269343065693
0.325547445255
0.327007299270
0.344525547445
0.346715328467
0.340875912409
0.342335766423
0.346715328467
0.354744525547
0.345985401460
0.342335766423
0.215328467153
0.270802919708
0.230656934307
0.239416058394
0.272262773723
0.281021897810
0.304379562044
0.320437956204
0.337226277372
0.333576642336
0.329197080292
0.337226277372
0.350364963504
0.361313868613
0.377372262774
0.368613138686
0.367153284672
0.356934306569
0.305109489051
0.286861313869
0.270072992701
0.218248175182
0.264963503650
0.273722627737
0.302919708029
0.307299270073
0.306569343066
0.316788321168
0.309489051095
0.304379562044
0.304379562044
0.302919708029
0.318978102190
0.308759124088
0.300729927007
0.316788321168
0.340145985401
0.338686131387
0.340145985401
0.356204379562
0.358394160584
0.344525547445
0.345985401460
0.242335766423
0.220437956204
0.240875912409
0.236496350365
0.273722627737
0.289781021898
0.294890510949
0.301459854015
0.324817518248
0.329197080292
0.324817518248
0.321897810219
0.327737226277
0.334306569343
0.342335766423
0.350364963504
0.361313868613
0.367153284672
0.367883211679
0.373722627737
0.373722627737
0.375182481752
0.372992700730
0.358394160584
0.332846715328
0.277372262774
0.274452554745
0.323357664234
0.359854014599
0.375912408759
0.372992700730
0.353284671533
0.357664233577
0.358394160584
0.365693430657
0.365693430657
0.373722627737
0.388321167883
0.386131386861
0.386861313869
0.390510948905
0.391970802920
0.399270072993
0.396350364964
0.398540145985
0.402189781022
0.397080291971
0.389781021898
0.346715328467
0.199270072993
0.175912408759
0.162773722628
0.179562043796
0.183941605839
0.181751824818
0.208759124088
0.210948905109
0.222627737226
0.232846715328
0.234306569343
0.251824817518
0.176642335766
0.212408759124
0.261313868613
0.282481751825
0.296350364964
0.294160583942
0.308029197080
0.308759124088
0.324087591241
0.317518248175
0.329197080292
0.321167883212
0.322627737226
0.318978102190
0.301459854015
0.337956204380
0.352554744526
0.355474452555
0.345985401460
0.365693430657
0.328467153285
0.356934306569
0.291970802920
0.359124087591
0.358394160584
0.358394160584
0.375912408759
0.383941605839
0.367883211679
0.376642335766
0.325547445255
0.351824817518
0.264963503650
0.364233576642
0.366423357664
0.381021897810
0.391240875912
0.372992700730
0.387591240876
0.323357664234
0.380291970803
0.302919708029
0.379562043796
0.402919708029
0.398540145985
0.406569343066
0.412408759124
0.410218978102
0.407299270073
0.407299270073
0.410948905109
0.408759124088
0.413868613139
0.400000000000
0.384671532847
0.292700729927
0.362773722628
0.385401459854
0.358394160584
0.427737226277
0.384671532847
0.397810218978
0.372992700730
0.400729927007
0.370072992701
0.410948905109
0.399270072993
0.424817518248
0.415328467153
0.421897810219
0.413138686131
0.426277372263
0.402919708029
0.427007299270
0.364963503650
0.364963503650
0.317518248175
0.329927007299
0.408029197080
0.421167883212
0.423357664234
0.429197080292
0.427007299270
0.432116788321
0.419708029197
0.405839416058
0.320437956204
0.316058394161
0.380291970803
0.377372262774
0.387591240876
0.385401459854
0.409489051095
0.391240875912
0.414598540146
0.380291970803
0.410218978102
0.375182481752
0.408759124088
0.386131386861
0.422627737226
0.426277372263
0.438686131387
0.427007299270
0.442335766423
0.437956204380
0.433576642336
0.429197080292
0.434306569343
0.410948905109
0.406569343066
0.344525547445
0.405109489051
0.419708029197
0.435036496350
0.431386861314
0.438686131387
0.419708029197
0.405109489051
0.375182481752
0.382481751825
0.440145985401
0.440875912409
0.438686131387
0.436496350365
0.438686131387
0.443065693431
0.443065693431
0.405839416058
0.376642335766
0.264963503650
0.350364963504
0.378832116788
0.390510948905
0.419708029197
0.429197080292
0.432116788321
0.427007299270
0.427737226277
0.426277372263
0.435766423358
0.432116788321
0.407299270073
0.327007299270
0.297080291971
0.375182481752
0.420437956204
0.409489051095
0.389051094891
0.390510948905
0.400729927007
0.416058394161
0.419708029197
0.426277372263
0.416788321168
0.435036496350
0.419708029197
0.410948905109
0.304379562044
0.361313868613
0.380291970803
0.403649635036
0.418248175182
0.439416058394
0.435036496350
0.437956204380
0.432846715328
0.440875912409
0.448905109489
0.451094890511
0.452554744526
0.450364963504
0.448175182482
0.455474452555
0.462043795620
0.459854014599
0.435766423358
0.356204379562
0.329927007299
0.369343065693
0.443795620438
0.450364963504
0.471532846715
0.460583941606
0.451824817518
0.458394160584
0.454744525547
0.463503649635
0.448175182482
0.455474452555
0.351824817518
0.310948905109
0.227737226277
0.264233576642
0.272992700730
0.279562043796
0.289051094891
0.294160583942
0.304379562044
0.300000000000
0.305839416058
0.309489051095
0.316788321168
0.319708029197
0.333576642336
0.348905109489
0.362043795620
0.366423357664
0.382481751825
0.388321167883
0.403649635036
0.388321167883
0.370802919708
0.238686131387
0.242335766423
0.208759124088
0.177372262774
0.188321167883
0.230656934307
0.254014598540
0.256934306569
0.273722627737
0.294890510949
0.313138686131
0.306569343066
0.265693430657
0.300729927007
0.329197080292
0.350364963504
0.374452554745
0.378102189781
0.378102189781
0.394160583942
0.388321167883
0.388321167883
0.394160583942
0.372262773723
0.396350364964
0.372992700730
0.397080291971
0.383211678832
0.409489051095
0.402189781022
0.412408759124
0.412408759124
0.413138686131
0.421167883212
0.422627737226
0.417518248175
0.389051094891
0.378102189781
0.356204379562
0.404379562044
0.410218978102
0.438686131387
0.444525547445
0.445985401460
0.446715328467
0.448905109489
0.454014598540
0.454014598540
0.452554744526
0.360583941606
0.362773722628
0.352554744526
0.394160583942
0.369343065693
0.360583941606
0.362773722628
0.379562043796
0.391240875912
0.398540145985
0.401459854015
0.402189781022
0.401459854015
0.414598540146
0.426277372263
0.422627737226
0.424087591241
0.424817518248
0.422627737226
0.421167883212
0.334306569343
0.313138686131
0.257664233577
0.230656934307
0.227737226277
0.327007299270
0.309489051095
0.329927007299
0.345255474453
0.345985401460
0.362043795620
0.373722627737
0.386861313869
0.392700729927
0.402189781022
0.415328467153
0.418978102190
0.424087591241
0.416058394161
0.400000000000
0.367883211679
0.332846715328
0.262043795620
0.379562043796
0.392700729927
0.394890510949
0.407299270073
0.421167883212
0.437226277372
0.445985401460
0.443795620438
0.445255474453
0.442335766423
0.445255474453
0.447445255474
0.451094890511
0.448905109489
0.467883211679
0.451094890511
0.464233576642
0.423357664234
0.391240875912
0.346715328467
0.408029197080
0.432846715328
0.451824817518
0.455474452555
0.453284671533
0.459124087591
0.461313868613
0.467883211679
0.467883211679
0.472992700730
0.478102189781
0.483941605839
0.483941605839
0.488321167883
0.493430656934
0.488321167883
0.489051094891
0.413138686131
0.341605839416
0.436496350365
0.453284671533
0.441605839416
0.444525547445
0.439416058394
0.448905109489
0.454744525547
0.462773722628
0.459124087591
0.465693430657
0.456934306569
0.455474452555
0.357664233577
0.340145985401
0.301459854015
0.342335766423
0.342335766423
0.370802919708
0.397810218978
0.415328467153
0.430656934307
0.443065693431
0.451094890511
0.459124087591
0.454014598540
0.459854014599
0.459124087591
0.466423357664
0.467883211679
0.467883211679
0.472992700730
0.456204379562
0.469343065693
0.433576642336
0.397080291971
0.354744525547
0.456204379562
0.481751824818
0.478832116788
0.471532846715
0.466423357664
0.470072992701
0.473722627737
0.484671532847
0.490510948905
0.490510948905
0.486131386861
0.486131386861
0.486131386861
0.480291970803
0.466423357664
0.415328467153
0.390510948905
0.372992700730
0.345985401460
0.378832116788
0.421897810219
0.437956204380
0.463503649635
0.468613138686
0.472262773723
0.468613138686
0.482481751825
0.489051094891
0.499270072993
0.499270072993
0.500000000000
0.488321167883
0.496350364964
0.454014598540
0.389051094891
0.441605839416
0.466423357664
0.476642335766
0.458394160584
0.479562043796
0.463503649635
0.496350364964
0.470072992701
0.459854014599
0.454014598540
0.460583941606
0.479562043796
0.504379562044
0.484671532847
0.494160583942
0.487591240876
0.506569343066
0.481751824818
0.511678832117
0.488321167883
0.517518248175
0.488321167883
0.515328467153
0.494160583942
0.495620437956
0.460583941606
0.445985401460
0.456204379562
0.481021897810
0.495620437956
0.478102189781
0.488321167883
0.510218978102
0.511678832117
0.519708029197
0.495620437956
0.500729927007
0.424087591241
0.419708029197
0.513868613139
0.502919708029
0.508029197080
0.508029197080
0.516058394161
0.508759124088
0.511678832117
0.516788321168
0.528467153285
0.465693430657
0.394890510949
0.341605839416
0.301459854015
0.334306569343
0.352554744526
0.345255474453
0.341605839416
0.347445255474
0.367153284672
0.410948905109
0.436496350365
0.447445255474
0.436496350365
0.316058394161
0.272262773723
0.132116788321
0.218248175182
0.184671532847
0.134306569343
0.123357664234
0.128467153285
0.135766423358
0.143065693431
0.144525547445
0.152554744526
0.153284671533
0.160583941606
0.167153284672
0.175912408759
0.167883211679
0.184671532847
0.165693430657
0.138686131387
0.163503649635
0.216788321168
0.226277372263
0.245255474453
0.245985401460
0.252554744526
0.240145985401
0.232116788321
0.222627737226
0.218248175182
0.216788321168
0.227007299270
0.227737226277
0.227737226277
0.224817518248
0.221897810219
0.232116788321
0.229197080292
0.143795620438
0.163503649635
0.173722627737
0.174452554745
0.204379562044
0.227007299270
0.237226277372
0.247445255474
0.240145985401
0.236496350365
0.229197080292
0.219708029197
0.216788321168
0.201459854015
0.205109489051
0.204379562044
0.218248175182
0.224087591241
0.235036496350
0.243795620438
0.247445255474
0.253284671533
0.256204379562
0.256204379562
0.258394160584
0.259124087591
0.264963503650
0.268613138686
0.272992700730
0.277372262774
0.281021897810
0.287591240876
0.292700729927
0.295620437956
0.301459854015
0.298540145985
0.285401459854
0.211678832117
0.278102189781
0.266423357664
0.213868613139
0.248175182482
0.279562043796
0.297810218978
0.297810218978
0.307299270073
0.302919708029
0.301459854015
0.307299270073
0.316058394161
0.310948905109
0.306569343066
0.308029197080
0.308759124088
0.314598540146
0.319708029197
0.327007299270
0.327737226277
0.335036496350
0.338686131387
0.340145985401
0.291240875912
0.242335766423
0.148905109489
0.152554744526
0.148905109489
0.140875912409
0.143795620438
0.154744525547
0.154014598540
0.200729927007
0.215328467153
0.222627737226
0.229197080292
0.224087591241
0.232846715328
0.230656934307
0.229197080292
0.221897810219
0.220437956204
0.220437956204
0.223357664234
0.225547445255
0.233576642336
0.235766423358
0.242335766423
0.237956204380
0.240145985401
0.240145985401
0.245255474453
0.255474452555
0.264233576642
0.264963503650
0.272262773723
0.245255474453
0.263503649635
0.159124087591
0.278102189781
0.264963503650
0.269343065693
0.271532846715
0.271532846715
0.283211678832
0.285401459854
0.286131386861
0.289051094891
0.286131386861
0.268613138686
0.190510948905
0.264963503650
0.270072992701
0.279562043796
0.280291970803
0.286131386861
0.283211678832
0.288321167883
0.281751824818
0.288321167883
0.289051094891
0.291240875912
0.289051094891
0.293430656934
0.286861313869
0.270072992701
0.242335766423
0.240145985401
0.240145985401
0.278102189781
0.276642335766
0.240145985401
0.196350364964
0.251094890511
0.236496350365
0.272262773723
0.281751824818
0.301459854015
0.306569343066
0.307299270073
0.307299270073
0.305109489051
0.304379562044
0.307299270073
0.308029197080
0.305839416058
0.308759124088
0.313138686131
0.326277372263
0.322627737226
0.324087591241
0.326277372263
0.325547445255
0.321167883212
0.324817518248
0.329197080292
0.327007299270
0.327737226277
0.283941605839
0.214598540146
0.153284671533
0.194160583942
0.205839416058
0.203649635036
0.205109489051
0.201459854015
0.201459854015
0.203649635036
0.190510948905
0.175182481752
0.178832116788
0.183211678832
0.197810218978
0.200000000000
0.241605839416
0.251094890511
0.275182481752
0.300000000000
0.284671532847
0.270802919708
0.272992700730
0.278832116788
0.284671532847
0.290510948905
0.298540145985
0.300000000000
0.302919708029
0.297080291971
0.302919708029
0.311678832117
0.300000000000
0.229197080292
0.298540145985
0.308759124088
0.326277372263
0.323357664234
0.323357664234
0.324087591241
0.321167883212
0.324817518248
0.332846715328
0.322627737226
0.327007299270
0.237956204380
0.337956204380
0.345255474453
0.339416058394
0.325547445255
0.289781021898
0.313868613139
0.316058394161
0.320437956204
0.325547445255
0.342335766423
0.347445255474
0.348905109489
0.340145985401
0.346715328467
0.311678832117
0.351824817518
0.351824817518
0.345255474453
0.331386861314
0.341605839416
0.344525547445
0.341605839416
0.336496350365
0.335036496350
0.347445255474
0.340875912409
0.351094890511
0.362773722628
0.358394160584
0.356204379562
0.341605839416
0.345255474453
0.343795620438
0.344525547445
0.359854014599
0.361313868613
0.372262773723
0.367153284672
0.379562043796
0.368613138686
0.375182481752
0.345255474453
0.327007299270
0.312408759124
0.202919708029
0.196350364964
0.262773722628
0.285401459854
0.283941605839
0.274452554745
0.307299270073
0.322627737226
0.341605839416
0.345255474453
0.341605839416
0.337956204380
0.332116788321
0.311678832117
0.278832116788
0.282481751825
0.319708029197
0.352554744526
0.345985401460
0.348175182482
0.354744525547
0.362773722628
0.365693430657
0.361313868613
0.371532846715
0.372992700730
0.373722627737
0.372992700730
0.382481751825
0.384671532847
0.386861313869
0.390510948905
0.382481751825
0.361313868613
0.245255474453
0.261313868613
0.143795620438
0.146715328467
0.155474452555
0.178832116788
0.191240875912
0.216058394161
0.253284671533
0.282481751825
0.286861313869
0.285401459854
0.289051094891
0.286861313869
0.291240875912
0.308029197080
0.307299270073
0.306569343066
0.315328467153
0.329197080292
0.335036496350
0.338686131387
0.336496350365
0.342335766423
0.297080291971
0.209489051095
0.214598540146
0.291970802920
0.313868613139
0.314598540146
0.300000000000
0.315328467153
0.333576642336
0.332846715328
0.324087591241
0.298540145985
0.296350364964
0.316788321168
0.335036496350
0.343065693431
0.346715328467
0.347445255474
0.348175182482
0.351824817518
0.351824817518
0.349635036496
0.356204379562
0.354744525547
0.358394160584
0.359854014599
0.361313868613
0.334306569343
0.267883211679
0.320437956204
0.348175182482
0.360583941606
0.354014598540
0.375182481752
0.379562043796
0.382481751825
0.375182481752
0.371532846715
0.368613138686
0.371532846715
0.374452554745
0.375912408759
0.375182481752
0.378102189781
0.345255474453
0.218978102190
0.283211678832
0.323357664234
0.307299270073
0.372262773723
0.372262773723
0.379562043796
0.374452554745
0.370802919708
0.371532846715
0.369343065693
0.378832116788
0.376642335766
0.381751824818
0.380291970803
0.388321167883
0.383211678832
0.395620437956
0.378832116788
0.398540145985
0.358394160584
0.356204379562
0.277372262774
0.350364963504
0.366423357664
0.402189781022
0.381751824818
0.400000000000
0.396350364964
0.400000000000
0.391240875912
0.403649635036
0.385401459854
0.389051094891
0.373722627737
0.388321167883
0.402919708029
0.413138686131
0.404379562044
0.409489051095
0.405109489051
0.391240875912
0.364963503650
0.300729927007
0.372992700730
0.378102189781
0.413138686131
0.418248175182
0.429197080292
0.424087591241
0.427007299270
0.426277372263
0.425547445255
0.431386861314
0.418248175182
0.432846715328
0.385401459854
0.265693430657
0.377372262774
0.330656934307
0.413138686131
0.421897810219
0.423357664234
0.402919708029
0.404379562044
0.379562043796
0.413138686131
0.399270072993
0.428467153285
0.402919708029
0.427007299270
0.412408759124
0.427007299270
0.400000000000
0.426277372263
0.348175182482
0.374452554745
0.355474452555
0.392700729927
0.413868613139
0.423357664234
0.414598540146
0.430656934307
0.426277372263
0.411678832117
0.385401459854
0.348905109489
0.406569343066
0.436496350365
0.439416058394
0.432116788321
0.429927007299
0.428467153285
0.410218978102
0.398540145985
0.332846715328
0.383211678832
0.397810218978
0.395620437956
0.403649635036
0.419708029197
0.424817518248
0.443065693431
0.423357664234
0.441605839416
0.429197080292
0.447445255474
0.430656934307
0.437956204380
0.421897810219
0.438686131387
0.418978102190
0.369343065693
0.332116788321
0.399270072993
0.408759124088
0.406569343066
0.427007299270
0.445255474453
0.438686131387
0.445255474453
0.432116788321
0.435036496350
0.403649635036
0.407299270073
0.425547445255
0.416058394161
0.393430656934
0.417518248175
0.429197080292
0.442335766423
0.449635036496
0.459854014599
0.448175182482
0.459124087591
0.441605839416
0.449635036496
0.412408759124
0.404379562044
0.427007299270
0.441605839416
0.458394160584
0.446715328467
0.445255474453
0.422627737226
0.442335766423
0.432116788321
0.424817518248
0.435036496350
0.441605839416
0.444525547445
0.448905109489
0.440145985401
0.423357664234
0.462773722628
0.470802919708
0.467153284672
0.469343065693
0.467153284672
0.429927007299
0.393430656934
0.404379562044
0.421167883212
0.446715328467
0.432846715328
0.440875912409
0.424817518248
0.437956204380
0.437956204380
0.451094890511
0.435036496350
0.462043795620
0.461313868613
0.456934306569
0.471532846715
0.427007299270
0.427737226277
0.400729927007
0.443795620438
0.464233576642
0.476642335766
0.458394160584
0.477372262774
0.447445255474
0.443065693431
0.378832116788
0.375912408759
0.456934306569
0.480291970803
0.476642335766
0.460583941606
