0.119377889870
0.116435477091
0.113072719630
0.112232030265
0.112652374947
0.112652374947
0.112652374947
0.112652374947
0.113913408995
0.115594787726
0.117696511139
0.122320302648
0.115594787726
0.106347204708
0.103825136612
0.111391340900
0.121059268600
0.126103404792
0.130306851618
0.135350987810
0.139134089954
0.147120638924
0.147540983607
0.153846153846
0.156788566625
0.168978562421
0.169819251786
0.170239596469
0.061790668348
0.146700294241
0.142076502732
0.141235813367
0.140815468684
0.140815468684
0.140815468684
0.140815468684
0.140815468684
0.141235813367
0.142917192098
0.145439260193
0.146700294241
0.150903741068
0.147540983607
0.142496847415
0.142496847415
0.141235813367
0.142076502732
0.141656158050
0.142917192098
0.145018915511
0.140395124002
0.138293400588
0.127784783522
0.124422026061
0.118537200504
0.113913408995
0.108448928121
0.102984447247
0.100462379151
0.095838587642
0.091214796133
0.088692728037
0.087011349306
0.081126523749
0.079865489702
0.079865489702
0.077763766288
0.076082387558
0.076923076923
0.079445145019
0.079445145019
0.084909625893
0.087011349306
0.097519966372
0.100042034468
0.107187894073
0.110130306852
0.111811685582
0.116015132409
0.117276166456
0.121899957966
0.125683060109
0.130306851618
0.133249264397
0.135771332493
0.139134089954
0.142917192098
0.144178226145
0.147120638924
0.150903741068
0.147540983607
0.141656158050
0.139134089954
0.145018915511
0.151744430433
0.152585119798
0.157629255990
0.156788566625
0.160151324086
0.146700294241
0.141656158050
0.126103404792
0.136191677175
0.138293400588
0.150483396385
0.162253047499
0.180748213535
0.182849936948
0.184951660361
0.187894073140
0.184951660361
0.184951660361
0.187053383775
0.194619588062
0.192097519966
0.094577553594
0.112232030265
0.061370323665
0.061370323665
0.061370323665
0.061370323665
0.061370323665
0.061370323665
0.061370323665
0.061370323665
0.061370323665
0.061370323665
0.061370323665
0.061370323665
0.061370323665
0.061370323665
0.061370323665
0.061370323665
0.061370323665
0.061370323665
0.061370323665
0.060949978983
0.069777217318
0.086170659941
0.114754098361
0.133669609079
0.142496847415
0.147961328289
0.151324085750
0.151744430433
0.149642707020
0.148381672972
0.143337536780
0.138293400588
0.133249264397
0.137452711223
0.134089953762
0.134510298445
0.132408575032
0.134089953762
0.137452711223
0.140815468684
0.144598570828
0.149222362337
0.155107187894
0.153005464481
0.148381672972
0.140395124002
0.134930643127
0.139974779319
0.152585119798
0.155947877259
0.164354770912
0.165195460277
0.177385456074
0.172761664565
0.198823034889
0.155527532577
0.139554434636
0.139134089954
0.214796132829
0.216057166877
0.178646490122
0.163093736864
0.155947877259
0.152585119798
0.154266498529
0.158890290038
0.163093736864
0.173182009248
0.184951660361
0.198402690206
0.197562000841
0.202606137032
0.206809583859
0.208911307272
0.208070617907
0.210172341320
0.213955443464
0.218579234973
0.204287515763
0.201765447667
0.102143757881
0.188734762505
0.178646490122
0.200504413619
0.213114754098
0.211013030685
0.201765447667
0.189155107188
0.174022698613
0.174863387978
0.176544766709
0.180327868852
0.192097519966
0.201345102984
0.210172341320
0.213955443464
0.210592686003
0.212694409416
0.211013030685
0.211853720050
0.210592686003
0.212694409416
0.207650273224
0.199243379571
0.203446826398
0.222782681799
0.220680958386
0.219419924338
0.217318200925
0.217318200925
0.215216477512
0.218579234973
0.220260613703
0.222782681799
0.221941992434
0.221101303069
0.218158890290
0.218999579655
0.218579234973
0.221941992434
0.224464060530
0.223203026482
0.226986128625
0.218158890290
0.208911307272
0.163514081547
0.114333753678
0.153005464481
0.143757881463
0.149642707020
0.153005464481
0.154266498529
0.157629255990
0.166456494325
0.171920975200
0.183270281631
0.192517864649
0.197141656158
0.202185792350
0.204287515763
0.212694409416
0.214796132829
0.216057166877
0.217318200925
0.216897856242
0.218579234973
0.220260613703
0.221941992434
0.224043715847
0.223623371164
0.227406473308
0.231609920135
0.235393022278
0.237074401009
0.238335435057
0.240016813787
0.240857503153
0.245060949979
0.240437158470
0.239596469105
0.234552332913
0.224884405212
0.220260613703
0.221521647751
0.222782681799
0.223203026482
0.219840269021
0.228247162673
0.182429592266
0.199663724254
0.180327868852
0.207229928541
0.225304749895
0.235393022278
0.224464060530
0.228667507356
0.225725094578
0.228247162673
0.233711643548
0.242118537201
0.244220260614
0.245060949979
0.242959226566
0.240857503153
0.240016813787
0.240437158470
0.240857503153
0.243379571248
0.243799915931
0.245481294662
0.244640605296
0.245481294662
0.245060949979
0.246321984027
0.248003362757
0.250525430853
0.244640605296
0.251786464901
0.201345102984
0.150903741068
0.158469945355
0.193778898697
0.199663724254
0.205128205128
0.207229928541
0.205128205128
0.208911307272
0.205548549811
0.204287515763
0.211853720050
0.221941992434
0.230769230769
0.239176124422
0.252206809584
0.263135771332
0.266498528794
0.258932324506
0.256830601093
0.255989911728
0.256410256410
0.256410256410
0.256410256410
0.261034047919
0.262715426650
0.262295081967
0.264396805380
0.266078184111
0.267759562842
0.266078184111
0.265237494746
0.268179907524
0.271542664985
0.271122320303
0.269440941572
0.271963009668
0.268600252207
0.269861286255
0.235813366961
0.182429592266
0.105086170660
0.143757881463
0.219840269021
0.184531315679
0.162673392182
0.155107187894
0.159310634720
0.159310634720
0.158469945355
0.158469945355
0.160571668768
0.158890290038
0.156368221942
0.150063051702
0.149222362337
0.151324085750
0.183270281631
0.179487179487
0.179907524170
0.182009247583
0.181168558218
0.183690626314
0.184531315679
0.187053383775
0.191677175284
0.192517864649
0.191677175284
0.189575451871
0.189155107188
0.189155107188
0.189995796553
0.189575451871
0.189155107188
0.189575451871
0.190416141236
0.191677175284
0.195460277427
0.193358554014
0.193778898697
0.198823034889
0.205968894493
0.206809583859
0.210172341320
0.206809583859
0.205968894493
0.207229928541
0.208070617907
0.215636822194
0.218999579655
0.216057166877
0.216897856242
0.216897856242
0.221101303069
0.220260613703
0.219419924338
0.223203026482
0.158049600673
0.137032366541
0.093316519546
0.121059268600
0.104665825977
0.117276166456
0.110550651534
0.115594787726
0.112232030265
0.113913408995
0.111811685582
0.118957545187
0.124001681379
0.124422026061
0.117696511139
0.118957545187
0.125683060109
0.143757881463
0.107187894073
0.137452711223
0.133669609079
0.121059268600
0.112232030265
0.100882723834
0.089953762085
0.102984447247
0.122740647331
0.137032366541
0.137873055906
0.129045817570
0.129045817570
0.137032366541
0.142496847415
0.155947877259
0.161412358134
0.164354770912
0.168558217739
0.174022698613
0.176965111391
0.180327868852
0.182849936948
0.182429592266
0.182009247583
0.182849936948
0.183690626314
0.192097519966
0.195460277427
0.197562000841
0.199663724254
0.205548549811
0.207229928541
0.208490962589
0.197141656158
0.152585119798
0.135771332493
0.155107187894
0.174443043296
0.175283732661
0.178226145439
0.178226145439
0.183690626314
0.189575451871
0.193778898697
0.199663724254
0.201765447667
0.200924758302
0.200504413619
0.197982345523
0.202606137032
0.204707860446
0.203446826398
0.204287515763
0.205128205128
0.205128205128
0.202185792350
0.201765447667
0.205968894493
0.211853720050
0.214796132829
0.205548549811
0.147540983607
0.219419924338
0.202606137032
0.154266498529
0.206809583859
0.211013030685
0.215636822194
0.194199243380
0.226986128625
0.207650273224
0.211433375368
0.218158890290
0.221521647751
0.212694409416
0.220260613703
0.221521647751
0.224043715847
0.217738545607
0.221521647751
0.211433375368
0.223623371164
0.209751996637
0.223203026482
0.220680958386
0.224884405212
0.220260613703
0.230769230769
0.232450609500
0.233291298865
0.229508196721
0.236654056326
0.233711643548
0.237915090374
0.232450609500
0.239176124422
0.235813366961
0.240857503153
0.230769230769
0.239176124422
0.231189575452
0.240857503153
0.229928541404
0.244220260614
0.235393022278
0.245901639344
0.232450609500
0.246742328710
0.232870954182
0.247162673392
0.237494745691
0.246742328710
0.237074401009
0.249684741488
0.238335435057
0.251786464901
0.235393022278
0.250945775536
0.238755779739
0.251786464901
0.244220260614
0.251366120219
0.242538881883
0.244640605296
0.241277847835
0.248423707440
0.257671290458
0.246321984027
0.260193358554
0.225304749895
0.232870954182
0.203026481715
0.214796132829
0.255149222362
0.261874737285
0.269861286255
0.276586801177
0.267759562842
0.278688524590
0.269020596889
0.269440941572
0.251786464901
0.249264396805
0.208490962589
0.270701975620
0.258091635141
0.274485077764
0.269861286255
0.281210592686
0.255149222362
0.250105086171
0.216057166877
0.252206809584
0.263135771332
0.266498528794
0.287515762926
0.285834384195
0.284993694830
0.287095418243
0.285834384195
0.281630937369
0.259352669189
0.220680958386
0.127364438840
0.144598570828
0.161412358134
0.157629255990
0.157629255990
0.166456494325
0.174022698613
0.180327868852
0.196300966793
0.208490962589
0.226565783943
0.239176124422
0.245481294662
0.247162673392
0.255989911728
0.254308532997
0.260193358554
0.256830601093
0.254308532997
0.255149222362
0.217318200925
0.218579234973
0.178226145439
0.221521647751
0.232870954182
0.245481294662
0.253467843632
0.253467843632
0.261034047919
0.262715426650
0.260193358554
0.259352669189
0.255569567045
0.259352669189
0.255569567045
0.258091635141
0.236654056326
0.211853720050
0.162253047499
0.179907524170
0.175283732661
0.189155107188
0.219840269021
0.228667507356
0.231609920135
0.236654056326
0.245060949979
0.249264396805
0.253888188314
0.253047498949
0.253888188314
0.248423707440
0.252627154266
0.258511979823
0.264396805380
0.264396805380
0.264817150063
0.264817150063
0.262715426650
0.269440941572
0.261874737285
0.243379571248
0.185372005044
0.163934426230
0.146700294241
0.117276166456
0.110550651534
0.113493064313
0.119798234552
0.151744430433
0.147120638924
0.166456494325
0.176965111391
0.181588902900
0.181168558218
0.186633039092
0.188734762505
0.185792349727
0.212274064733
0.211433375368
0.217318200925
0.138713745271
0.110550651534
0.105926860025
0.130727196301
0.153846153846
0.158890290038
0.178226145439
0.184951660361
0.192938209332
0.190416141236
0.185792349727
0.187053383775
0.188734762505
0.189995796553
0.192517864649
0.202185792350
0.172341319882
0.166456494325
0.127784783522
0.163514081547
0.195460277427
0.215216477512
0.211013030685
0.217318200925
0.221941992434
0.241698192518
0.243799915931
0.245060949979
0.249684741488
0.244220260614
0.248844052123
0.246321984027
0.241277847835
0.240857503153
0.239596469105
0.242118537201
0.246742328710
0.249684741488
0.255149222362
0.256410256410
0.255149222362
0.258511979823
0.245060949979
0.253467843632
0.196300966793
0.194199243380
0.208070617907
0.216477511559
0.224464060530
0.219840269021
0.219419924338
0.218579234973
0.226565783943
0.224464060530
0.225304749895
0.221101303069
0.221941992434
0.223203026482
0.230348886087
0.238335435057
0.238335435057
0.241277847835
0.243799915931
0.246742328710
0.246742328710
0.248003362757
0.252206809584
0.251366120219
0.252627154266
0.249684741488
0.255569567045
0.256410256410
0.255149222362
0.259352669189
0.257671290458
0.256830601093
0.256410256410
0.247162673392
0.221941992434
0.183690626314
0.183690626314
0.208911307272
0.215216477512
0.240857503153
0.263135771332
0.267339218159
0.263976460698
0.259773013871
0.261034047919
0.264396805380
0.268179907524
0.269020596889
0.273224043716
0.275746111812
0.270701975620
0.278268179908
0.255569567045
0.259773013871
0.237074401009
0.249684741488
0.266498528794
0.288776796974
0.282891971417
0.274064733081
0.280790248003
0.276166456494
0.286675073560
0.274064733081
0.238335435057
0.211433375368
0.242959226566
0.262715426650
0.279108869273
0.289197141656
0.292980243800
0.284573350147
0.277427490542
0.277007145860
0.280369903321
0.282471626734
0.278688524590
0.252206809584
0.208490962589
0.212274064733
0.261874737285
0.262295081967
0.268179907524
0.276166456494
0.275325767129
0.278268179908
0.286675073560
0.288776796974
0.285834384195
0.284573350147
0.285834384195
0.292139554435
0.292139554435
0.294661622530
0.294241277848
0.295922656578
0.289197141656
0.290037831021
0.209751996637
0.251786464901
0.242538881883
0.271542664985
0.271542664985
0.276166456494
0.283732660782
0.291719209752
0.299285414040
0.301807482135
0.303068516183
0.303068516183
0.282891971417
0.237915090374
0.292980243800
0.290878520387
0.303068516183
0.295081967213
0.316519546028
0.320302648172
0.312316099201
0.313577133249
0.298865069357
0.296343001261
0.224043715847
0.216897856242
0.194199243380
0.209331651955
0.231189575452
0.248423707440
0.270281630937
0.287095418243
0.309794031106
0.313156788567
0.316099201345
0.309794031106
0.313156788567
0.316099201345
0.318200924758
0.318621269441
0.312736443884
0.306431273644
0.261034047919
0.245901639344
0.243379571248
0.192517864649
0.214796132829
0.221521647751
0.244640605296
0.250525430853
0.253888188314
0.256410256410
0.261874737285
0.259352669189
0.263556116015
0.261874737285
0.275325767129
0.287095418243
0.280369903321
0.290878520387
0.299705758722
0.300546448087
0.298865069357
0.300966792770
0.303488860866
0.308532997058
0.295081967213
0.244640605296
0.194199243380
0.193778898697
0.188314417823
0.212694409416
0.246742328710
0.267759562842
0.272383354351
0.272383354351
0.288776796974
0.291298865069
0.294661622530
0.298444724674
0.306010928962
0.308953341740
0.316939890710
0.319882303489
0.332912988651
0.329970575872
0.335014712064
0.332912988651
0.331651954603
0.334174022699
0.314417822615
0.283732660782
0.242959226566
0.223623371164
0.278268179908
0.298865069357
0.314838167297
0.321984026902
0.307271963010
0.309373686423
0.309794031106
0.316939890710
0.328289197142
0.339218158890
0.341740226986
0.347204707860
0.352248844052
0.353930222783
0.356452290879
0.356452290879
0.360235393022
0.361496427070
0.357713324926
0.359815048340
0.348465741908
0.304749894914
0.221101303069
0.173182009248
0.160151324086
0.165615804960
0.155107187894
0.149642707020
0.157208911307
0.168137873056
0.179487179487
0.193358554014
0.195880622110
0.213114754098
0.139554434636
0.180327868852
0.225304749895
0.250525430853
0.247162673392
0.256830601093
0.251786464901
0.265237494746
0.264396805380
0.275746111812
0.275746111812
0.277847835225
0.272803699033
0.285414039512
0.258932324506
0.300966792770
0.310634720471
0.313156788567
0.306010928962
0.315258511980
0.300546448087
0.313156788567
0.257250945776
0.325346784363
0.313577133249
0.311055065153
0.332492643968
0.336275746112
0.329970575872
0.343841950399
0.297183690626
0.322824716267
0.274064733081
0.315258511980
0.332492643968
0.334174022699
0.336275746112
0.333333333333
0.337957124842
0.301387137453
0.328289197142
0.284573350147
0.345102984447
0.354350567465
0.359815048340
0.364859184531
0.359394703657
0.360655737705
0.356872635561
0.361496427070
0.366120218579
0.368221941992
0.370744010088
0.359394703657
0.350147120639
0.305590584279
0.333333333333
0.349726775956
0.339218158890
0.364859184531
0.353509878100
0.359394703657
0.343841950399
0.361916771753
0.341740226986
0.361076082388
0.362757461118
0.387137452711
0.384195039933
0.387978142077
0.387137452711
0.393022278268
0.384195039933
0.395544346364
0.347204707860
0.353930222783
0.317780580076
0.306851618327
0.382093316520
0.391761244220
0.383774695250
0.381252627154
0.383774695250
0.395544346364
0.395124001681
0.367381252627
0.320302648172
0.276166456494
0.358974358974
0.374106767549
0.360235393022
0.360655737705
0.366960907945
0.378730559058
0.377889869693
0.364859184531
0.358554014292
0.349726775956
0.351828499369
0.346364018495
0.369482976040
0.395964691047
0.397646069777
0.411517444304
0.407734342161
0.412358133670
0.408995376208
0.416561580496
0.401008827238
0.397646069777
0.364018495166
0.340479192938
0.368221941992
0.403530895334
0.398486759142
0.401429171921
0.403530895334
0.400588482556
0.380832282472
0.357292980244
0.340058848256
0.417402269861
0.409836065574
0.403110550652
0.401008827238
0.412778478352
0.416981925179
0.408995376208
0.401429171921
0.330390920555
0.277847835225
0.348465741908
0.344682639765
0.355611601513
0.374106767549
0.382513661202
0.390079865490
0.400588482556
0.408575031526
0.407313997478
0.418242959227
0.405212274065
0.365279529214
0.310634720471
0.250945775536
0.374106767549
0.392181588903
0.375788146280
0.380411937789
0.388398486759
0.390920554855
0.390500210172
0.393862967633
0.403530895334
0.396805380412
0.409415720891
0.387557797394
0.358554014292
0.306431273644
0.313577133249
0.356031946196
0.391340899538
0.414880201765
0.416561580496
0.405212274065
0.411937788987
0.411517444304
0.413198823035
0.415300546448
0.414880201765
0.419503993274
0.419503993274
0.422446406053
0.423707440101
0.425388818831
0.432534678436
0.406052963430
0.371164354771
0.294241277848
0.299705758722
0.388818831442
0.389659520807
0.403530895334
0.392181588903
0.403530895334
0.406052963430
0.411937788987
0.411097099622
0.424548129466
0.407734342161
0.366540563262
0.247583018075
0.210592686003
0.284573350147
0.279529213955
0.276586801177
0.277847835225
0.273644388398
0.278688524590
0.278268179908
0.279108869273
0.280790248003
0.284153005464
0.287515762926
0.304749894914
0.313577133249
0.317360235393
0.325767129046
0.330811265237
0.334594367381
0.345102984447
0.347204707860
0.321563682219
0.228667507356
0.221941992434
0.221941992434
0.200924758302
0.204287515763
0.216057166877
0.231609920135
0.224043715847
0.242118537201
0.255989911728
0.271963009668
0.279949558638
0.239176124422
0.273644388398
0.311475409836
0.321563682219
0.329550231190
0.342160571669
0.330811265237
0.348045397226
0.335014712064
0.356031946196
0.331231609920
0.350567465322
0.336275746112
0.350147120639
0.345102984447
0.358974358974
0.371164354771
0.368221941992
0.369482976040
0.376628835645
0.377469525011
0.383354350567
0.377469525011
0.390079865490
0.354770912148
0.345523329130
0.329129886507
0.340058848256
0.352669188735
0.384615384615
0.393022278268
0.399747793190
0.402690205969
0.408995376208
0.405212274065
0.410676754939
0.398066414460
0.333333333333
0.339638503573
0.334174022699
0.355191256831
0.349726775956
0.342160571669
0.339638503573
0.338797814208
0.346784363178
0.353930222783
0.360235393022
0.363598150483
0.363598150483
0.373686422867
0.372005044136
0.375367801597
0.375788146280
0.379571248424
0.385035729298
0.384195039933
0.320722992854
0.279529213955
0.235393022278
0.234131988230
0.230348886087
0.302227826818
0.275746111812
0.294661622530
0.298444724674
0.300546448087
0.326187473728
0.328709541824
0.340058848256
0.350147120639
0.359394703657
0.366960907945
0.375788146280
0.376628835645
0.376208490963
0.369482976040
0.342160571669
0.331651954603
0.286675073560
0.343001261034
0.343421605717
0.338377469525
0.349306431274
0.359394703657
0.374527112232
0.375367801597
0.377889869693
0.384615384615
0.387978142077
0.397646069777
0.401849516604
0.407734342161
0.410676754939
0.413198823035
0.416141235813
0.406893652795
0.395544346364
0.326187473728
0.315678856662
0.397646069777
0.409836065574
0.419503993274
0.423707440101
0.414880201765
0.410256410256
0.413198823035
0.419924337957
0.427490542245
0.431273644388
0.434636401850
0.437578814628
0.438419503993
0.435477091215
0.442622950820
0.436738125263
0.440521227406
0.379571248424
0.306010928962
0.409836065574
0.413198823035
0.403110550652
0.405632618747
0.402690205969
0.410676754939
0.411937788987
0.421605716688
0.430012610340
0.426649852879
0.440100882724
0.388398486759
0.365279529214
0.282891971417
0.282051282051
0.367381252627
0.366540563262
0.382513661202
0.394283312316
0.401429171921
0.417402269861
0.422866750736
0.421185372005
0.416561580496
0.408575031526
0.404791929382
0.413619167718
0.426229508197
0.431693989071
0.439260193359
0.438419503993
0.440941572089
0.435056746532
0.421185372005
0.371584699454
0.348886086591
0.384615384615
0.440941572089
0.437999159311
0.428751576293
0.438419503993
0.445985708281
0.447667087011
0.453972257251
0.447667087011
0.446826397646
0.453131567886
0.452290878520
0.451029844472
0.441361916772
0.447246742329
0.362337116435
0.380411937789
0.313156788567
0.325346784363
0.413198823035
0.427490542245
0.410676754939
0.442202606137
0.433795712484
0.438839848676
0.432955023119
0.442202606137
0.448087431694
0.453972257251
0.451450189155
0.452711223203
0.452290878520
0.461118116856
0.415300546448
0.370323665406
0.390920554855
0.419083648592
0.437999159311
0.438839848676
0.445565363598
0.452290878520
0.455233291299
0.441782261454
0.444724674233
0.419083648592
0.430012610340
0.436738125263
0.445565363598
0.455233291299
0.445145018916
0.459436738125
0.448507776377
0.461958806221
0.461118116856
0.464901219000
0.469525010509
0.473728457335
0.476250525431
0.477931904161
0.466582597730
0.465321563682
0.398486759142
0.449768810425
0.472467423287
0.449348465742
0.464060529634
0.452711223203
0.460277427491
0.465741908365
0.463640184952
0.459436738125
0.447246742329
0.398907103825
0.381252627154
0.444724674233
0.471206389239
0.477091214796
0.476670870113
0.475409836066
0.480874316940
0.489281210593
0.490962589323
0.495166036150
0.455233291299
0.358554014292
0.305590584279
0.308953341740
0.366540563262
0.388398486759
0.386717108029
0.376208490963
0.380832282472
0.386296763346
0.407734342161
0.409415720891
0.408575031526
0.383354350567
0.302227826818
0.210172341320
0.092896174863
0.198823034889
0.195460277427
0.181168558218
0.178646490122
0.183270281631
0.192517864649
0.199663724254
0.200924758302
0.202606137032
0.205128205128
0.209751996637
0.213535098781
0.216057166877
0.225725094578
0.219419924338
0.218579234973
0.145439260193
0.200084068937
0.226565783943
0.229928541404
0.237915090374
0.244220260614
0.251366120219
0.243379571248
0.240857503153
0.243379571248
0.246742328710
0.244220260614
0.249264396805
0.247583018075
0.245901639344
0.250105086171
0.247583018075
0.255149222362
0.225725094578
0.177385456074
0.167717528373
0.151324085750
0.153425809164
0.158890290038
0.164354770912
0.171500630517
0.171500630517
0.176965111391
0.192517864649
0.192517864649
0.186633039092
0.180327868852
0.174443043296
0.178646490122
0.181588902900
0.187053383775
0.193778898697
0.197562000841
0.203026481715
0.203446826398
0.209331651955
0.212274064733
0.215216477512
0.218158890290
0.224884405212
0.229928541404
0.232870954182
0.234972677596
0.237074401009
0.240437158470
0.242538881883
0.246321984027
0.252627154266
0.255149222362
0.268179907524
0.257671290458
0.202185792350
0.223203026482
0.213535098781
0.199663724254
0.221941992434
0.228667507356
0.245901639344
0.238335435057
0.263135771332
0.263976460698
0.261454392602
0.261454392602
0.266918873476
0.270281630937
0.271122320303
0.275325767129
0.278268179908
0.283732660782
0.289197141656
0.292980243800
0.292559899117
0.296343001261
0.290458175704
0.292980243800
0.271542664985
0.206809583859
0.169398907104
0.154266498529
0.138293400588
0.137873055906
0.145859604876
0.149642707020
0.148802017654
0.150483396385
0.154686843211
0.157629255990
0.162253047499
0.163514081547
0.159730979403
0.155947877259
0.158890290038
0.161412358134
0.172341319882
0.179066834805
0.182429592266
0.185792349727
0.187473728457
0.187894073140
0.189995796553
0.188734762505
0.196300966793
0.197562000841
0.199663724254
0.200504413619
0.208911307272
0.203867171080
0.219419924338
0.199243379571
0.209751996637
0.129466162253
0.226986128625
0.218158890290
0.221521647751
0.228247162673
0.233711643548
0.234552332913
0.235813366961
0.237494745691
0.242538881883
0.233291298865
0.235393022278
0.153425809164
0.227826817991
0.237915090374
0.238755779739
0.242538881883
0.245901639344
0.245901639344
0.243799915931
0.245901639344
0.249684741488
0.251786464901
0.253888188314
0.258932324506
0.263135771332
0.250525430853
0.253467843632
0.202185792350
0.212274064733
0.203867171080
0.228667507356
0.223623371164
0.222782681799
0.165615804960
0.231189575452
0.226986128625
0.244220260614
0.257671290458
0.255989911728
0.261874737285
0.258932324506
0.256830601093
0.255989911728
0.256830601093
0.258932324506
0.261034047919
0.261034047919
0.266078184111
0.270701975620
0.278688524590
0.282471626734
0.284993694830
0.287515762926
0.290037831021
0.290878520387
0.292980243800
0.295502311896
0.299705758722
0.303068516183
0.250945775536
0.204287515763
0.130727196301
0.177385456074
0.177385456074
0.168978562421
0.173182009248
0.179487179487
0.164354770912
0.168978562421
0.171920975200
0.166036149643
0.166456494325
0.171920975200
0.179907524170
0.192097519966
0.189575451871
0.190416141236
0.223203026482
0.230769230769
0.240016813787
0.240016813787
0.237915090374
0.238755779739
0.242959226566
0.246742328710
0.251366120219
0.254728877680
0.260613703237
0.265237494746
0.271542664985
0.269020596889
0.270701975620
0.218158890290
0.269440941572
0.289197141656
0.278688524590
0.273224043716
0.266498528794
0.277847835225
0.279529213955
0.277427490542
0.278268179908
0.284573350147
0.282051282051
0.227406473308
0.303488860866
0.304749894914
0.291719209752
0.294661622530
0.273224043716
0.295502311896
0.278688524590
0.287515762926
0.279108869273
0.303068516183
0.300966792770
0.307692307692
0.296763345944
0.309794031106
0.276166456494
0.316099201345
0.300126103405
0.325346784363
0.294241277848
0.326607818411
0.296763345944
0.329550231190
0.292980243800
0.330811265237
0.297604035309
0.332492643968
0.305170239596
0.331231609920
0.307692307692
0.326607818411
0.296343001261
0.319041614124
0.316939890710
0.323665405633
0.333753678016
0.323665405633
0.329970575872
0.328709541824
0.335435056747
0.333753678016
0.336275746112
0.308112652375
0.304749894914
0.268600252207
0.203446826398
0.222362337116
0.256410256410
0.269020596889
0.253888188314
0.260193358554
0.290037831021
0.291298865069
0.297183690626
0.287515762926
0.279529213955
0.272383354351
0.279529213955
0.268600252207
0.248844052123
0.255149222362
0.269861286255
0.291298865069
0.286675073560
0.301387137453
0.319041614124
0.321143337537
0.323245060950
0.330390920555
0.329129886507
0.329970575872
0.330811265237
0.329550231190
0.330811265237
0.333333333333
0.332912988651
0.341319882303
0.331231609920
0.335014712064
0.263135771332
0.218579234973
0.164775115595
0.181168558218
0.179066834805
0.185792349727
0.178226145439
0.188734762505
0.222362337116
0.233711643548
0.236233711644
0.239176124422
0.242538881883
0.242538881883
0.243379571248
0.247162673392
0.255989911728
0.261034047919
0.260193358554
0.267339218159
0.271122320303
0.271122320303
0.277847835225
0.279108869273
0.263135771332
0.200504413619
0.185372005044
0.243799915931
0.253888188314
0.253888188314
0.254728877680
0.250525430853
0.265657839428
0.282891971417
0.279949558638
0.269020596889
0.270701975620
0.279108869273
0.293400588483
0.301807482135
0.308112652375
0.312316099201
0.314417822615
0.316099201345
0.320302648172
0.317360235393
0.316939890710
0.316519546028
0.314838167297
0.322404371585
0.306851618327
0.321143337537
0.232870954182
0.292559899117
0.304749894914
0.311055065153
0.325767129046
0.336275746112
0.340058848256
0.344262295082
0.346784363178
0.350147120639
0.349726775956
0.352248844052
0.349726775956
0.353509878100
0.350567465322
0.340899537621
0.324926439681
0.221941992434
0.268600252207
0.282471626734
0.255149222362
0.316099201345
0.327448507776
0.331231609920
0.338377469525
0.342160571669
0.348886086591
0.352248844052
0.350147120639
0.357292980244
0.355611601513
0.361496427070
0.369482976040
0.366120218579
0.368221941992
0.357713324926
0.369482976040
0.329970575872
0.336275746112
0.269440941572
0.322824716267
0.357713324926
0.362757461118
0.364438839849
0.368221941992
0.366120218579
0.373686422867
0.371584699454
0.370323665406
0.362337116435
0.359815048340
0.347204707860
0.348045397226
0.376628835645
0.385035729298
0.382513661202
0.380411937789
0.387137452711
0.366540563262
0.374106767549
0.298865069357
0.326187473728
0.340479192938
0.382093316520
0.385456073981
0.390500210172
0.393862967633
0.396805380412
0.400588482556
0.400588482556
0.404791929382
0.398066414460
0.408154686843
0.346364018495
0.293820933165
0.312316099201
0.296763345944
0.351828499369
0.390079865490
0.374947456915
0.352669188735
0.374106767549
0.352669188735
0.393862967633
0.380832282472
0.393862967633
0.390079865490
0.395124001681
0.391340899538
0.398907103825
0.391340899538
0.393022278268
0.340479192938
0.348886086591
0.359394703657
0.358133669609
0.377049180328
0.383354350567
0.386717108029
0.398486759142
0.392601933586
0.385456073981
0.365279529214
0.324506094998
0.385876418663
0.386296763346
0.396805380412
0.395964691047
0.412358133670
0.408995376208
0.402269861286
0.363177805801
0.335855401429
0.334594367381
0.388398486759
0.393442622951
0.401429171921
0.406893652795
0.406893652795
0.415300546448
0.411517444304
0.414039512400
0.416141235813
0.411517444304
0.400168137873
0.411097099622
0.397225725095
0.400588482556
0.385035729298
0.335435056747
0.306851618327
0.398907103825
0.377889869693
0.400588482556
0.391761244220
0.411937788987
0.408154686843
0.419083648592
0.405212274065
0.406893652795
0.363598150483
0.396805380412
0.374106767549
0.393442622951
0.387137452711
0.397225725095
0.394283312316
0.403110550652
0.422866750736
0.427910886927
0.429592265658
0.430853299706
0.431693989071
0.420765027322
0.410676754939
0.370744010088
0.406893652795
0.402690205969
0.421605716688
0.406893652795
0.405212274065
0.402269861286
0.419924337957
0.421185372005
0.394703656999
0.416141235813
0.405212274065
0.424127784784
0.426649852879
0.411937788987
0.402690205969
0.422866750736
0.440100882724
0.426229508197
0.446406052963
0.417402269861
0.412778478352
0.336696090794
0.385876418663
0.397646069777
0.419924337957
0.401849516604
0.419083648592
0.409836065574
0.412358133670
0.411937788987
0.413198823035
0.417402269861
0.425388818831
0.428751576293
0.432114333754
0.425809163514
0.408575031526
0.395964691047
0.390079865490
0.412778478352
0.419083648592
0.443043295502
0.426229508197
0.446406052963
0.422446406053
0.411937788987
0.348465741908
0.371164354771
0.419503993274
0.427910886927
0.421185372005
0.423707440101
