0.119952494062
0.118764845606
0.119952494062
0.118764845606
0.118764845606
0.118764845606
0.118764845606
0.118764845606
0.119358669834
0.134204275534
0.146674584323
0.157957244656
0.165676959620
0.169833729216
0.165676959620
0.176959619952
0.187648456057
0.198337292162
0.208432304038
0.213182897862
0.225653206651
0.239311163895
0.242280285036
0.251187648456
0.258313539192
0.254750593824
0.267814726841
0.198931116390
0.137173396675
0.134798099762
0.130641330166
0.127672209026
0.127672209026
0.127672209026
0.127672209026
0.127672209026
0.127672209026
0.127672209026
0.128859857482
0.126484560570
0.124109263658
0.116983372922
0.115201900238
0.112232779097
0.109263657957
0.108669833729
0.109857482185
0.111638954869
0.114014251781
0.114014251781
0.114014251781
0.115795724466
0.121733966746
0.131828978622
0.134204275534
0.129453681710
0.133610451306
0.133016627078
0.134798099762
0.133016627078
0.132422802850
0.137767220903
0.138361045131
0.138361045131
0.141330166271
0.146080760095
0.144299287411
0.143705463183
0.141330166271
0.143111638955
0.146080760095
0.153206650831
0.154394299287
0.156175771971
0.162114014252
0.164489311164
0.163895486936
0.165676959620
0.167458432304
0.166270783848
0.173396674584
0.185866983373
0.186460807601
0.193586698337
0.190617577197
0.184085510689
0.184679334917
0.173990498812
0.168052256532
0.170427553444
0.179928741093
0.181116389549
0.188836104513
0.194180522565
0.197743467933
0.197149643705
0.200118764846
0.203681710214
0.200118764846
0.191805225653
0.154394299287
0.149049881235
0.204275534442
0.198931116390
0.197743467933
0.205463182898
0.210213776722
0.209619952494
0.213182897862
0.223277909739
0.228622327791
0.244061757720
0.254750593824
0.256532066508
0.282660332542
0.072446555819
0.138954869359
0.100950118765
0.100950118765
0.100950118765
0.100950118765
0.100950118765
0.100950118765
0.100950118765
0.100950118765
0.100950118765
0.100950118765
0.100950118765
0.100950118765
0.100950118765
0.100950118765
0.100950118765
0.100950118765
0.100950118765
0.100950118765
0.100950118765
0.100950118765
0.099168646081
0.106294536817
0.109857482185
0.112826603325
0.112232779097
0.108669833729
0.107482185273
0.106294536817
0.165083135392
0.179334916865
0.187648456057
0.190023752969
0.173396674584
0.174584323040
0.173990498812
0.169833729216
0.170427553444
0.170427553444
0.169239904988
0.172802850356
0.179334916865
0.188242280285
0.182897862233
0.190023752969
0.188242280285
0.185866983373
0.181116389549
0.192992874109
0.190023752969
0.207244655582
0.198931116390
0.201900237530
0.213182897862
0.225059382423
0.234560570071
0.221496437055
0.143705463183
0.209026128266
0.204275534442
0.226247030879
0.248812351544
0.245249406176
0.245249406176
0.244061757720
0.247624703088
0.256532066508
0.257125890736
0.257125890736
0.261282660333
0.264845605701
0.255938242280
0.257125890736
0.260095011876
0.258907363420
0.267814726841
0.270190023753
0.279097387173
0.264251781473
0.288598574822
0.219121140143
0.187054631829
0.179928741093
0.168052256532
0.187054631829
0.206057007126
0.201306413302
0.206650831354
0.236342042755
0.250593824228
0.263657957245
0.260095011876
0.261282660333
0.263064133017
0.260095011876
0.267220902613
0.262470308789
0.266033254157
0.263657957245
0.269596199525
0.263064133017
0.273159144893
0.260095011876
0.277315914489
0.244655581948
0.271971496437
0.264845605701
0.273159144893
0.271971496437
0.274940617577
0.274346793349
0.267814726841
0.267814726841
0.267814726841
0.271377672209
0.277909738717
0.280285035629
0.279097387173
0.277909738717
0.281472684086
0.280878859857
0.277909738717
0.276722090261
0.280878859857
0.266627078385
0.282066508314
0.167458432304
0.188242280285
0.174584323040
0.165083135392
0.156769596200
0.148456057007
0.152019002375
0.148456057007
0.152612826603
0.154988123515
0.163301662708
0.160926365796
0.166270783848
0.169239904988
0.174584323040
0.178147268409
0.182304038005
0.184679334917
0.188242280285
0.189429928741
0.189429928741
0.192399049881
0.194774346793
0.201900237530
0.203087885986
0.210807600950
0.211995249406
0.219121140143
0.216745843230
0.218527315914
0.224465558195
0.232185273159
0.245249406176
0.259501187648
0.274346793349
0.286223277910
0.293942992874
0.292755344418
0.289192399050
0.290973871734
0.287410926366
0.297505938242
0.273752969121
0.279691211401
0.246437054632
0.250593824228
0.269002375297
0.290973871734
0.276722090261
0.272565320665
0.286223277910
0.289192399050
0.287410926366
0.290380047506
0.289786223278
0.293349168646
0.296318289786
0.296318289786
0.293349168646
0.291567695962
0.293349168646
0.296318289786
0.300475059382
0.301068883610
0.302256532067
0.299287410926
0.303444180523
0.302256532067
0.304038004751
0.304038004751
0.304038004751
0.314133016627
0.295130641330
0.295130641330
0.150831353919
0.232779097387
0.253562945368
0.258907363420
0.274346793349
0.271971496437
0.271971496437
0.276722090261
0.289786223278
0.292755344418
0.298099762470
0.297505938242
0.293349168646
0.302850356295
0.308788598575
0.309382422803
0.315914489311
0.323634204276
0.321258907363
0.324821852732
0.324821852732
0.326009501188
0.321852731591
0.324821852732
0.331353919240
0.336698337292
0.337292161520
0.336698337292
0.334323040380
0.337885985748
0.343230403800
0.345011876485
0.345011876485
0.344418052257
0.341448931116
0.346199524941
0.342042755344
0.344418052257
0.307007125891
0.219121140143
0.182897862233
0.141330166271
0.142517814727
0.121733966746
0.102731591449
0.095011876485
0.092042755344
0.092042755344
0.091448931116
0.093824228029
0.095605700713
0.099168646081
0.102137767221
0.102731591449
0.112232779097
0.119358669834
0.149049881235
0.157957244656
0.166270783848
0.169239904988
0.168052256532
0.171021377672
0.176365795724
0.187054631829
0.193586698337
0.197743467933
0.197149643705
0.193586698337
0.194774346793
0.194180522565
0.193586698337
0.190617577197
0.186460807601
0.184085510689
0.183491686461
0.186460807601
0.191805225653
0.193586698337
0.197149643705
0.201306413302
0.212589073634
0.219714964371
0.226247030879
0.225653206651
0.226247030879
0.223871733967
0.225653206651
0.228028503563
0.225653206651
0.220902612827
0.214370546318
0.216152019002
0.215558194774
0.219714964371
0.216152019002
0.235748218527
0.133610451306
0.203681710214
0.065914489311
0.108076009501
0.108076009501
0.130047505938
0.154394299287
0.159144893112
0.153206650831
0.154988123515
0.153206650831
0.162707838480
0.166270783848
0.170427553444
0.164489311164
0.158551068884
0.147862232779
0.137767220903
0.130641330166
0.127078384798
0.140736342043
0.130047505938
0.137173396675
0.144893111639
0.138954869359
0.143705463183
0.157363420428
0.149643705463
0.160332541568
0.167458432304
0.171615201900
0.197149643705
0.221496437055
0.226840855107
0.232779097387
0.236935866983
0.232185273159
0.228622327791
0.228028503563
0.235154394299
0.236935866983
0.239311163895
0.245843230404
0.247030878860
0.243467933492
0.244061757720
0.245843230404
0.251187648456
0.253562945368
0.254750593824
0.255344418052
0.263064133017
0.238123515439
0.188836104513
0.234560570071
0.230403800475
0.226247030879
0.213776722090
0.226840855107
0.229809976247
0.242874109264
0.252969121140
0.261282660333
0.258907363420
0.260688836105
0.263064133017
0.260688836105
0.261282660333
0.259501187648
0.261876484561
0.261282660333
0.264845605701
0.265439429929
0.268408551069
0.269002375297
0.270783847981
0.269596199525
0.269596199525
0.279691211401
0.252375296912
0.210807600950
0.282066508314
0.245249406176
0.242280285036
0.260688836105
0.285035629454
0.251187648456
0.281472684086
0.261282660333
0.293349168646
0.257719714964
0.292161520190
0.266033254157
0.296912114014
0.271377672209
0.308788598575
0.273159144893
0.304038004751
0.271377672209
0.304038004751
0.264251781473
0.294536817102
0.266033254157
0.307007125891
0.262470308789
0.307600950119
0.276722090261
0.317102137767
0.271377672209
0.314726840855
0.282660332542
0.319477434679
0.279097387173
0.321852731591
0.286817102138
0.328978622328
0.285035629454
0.325415676960
0.288004750594
0.329572446556
0.289192399050
0.328978622328
0.294536817102
0.329572446556
0.292161520190
0.326009501188
0.289786223278
0.328978622328
0.290973871734
0.328978622328
0.290380047506
0.328978622328
0.293349168646
0.330760095012
0.298693586698
0.327790973872
0.301068883610
0.327790973872
0.299287410926
0.319477434679
0.307600950119
0.311163895487
0.316508313539
0.305225653207
0.328384798100
0.319477434679
0.344418052257
0.295724465558
0.318289786223
0.255344418052
0.298693586698
0.311757719715
0.311163895487
0.321852731591
0.349168646081
0.349168646081
0.349168646081
0.343230403800
0.342636579572
0.333729216152
0.321852731591
0.315320665083
0.283847980998
0.333135391924
0.340855106888
0.345605700713
0.352137767221
0.329572446556
0.331947743468
0.264845605701
0.301662707838
0.331947743468
0.335510688836
0.346793349169
0.357482185273
0.356888361045
0.355700712589
0.358669833729
0.358669833729
0.350356294537
0.336698337292
0.267220902613
0.195961995249
0.230403800475
0.223871733967
0.210213776722
0.209619952494
0.223277909739
0.244655581948
0.259501187648
0.277315914489
0.284441805226
0.311757719715
0.311163895487
0.294536817102
0.299287410926
0.299287410926
0.310570071259
0.315914489311
0.312945368171
0.318289786223
0.299287410926
0.304631828979
0.248218527316
0.271377672209
0.288598574822
0.299287410926
0.309382422803
0.321852731591
0.324228028504
0.314133016627
0.320665083135
0.330760095012
0.328978622328
0.331353919240
0.332541567696
0.337885985748
0.314726840855
0.328978622328
0.247030878860
0.247624703088
0.241686460808
0.257719714964
0.258313539192
0.287410926366
0.293349168646
0.295724465558
0.302256532067
0.306413301663
0.313539192399
0.319477434679
0.328384798100
0.330760095012
0.336698337292
0.337885985748
0.340261282660
0.336104513064
0.342636579572
0.343230403800
0.346793349169
0.350950118765
0.340855106888
0.352137767221
0.278503562945
0.242280285036
0.171615201900
0.200118764846
0.192992874109
0.220308788599
0.218527315914
0.233966745843
0.242874109264
0.252969121140
0.257125890736
0.252969121140
0.264845605701
0.276128266033
0.277909738717
0.286223277910
0.273752969121
0.280285035629
0.242280285036
0.247624703088
0.171615201900
0.178147268409
0.182897862233
0.201900237530
0.215558194774
0.238717339667
0.265439429929
0.246437054632
0.244655581948
0.242874109264
0.243467933492
0.241092636580
0.255938242280
0.261876484561
0.274346793349
0.238717339667
0.251187648456
0.157957244656
0.211401425178
0.235748218527
0.254750593824
0.244655581948
0.232779097387
0.246437054632
0.254750593824
0.270190023753
0.273159144893
0.270783847981
0.266627078385
0.267814726841
0.276722090261
0.287410926366
0.284441805226
0.290380047506
0.292755344418
0.295724465558
0.291567695962
0.290973871734
0.281472684086
0.286223277910
0.277909738717
0.292755344418
0.276128266033
0.308788598575
0.248812351544
0.263064133017
0.296318289786
0.288004750594
0.290380047506
0.283847980998
0.282660332542
0.286223277910
0.286817102138
0.287410926366
0.293349168646
0.301662707838
0.309382422803
0.311757719715
0.315320665083
0.317695961995
0.322446555819
0.324228028504
0.324228028504
0.327197149644
0.326009501188
0.323634204276
0.327790973872
0.331353919240
0.336698337292
0.336698337292
0.342636579572
0.343824228029
0.339073634204
0.337885985748
0.345011876485
0.334323040380
0.341448931116
0.321852731591
0.317695961995
0.201306413302
0.283254156770
0.322446555819
0.314133016627
0.321258907363
0.325415676960
0.328384798100
0.334916864608
0.344418052257
0.351543942993
0.360451306413
0.362826603325
0.367577197150
0.365201900238
0.365795724466
0.351543942993
0.358669833729
0.341448931116
0.336698337292
0.328978622328
0.324821852732
0.362826603325
0.360451306413
0.371140142518
0.372921615202
0.372327790974
0.375890736342
0.371733966746
0.357482185273
0.320071258907
0.291567695962
0.311757719715
0.356888361045
0.354513064133
0.360451306413
0.372327790974
0.369952494062
0.372921615202
0.370546318290
0.374703087886
0.375296912114
0.375890736342
0.319477434679
0.264251781473
0.323040380048
0.321852731591
0.329572446556
0.340261282660
0.349762470309
0.359857482185
0.362826603325
0.367577197150
0.376484560570
0.381235154394
0.381828978622
0.383016627078
0.384798099762
0.388361045131
0.390736342043
0.387767220903
0.385391923990
0.385391923990
0.369358669834
0.247030878860
0.274346793349
0.311757719715
0.362826603325
0.359857482185
0.369952494062
0.377672209026
0.376484560570
0.375296912114
0.378859857482
0.381828978622
0.390736342043
0.352731591449
0.328978622328
0.342042755344
0.334916864608
0.377672209026
0.372921615202
0.381235154394
0.385391923990
0.391923990499
0.388954869359
0.378266033254
0.359857482185
0.263064133017
0.284441805226
0.300475059382
0.329572446556
0.348574821853
0.345605700713
0.364014251781
0.371733966746
0.372327790974
0.361045130641
0.357482185273
0.361638954869
0.367577197150
0.377672209026
0.387173396675
0.389548693587
0.396674584323
0.369358669834
0.363420427553
0.266627078385
0.300475059382
0.257125890736
0.261282660333
0.279691211401
0.308788598575
0.295724465558
0.312945368171
0.330760095012
0.337292161520
0.332541567696
0.335510688836
0.338479809976
0.356888361045
0.386579572447
0.392517814727
0.397862232779
0.396080760095
0.389548693587
0.388361045131
0.384798099762
0.380047505938
0.393111638955
0.376484560570
0.284441805226
0.266033254157
0.283847980998
0.277909738717
0.306413301663
0.337292161520
0.336698337292
0.326009501188
0.330166270784
0.350356294537
0.368764845606
0.386579572447
0.390142517815
0.402019002375
0.403206650831
0.402019002375
0.404988123515
0.400237529691
0.399049881235
0.404988123515
0.406769596200
0.409738717340
0.402019002375
0.414489311164
0.359263657957
0.339073634204
0.283847980998
0.303444180523
0.364608076010
0.374109263658
0.385985748219
0.402019002375
0.414489311164
0.424584323040
0.432304038005
0.428147268409
0.421615201900
0.432304038005
0.433491686461
0.434085510689
0.432897862233
0.431710213777
0.432897862233
0.432897862233
0.440617577197
0.442399049881
0.437054631829
0.433491686461
0.339667458432
0.226247030879
0.226840855107
0.238717339667
0.260688836105
0.271971496437
0.273752969121
0.276722090261
0.278503562945
0.285035629454
0.295724465558
0.298693586698
0.288598574822
0.252375296912
0.267814726841
0.300475059382
0.302256532067
0.325415676960
0.324228028504
0.342042755344
0.338479809976
0.350356294537
0.343824228029
0.358076009501
0.337885985748
0.358076009501
0.338479809976
0.357482185273
0.370546318290
0.394893111639
0.391923990499
0.413301662708
0.393111638955
0.407957244656
0.376484560570
0.368764845606
0.400237529691
0.390736342043
0.422802850356
0.415083135392
0.428741092637
0.415676959620
0.428741092637
0.392517814727
0.416270783848
0.342636579572
0.409144893112
0.415083135392
0.424584323040
0.430522565321
0.432897862233
0.413895486936
0.396674584323
0.393111638955
0.374703087886
0.426959619952
0.417458432304
0.436460807601
0.444180522565
0.447149643705
0.449524940618
0.454275534442
0.455463182898
0.454275534442
0.450712589074
0.454275534442
0.436460807601
0.439429928741
0.322446555819
0.416864608076
0.404988123515
0.406769596200
0.435273159145
0.460213776722
0.434085510689
0.437054631829
0.419833729216
0.432897862233
0.414489311164
0.445961995249
0.453087885986
0.472684085511
0.467933491686
0.476247030879
0.471496437055
0.478622327791
0.448337292162
0.437054631829
0.380047505938
0.357482185273
0.416864608076
0.461401425178
0.473277909739
0.475059382423
0.475653206651
0.486342042755
0.469121140143
0.476840855107
0.402612826603
0.410332541568
0.311757719715
0.350356294537
0.404394299287
0.429928741093
0.427553444181
0.446555819477
0.452494061758
0.461401425178
0.451306413302
0.454869358670
0.438242280285
0.443586698337
0.427553444181
0.463776722090
0.466152019002
0.484560570071
0.479809976247
0.487529691211
0.482185273159
0.484560570071
0.478028503563
0.486342042755
0.455463182898
0.437054631829
0.414489311164
0.432304038005
0.483372921615
0.481591448931
0.492280285036
0.475059382423
0.495843230404
0.419833729216
0.447149643705
0.393111638955
0.457838479810
0.484560570071
0.494655581948
0.485748218527
0.491686460808
0.484560570071
0.478028503563
0.413895486936
0.400831353919
0.306413301663
0.365201900238
0.437648456057
0.440023752969
0.455463182898
0.458432304038
0.469714964371
0.484560570071
0.488123515439
0.499406175772
0.485748218527
0.499406175772
0.385391923990
0.412707838480
0.290380047506
0.359857482185
0.391330166271
0.409144893112
0.438836104513
0.450118764846
0.463776722090
0.469714964371
0.464370546318
0.467933491686
0.483966745843
0.475059382423
0.461401425178
0.421021377672
0.319477434679
0.396674584323
0.419239904988
0.449524940618
0.463182897862
0.468527315914
0.476247030879
0.484560570071
0.489311163895
0.494655581948
0.491686460808
0.492280285036
0.494655581948
0.497030878860
0.499406175772
0.498218527316
0.500593824228
0.494061757720
0.487529691211
0.403800475059
0.349762470309
0.420427553444
0.429928741093
0.427553444181
0.466745843230
0.488717339667
0.504156769596
0.500593824228
0.508313539192
0.508907363420
0.492874109264
0.500593824228
0.365201900238
0.314133016627
0.242874109264
0.286817102138
0.309976247031
0.324228028504
0.336698337292
0.340855106888
0.351543942993
0.356294536817
0.367577197150
0.375296912114
0.383610451306
0.393111638955
0.403800475059
0.407363420428
0.422209026128
0.424584323040
0.419239904988
0.419239904988
0.421615201900
0.430522565321
0.334323040380
0.286817102138
0.293349168646
0.252969121140
0.228028503563
0.230403800475
0.261282660333
0.290380047506
0.297505938242
0.312351543943
0.319477434679
0.342042755344
0.333729216152
0.331947743468
0.378266033254
0.396080760095
0.378266033254
0.388361045131
0.390142517815
0.400831353919
0.409738717340
0.414489311164
0.418052256532
0.426959619952
0.427553444181
0.431116389549
0.419833729216
0.421021377672
0.424584323040
0.441211401425
0.454275534442
0.448931116390
0.453681710214
0.454869358670
0.465558194774
0.453087885986
0.470902612827
0.402612826603
0.396674584323
0.387767220903
0.404988123515
0.471496437055
0.472090261283
0.486935866983
0.492280285036
0.494061757720
0.494655581948
0.492280285036
0.507719714964
0.468527315914
0.413895486936
0.311163895487
0.382422802850
0.405581947743
0.399049881235
0.404394299287
0.414489311164
0.416864608076
0.418646080760
0.422802850356
0.427553444181
0.432304038005
0.432304038005
0.434085510689
0.428741092637
0.428741092637
0.433491686461
0.439429928741
0.447149643705
0.422802850356
0.425178147268
0.271971496437
0.304631828979
0.277909738717
0.221496437055
0.367577197150
0.363420427553
0.349762470309
0.355700712589
0.374703087886
0.407957244656
0.416270783848
0.416864608076
0.428741092637
0.439429928741
0.438242280285
0.448337292162
0.455463182898
0.452494061758
0.429334916865
0.397862232779
0.360451306413
0.282066508314
0.423990498812
0.436460807601
0.449524940618
0.454869358670
0.459619952494
0.459026128266
0.473871733967
0.476247030879
0.474465558195
0.478028503563
0.476247030879
0.482185273159
0.480403800475
0.486342042755
0.483966745843
0.494061757720
0.483966745843
0.477434679335
0.382422802850
0.404988123515
0.449524940618
0.467933491686
0.479809976247
0.491092636580
0.504156769596
0.507125890736
0.508907363420
0.510688836105
0.515439429929
0.511282660333
0.510688836105
0.506532066508
0.508313539192
0.508907363420
0.503562945368
0.521377672209
0.480403800475
0.484560570071
0.276128266033
0.478028503563
0.514251781473
0.513064133017
0.521971496437
0.510688836105
0.505938242280
0.510688836105
0.517814726841
0.513657957245
0.500593824228
0.498812351544
0.450118764846
0.399049881235
0.348574821853
0.364014251781
0.383016627078
0.390142517815
0.419833729216
0.430522565321
0.437054631829
0.457838479810
0.479809976247
0.500000000000
0.500000000000
0.505344418052
0.507125890736
0.515439429929
0.514251781473
0.512470308789
0.513657957245
0.508907363420
0.516627078385
0.497030878860
0.504156769596
0.391330166271
0.442399049881
0.475059382423
0.514845605701
0.517220902613
0.514845605701
0.521971496437
0.522565320665
0.528503562945
0.531472684086
0.527909738717
0.533847980998
0.532066508314
0.533847980998
0.528503562945
0.529691211401
0.511876484561
0.447149643705
0.425178147268
0.353325415677
0.403800475059
0.458432304038
0.459026128266
0.468527315914
0.491686460808
0.509501187648
0.515439429929
0.524346793349
0.531472684086
0.533254156770
0.532066508314
0.535035629454
0.530878859857
0.537410926366
0.515439429929
0.524940617577
0.346199524941
0.503562945368
0.540380047506
0.533254156770
0.541567695962
0.535035629454
0.546912114014
0.532066508314
0.528503562945
0.481591448931
0.494655581948
0.469714964371
0.518408551069
0.523752969121
0.536223277910
0.505938242280
0.543349168646
0.516627078385
0.549881235154
0.527315914489
0.560570071259
0.533254156770
0.555819477435
0.535035629454
0.551068883610
0.527315914489
0.533847980998
0.465558194774
0.475653206651
0.529097387173
0.513657957245
0.532660332542
0.540380047506
0.554038004751
0.545724465558
0.548099762470
0.534441805226
0.511282660333
0.460213776722
0.467339667458
0.507719714964
0.549881235154
0.546318289786
0.550475059382
0.555225653207
0.559976247031
0.559382422803
0.559976247031
0.542755344418
0.549881235154
0.307007125891
0.431116389549
0.340855106888
0.406769596200
0.455463182898
0.451900237530
0.457244655582
0.471496437055
0.472090261283
0.498812351544
0.502375296912
0.494655581948
0.466745843230
0.347980997625
0.263657957245
0.175178147268
0.159738717340
0.152019002375
0.157363420428
0.147862232779
0.146674584323
0.143111638955
0.146080760095
0.154394299287
0.158551068884
0.163301662708
0.168052256532
0.179334916865
0.186460807601
0.194774346793
0.197743467933
0.186460807601
0.190617577197
0.102731591449
0.148456057007
0.156769596200
0.186460807601
0.212589073634
0.222090261283
0.239311163895
0.256532066508
0.255344418052
0.244061757720
0.242874109264
0.244655581948
0.240498812352
0.250000000000
0.256532066508
0.266627078385
0.277909738717
0.272565320665
0.159144893112
0.223277909739
0.209026128266
0.206057007126
0.201306413302
0.225653206651
0.233966745843
0.239904988124
0.245843230404
0.255938242280
0.265439429929
0.277315914489
0.283254156770
0.284441805226
0.280878859857
0.277909738717
0.277315914489
0.276128266033
0.281472684086
0.286223277910
0.289786223278
0.292755344418
0.296912114014
0.311757719715
0.308788598575
0.311757719715
0.314726840855
0.318883610451
0.320071258907
0.318289786223
0.320665083135
0.328384798100
0.329572446556
0.334323040380
0.331947743468
0.325415676960
0.333135391924
0.237529691211
0.301662707838
0.273159144893
0.201900237530
0.247624703088
0.282660332542
0.339073634204
0.331947743468
0.347980997625
0.340261282660
0.340855106888
0.346199524941
0.341448931116
0.339073634204
0.343230403800
0.345605700713
0.346793349169
0.347980997625
0.347980997625
0.352731591449
0.352731591449
0.355700712589
0.356294536817
0.363420427553
0.320665083135
0.231591448931
0.171615201900
0.201900237530
0.187648456057
0.186460807601
0.201900237530
0.220902612827
0.229216152019
0.229216152019
0.219714964371
0.233966745843
0.245843230404
0.248812351544
0.242280285036
0.240498812352
0.238123515439
0.238717339667
0.237529691211
0.245249406176
0.245843230404
0.247030878860
0.253562945368
0.258907363420
0.263064133017
0.264845605701
0.268408551069
0.267814726841
0.267814726841
0.274940617577
0.274940617577
0.273159144893
0.266033254157
0.294536817102
0.235154394299
0.227434679335
0.252375296912
0.282066508314
0.290973871734
0.290973871734
0.298099762470
0.294536817102
0.292755344418
0.298099762470
0.289786223278
0.299881235154
0.276722090261
0.227434679335
0.284441805226
0.312351543943
0.311163895487
0.307600950119
0.309382422803
0.309382422803
0.309976247031
0.315914489311
0.319477434679
0.320665083135
0.315320665083
0.327790973872
0.321258907363
0.330166270784
0.300475059382
0.307007125891
0.244655581948
0.257125890736
0.242280285036
0.312945368171
0.271971496437
0.255344418052
0.286223277910
0.268408551069
0.264251781473
0.274940617577
0.303444180523
0.312945368171
0.320665083135
0.320665083135
0.319477434679
0.323040380048
0.325415676960
0.330760095012
0.331947743468
0.334916864608
0.342636579572
0.348574821853
0.347980997625
0.348574821853
0.350356294537
0.356294536817
0.356888361045
0.358076009501
0.355106888361
0.366983372922
0.347387173397
0.343824228029
0.198931116390
0.198931116390
0.233372921615
0.238123515439
0.238717339667
0.228622327791
0.244061757720
0.245249406176
0.269596199525
0.280285035629
0.272565320665
0.276722090261
0.281472684086
0.299287410926
0.270783847981
0.300475059382
0.238717339667
0.282066508314
0.279691211401
0.314726840855
0.312351543943
0.314726840855
0.311163895487
0.309976247031
0.309976247031
0.324821852732
0.322446555819
0.322446555819
0.317695961995
0.323634204276
0.314133016627
0.319477434679
0.252969121140
0.302256532067
0.317695961995
0.336104513064
0.342042755344
0.350950118765
0.349762470309
0.353325415677
0.347387173397
0.353325415677
0.344418052257
0.343824228029
0.274346793349
0.331353919240
0.343230403800
0.347980997625
0.355700712589
0.316508313539
0.348574821853
0.348574821853
0.362826603325
0.342042755344
0.373515439430
0.368764845606
0.372921615202
0.356888361045
0.364014251781
0.335510688836
0.362826603325
0.358669833729
0.374109263658
0.352731591449
0.366983372922
0.366983372922
0.367577197150
0.368764845606
0.374109263658
0.370546318290
0.376484560570
0.375296912114
0.377078384798
0.372921615202
0.374109263658
0.352731591449
0.371140142518
0.343824228029
0.370546318290
0.376484560570
0.388954869359
0.387767220903
0.384204275534
0.388361045131
0.384798099762
0.391923990499
0.377672209026
0.352137767221
0.291567695962
0.245843230404
0.213776722090
0.279691211401
0.307600950119
0.309976247031
0.324228028504
0.327197149644
0.338479809976
0.346199524941
0.367577197150
0.375890736342
0.377078384798
0.383016627078
0.345605700713
0.345605700713
0.301068883610
0.339667458432
0.374703087886
0.387767220903
0.378266033254
0.386579572447
0.393111638955
0.386579572447
0.391330166271
0.390142517815
0.394893111639
0.400831353919
0.407957244656
0.412707838480
0.411520190024
0.417458432304
0.418052256532
0.417458432304
0.397862232779
0.305819477435
0.253562945368
0.192992874109
0.225653206651
0.244061757720
0.281472684086
0.305225653207
0.317102137767
0.321852731591
0.334916864608
0.323040380048
0.326009501188
0.334323040380
0.337292161520
0.340855106888
0.339667458432
0.346199524941
0.350950118765
0.359857482185
0.371733966746
0.369952494062
0.370546318290
0.371140142518
0.355106888361
0.340855106888
0.264845605701
0.232779097387
0.267220902613
0.271377672209
0.295130641330
0.307007125891
0.318289786223
0.323634204276
0.337292161520
0.351543942993
0.343824228029
0.347980997625
0.352137767221
0.351543942993
0.363420427553
0.370546318290
0.368764845606
0.364608076010
0.368171021378
0.374703087886
0.376484560570
0.385391923990
0.387767220903
0.387767220903
0.384204275534
0.381828978622
0.356888361045
0.309976247031
0.315914489311
0.379453681710
0.388954869359
0.396674584323
0.407363420428
0.407957244656
0.416270783848
0.418052256532
0.423990498812
0.423396674584
0.424584323040
0.425771971496
0.424584323040
0.419239904988
0.404988123515
0.369952494062
0.286817102138
0.286817102138
0.369952494062
0.346793349169
0.397268408551
0.383016627078
0.410926365796
0.412707838480
0.423396674584
0.430522565321
0.434679334917
0.437054631829
0.442399049881
0.440617577197
0.441805225653
0.432304038005
0.435866983373
0.430522565321
0.439429928741
0.428741092637
0.409738717340
0.371733966746
0.334323040380
0.407957244656
0.421021377672
0.417458432304
0.447743467933
0.445368171021
0.450118764846
0.453087885986
0.457244655582
0.446555819477
0.464370546318
0.414489311164
0.442399049881
0.406175771971
0.457244655582
0.457838479810
0.470902612827
0.469121140143
0.469121140143
0.445368171021
0.376484560570
0.372327790974
0.367577197150
0.435866983373
0.469121140143
0.469714964371
0.471496437055
0.480403800475
0.478028503563
0.474465558195
0.475059382423
0.478622327791
0.478028503563
0.469714964371
0.452494061758
0.271377672209
0.384798099762
0.355700712589
0.371140142518
0.429334916865
0.441805225653
0.459026128266
0.436460807601
0.443586698337
0.462589073634
0.472090261283
0.463776722090
0.478622327791
0.461401425178
0.476840855107
0.463776722090
0.468527315914
0.451306413302
0.417458432304
0.371733966746
0.394299287411
0.425771971496
0.462589073634
0.466745843230
0.481591448931
0.467933491686
0.488717339667
0.446555819477
0.467933491686
0.349168646081
0.459026128266
0.483966745843
0.488123515439
0.499406175772
0.500593824228
0.498812351544
0.482779097387
0.434085510689
0.381828978622
0.388361045131
0.422802850356
0.446555819477
0.426365795724
0.466152019002
0.492874109264
0.482779097387
0.497030878860
0.481591448931
0.491092636580
0.480997624703
0.477434679335
0.482185273159
0.466745843230
0.492874109264
0.425178147268
0.461401425178
0.286817102138
0.445961995249
0.468527315914
0.472684085511
0.478028503563
0.498812351544
0.487529691211
0.493467933492
0.479809976247
0.469714964371
0.445961995249
0.425178147268
0.464964370546
0.467339667458
0.437054631829
0.435273159145
0.480997624703
0.483966745843
0.501187648456
0.506532066508
0.505938242280
0.510688836105
0.501187648456
0.486342042755
0.476247030879
0.421615201900
0.453681710214
0.493467933492
0.467933491686
0.513064133017
0.454275534442
0.489904988124
0.458432304038
0.483372921615
0.480997624703
0.464370546318
0.480403800475
0.492874109264
0.488123515439
0.500593824228
0.458432304038
0.515439429929
0.514251781473
0.513657957245
0.519596199525
0.505938242280
0.451306413302
0.419239904988
0.363420427553
0.463776722090
0.452494061758
0.486342042755
0.478028503563
0.488123515439
0.472090261283
0.490498812352
0.475653206651
0.485748218527
0.484560570071
0.500593824228
0.505938242280
0.484560570071
0.474465558195
0.435273159145
0.451900237530
0.488123515439
0.492280285036
0.505938242280
0.524346793349
0.508907363420
0.517814726841
0.441805225653
0.479809976247
0.340855106888
0.478622327791
0.517220902613
0.521377672209
0.524940617577
