0.097172236504
0.096143958869
0.093059125964
0.092544987147
0.092544987147
0.092544987147
0.092544987147
0.092544987147
0.094087403599
0.102827763496
0.119794344473
0.137275064267
0.143444730077
0.141388174807
0.131105398458
0.141388174807
0.149100257069
0.157840616967
0.162467866324
0.172750642674
0.187146529563
0.197429305913
0.200514138817
0.206169665810
0.218508997429
0.226735218509
0.228277634961
0.185089974293
0.094087403599
0.102313624679
0.099742930591
0.100257069409
0.100257069409
0.100257069409
0.100257069409
0.100257069409
0.100257069409
0.100257069409
0.100771208226
0.107455012853
0.109511568123
0.115167095116
0.121336760925
0.118766066838
0.122879177378
0.124421593830
0.123393316195
0.121850899743
0.118251928021
0.115167095116
0.113110539846
0.107969151671
0.111568123393
0.114652956298
0.113110539846
0.117223650386
0.114652956298
0.108483290488
0.106940874036
0.106940874036
0.102827763496
0.096658097686
0.093573264781
0.089460154242
0.087403598972
0.086889460154
0.086375321337
0.088946015424
0.091516709512
0.093059125964
0.096143958869
0.100771208226
0.104370179949
0.110025706941
0.113624678663
0.118766066838
0.122365038560
0.125964010283
0.125964010283
0.129562982005
0.130591259640
0.135218508997
0.133161953728
0.137789203085
0.143958868895
0.148586118252
0.148586118252
0.148071979434
0.152185089974
0.155784061697
0.160925449871
0.151670951157
0.162982005141
0.164010282776
0.161953727506
0.167095115681
0.165552699229
0.169665809769
0.169151670951
0.167609254499
0.130591259640
0.140359897172
0.182005141388
0.177892030848
0.183033419023
0.186632390746
0.193316195373
0.195372750643
0.197429305913
0.200000000000
0.207712082262
0.215938303342
0.224678663239
0.227763496144
0.238046272494
0.079691516710
0.121336760925
0.099742930591
0.099742930591
0.099742930591
0.099742930591
0.099742930591
0.099742930591
0.099742930591
0.099742930591
0.099742930591
0.099742930591
0.099742930591
0.099742930591
0.099742930591
0.099742930591
0.099742930591
0.099742930591
0.099742930591
0.099742930591
0.099742930591
0.100257069409
0.105912596401
0.131619537275
0.164010282776
0.175835475578
0.181491002571
0.185089974293
0.184061696658
0.186632390746
0.186118251928
0.179434447301
0.176863753213
0.175835475578
0.161953727506
0.156298200514
0.157326478149
0.150642673522
0.148071979434
0.147557840617
0.151156812339
0.158354755784
0.159383033419
0.165038560411
0.170694087404
0.165038560411
0.158868894602
0.156812339332
0.156298200514
0.159383033419
0.186632390746
0.182519280206
0.183033419023
0.178406169666
0.185604113111
0.189717223650
0.198971722365
0.183033419023
0.134704370180
0.156298200514
0.174293059126
0.205141388175
0.197429305913
0.191259640103
0.188688946015
0.190231362468
0.192287917738
0.197943444730
0.202570694087
0.204627249357
0.205141388175
0.206683804627
0.206169665810
0.208740359897
0.211825192802
0.216966580977
0.224164524422
0.228277634961
0.229820051414
0.229820051414
0.229820051414
0.194344473008
0.129562982005
0.175321336761
0.174293059126
0.186118251928
0.210282776350
0.213881748072
0.206169665810
0.196401028278
0.210282776350
0.210282776350
0.208226221080
0.217480719794
0.221079691517
0.224164524422
0.223650385604
0.226221079692
0.223650385604
0.219023136247
0.226735218509
0.218508997429
0.223650385604
0.219023136247
0.216452442159
0.203084832905
0.224164524422
0.225706940874
0.227249357326
0.228791773779
0.226735218509
0.229820051414
0.232904884319
0.230334190231
0.233419023136
0.234447300771
0.239074550129
0.238560411311
0.237532133676
0.233933161954
0.235475578406
0.234447300771
0.235989717224
0.232904884319
0.235989717224
0.235989717224
0.227249357326
0.165038560411
0.134704370180
0.173778920308
0.156298200514
0.157840616967
0.163496143959
0.168123393316
0.172236503856
0.176349614396
0.189717223650
0.195372750643
0.197429305913
0.202570694087
0.204627249357
0.204627249357
0.204627249357
0.205141388175
0.203598971722
0.206683804627
0.206683804627
0.211825192802
0.212853470437
0.213881748072
0.212853470437
0.215424164524
0.217994858612
0.226221079692
0.230848329049
0.232904884319
0.237017994859
0.243701799486
0.243187660668
0.253470437018
0.251928020566
0.256041131105
0.253470437018
0.250385604113
0.244215938303
0.244215938303
0.242159383033
0.245244215938
0.237532133676
0.244730077121
0.216452442159
0.234447300771
0.192802056555
0.216452442159
0.247814910026
0.248843187661
0.243701799486
0.240102827763
0.242673521851
0.247814910026
0.248329048843
0.250899742931
0.250385604113
0.254498714653
0.252956298201
0.254498714653
0.253470437018
0.254498714653
0.253470437018
0.255012853470
0.256041131105
0.257583547558
0.258097686375
0.258097686375
0.257583547558
0.263239074550
0.259640102828
0.261182519280
0.257069408740
0.259125964010
0.227763496144
0.161439588689
0.169151670951
0.192802056555
0.198971722365
0.210796915167
0.216452442159
0.215938303342
0.219537275064
0.234961439589
0.233419023136
0.238560411311
0.243187660668
0.247300771208
0.254498714653
0.260154241645
0.258097686375
0.262724935733
0.262210796915
0.268380462725
0.263753213368
0.265295629820
0.265809768638
0.269922879177
0.271979434447
0.277634961440
0.278149100257
0.281233933162
0.285861182519
0.287917737789
0.286889460154
0.286375321337
0.285861182519
0.287403598972
0.287917737789
0.288946015424
0.292544987147
0.286889460154
0.289974293059
0.262724935733
0.179434447301
0.145501285347
0.170694087404
0.210796915167
0.183033419023
0.161439588689
0.154755784062
0.151156812339
0.150128534704
0.149100257069
0.150128534704
0.151670951157
0.151156812339
0.147043701799
0.149614395887
0.152699228792
0.154755784062
0.180462724936
0.174293059126
0.176863753213
0.177892030848
0.178920308483
0.180976863753
0.185089974293
0.182519280206
0.175321336761
0.174807197943
0.174293059126
0.173264781491
0.172236503856
0.173264781491
0.174807197943
0.175321336761
0.176349614396
0.177377892031
0.177892030848
0.176863753213
0.177892030848
0.175321336761
0.178406169666
0.177377892031
0.179948586118
0.188174807198
0.193316195373
0.190231362468
0.191773778920
0.193830334190
0.197943444730
0.203598971722
0.203084832905
0.198971722365
0.197429305913
0.198457583548
0.201028277635
0.202056555270
0.201542416452
0.203598971722
0.136246786632
0.150642673522
0.076606683805
0.085347043702
0.093573264781
0.102313624679
0.112082262211
0.111568123393
0.108997429306
0.113624678663
0.112082262211
0.121850899743
0.130077120823
0.139845758355
0.143444730077
0.135732647815
0.143958868895
0.132647814910
0.102827763496
0.097172236504
0.106426735219
0.104884318766
0.114652956298
0.112082262211
0.100257069409
0.106426735219
0.136760925450
0.143958868895
0.148071979434
0.156298200514
0.165552699229
0.175321336761
0.184061696658
0.189717223650
0.191259640103
0.192287917738
0.193316195373
0.194858611825
0.196401028278
0.199485861183
0.199485861183
0.204113110540
0.205655526992
0.207197943445
0.207712082262
0.204627249357
0.206169665810
0.208740359897
0.210282776350
0.213367609254
0.214910025707
0.226735218509
0.211311053985
0.140874035990
0.182519280206
0.209768637532
0.200514138817
0.200000000000
0.204627249357
0.209768637532
0.207712082262
0.211311053985
0.219023136247
0.221593830334
0.224164524422
0.225706940874
0.225706940874
0.225192802057
0.222107969152
0.222107969152
0.222107969152
0.222622107969
0.221593830334
0.223136246787
0.225192802057
0.226735218509
0.233419023136
0.232904884319
0.238046272494
0.230334190231
0.160925449871
0.234447300771
0.222622107969
0.185604113111
0.230334190231
0.231876606684
0.225192802057
0.216966580977
0.228791773779
0.230334190231
0.227249357326
0.246786632391
0.231362467866
0.241131105398
0.234447300771
0.248843187661
0.230334190231
0.246272493573
0.234961439589
0.243701799486
0.233419023136
0.237017994859
0.235475578406
0.248843187661
0.236503856041
0.254498714653
0.241131105398
0.259640102828
0.237532133676
0.255012853470
0.241131105398
0.260154241645
0.242673521851
0.259640102828
0.241645244216
0.262210796915
0.243701799486
0.258097686375
0.247300771208
0.258097686375
0.249357326478
0.255012853470
0.248329048843
0.257583547558
0.248843187661
0.258611825193
0.250385604113
0.259125964010
0.253470437018
0.257069408740
0.250385604113
0.257069408740
0.251928020566
0.257583547558
0.258611825193
0.259125964010
0.257583547558
0.260154241645
0.259125964010
0.261696658098
0.252956298201
0.262724935733
0.240102827763
0.263753213368
0.248843187661
0.259125964010
0.259640102828
0.259640102828
0.252442159383
0.222622107969
0.238046272494
0.245758354756
0.270437017995
0.277634961440
0.277634961440
0.276092544987
0.279177377892
0.288431876607
0.279691516710
0.273521850900
0.268380462725
0.248329048843
0.242159383033
0.269408740360
0.281233933162
0.282776349614
0.277634961440
0.280719794344
0.269408740360
0.242159383033
0.238560411311
0.271465295630
0.275578406170
0.288946015424
0.291002570694
0.288431876607
0.294087403599
0.295115681234
0.292030848329
0.294601542416
0.285861182519
0.222622107969
0.168637532134
0.190231362468
0.185089974293
0.173778920308
0.172750642674
0.186632390746
0.198457583548
0.213881748072
0.228791773779
0.225706940874
0.236503856041
0.242673521851
0.236503856041
0.237017994859
0.237017994859
0.240616966581
0.245758354756
0.249357326478
0.261182519280
0.252956298201
0.234447300771
0.223650385604
0.198457583548
0.227249357326
0.237017994859
0.242159383033
0.246786632391
0.239074550129
0.239588688946
0.240616966581
0.246786632391
0.253984575835
0.256041131105
0.263239074550
0.260154241645
0.254498714653
0.246786632391
0.215938303342
0.180976863753
0.180462724936
0.193316195373
0.211825192802
0.235989717224
0.264781491003
0.256555269923
0.266323907455
0.264781491003
0.264267352185
0.265809768638
0.269408740360
0.269408740360
0.269922879177
0.274035989717
0.276092544987
0.276606683805
0.281233933162
0.281233933162
0.280205655527
0.283804627249
0.285347043702
0.293059125964
0.253470437018
0.182005141388
0.134190231362
0.149100257069
0.130077120823
0.140359897172
0.145501285347
0.162982005141
0.192802056555
0.198457583548
0.204627249357
0.191773778920
0.196915167095
0.208226221080
0.222107969152
0.226735218509
0.226221079692
0.223136246787
0.215938303342
0.194344473008
0.160411311054
0.135732647815
0.143444730077
0.172236503856
0.206169665810
0.216452442159
0.224164524422
0.204627249357
0.204113110540
0.198457583548
0.202056555270
0.200000000000
0.200514138817
0.208226221080
0.211311053985
0.209768637532
0.183547557841
0.162982005141
0.157840616967
0.181491002571
0.211311053985
0.227763496144
0.221593830334
0.224678663239
0.225706940874
0.229305912596
0.227763496144
0.223136246787
0.217480719794
0.213881748072
0.224164524422
0.230848329049
0.233933161954
0.231876606684
0.231876606684
0.235989717224
0.230334190231
0.238046272494
0.231876606684
0.234961439589
0.239074550129
0.240102827763
0.230848329049
0.242159383033
0.209768637532
0.197429305913
0.230848329049
0.233419023136
0.234447300771
0.242673521851
0.236503856041
0.235989717224
0.238560411311
0.237017994859
0.240616966581
0.242673521851
0.245758354756
0.246272493573
0.247300771208
0.256041131105
0.257583547558
0.258097686375
0.258097686375
0.260154241645
0.262724935733
0.264267352185
0.263239074550
0.264267352185
0.265295629820
0.264781491003
0.267352185090
0.268894601542
0.266838046272
0.270951156812
0.268894601542
0.274550128535
0.274550128535
0.267866323907
0.262724935733
0.190745501285
0.223650385604
0.273007712082
0.265295629820
0.268894601542
0.270951156812
0.262724935733
0.257069408740
0.255012853470
0.268894601542
0.278663239075
0.281233933162
0.283290488432
0.285347043702
0.289460154242
0.286375321337
0.282776349614
0.275064267352
0.280205655527
0.269408740360
0.265809768638
0.290488431877
0.294087403599
0.302313624679
0.302827763496
0.302827763496
0.303856041131
0.297172236504
0.287403598972
0.256555269923
0.245758354756
0.276606683805
0.298714652956
0.303341902314
0.301285347044
0.295629820051
0.292544987147
0.287917737789
0.288946015424
0.290488431877
0.299228791774
0.297172236504
0.284318766067
0.212853470437
0.255526992288
0.290488431877
0.288431876607
0.297686375321
0.297686375321
0.292030848329
0.300257069409
0.300771208226
0.305912596401
0.310025706941
0.311053984576
0.311053984576
0.310025706941
0.310025706941
0.322879177378
0.328534704370
0.322879177378
0.324421593830
0.324421593830
0.227249357326
0.224164524422
0.276606683805
0.297686375321
0.300257069409
0.305398457584
0.301799485861
0.307969151671
0.311568123393
0.317737789203
0.315167095116
0.311568123393
0.298200514139
0.255012853470
0.275064267352
0.289460154242
0.308997429306
0.311568123393
0.320308483290
0.325449871465
0.320308483290
0.326992287918
0.316709511568
0.307455012853
0.222107969152
0.235989717224
0.252956298201
0.261182519280
0.285861182519
0.289974293059
0.305912596401
0.314652956298
0.320308483290
0.308997429306
0.311568123393
0.307969151671
0.317737789203
0.323907455013
0.321850899743
0.320308483290
0.322879177378
0.316195372751
0.287917737789
0.265295629820
0.233419023136
0.190745501285
0.219023136247
0.240102827763
0.278663239075
0.282262210797
0.280719794344
0.284318766067
0.283804627249
0.273521850900
0.279177377892
0.284832904884
0.294087403599
0.310025706941
0.313110539846
0.323393316195
0.334190231362
0.329562982005
0.325449871465
0.333676092545
0.331619537275
0.347557840617
0.312082262211
0.232390745501
0.229305912596
0.233933161954
0.238046272494
0.257069408740
0.285861182519
0.312596401028
0.303856041131
0.313110539846
0.322365038560
0.323907455013
0.323393316195
0.323393316195
0.332133676093
0.332647814910
0.336760925450
0.341902313625
0.348071979434
0.347557840617
0.350642673522
0.357840616967
0.362467866324
0.351156812339
0.357326478149
0.324935732648
0.269922879177
0.250385604113
0.280719794344
0.321336760925
0.337275064267
0.343444730077
0.349614395887
0.346015424165
0.347557840617
0.347557840617
0.351156812339
0.359897172237
0.362467866324
0.368123393316
0.372236503856
0.377377892031
0.378920308483
0.385604113111
0.388174807198
0.390745501285
0.388174807198
0.391259640103
0.375835475578
0.299228791774
0.182005141388
0.210796915167
0.200000000000
0.207712082262
0.215424164524
0.207712082262
0.217994858612
0.218508997429
0.226735218509
0.234961439589
0.231362467866
0.238046272494
0.176863753213
0.207712082262
0.263239074550
0.284832904884
0.294087403599
0.299228791774
0.304884318766
0.318251928021
0.313110539846
0.324935732648
0.316195372751
0.320822622108
0.308997429306
0.316709511568
0.290488431877
0.323393316195
0.324421593830
0.326992287918
0.335218508997
0.327506426735
0.333676092545
0.322879177378
0.289460154242
0.339331619537
0.331619537275
0.335732647815
0.339331619537
0.352699228792
0.342416452442
0.342930591260
0.327506426735
0.327506426735
0.294601542416
0.328534704370
0.348071979434
0.351156812339
0.359383033419
0.363496143959
0.350642673522
0.332133676093
0.334704370180
0.299742930591
0.354755784062
0.352185089974
0.363496143959
0.365038560411
0.367609254499
0.366066838046
0.366580976864
0.372236503856
0.380976863753
0.383033419023
0.384061696658
0.376349614396
0.359383033419
0.311053984576
0.335218508997
0.336246786632
0.336246786632
0.373264781491
0.375835475578
0.364010282776
0.367609254499
0.361953727506
0.364524421594
0.354241645244
0.394858611825
0.389203084833
0.404627249357
0.400000000000
0.405141388175
0.408740359897
0.392802056555
0.401028277635
0.347043701799
0.360411311054
0.328534704370
0.336760925450
0.373778920308
0.404113110540
0.399485861183
0.394344473008
0.400000000000
0.404113110540
0.404627249357
0.374293059126
0.336760925450
0.263753213368
0.352185089974
0.375321336761
0.388174807198
0.381491002571
0.402056555270
0.410282776350
0.412853470437
0.401028277635
0.385089974293
0.388174807198
0.369151670951
0.384061696658
0.396401028278
0.421079691517
0.422107969152
0.429305912596
0.426735218509
0.425192802057
0.426735218509
0.430334190231
0.424164524422
0.423136246787
0.356812339332
0.372750642674
0.377377892031
0.415938303342
0.429820051414
0.432904884319
0.423136246787
0.415938303342
0.387660668380
0.369151670951
0.355784061697
0.411311053985
0.429820051414
0.424678663239
0.429305912596
0.435989717224
0.438560411311
0.431362467866
0.426221079692
0.340874035990
0.267866323907
0.369665809769
0.391259640103
0.397429305913
0.404627249357
0.402056555270
0.408226221080
0.414910025707
0.415938303342
0.421079691517
0.425706940874
0.420565552699
0.376349614396
0.326992287918
0.266838046272
0.351156812339
0.365552699229
0.367609254499
0.382519280206
0.387660668380
0.394344473008
0.402570694087
0.408740359897
0.421079691517
0.423136246787
0.427763496144
0.420051413882
0.361439588689
0.318766066838
0.335732647815
0.371722365039
0.412339331620
0.431362467866
0.432904884319
0.429305912596
0.432390745501
0.432390745501
0.430848329049
0.438046272494
0.444730077121
0.449357326478
0.452442159383
0.452956298201
0.459125964010
0.456555269923
0.463239074550
0.424678663239
0.366066838046
0.321336760925
0.334704370180
0.408740359897
0.400514138817
0.425706940874
0.424164524422
0.434961439589
0.438046272494
0.441645244216
0.445244215938
0.450899742931
0.436503856041
0.365038560411
0.248843187661
0.217480719794
0.326478149100
0.334190231362
0.327506426735
0.323393316195
0.316709511568
0.311568123393
0.316709511568
0.318251928021
0.321336760925
0.325964010283
0.329562982005
0.335218508997
0.346015424165
0.350128534704
0.356298200514
0.360925449871
0.370694087404
0.373778920308
0.384575835476
0.341388174807
0.247300771208
0.244730077121
0.235989717224
0.220565552699
0.227249357326
0.252956298201
0.276092544987
0.269408740360
0.283290488432
0.297172236504
0.313110539846
0.318251928021
0.261182519280
0.299228791774
0.342930591260
0.330591259640
0.340874035990
0.348071979434
0.340874035990
0.359383033419
0.350128534704
0.368123393316
0.360411311054
0.367095115681
0.364524421594
0.374293059126
0.357326478149
0.381491002571
0.394858611825
0.404627249357
0.403084832905
0.411311053985
0.407197943445
0.414910025707
0.407197943445
0.410282776350
0.371722365039
0.341902313625
0.356812339332
0.370694087404
0.394344473008
0.421079691517
0.434447300771
0.437017994859
0.437017994859
0.435989717224
0.433933161954
0.432904884319
0.433419023136
0.360411311054
0.334704370180
0.323393316195
0.343958868895
0.344987146530
0.338817480720
0.334190231362
0.334704370180
0.337275064267
0.346015424165
0.350128534704
0.355269922879
0.369151670951
0.384575835476
0.395372750643
0.399485861183
0.403598971722
0.404113110540
0.403598971722
0.393830334190
0.335732647815
0.283290488432
0.225192802057
0.214395886889
0.187660668380
0.291516709512
0.280205655527
0.287917737789
0.297172236504
0.311568123393
0.332133676093
0.333676092545
0.347043701799
0.355784061697
0.373778920308
0.386632390746
0.386632390746
0.397943444730
0.390231362468
0.379434447301
0.333676092545
0.319794344473
0.261182519280
0.366066838046
0.383547557841
0.381491002571
0.386118251928
0.395372750643
0.401028277635
0.404627249357
0.405141388175
0.413881748072
0.423650385604
0.427763496144
0.430848329049
0.433419023136
0.439074550129
0.439588688946
0.437532133676
0.429305912596
0.420051413882
0.328020565553
0.356298200514
0.438046272494
0.457583547558
0.451928020566
0.436503856041
0.438046272494
0.438560411311
0.440102827763
0.441131105398
0.449357326478
0.457069408740
0.460154241645
0.460154241645
0.465295629820
0.466323907455
0.466838046272
0.463239074550
0.464267352185
0.414910025707
0.322879177378
0.407712082262
0.425192802057
0.420565552699
0.417994858612
0.424164524422
0.424678663239
0.428277634961
0.435989717224
0.448843187661
0.456041131105
0.467352185090
0.419023136247
0.370694087404
0.299228791774
0.311568123393
0.401028277635
0.394858611825
0.407712082262
0.417480719794
0.417480719794
0.419537275064
0.422622107969
0.424678663239
0.433419023136
0.427763496144
0.436503856041
0.444730077121
0.449357326478
0.461182519280
0.462210796915
0.468894601542
0.465295629820
0.468380462725
0.453984575835
0.381491002571
0.369665809769
0.410282776350
0.459125964010
0.476606683805
0.469922879177
0.470437017995
0.478149100257
0.481233933162
0.486375321337
0.485347043702
0.485861182519
0.486375321337
0.485861182519
0.483804627249
0.477120822622
0.470437017995
0.372236503856
0.383033419023
0.330077120823
0.357326478149
0.424164524422
0.433419023136
0.441131105398
0.451413881748
0.453470437018
0.453984575835
0.458097686375
0.469408740360
0.466838046272
0.476606683805
0.481748071979
0.489460154242
0.483290488432
0.497686375321
0.440102827763
0.389203084833
0.408226221080
0.447814910026
0.451928020566
0.457069408740
0.464267352185
0.470437017995
0.468894601542
0.482262210797
0.466838046272
0.469922879177
0.438560411311
0.468380462725
0.482262210797
0.483804627249
0.463753213368
0.475578406170
0.468894601542
0.481233933162
0.485347043702
0.484832904884
0.493573264781
0.494601542416
0.493573264781
0.497686375321
0.478149100257
0.474550128535
0.410796915167
0.454498714653
0.479177377892
0.468380462725
0.486889460154
0.498200514139
0.503856041131
0.514138817481
0.503856041131
0.506426735219
0.481748071979
0.410796915167
0.415424164524
0.483804627249
0.504884318766
0.510539845758
0.507455012853
0.511568123393
0.504884318766
0.510025706941
0.506940874036
0.513624678663
0.478149100257
0.362467866324
0.347043701799
0.285861182519
0.334190231362
0.378406169666
0.386118251928
0.376863753213
0.375835475578
0.394344473008
0.418508997429
0.433933161954
0.445758354756
0.411825192802
0.323907455013
0.227249357326
0.138303341902
0.217480719794
0.210796915167
0.180462724936
0.179948586118
0.183547557841
0.190745501285
0.189717223650
0.196401028278
0.196401028278
0.202570694087
0.206683804627
0.210282776350
0.214395886889
0.217994858612
0.213367609254
0.211825192802
0.167609254499
0.171722365039
0.183033419023
0.177892030848
0.212339331620
0.222622107969
0.232390745501
0.235475578406
0.239588688946
0.244730077121
0.242673521851
0.241645244216
0.246272493573
0.247814910026
0.245758354756
0.253984575835
0.256041131105
0.261696658098
0.236503856041
0.164010282776
0.217480719794
0.164524421594
0.164010282776
0.171208226221
0.189717223650
0.203084832905
0.212339331620
0.212339331620
0.211825192802
0.218508997429
0.219023136247
0.220565552699
0.220565552699
0.222622107969
0.220051413882
0.223136246787
0.228791773779
0.235475578406
0.238560411311
0.244730077121
0.248329048843
0.255012853470
0.256555269923
0.261696658098
0.265295629820
0.266323907455
0.264267352185
0.261182519280
0.264267352185
0.267352185090
0.269922879177
0.272493573265
0.274035989717
0.275578406170
0.277634961440
0.276606683805
0.214395886889
0.240616966581
0.223136246787
0.187660668380
0.227249357326
0.250385604113
0.265809768638
0.266838046272
0.281748071979
0.281233933162
0.278149100257
0.276606683805
0.283290488432
0.289460154242
0.294087403599
0.302827763496
0.306940874036
0.307455012853
0.312082262211
0.312082262211
0.318251928021
0.313624678663
0.312596401028
0.310025706941
0.279691516710
0.204627249357
0.149100257069
0.198971722365
0.178920308483
0.191259640103
0.195372750643
0.207197943445
0.216452442159
0.208226221080
0.202056555270
0.205655526992
0.207197943445
0.198457583548
0.197429305913
0.194858611825
0.198971722365
0.197943444730
0.196401028278
0.199485861183
0.201028277635
0.204113110540
0.208740359897
0.211825192802
0.215424164524
0.216966580977
0.217480719794
0.217480719794
0.217480719794
0.217994858612
0.224164524422
0.227249357326
0.223136246787
0.228277634961
0.206169665810
0.161439588689
0.225192802057
0.229820051414
0.237017994859
0.242159383033
0.242159383033
0.241645244216
0.245758354756
0.244730077121
0.247814910026
0.253984575835
0.246786632391
0.176863753213
0.247814910026
0.258097686375
0.269408740360
0.266323907455
0.271979434447
0.273521850900
0.268894601542
0.269922879177
0.267866323907
0.265295629820
0.265809768638
0.273521850900
0.272493573265
0.276092544987
0.255526992288
0.241645244216
0.223136246787
0.209254498715
0.232904884319
0.246786632391
0.232904884319
0.193316195373
0.233933161954
0.232390745501
0.246272493573
0.261182519280
0.265809768638
0.268894601542
0.270437017995
0.270951156812
0.273007712082
0.274550128535
0.277120822622
0.276092544987
0.279691516710
0.284318766067
0.283804627249
0.285347043702
0.292030848329
0.293059125964
0.298200514139
0.298200514139
0.301799485861
0.303341902314
0.310025706941
0.308483290488
0.307455012853
0.272493573265
0.192287917738
0.140359897172
0.172236503856
0.188174807198
0.188174807198
0.193316195373
0.203598971722
0.207197943445
0.226221079692
0.222107969152
0.219537275064
0.222107969152
0.230848329049
0.223136246787
0.227249357326
0.219537275064
0.192287917738
0.232904884319
0.242159383033
0.260668380463
0.258097686375
0.257583547558
0.260668380463
0.261696658098
0.264267352185
0.267866323907
0.267866323907
0.270951156812
0.274035989717
0.282262210797
0.274550128535
0.269408740360
0.225192802057
0.260668380463
0.284832904884
0.293059125964
0.293059125964
0.292030848329
0.295629820051
0.293573264781
0.294087403599
0.292030848329
0.298714652956
0.291516709512
0.245244215938
0.294087403599
0.284832904884
0.301285347044
0.299742930591
0.288431876607
0.294087403599
0.298714652956
0.298200514139
0.301285347044
0.318766066838
0.311053984576
0.311053984576
0.304370179949
0.309511568123
0.295629820051
0.313624678663
0.316709511568
0.324421593830
0.313624678663
0.320308483290
0.310539845758
0.320822622108
0.312082262211
0.322879177378
0.309511568123
0.323907455013
0.323907455013
0.329562982005
0.321336760925
0.334190231362
0.307455012853
0.314138817481
0.316195372751
0.312596401028
0.338817480720
0.338817480720
0.351156812339
0.347043701799
0.347557840617
0.346529562982
0.348071979434
0.320308483290
0.300771208226
0.268380462725
0.187660668380
0.213881748072
0.275578406170
0.285861182519
0.299228791774
0.294601542416
0.299742930591
0.308483290488
0.305912596401
0.308483290488
0.313624678663
0.308997429306
0.314652956298
0.297686375321
0.266838046272
0.258611825193
0.284832904884
0.319794344473
0.328020565553
0.342930591260
0.343958868895
0.349614395887
0.349614395887
0.353727506427
0.362982005141
0.361953727506
0.358354755784
0.359897172237
0.360925449871
0.359383033419
0.357840616967
0.359383033419
0.360411311054
0.339845758355
0.263239074550
0.191259640103
0.154755784062
0.184575835476
0.205141388175
0.237017994859
0.247300771208
0.255012853470
0.270951156812
0.276092544987
0.276092544987
0.279691516710
0.278149100257
0.278663239075
0.276606683805
0.282262210797
0.294087403599
0.301285347044
0.303341902314
0.308483290488
0.307969151671
0.313110539846
0.315167095116
0.311053984576
0.260668380463
0.236503856041
0.184575835476
0.231362467866
0.238560411311
0.256555269923
0.260154241645
0.279177377892
0.279177377892
0.292544987147
0.295115681234
0.295629820051
0.297686375321
0.301799485861
0.303856041131
0.312082262211
0.316195372751
0.318251928021
0.318251928021
0.319794344473
0.324935732648
0.330077120823
0.334704370180
0.335218508997
0.336760925450
0.333676092545
0.337275064267
0.325449871465
0.266838046272
0.314138817481
0.328534704370
0.344987146530
0.352185089974
0.357326478149
0.365038560411
0.357840616967
0.359897172237
0.364010282776
0.359897172237
0.362982005141
0.370694087404
0.371722365039
0.375321336761
0.355269922879
0.346529562982
0.235989717224
0.294601542416
0.318766066838
0.294087403599
0.342416452442
0.344473007712
0.353213367609
0.363496143959
0.364524421594
0.369665809769
0.370694087404
0.370694087404
0.371722365039
0.371722365039
0.374293059126
0.377892030848
0.378920308483
0.397429305913
0.375835475578
0.395372750643
0.352185089974
0.343444730077
0.275578406170
0.357840616967
0.375321336761
0.383547557841
0.378920308483
0.394344473008
0.390745501285
0.386632390746
0.389203084833
0.388688946015
0.394858611825
0.373264781491
0.374807197943
0.365552699229
0.400000000000
0.402056555270
0.408740359897
0.402056555270
0.412853470437
0.382005141388
0.360411311054
0.321336760925
0.348071979434
0.380976863753
0.407712082262
0.398971722365
0.401028277635
0.407712082262
0.416452442159
0.416452442159
0.422107969152
0.426735218509
0.423136246787
0.431876606684
0.366580976864
0.288431876607
0.313624678663
0.332647814910
0.359897172237
0.389717223650
0.386118251928
0.374807197943
0.370694087404
0.369665809769
0.395372750643
0.385089974293
0.402570694087
0.403598971722
0.401028277635
0.410796915167
0.410282776350
0.410282776350
0.407712082262
0.357326478149
0.366580976864
0.370179948586
0.385089974293
0.404113110540
0.414910025707
0.413881748072
0.423136246787
0.413881748072
0.395886889460
0.379948586118
0.314138817481
0.404113110540
0.418508997429
0.431876606684
0.434447300771
0.441131105398
0.430334190231
0.433933161954
0.362467866324
0.360925449871
0.347043701799
0.412853470437
0.416452442159
0.414910025707
0.426735218509
0.433933161954
0.430334190231
0.432390745501
0.438046272494
0.435989717224
0.436503856041
0.431876606684
0.435989717224
0.429305912596
0.430848329049
0.400000000000
0.373264781491
0.296143958869
0.398971722365
0.385604113111
0.411311053985
0.419023136247
0.441131105398
0.424678663239
0.437017994859
0.425706940874
0.429820051414
0.386118251928
0.407712082262
0.406169665810
0.413881748072
0.397943444730
0.421079691517
0.428277634961
0.420565552699
0.442673521851
0.437017994859
0.451413881748
0.447300771208
0.447814910026
0.448843187661
0.434447300771
0.380462724936
0.430334190231
0.430334190231
0.438046272494
0.430334190231
0.421079691517
0.424164524422
0.422107969152
0.435475578406
0.431876606684
0.437017994859
0.444215938303
0.450385604113
0.446786632391
0.441131105398
0.431876606684
0.464781491003
0.465295629820
0.466323907455
0.466838046272
0.453984575835
0.440102827763
0.351670951157
0.384061696658
0.402570694087
0.423136246787
0.410796915167
0.426735218509
0.426735218509
0.425706940874
0.435989717224
0.434961439589
0.444215938303
0.460154241645
0.467352185090
0.457069408740
0.462210796915
0.416966580977
0.419023136247
0.404627249357
0.458611825193
0.458097686375
0.462210796915
0.460154241645
0.471979434447
0.446786632391
0.432390745501
0.385604113111
0.365552699229
0.444730077121
0.446272493573
0.440616966581
0.442159383033
