0.077563768870
0.078084331078
0.074440395627
0.073919833420
0.073919833420
0.073919833420
0.073919833420
0.073919833420
0.076002082249
0.086413326393
0.103071317022
0.115564809995
0.128578865174
0.133784487246
0.141592920354
0.150963040083
0.164497657470
0.163977095263
0.174908901614
0.186361270172
0.199375325351
0.211348256117
0.223841749089
0.233211868818
0.226444560125
0.230088495575
0.225403435711
0.206142634045
0.104633003644
0.131181676210
0.125455491931
0.125455491931
0.125455491931
0.125455491931
0.125455491931
0.125455491931
0.125455491931
0.125976054138
0.128578865174
0.134305049453
0.141072358147
0.146798542426
0.151483602290
0.157209786569
0.154606975534
0.153565851119
0.154606975534
0.155127537741
0.153565851119
0.149921915669
0.149921915669
0.142634044768
0.134825611661
0.133784487246
0.129619989589
0.124414367517
0.120770432067
0.117126496616
0.117647058824
0.116085372202
0.114523685580
0.112961998959
0.110359187923
0.110359187923
0.109838625716
0.109838625716
0.108797501301
0.110879750130
0.110359187923
0.111920874545
0.113482561166
0.120249869859
0.123373243103
0.126496616346
0.129619989589
0.133784487246
0.133784487246
0.136387298282
0.141072358147
0.144195731390
0.144195731390
0.147319104633
0.152524726705
0.155648099948
0.155648099948
0.157209786569
0.157730348777
0.160333159813
0.165018219677
0.160853722020
0.164497657470
0.165538781884
0.170223841749
0.179073399271
0.183237896929
0.186361270172
0.190525767829
0.187402394586
0.197293076523
0.175950026028
0.171785528371
0.165018219677
0.166579906299
0.169182717335
0.184799583550
0.195210827694
0.198854763144
0.205622071838
0.214471629360
0.218636127017
0.223321186882
0.229047371161
0.232691306611
0.238417490890
0.239458615305
0.107235814680
0.125976054138
0.102030192608
0.102030192608
0.102030192608
0.102030192608
0.102030192608
0.102030192608
0.102030192608
0.102030192608
0.102030192608
0.102030192608
0.102030192608
0.102030192608
0.102030192608
0.102030192608
0.102030192608
0.102030192608
0.102030192608
0.102030192608
0.102030192608
0.102550754815
0.105674128058
0.135346173868
0.157730348777
0.181155648100
0.197293076523
0.204580947423
0.204580947423
0.204580947423
0.218636127017
0.223321186882
0.216553878188
0.205101509630
0.187402394586
0.195731389901
0.188964081208
0.186361270172
0.185320145757
0.182717334721
0.186361270172
0.191046330036
0.196251952108
0.201978136387
0.211348256117
0.199375325351
0.195210827694
0.185320145757
0.173347214992
0.176991150442
0.190525767829
0.203539823009
0.207183758459
0.214992191567
0.217074440396
0.222800624675
0.225403435711
0.204580947423
0.150442477876
0.187402394586
0.200937011973
0.227485684539
0.219156689224
0.203539823009
0.204580947423
0.209266007288
0.209786569495
0.210827693909
0.219677251432
0.219677251432
0.224362311296
0.232170744404
0.233211868818
0.236335242061
0.236335242061
0.237896928683
0.241540864133
0.244143675169
0.246746486205
0.246225923998
0.241540864133
0.220718375846
0.128058302967
0.190005205622
0.190005205622
0.201457574180
0.217595002603
0.218636127017
0.211348256117
0.208745445081
0.211348256117
0.213951067153
0.220718375846
0.222280062467
0.224882873503
0.234773555440
0.236335242061
0.243623112962
0.240499739719
0.249869859448
0.238938053097
0.249349297241
0.238417490890
0.242061426340
0.230609057782
0.229567933368
0.238417490890
0.240499739719
0.249349297241
0.251431546070
0.250390421655
0.247267048412
0.248308172827
0.245705361791
0.250910983863
0.250390421655
0.249869859448
0.252472670484
0.251431546070
0.250390421655
0.250390421655
0.246225923998
0.249869859448
0.250390421655
0.250910983863
0.248828735034
0.242061426340
0.173347214992
0.130140551796
0.157209786569
0.152524726705
0.149921915669
0.158250910984
0.166579906299
0.170223841749
0.173347214992
0.179073399271
0.181155648100
0.183237896929
0.181676210307
0.187402394586
0.186881832379
0.187402394586
0.189484643415
0.191566892244
0.194169703280
0.197813638730
0.199375325351
0.198854763144
0.197813638730
0.200416449766
0.204060385216
0.206663196252
0.210827693909
0.210827693909
0.208745445081
0.211348256117
0.212909942738
0.214471629360
0.225403435711
0.236855804269
0.245184799584
0.246225923998
0.245705361791
0.250390421655
0.253513794898
0.253513794898
0.253513794898
0.251952108277
0.245184799584
0.198854763144
0.225923997918
0.187402394586
0.204060385216
0.232691306611
0.241020301926
0.245705361791
0.253513794898
0.261322228006
0.266007287871
0.269651223321
0.266007287871
0.266007287871
0.268610098907
0.269130661114
0.270692347736
0.270171785528
0.270692347736
0.270692347736
0.269651223321
0.268089536700
0.268610098907
0.270171785528
0.266007287871
0.264966163457
0.263925039042
0.263925039042
0.263925039042
0.270171785528
0.262363352421
0.238417490890
0.171264966163
0.162935970849
0.168662155128
0.175950026028
0.182196772514
0.199375325351
0.203019260802
0.217074440396
0.231650182197
0.234252993233
0.247787610619
0.255596043727
0.254034357106
0.256637168142
0.264445601249
0.270171785528
0.271733472150
0.272774596564
0.272774596564
0.275377407600
0.276418532015
0.276939094222
0.277980218636
0.277459656429
0.276939094222
0.278500780843
0.281103591879
0.281103591879
0.282665278501
0.280062467465
0.277459656429
0.281624154086
0.279541905258
0.280062467465
0.280583029672
0.277459656429
0.283706402915
0.271212909943
0.269651223321
0.148360229047
0.163977095263
0.158250910984
0.174388339407
0.131181676210
0.109838625716
0.104633003644
0.105153565851
0.106194690265
0.105674128058
0.104633003644
0.105153565851
0.105153565851
0.103591879230
0.106194690265
0.107235814680
0.114523685580
0.153045288912
0.154606975534
0.155127537741
0.154086413326
0.159292035398
0.160853722020
0.164497657470
0.171785528371
0.175950026028
0.179073399271
0.181155648100
0.182196772514
0.181155648100
0.179073399271
0.178552837064
0.178552837064
0.178552837064
0.178552837064
0.178032274857
0.178552837064
0.180114523686
0.181155648100
0.190525767829
0.195731389901
0.205101509630
0.221759500260
0.228006246746
0.230609057782
0.231650182197
0.233732431026
0.235814679854
0.234252993233
0.230088495575
0.225923997918
0.220718375846
0.222800624675
0.229047371161
0.227485684539
0.229047371161
0.222280062467
0.163456533056
0.140031233732
0.103071317022
0.078084331078
0.079646017699
0.088495575221
0.099427381572
0.110879750130
0.111920874545
0.116085372202
0.115564809995
0.123373243103
0.137428422697
0.140031233732
0.142113482561
0.140551795940
0.145757418011
0.147319104633
0.120249869859
0.123373243103
0.092660072879
0.084851639771
0.090057261843
0.094221759500
0.098906819365
0.114003123373
0.147319104633
0.158250910984
0.167621030713
0.169182717335
0.167621030713
0.179593961478
0.187402394586
0.199375325351
0.200416449766
0.208224882874
0.212389380531
0.219156689224
0.225923997918
0.229047371161
0.233211868818
0.234773555440
0.237376366476
0.237896928683
0.236855804269
0.242061426340
0.242581988548
0.242581988548
0.240499739719
0.242581988548
0.245705361791
0.243102550755
0.242581988548
0.162935970849
0.182717334721
0.202498698594
0.216553878188
0.224362311296
0.223841749089
0.224362311296
0.230088495575
0.229567933368
0.237896928683
0.237376366476
0.236335242061
0.236855804269
0.238938053097
0.238417490890
0.239458615305
0.239458615305
0.238938053097
0.238938053097
0.238417490890
0.246225923998
0.248308172827
0.249349297241
0.250910983863
0.253513794898
0.245705361791
0.245705361791
0.160853722020
0.244664237376
0.243623112962
0.186881832379
0.256637168142
0.244143675169
0.251431546070
0.219156689224
0.249869859448
0.228006246746
0.252472670484
0.236335242061
0.256116605934
0.243102550755
0.264445601249
0.243102550755
0.262363352421
0.237896928683
0.259760541385
0.237896928683
0.259760541385
0.227485684539
0.260801665799
0.247787610619
0.258719416970
0.237376366476
0.263404476835
0.248828735034
0.261322228006
0.240499739719
0.263925039042
0.247787610619
0.261322228006
0.243102550755
0.262363352421
0.253513794898
0.262883914628
0.251952108277
0.261322228006
0.251431546070
0.262883914628
0.249349297241
0.264445601249
0.255596043727
0.267568974492
0.255596043727
0.267568974492
0.256637168142
0.270171785528
0.258719416970
0.267568974492
0.260281103592
0.269130661114
0.257157730349
0.271212909943
0.258719416970
0.273295158771
0.261842790213
0.274336283186
0.262363352421
0.263404476835
0.255075481520
0.253513794898
0.258198854763
0.250390421655
0.276939094222
0.252993232691
0.276939094222
0.231129619990
0.256116605934
0.229567933368
0.242581988548
0.276418532015
0.274336283186
0.278500780843
0.275377407600
0.283706402915
0.275897969807
0.283185840708
0.277459656429
0.271733472150
0.251952108277
0.231129619990
0.274336283186
0.264966163457
0.286829776158
0.284747527330
0.287350338365
0.266007287871
0.253513794898
0.227485684539
0.264966163457
0.285268089537
0.292555960437
0.293597084852
0.296720458095
0.298282144716
0.288912024987
0.298802706923
0.285788651744
0.282144716294
0.198334200937
0.167100468506
0.195210827694
0.213951067153
0.200937011973
0.198854763144
0.205622071838
0.226444560125
0.231650182197
0.229047371161
0.231650182197
0.227485684539
0.225923997918
0.231650182197
0.236855804269
0.245184799584
0.249349297241
0.257678292556
0.259760541385
0.255596043727
0.260281103592
0.244143675169
0.243623112962
0.195210827694
0.240499739719
0.259760541385
0.260801665799
0.268610098907
0.266007287871
0.269130661114
0.262363352421
0.257678292556
0.261322228006
0.263925039042
0.266007287871
0.262883914628
0.269130661114
0.247267048412
0.229047371161
0.180114523686
0.159292035398
0.173867777199
0.193649141072
0.232691306611
0.246746486205
0.262363352421
0.261842790213
0.266527850078
0.271212909943
0.274336283186
0.275897969807
0.274856845393
0.276939094222
0.278500780843
0.277980218636
0.283706402915
0.287870900573
0.289953149401
0.284747527330
0.288391462780
0.282665278501
0.289432587194
0.256116605934
0.185320145757
0.120770432067
0.148360229047
0.143154606976
0.160333159813
0.160333159813
0.171264966163
0.192608016658
0.199375325351
0.211348256117
0.219677251432
0.212909942738
0.209786569495
0.208745445081
0.207183758459
0.218636127017
0.228526808954
0.222800624675
0.217074440396
0.171785528371
0.136907860489
0.136907860489
0.174908901614
0.209266007288
0.210827693909
0.203019260802
0.204580947423
0.211348256117
0.213951067153
0.210827693909
0.208224882874
0.209266007288
0.209266007288
0.206142634045
0.210827693909
0.193128578865
0.172306090578
0.149401353462
0.162935970849
0.181676210307
0.212389380531
0.225403435711
0.231129619990
0.236855804269
0.236855804269
0.238417490890
0.242061426340
0.245705361791
0.245184799584
0.246225923998
0.250910983863
0.245705361791
0.247267048412
0.245184799584
0.246225923998
0.245705361791
0.247787610619
0.249869859448
0.248828735034
0.249349297241
0.249349297241
0.251952108277
0.245705361791
0.230088495575
0.185840707965
0.202498698594
0.203019260802
0.211348256117
0.238938053097
0.242061426340
0.246225923998
0.251952108277
0.259239979178
0.255075481520
0.256116605934
0.258198854763
0.264966163457
0.264966163457
0.266007287871
0.263925039042
0.263404476835
0.268089536700
0.272254034357
0.269651223321
0.265486725664
0.263925039042
0.263925039042
0.268089536700
0.269130661114
0.273295158771
0.273295158771
0.270171785528
0.270692347736
0.277459656429
0.272774596564
0.285788651744
0.256637168142
0.263925039042
0.182717334721
0.216033315981
0.242581988548
0.254554919313
0.261842790213
0.278500780843
0.285788651744
0.277459656429
0.275897969807
0.280583029672
0.283185840708
0.285268089537
0.291514836023
0.292035398230
0.293076522644
0.290994273816
0.288912024987
0.277980218636
0.278500780843
0.249869859448
0.275897969807
0.267048412285
0.287870900573
0.289953149401
0.298282144716
0.289432587194
0.297241020302
0.284747527330
0.296199895888
0.222800624675
0.253513794898
0.270171785528
0.254554919313
0.262363352421
0.282144716294
0.283185840708
0.282665278501
0.286829776158
0.296199895888
0.298802706923
0.295158771473
0.288391462780
0.274336283186
0.220197813639
0.244664237376
0.279541905258
0.281624154086
0.277980218636
0.274856845393
0.283185840708
0.292035398230
0.298802706923
0.301926080167
0.299843831338
0.295158771473
0.306090577824
0.306090577824
0.310775637689
0.317542946382
0.317022384175
0.317022384175
0.317022384175
0.298282144716
0.236855804269
0.230088495575
0.249869859448
0.269130661114
0.278500780843
0.281103591879
0.287870900573
0.296720458095
0.301405517959
0.300364393545
0.311296199896
0.304008328995
0.306611140031
0.229567933368
0.279541905258
0.335762623634
0.336803748048
0.325871941697
0.325871941697
0.325871941697
0.322228006247
0.324830817283
0.318584070796
0.294638209266
0.226444560125
0.235814679854
0.247787610619
0.260801665799
0.267048412285
0.270171785528
0.281624154086
0.302967204581
0.314940135346
0.310255075482
0.309213951067
0.313378448725
0.320145757418
0.332639250390
0.336803748048
0.338365434669
0.332639250390
0.330557001562
0.267568974492
0.287870900573
0.238938053097
0.170223841749
0.220197813639
0.247267048412
0.287870900573
0.294117647059
0.295158771473
0.292555960437
0.292035398230
0.294117647059
0.295679333680
0.297761582509
0.296720458095
0.290994273816
0.292035398230
0.304528891202
0.324310255075
0.334721499219
0.338365434669
0.335762623634
0.338885996877
0.340968245705
0.314940135346
0.256637168142
0.224362311296
0.212909942738
0.215512753774
0.254034357106
0.282665278501
0.281103591879
0.283185840708
0.295158771473
0.285268089537
0.286829776158
0.299323269131
0.313378448725
0.320145757418
0.324310255075
0.332639250390
0.339927121291
0.336283185841
0.334200937012
0.340447683498
0.350858927642
0.346694429984
0.350858927642
0.335762623634
0.322748568454
0.232691306611
0.276418532015
0.308693388860
0.306611140031
0.317022384175
0.314419573139
0.314940135346
0.319625195211
0.321186881832
0.330557001562
0.336803748048
0.346694429984
0.347214992192
0.350338365435
0.358667360750
0.364393545029
0.365955231650
0.365955231650
0.365955231650
0.364914107236
0.369078604893
0.368037480479
0.363872982821
0.296199895888
0.192608016658
0.248308172827
0.237376366476
0.242061426340
0.241540864133
0.236335242061
0.233732431026
0.239979177512
0.246225923998
0.252472670484
0.249349297241
0.267568974492
0.184279021343
0.207183758459
0.254034357106
0.273815720979
0.282665278501
0.274856845393
0.282144716294
0.290473711609
0.294638209266
0.297761582509
0.309734513274
0.313899010932
0.305049453410
0.313899010932
0.288912024987
0.318063508589
0.334200937012
0.326392503904
0.326392503904
0.329515877147
0.313899010932
0.327954190526
0.272774596564
0.330557001562
0.344612181156
0.330036439355
0.349297241020
0.345653305570
0.353982300885
0.342529932327
0.342529932327
0.305570015617
0.321186881832
0.354502863092
0.343571056741
0.363352420614
0.359187922957
0.356585111921
0.353982300885
0.334200937012
0.344612181156
0.317542946382
0.375325351379
0.366996356065
0.378969286830
0.380010411244
0.377928162415
0.382613222280
0.381051535659
0.387818844352
0.384695471109
0.383133784487
0.390421655388
0.388339406559
0.333680374805
0.335242061426
0.336283185841
0.353461738678
0.350338365435
0.383133784487
0.377407600208
0.351379489849
0.390942217595
0.352941176471
0.386777719938
0.350858927642
0.406038521603
0.389380530973
0.398230088496
0.401353461739
0.400832899531
0.404476834982
0.391983342009
0.395627277460
0.359187922957
0.353461738678
0.363872982821
0.329515877147
0.390421655388
0.403435710567
0.402915148360
0.402915148360
0.406559083811
0.413326392504
0.402915148360
0.378969286830
0.313899010932
0.290994273816
0.372201978136
0.361270171786
0.362831858407
0.379489849037
0.370119729308
0.389901093181
0.377928162415
0.389380530973
0.374284226965
0.383654346694
0.375845913587
0.389380530973
0.390421655388
0.412285268090
0.416449765747
0.426340447683
0.417490890161
0.420093701197
0.418532014576
0.429463820927
0.402915148360
0.424258198855
0.363352420614
0.373763664758
0.401874023946
0.402915148360
0.410203019261
0.412805830297
0.412285268090
0.399271212910
0.387298282145
0.347735554399
0.342529932327
0.410723581468
0.421655387819
0.426340447683
0.414888079125
0.416970327954
0.428422696512
0.414367516918
0.407079646018
0.340968245705
0.274336283186
0.371160853722
0.387298282145
0.385736595523
0.394586153045
0.395627277460
0.396147839667
0.405517959396
0.411244143675
0.414367516918
0.433628318584
0.418011452369
0.393545028631
0.297241020302
0.284226965122
0.364914107236
0.376366475794
0.367516918272
0.371681415929
0.372722540344
0.378969286830
0.393545028631
0.395106715252
0.405517959396
0.406038521603
0.413326392504
0.409161894846
0.362831858407
0.319625195211
0.367516918272
0.390421655388
0.409161894846
0.414367516918
0.413326392504
0.412285268090
0.410723581468
0.422175950026
0.427902134305
0.432066631963
0.440916189485
0.445601249349
0.442477876106
0.441957313899
0.440916189485
0.440916189485
0.442477876106
0.411244143675
0.352941176471
0.327433628319
0.296720458095
0.402394586153
0.401353461739
0.423217074440
0.413846954711
0.415929203540
0.418532014576
0.428422696512
0.429984383134
0.436231129620
0.413846954711
0.364393545029
0.249349297241
0.222800624675
0.312857886517
0.327433628319
0.321707444040
0.325871941697
0.319625195211
0.319625195211
0.315981259761
0.324310255075
0.322228006247
0.325871941697
0.323269130661
0.326913066111
0.346173867777
0.351900052056
0.356064549714
0.353461738678
0.367516918272
0.377928162415
0.370640291515
0.352941176471
0.229047371161
0.203019260802
0.247787610619
0.249349297241
0.248308172827
0.282665278501
0.296199895888
0.290994273816
0.300364393545
0.306611140031
0.322228006247
0.318063508589
0.257678292556
0.287870900573
0.307652264446
0.332118688183
0.330036439355
0.345132743363
0.342529932327
0.348776678813
0.351379489849
0.351379489849
0.357626236335
0.355543987507
0.364914107236
0.351379489849
0.371160853722
0.360229047371
0.382092660073
0.378969286830
0.386257157730
0.396147839667
0.395106715252
0.403435710567
0.400312337324
0.391462779802
0.371681415929
0.332118688183
0.353982300885
0.372201978136
0.382092660073
0.386777719938
0.390942217595
0.403956272775
0.415929203540
0.413846954711
0.418532014576
0.410723581468
0.418532014576
0.319104633004
0.344091618948
0.326913066111
0.374284226965
0.368037480479
0.365955231650
0.362831858407
0.366475793857
0.373763664758
0.380530973451
0.388339406559
0.394065590838
0.402394586153
0.408641332639
0.408120770432
0.402915148360
0.409161894846
0.412285268090
0.416970327954
0.412805830297
0.332118688183
0.313899010932
0.257678292556
0.196772514315
0.233211868818
0.322748568454
0.312337324310
0.326913066111
0.332639250390
0.338365434669
0.347214992192
0.352941176471
0.358146798542
0.366996356065
0.374804789172
0.380530973451
0.380530973451
0.377407600208
0.385216033316
0.377407600208
0.351379489849
0.311816762103
0.273815720979
0.365434669443
0.371160853722
0.359708485164
0.372201978136
0.384695471109
0.391983342009
0.399271212910
0.401353461739
0.402915148360
0.414367516918
0.412285268090
0.411244143675
0.414367516918
0.421134825612
0.419573138990
0.425299323269
0.414367516918
0.418011452369
0.346173867777
0.342009370120
0.415929203540
0.437792816242
0.436751691827
0.436231129620
0.426340447683
0.425819885476
0.427902134305
0.428943258719
0.433628318584
0.435190005206
0.436231129620
0.435710567413
0.436231129620
0.439875065070
0.443519000521
0.437792816242
0.450806871421
0.367516918272
0.355023425299
0.413846954711
0.401874023946
0.401353461739
0.404476834982
0.410723581468
0.413326392504
0.417490890161
0.417490890161
0.423737636648
0.419573138990
0.444039562728
0.402394586153
0.364914107236
0.302446642374
0.313378448725
0.373763664758
0.373763664758
0.380530973451
0.391983342009
0.393024466424
0.391462779802
0.400832899531
0.413846954711
0.429463820927
0.424258198855
0.428943258719
0.436231129620
0.453409682457
0.452889120250
0.454971369079
0.450286309214
0.445080687142
0.446121811556
0.421655387819
0.371681415929
0.347214992192
0.382092660073
0.429463820927
0.453930244664
0.452368558043
0.449765747007
0.448724622592
0.453409682457
0.463820926601
0.465382613222
0.464341488808
0.462779802186
0.463820926601
0.466423737637
0.456533055700
0.457574180115
0.385736595523
0.389901093181
0.350338365435
0.346173867777
0.382613222280
0.414888079125
0.424778761062
0.435190005206
0.436751691827
0.440916189485
0.446121811556
0.454450806871
0.464862051015
0.466944299844
0.469547110880
0.472670484123
0.469547110880
0.476834981780
0.420614263404
0.403435710567
0.391462779802
0.434669442998
0.442477876106
0.437792816242
0.450286309214
0.448724622592
0.461738677772
0.459656428943
0.445080687142
0.450286309214
0.433628318584
0.454971369079
0.462259239979
0.456533055700
0.444039562728
0.461738677772
0.459135866736
0.465382613222
0.471108797501
0.476314419573
0.482561166059
0.482561166059
0.479958355023
0.482040603852
0.471629359708
0.462779802186
0.413846954711
0.462259239979
0.461738677772
0.451327433628
0.461738677772
0.470588235294
0.481520041645
0.494534096825
0.487766788131
0.484122852681
0.446642373764
0.407600208225
0.393545028631
0.459656428943
0.465903175429
0.471108797501
0.475273295159
0.477876106195
0.483602290474
0.493492972410
0.495054659032
0.507027589797
0.447683498178
0.387298282145
0.306611140031
0.281103591879
0.348256116606
0.366996356065
0.357626236335
0.365434669443
0.365434669443
0.385736595523
0.409682457054
0.411244143675
0.416970327954
0.404997397189
0.304008328995
0.231129619990
0.155648099948
0.227485684539
0.197813638730
0.185320145757
0.171264966163
0.172826652785
0.175950026028
0.187402394586
0.201978136387
0.201457574180
0.204060385216
0.209266007288
0.211868818324
0.208745445081
0.208224882874
0.206663196252
0.210827693909
0.133784487246
0.156168662155
0.184799583550
0.196251952108
0.217074440396
0.230609057782
0.232691306611
0.231129619990
0.232170744404
0.234252993233
0.240499739719
0.239979177512
0.241020301926
0.243623112962
0.245705361791
0.250910983863
0.260801665799
0.266007287871
0.247267048412
0.170223841749
0.223321186882
0.157730348777
0.163456533056
0.182717334721
0.204580947423
0.210827693909
0.214992191567
0.225923997918
0.230088495575
0.226444560125
0.228006246746
0.230609057782
0.224882873503
0.224882873503
0.229567933368
0.230609057782
0.231650182197
0.235814679854
0.242061426340
0.247787610619
0.248828735034
0.252472670484
0.258719416970
0.263925039042
0.270692347736
0.274856845393
0.277980218636
0.282665278501
0.283185840708
0.282144716294
0.284226965122
0.287350338365
0.292555960437
0.294638209266
0.301926080167
0.270171785528
0.262363352421
0.237896928683
0.219677251432
0.231129619990
0.264966163457
0.272254034357
0.285788651744
0.261322228006
0.285788651744
0.285788651744
0.293076522644
0.292555960437
0.294638209266
0.297241020302
0.300884955752
0.301926080167
0.307131702238
0.308693388860
0.313378448725
0.312857886517
0.317022384175
0.315981259761
0.323269130661
0.319104633004
0.290994273816
0.215512753774
0.188443519001
0.222800624675
0.203539823009
0.201457574180
0.199375325351
0.202498698594
0.193128578865
0.190525767829
0.188964081208
0.191046330036
0.198854763144
0.208745445081
0.208745445081
0.210307131702
0.208224882874
0.207704320666
0.206663196252
0.206663196252
0.208224882874
0.210827693909
0.212389380531
0.214471629360
0.218115564810
0.220718375846
0.223841749089
0.230609057782
0.233211868818
0.234773555440
0.245705361791
0.241540864133
0.252993232691
0.228526808954
0.241020301926
0.144716293597
0.259239979178
0.249869859448
0.259239979178
0.260281103592
0.262883914628
0.263925039042
0.264966163457
0.264445601249
0.263404476835
0.267048412285
0.251431546070
0.189484643415
0.247267048412
0.253513794898
0.262883914628
0.264966163457
0.265486725664
0.270692347736
0.277459656429
0.279541905258
0.279541905258
0.284226965122
0.285788651744
0.281103591879
0.283185840708
0.279541905258
0.275897969807
0.211868818324
0.259239979178
0.236335242061
0.256116605934
0.237376366476
0.197293076523
0.197813638730
0.254034357106
0.239458615305
0.243102550755
0.245184799584
0.260281103592
0.270171785528
0.274856845393
0.284747527330
0.282665278501
0.283185840708
0.281103591879
0.276418532015
0.277980218636
0.284226965122
0.286829776158
0.286829776158
0.285268089537
0.288912024987
0.287350338365
0.290994273816
0.294117647059
0.299843831338
0.301405517959
0.294638209266
0.299323269131
0.279021343050
0.193649141072
0.153045288912
0.182717334721
0.182196772514
0.169182717335
0.170223841749
0.179593961478
0.196772514315
0.213430504945
0.228526808954
0.223841749089
0.236855804269
0.242581988548
0.236335242061
0.232691306611
0.229047371161
0.216553878188
0.237376366476
0.248828735034
0.263925039042
0.258719416970
0.260801665799
0.257157730349
0.261842790213
0.263404476835
0.267048412285
0.267568974492
0.260801665799
0.263925039042
0.261322228006
0.270692347736
0.262883914628
0.228526808954
0.264966163457
0.280062467465
0.286309213951
0.279021343050
0.285788651744
0.287870900573
0.292035398230
0.292035398230
0.288391462780
0.295158771473
0.279541905258
0.246225923998
0.281103591879
0.288391462780
0.291514836023
0.291514836023
0.284747527330
0.293076522644
0.298282144716
0.302967204581
0.299843831338
0.301926080167
0.306611140031
0.302967204581
0.312857886517
0.304008328995
0.308172826653
0.301926080167
0.317542946382
0.305049453410
0.315981259761
0.310775637689
0.314940135346
0.307652264446
0.311296199896
0.308172826653
0.313899010932
0.309734513274
0.318584070796
0.309213951067
0.321707444040
0.302967204581
0.330036439355
0.293597084852
0.332639250390
0.290473711609
0.345132743363
0.317022384175
0.339406559084
0.319104633004
0.339927121291
0.326913066111
0.347735554399
0.301926080167
0.320666319625
0.255075481520
0.185320145757
0.190005205622
0.248308172827
0.273815720979
0.289953149401
0.287350338365
0.300364393545
0.308172826653
0.319625195211
0.317022384175
0.306611140031
0.321707444040
0.313899010932
0.308172826653
0.243623112962
0.296199895888
0.305049453410
0.321707444040
0.306611140031
0.332118688183
0.323269130661
0.325351379490
0.323789692868
0.326392503904
0.332118688183
0.337324310255
0.342009370120
0.346173867777
0.345132743363
0.341488807913
0.340447683498
0.340447683498
0.351379489849
0.315460697553
0.290994273816
0.211348256117
0.161374284227
0.194169703280
0.205101509630
0.227485684539
0.228526808954
0.249349297241
0.262883914628
0.266007287871
0.263925039042
0.264966163457
0.268089536700
0.264445601249
0.264966163457
0.266527850078
0.274856845393
0.282144716294
0.287870900573
0.297761582509
0.294638209266
0.292555960437
0.286309213951
0.284226965122
0.240499739719
0.235294117647
0.189484643415
0.225923997918
0.246746486205
0.248308172827
0.241540864133
0.251952108277
0.261322228006
0.273815720979
0.287350338365
0.287870900573
0.286829776158
0.287350338365
0.288912024987
0.293076522644
0.302967204581
0.309734513274
0.313899010932
0.318063508589
0.322748568454
0.324310255075
0.331077563769
0.334200937012
0.337844872462
0.334721499219
0.338885996877
0.309734513274
0.283706402915
0.326913066111
0.335242061426
0.343571056741
0.342009370120
0.339406559084
0.340968245705
0.350858927642
0.359708485164
0.359708485164
0.360749609578
0.365955231650
0.362311296200
0.368037480479
0.360229047371
0.365434669443
0.313899010932
0.263925039042
0.313378448725
0.322748568454
0.292035398230
0.327954190526
0.322748568454
0.331077563769
0.337844872462
0.355023425299
0.359708485164
0.368558042686
0.372201978136
0.366475793857
0.374284226965
0.375325351379
0.366996356065
0.370119729308
0.370119729308
0.372201978136
0.371681415929
0.357626236335
0.318584070796
0.289432587194
0.358146798542
0.358667360750
0.394065590838
0.370119729308
0.378969286830
0.381051535659
0.393545028631
0.388339406559
0.398230088496
0.375845913587
0.383654346694
0.345132743363
0.401874023946
0.375325351379
0.400312337324
0.394586153045
0.402915148360
0.406038521603
0.390942217595
0.359708485164
0.324310255075
0.352941176471
0.391983342009
0.403435710567
0.398750650703
0.399271212910
0.402915148360
0.410723581468
0.414367516918
0.416970327954
0.418532014576
0.409682457054
0.433107756377
0.357626236335
0.327433628319
0.328995314940
0.298802706923
0.356064549714
0.372201978136
0.368037480479
0.372722540344
0.375325351379
0.373243102551
0.390421655388
0.400312337324
0.409682457054
0.409682457054
0.409161894846
0.414367516918
0.409161894846
0.407600208225
0.395106715252
0.360749609578
0.346173867777
0.379489849037
0.391983342009
0.398750650703
0.401353461739
0.398230088496
0.413326392504
0.406559083811
0.406559083811
0.371681415929
0.343050494534
0.397188964081
0.398230088496
0.414367516918
0.411244143675
0.422175950026
0.413846954711
0.426340447683
0.380530973451
0.358667360750
0.361270171786
0.395627277460
0.390942217595
0.401353461739
0.410723581468
0.419052576783
0.426861009891
0.425299323269
0.431025507548
0.433107756377
0.432587194170
0.437792816242
0.422696512233
0.434669442998
0.411764705882
0.419052576783
0.347214992192
0.336283185841
0.406559083811
0.375845913587
0.415408641333
0.411764705882
0.414367516918
0.408641332639
0.432587194170
0.415408641333
0.420614263404
0.390942217595
0.415408641333
0.403956272775
0.406038521603
0.388859968766
0.427381572098
0.418011452369
0.427902134305
0.434148880791
0.447162935971
0.434148880791
0.441957313899
0.432066631963
0.430504945341
0.409161894846
0.387298282145
0.426340447683
0.407079646018
0.435710567413
0.411764705882
0.425819885476
0.406559083811
0.426861009891
0.427381572098
0.422175950026
0.431025507548
0.416970327954
0.436231129620
0.431025507548
0.426861009891
0.426340447683
0.448204060385
0.457574180115
0.454450806871
0.456012493493
0.427902134305
0.434669442998
0.358146798542
0.403956272775
0.389901093181
0.420093701197
0.402915148360
0.426340447683
0.418532014576
0.432587194170
0.432066631963
0.439354502863
0.428422696512
0.449765747007
0.441436751692
0.451847995836
0.444039562728
0.410203019261
0.423737636648
0.393545028631
0.440916189485
0.448204060385
0.456012493493
0.441436751692
0.469026548673
0.426861009891
0.458615304529
0.361790733993
0.402394586153
0.438313378449
0.432587194170
0.423737636648
0.428943258719
