0.057828696127
0.053464266230
0.049099836334
0.048008728860
0.047463175123
0.047463175123
0.047463175123
0.047463175123
0.051827605019
0.058374249864
0.077468630660
0.088925259138
0.093835242771
0.091653027823
0.093835242771
0.108565193672
0.125477359520
0.135297326787
0.140752864157
0.156573922531
0.181123840698
0.193126022913
0.210583742499
0.222040370977
0.227495908347
0.229678123295
0.238952536825
0.176213857065
0.142935079105
0.139661756683
0.139116202946
0.138570649209
0.138570649209
0.138570649209
0.138570649209
0.138570649209
0.138570649209
0.139661756683
0.140207310420
0.144026186579
0.143480632842
0.145662847791
0.144571740316
0.143480632842
0.144571740316
0.143480632842
0.142935079105
0.141843971631
0.143480632842
0.141843971631
0.137479541735
0.133660665576
0.132024004364
0.137479541735
0.137479541735
0.136388434261
0.135297326787
0.133660665576
0.133660665576
0.132024004364
0.129296235679
0.128205128205
0.127114020731
0.125477359520
0.124386252046
0.123840698309
0.124386252046
0.124386252046
0.122749590835
0.126022913257
0.127114020731
0.125477359520
0.129841789416
0.131478450627
0.132569558101
0.126022913257
0.124931805783
0.126022913257
0.126568466994
0.129296235679
0.135842880524
0.140207310420
0.141298417894
0.151663938898
0.153300600109
0.157119476268
0.157665030005
0.160392798691
0.166939443535
0.168030551009
0.165848336061
0.164757228587
0.174031642117
0.171849427169
0.178396072013
0.177304964539
0.176213857065
0.181123840698
0.193126022913
0.162575013639
0.176213857065
0.129296235679
0.182214948172
0.180032733224
0.181123840698
0.186033824332
0.191489361702
0.190398254228
0.205673758865
0.205673758865
0.211674849973
0.220403709765
0.226404800873
0.216584833606
0.239498090562
0.053464266230
0.157665030005
0.040916530278
0.040916530278
0.040916530278
0.040916530278
0.040916530278
0.040916530278
0.040916530278
0.040916530278
0.040916530278
0.040916530278
0.040916530278
0.040916530278
0.040916530278
0.040916530278
0.040916530278
0.040916530278
0.040916530278
0.040916530278
0.040916530278
0.041462084015
0.044735406438
0.068194217130
0.101472995090
0.113475177305
0.122749590835
0.129296235679
0.132569558101
0.132569558101
0.169667212220
0.178941625750
0.178396072013
0.180578286961
0.179487179487
0.181669394435
0.185488270595
0.183306055646
0.183851609384
0.182214948172
0.185488270595
0.187670485543
0.187670485543
0.180032733224
0.182760501909
0.192580469176
0.199672667758
0.199672667758
0.204037097654
0.200218221495
0.195853791598
0.194762684124
0.200763775232
0.205673758865
0.208401527550
0.214948172395
0.210583742499
0.203491543917
0.123840698309
0.201854882706
0.184397163121
0.223131478451
0.213857064921
0.207855973813
0.202945990180
0.204037097654
0.204582651391
0.207855973813
0.215493726132
0.220403709765
0.221494817239
0.226950354610
0.234042553191
0.241134751773
0.243316966721
0.246044735406
0.249318057829
0.249863611566
0.252591380251
0.252591380251
0.260229132570
0.210583742499
0.186033824332
0.158756137480
0.155482815057
0.181123840698
0.201309328969
0.207310420076
0.204037097654
0.220403709765
0.224222585925
0.224768139662
0.229132569558
0.226950354610
0.235679214403
0.236770321877
0.240589198036
0.236224768140
0.234588106929
0.236770321877
0.240043644299
0.234042553191
0.243316966721
0.228041462084
0.246590289143
0.200763775232
0.253136933988
0.240589198036
0.246044735406
0.249318057829
0.244953627932
0.242225859247
0.239498090562
0.240043644299
0.243862520458
0.241134751773
0.240589198036
0.240589198036
0.240043644299
0.243862520458
0.242225859247
0.240043644299
0.241680305510
0.243316966721
0.246044735406
0.238952536825
0.254228041462
0.122749590835
0.190943807965
0.164211674850
0.156028368794
0.146208401528
0.148936170213
0.145662847791
0.146208401528
0.146753955265
0.153300600109
0.166939443535
0.168576104746
0.177304964539
0.183306055646
0.185488270595
0.187124931806
0.188761593017
0.184942716858
0.186579378069
0.184942716858
0.188216039280
0.192034915439
0.196944899073
0.198581560284
0.201854882706
0.207855973813
0.213857064921
0.214402618658
0.219312602291
0.217675941080
0.222585924714
0.229678123295
0.240043644299
0.250409165303
0.259138025095
0.263502454992
0.253682487725
0.256955810147
0.255864702673
0.257501363884
0.254228041462
0.261865793781
0.230223677032
0.235133660666
0.200218221495
0.240043644299
0.254228041462
0.265139116203
0.239498090562
0.239498090562
0.260229132570
0.256410256410
0.254228041462
0.256410256410
0.259138025095
0.258592471358
0.257501363884
0.255864702673
0.254773595199
0.258592471358
0.259138025095
0.257501363884
0.255319148936
0.252045826514
0.252045826514
0.258592471358
0.256955810147
0.261320240044
0.259683578833
0.260774686307
0.257501363884
0.259683578833
0.247681396618
0.261865793781
0.110747408620
0.216039279869
0.240043644299
0.248772504092
0.255864702673
0.264048008729
0.264048008729
0.259138025095
0.254228041462
0.238952536825
0.246590289143
0.248772504092
0.249863611566
0.252591380251
0.252591380251
0.250409165303
0.254773595199
0.258046917621
0.261865793781
0.262956901255
0.267866884888
0.265684669940
0.266230223677
0.265684669940
0.267321331151
0.271140207310
0.271140207310
0.271685761047
0.275504637207
0.276050190944
0.280960174577
0.282596835788
0.282051282051
0.282596835788
0.283687943262
0.285324604474
0.282596835788
0.289143480633
0.263502454992
0.152209492635
0.176759410802
0.109110747409
0.188216039280
0.166393889798
0.151663938898
0.148936170213
0.145662847791
0.146208401528
0.148390616476
0.149481723950
0.151118385161
0.151118385161
0.153300600109
0.153300600109
0.149481723950
0.150027277687
0.170758319694
0.167484997272
0.169121658483
0.166393889798
0.166393889798
0.166939443535
0.168576104746
0.175668303328
0.178396072013
0.175668303328
0.174031642117
0.175122749591
0.174031642117
0.173486088380
0.175122749591
0.174031642117
0.173486088380
0.173486088380
0.172940534643
0.174577195854
0.174031642117
0.172940534643
0.175668303328
0.178941625750
0.188216039280
0.201854882706
0.216584833606
0.213311511184
0.212220403710
0.214948172395
0.218221494817
0.213857064921
0.212220403710
0.207855973813
0.204037097654
0.202945990180
0.204037097654
0.204037097654
0.208947081288
0.215493726132
0.115657392253
0.190398254228
0.051282051282
0.052373158756
0.045280960175
0.082378614294
0.105291871249
0.117294053464
0.119476268412
0.124386252046
0.125477359520
0.131478450627
0.133660665576
0.128750681942
0.123840698309
0.123840698309
0.122204037098
0.124386252046
0.104200763775
0.130932896890
0.077468630660
0.067103109656
0.078559738134
0.090561920349
0.096017457720
0.106382978723
0.121658483361
0.115657392253
0.125477359520
0.130387343153
0.142389525368
0.166393889798
0.189307146754
0.207310420076
0.210038188762
0.213311511184
0.214948172395
0.213857064921
0.212765957447
0.219312602291
0.217675941080
0.218767048554
0.222585924714
0.222040370977
0.231860338243
0.233496999454
0.236224768140
0.238952536825
0.244953627932
0.250409165303
0.253136933988
0.258592471358
0.233496999454
0.198581560284
0.216584833606
0.190943807965
0.223131478451
0.193126022913
0.207310420076
0.219312602291
0.234588106929
0.242225859247
0.246590289143
0.246590289143
0.246044735406
0.248226950355
0.249863611566
0.248226950355
0.250409165303
0.249863611566
0.251500272777
0.254773595199
0.254228041462
0.257501363884
0.255864702673
0.255864702673
0.260774686307
0.258046917621
0.259138025095
0.244408074195
0.223677032188
0.252045826514
0.229678123295
0.246044735406
0.258046917621
0.267866884888
0.239498090562
0.265139116203
0.247681396618
0.265684669940
0.248772504092
0.278777959629
0.254228041462
0.266775777414
0.253682487725
0.274413529733
0.250954719040
0.273867975996
0.252591380251
0.279323513366
0.251500272777
0.270594653573
0.253682487725
0.281505728314
0.250409165303
0.272776868522
0.252591380251
0.282596835788
0.248772504092
0.274413529733
0.258046917621
0.278777959629
0.251500272777
0.277686852155
0.255319148936
0.279869067103
0.252045826514
0.280414620840
0.252591380251
0.281505728314
0.254228041462
0.283687943262
0.256955810147
0.284233496999
0.261320240044
0.279323513366
0.262956901255
0.279323513366
0.263502454992
0.281505728314
0.263502454992
0.279869067103
0.262956901255
0.280414620840
0.261865793781
0.279869067103
0.263502454992
0.281505728314
0.270594653573
0.278777959629
0.276595744681
0.270049099836
0.277141298418
0.265684669940
0.280960174577
0.273322422259
0.286415711948
0.261865793781
0.279323513366
0.201309328969
0.275504637207
0.282596835788
0.268957992362
0.280414620840
0.284779050736
0.275504637207
0.281505728314
0.280414620840
0.285324604474
0.265684669940
0.278777959629
0.259138025095
0.251500272777
0.275504637207
0.293507910529
0.284779050736
0.289143480633
0.275504637207
0.292416803055
0.225859247136
0.283687943262
0.273867975996
0.285870158211
0.293507910529
0.288052373159
0.277141298418
0.282051282051
0.285870158211
0.296781232951
0.283142389525
0.292416803055
0.201309328969
0.196944899073
0.186579378069
0.199672667758
0.202945990180
0.207855973813
0.211674849973
0.222585924714
0.232405891980
0.235133660666
0.230223677032
0.230769230769
0.231860338243
0.232405891980
0.237315875614
0.246044735406
0.254228041462
0.277141298418
0.276595744681
0.289689034370
0.257501363884
0.285870158211
0.212220403710
0.251500272777
0.270049099836
0.276050190944
0.282051282051
0.286415711948
0.278232405892
0.269503546099
0.273322422259
0.278232405892
0.280414620840
0.282596835788
0.289689034370
0.298963447900
0.274413529733
0.291325695581
0.205673758865
0.230223677032
0.169121658483
0.185488270595
0.213311511184
0.244408074195
0.265684669940
0.260229132570
0.270049099836
0.268957992362
0.275504637207
0.284779050736
0.289689034370
0.289143480633
0.292416803055
0.290780141844
0.295690125477
0.297872340426
0.300054555374
0.301145662848
0.303327877796
0.300054555374
0.293507910529
0.315875613748
0.228041462084
0.249863611566
0.114566284779
0.167484997272
0.188761593017
0.207855973813
0.219858156028
0.221494817239
0.194762684124
0.196944899073
0.201854882706
0.221494817239
0.228587015821
0.224768139662
0.227495908347
0.222585924714
0.224768139662
0.234588106929
0.214948172395
0.208947081288
0.117294053464
0.180032733224
0.176213857065
0.199127114021
0.197490452810
0.191489361702
0.198036006547
0.213311511184
0.228041462084
0.232405891980
0.240043644299
0.237861429351
0.233496999454
0.222585924714
0.240043644299
0.217675941080
0.241680305510
0.146753955265
0.202945990180
0.217675941080
0.227495908347
0.236224768140
0.217130387343
0.225313693399
0.234588106929
0.243316966721
0.253136933988
0.247135842881
0.234042553191
0.236770321877
0.246590289143
0.258592471358
0.262411347518
0.264593562466
0.266775777414
0.264048008729
0.266230223677
0.268957992362
0.265684669940
0.262411347518
0.259683578833
0.264593562466
0.251500272777
0.260774686307
0.199672667758
0.226404800873
0.245499181669
0.226950354610
0.217675941080
0.223677032188
0.224222585925
0.229678123295
0.240589198036
0.254228041462
0.263502454992
0.261320240044
0.256955810147
0.262411347518
0.264593562466
0.271685761047
0.267866884888
0.267866884888
0.268412438625
0.270049099836
0.267321331151
0.268957992362
0.270594653573
0.275504637207
0.282596835788
0.285324604474
0.284779050736
0.285324604474
0.284233496999
0.285870158211
0.290234588107
0.285870158211
0.297326786688
0.263502454992
0.288597926896
0.154937261320
0.258592471358
0.282051282051
0.264593562466
0.267866884888
0.279323513366
0.277141298418
0.271140207310
0.276595744681
0.284779050736
0.290234588107
0.289689034370
0.296781232951
0.293507910529
0.305510092744
0.290234588107
0.309328968903
0.266230223677
0.300600109111
0.248772504092
0.269503546099
0.293507910529
0.291325695581
0.297872340426
0.301691216585
0.305510092744
0.310965630115
0.303327877796
0.306601200218
0.238952536825
0.245499181669
0.266230223677
0.296781232951
0.297326786688
0.301145662848
0.298417894163
0.307146753955
0.316966721222
0.315330060011
0.319694489907
0.313693398800
0.318603382433
0.256955810147
0.258046917621
0.279869067103
0.268412438625
0.261320240044
0.271685761047
0.278232405892
0.292416803055
0.294599018003
0.302782324059
0.307146753955
0.305510092744
0.308237861429
0.310965630115
0.311511183852
0.311511183852
0.313147845063
0.314784506274
0.312602291326
0.319694489907
0.292962356792
0.222040370977
0.210583742499
0.255319148936
0.275504637207
0.274959083470
0.288597926896
0.288052373159
0.294053464266
0.302236770322
0.304418985270
0.306601200218
0.309874522640
0.277686852155
0.296235679214
0.273322422259
0.282596835788
0.321876704855
0.320785597381
0.313147845063
0.309328968903
0.302782324059
0.301691216585
0.304418985270
0.282051282051
0.237315875614
0.206764866339
0.260229132570
0.252045826514
0.272776868522
0.278777959629
0.292962356792
0.308783415166
0.309328968903
0.282596835788
0.278232405892
0.280414620840
0.294053464266
0.305510092744
0.315330060011
0.317512274959
0.316966721222
0.300600109111
0.309328968903
0.246590289143
0.263502454992
0.170758319694
0.251500272777
0.260229132570
0.283687943262
0.267866884888
0.280414620840
0.306601200218
0.301145662848
0.291871249318
0.291871249318
0.295144571740
0.305510092744
0.310420076378
0.304418985270
0.311511183852
0.326786688489
0.327332242226
0.325150027278
0.325150027278
0.323513366067
0.331151118385
0.303873431533
0.272231314785
0.173486088380
0.258046917621
0.250954719040
0.270049099836
0.286415711948
0.275504637207
0.269503546099
0.284233496999
0.302782324059
0.297872340426
0.302236770322
0.313693398800
0.314784506274
0.322422258592
0.325150027278
0.327877795963
0.319694489907
0.328423349700
0.332242225859
0.336061102019
0.334424440807
0.328968903437
0.338243316967
0.302236770322
0.278232405892
0.265684669940
0.286415711948
0.310965630115
0.313693398800
0.313693398800
0.325150027278
0.329514457174
0.328968903437
0.339879978178
0.343698854337
0.349699945445
0.354609929078
0.354064375341
0.351882160393
0.354064375341
0.353518821604
0.357883251500
0.364975450082
0.366612111293
0.367703218767
0.364975450082
0.370430987452
0.264048008729
0.218221494817
0.213857064921
0.212220403710
0.218221494817
0.231314784506
0.235679214403
0.235133660666
0.236770321877
0.241134751773
0.237315875614
0.236224768140
0.228587015821
0.223131478451
0.244408074195
0.242771412984
0.245499181669
0.268957992362
0.268957992362
0.278232405892
0.282596835788
0.286415711948
0.288052373159
0.295144571740
0.290780141844
0.294599018003
0.294053464266
0.288597926896
0.302782324059
0.308783415166
0.301691216585
0.315330060011
0.300600109111
0.325695581015
0.286415711948
0.311511183852
0.307692307692
0.307146753955
0.333878887070
0.313147845063
0.319694489907
0.318603382433
0.330060010911
0.315330060011
0.313147845063
0.315875613748
0.339879978178
0.346972176759
0.347517730496
0.343698854337
0.357883251500
0.330060010911
0.355701036552
0.314238952537
0.356792144026
0.361702127660
0.336606655756
0.361702127660
0.355701036552
0.368248772504
0.367703218767
0.380796508456
0.376432078560
0.381887615930
0.372613202400
0.383524277141
0.372613202400
0.363884342608
0.308783415166
0.383524277141
0.340425531915
0.354609929078
0.359519912711
0.393344244408
0.355701036552
0.398254228041
0.350245499182
0.396072013093
0.337152209493
0.404255319149
0.378068739771
0.404800872886
0.392253136934
0.396072013093
0.396072013093
0.403709765412
0.379159847245
0.373704309875
0.306601200218
0.358974358974
0.360611020185
0.384615384615
0.403709765412
0.396617566830
0.400436442990
0.404255319149
0.403709765412
0.416803055101
0.362793235134
0.373704309875
0.287506819422
0.313693398800
0.356792144026
0.355701036552
0.346426623022
0.367703218767
0.379705400982
0.379705400982
0.383524277141
0.368248772504
0.383524277141
0.369339879978
0.389525368249
0.389525368249
0.406437534097
0.403709765412
0.416803055101
0.406983087834
0.421167484997
0.411893071468
0.423895253682
0.408074195308
0.414620840153
0.342607746863
0.385706492089
0.378068739771
0.417348608838
0.410801963993
0.423349699945
0.411347517730
0.427168576105
0.356246590289
0.391162029460
0.327332242226
0.397708674304
0.434806328423
0.421167484997
0.424986361157
0.426623022368
0.433715220949
0.416257501364
0.410256410256
0.300054555374
0.319148936170
0.381887615930
0.396617566830
0.385160938352
0.382433169667
0.386252045827
0.397163120567
0.398799781779
0.411347517730
0.424440807420
0.419530823786
0.432078559738
0.352973267867
0.356246590289
0.273867975996
0.340425531915
0.354064375341
0.346426623022
0.358974358974
0.376977632297
0.393344244408
0.400981996727
0.416257501364
0.406437534097
0.417348608838
0.408619749045
0.412984178942
0.335515548282
0.316966721222
0.360065466448
0.381342062193
0.395526459356
0.400981996727
0.405346426623
0.412438625205
0.418985270049
0.417894162575
0.420076377523
0.422804146208
0.422258592471
0.421713038734
0.425531914894
0.438079650846
0.447354064375
0.444626295690
0.455537370431
0.399890889253
0.366066557556
0.300054555374
0.331151118385
0.410801963993
0.409165302782
0.415711947627
0.417348608838
0.424440807420
0.433169667212
0.439716312057
0.437534097109
0.455537370431
0.420076377523
0.350791052919
0.216039279869
0.271685761047
0.321876704855
0.321876704855
0.325150027278
0.330060010911
0.323513366067
0.323513366067
0.320785597381
0.319694489907
0.318603382433
0.321876704855
0.326786688489
0.334969994544
0.344789961811
0.344789961811
0.339879978178
0.334969994544
0.349699945445
0.363338788871
0.373158756137
0.312056737589
0.276595744681
0.225313693399
0.238952536825
0.212220403710
0.217675941080
0.239498090562
0.256410256410
0.271685761047
0.284233496999
0.296235679214
0.322967812330
0.315875613748
0.311511183852
0.339334424441
0.329514457174
0.315330060011
0.334424440807
0.332242225859
0.339879978178
0.345881069285
0.350791052919
0.364429896345
0.366066557556
0.358974358974
0.368248772504
0.356246590289
0.370430987452
0.358428805237
0.382978723404
0.385160938352
0.396617566830
0.394980905619
0.404255319149
0.401527550464
0.405346426623
0.395526459356
0.372613202400
0.336606655756
0.362793235134
0.360611020185
0.404800872886
0.406983087834
0.413529732679
0.424986361157
0.431533006001
0.434806328423
0.431533006001
0.436988543372
0.410801963993
0.345881069285
0.306055646481
0.307692307692
0.367703218767
0.362247681397
0.357883251500
0.353518821604
0.349154391708
0.352427714130
0.352973267867
0.357883251500
0.366066557556
0.372613202400
0.375340971086
0.374249863612
0.367157665030
0.372613202400
0.373704309875
0.395526459356
0.372067648663
0.374249863612
0.266775777414
0.282596835788
0.206764866339
0.241680305510
0.362793235134
0.357337697763
0.340425531915
0.327877795963
0.323513366067
0.331151118385
0.340425531915
0.349699945445
0.360065466448
0.364429896345
0.363884342608
0.369339879978
0.382433169667
0.378614293508
0.361702127660
0.354064375341
0.301691216585
0.277686852155
0.343698854337
0.340971085652
0.348608837971
0.368248772504
0.395526459356
0.392253136934
0.397708674304
0.399345335516
0.408074195308
0.415166393890
0.410801963993
0.415166393890
0.412984178942
0.427168576105
0.423349699945
0.439716312057
0.410256410256
0.420621931260
0.307692307692
0.373704309875
0.402073104201
0.403709765412
0.412984178942
0.428259683579
0.429896344790
0.429350791053
0.432624113475
0.433169667212
0.436442989634
0.440261865794
0.445717403164
0.449536279324
0.445171849427
0.447899618112
0.450081833061
0.452809601746
0.444080741953
0.391162029460
0.310420076378
0.406437534097
0.432624113475
0.427168576105
0.424440807420
0.432078559738
0.432078559738
0.434806328423
0.436442989634
0.441898527005
0.421713038734
0.436988543372
0.384615384615
0.387888707038
0.274959083470
0.328423349700
0.356792144026
0.358428805237
0.364975450082
0.373704309875
0.381342062193
0.389525368249
0.407528641571
0.419530823786
0.429350791053
0.424986361157
0.432624113475
0.433169667212
0.439170758320
0.446808510638
0.459901800327
0.460447354064
0.457719585379
0.447899618112
0.451172940535
0.360065466448
0.395526459356
0.387343153301
0.448445171849
0.450081833061
0.455537370431
0.458810692853
0.461538461538
0.463720676487
0.458810692853
0.463175122750
0.464811783961
0.471903982542
0.464811783961
0.477905073650
0.451718494272
0.473540643753
0.351882160393
0.419530823786
0.332242225859
0.355155482815
0.378614293508
0.408074195308
0.408619749045
0.442989634479
0.448445171849
0.453900709220
0.453355155483
0.456628477905
0.466993998909
0.468630660120
0.474086197490
0.474631751227
0.466993998909
0.474086197490
0.440807419531
0.369339879978
0.401527550464
0.450627386798
0.446808510638
0.464266230224
0.466993998909
0.471358428805
0.469176213857
0.460992907801
0.422804146208
0.440807419531
0.423349699945
0.451718494272
0.451172940535
0.494271685761
0.441898527005
0.500272776869
0.451172940535
0.501363884343
0.461538461538
0.499181669394
0.466993998909
0.498090561920
0.472449536279
0.509001636661
0.455537370431
0.472995090016
0.387888707038
0.411347517730
0.484997272231
0.465357337698
0.468630660120
0.487179487179
0.484451718494
0.490998363339
0.488270594654
0.490452809602
0.436988543372
0.456628477905
0.372613202400
0.472995090016
0.495362793235
0.486633933442
0.485542825968
0.488270594654
0.494271685761
0.499727223131
0.504091653028
0.500272776869
0.479541734861
0.346972176759
0.379159847245
0.279323513366
0.346426623022
0.375340971086
0.379159847245
0.393344244408
0.401527550464
0.411893071468
0.426077468631
0.433715220949
0.426077468631
0.390616475723
0.303873431533
0.188761593017
0.171303873432
0.186579378069
0.162029459902
0.172394980906
0.173486088380
0.178396072013
0.177850518276
0.174577195854
0.175122749591
0.171303873432
0.177304964539
0.182214948172
0.187670485543
0.192580469176
0.196944899073
0.204582651391
0.178941625750
0.189307146754
0.160938352428
0.171849427169
0.172940534643
0.196399345336
0.200763775232
0.205673758865
0.212765957447
0.221494817239
0.220403709765
0.218221494817
0.228041462084
0.227495908347
0.229132569558
0.237861429351
0.234588106929
0.236224768140
0.245499181669
0.226404800873
0.179487179487
0.185488270595
0.195853791598
0.184397163121
0.191489361702
0.195853791598
0.189307146754
0.196399345336
0.210583742499
0.211129296236
0.213311511184
0.222040370977
0.225859247136
0.222585924714
0.224768139662
0.229678123295
0.235679214403
0.235133660666
0.236770321877
0.237315875614
0.240589198036
0.241680305510
0.243862520458
0.242225859247
0.245499181669
0.252591380251
0.256410256410
0.259683578833
0.262411347518
0.263502454992
0.266230223677
0.267866884888
0.268412438625
0.271685761047
0.272776868522
0.270049099836
0.268957992362
0.211129296236
0.271685761047
0.210038188762
0.209492635025
0.240589198036
0.248226950355
0.278232405892
0.270594653573
0.280414620840
0.274413529733
0.266775777414
0.269503546099
0.271685761047
0.276050190944
0.273322422259
0.274959083470
0.277141298418
0.282051282051
0.274959083470
0.278777959629
0.277141298418
0.280414620840
0.288597926896
0.282051282051
0.268412438625
0.154391707583
0.172940534643
0.188761593017
0.188761593017
0.181669394435
0.176213857065
0.188216039280
0.189852700491
0.188216039280
0.191489361702
0.199127114021
0.215493726132
0.225313693399
0.223677032188
0.223677032188
0.217130387343
0.215493726132
0.214948172395
0.213311511184
0.211129296236
0.218221494817
0.223131478451
0.227495908347
0.236224768140
0.243316966721
0.241680305510
0.242225859247
0.243316966721
0.250954719040
0.247681396618
0.253682487725
0.246044735406
0.260774686307
0.218221494817
0.224222585925
0.236770321877
0.254228041462
0.249863611566
0.260229132570
0.258046917621
0.258592471358
0.258592471358
0.261320240044
0.258046917621
0.262956901255
0.236770321877
0.214402618658
0.243316966721
0.281505728314
0.269503546099
0.266230223677
0.265684669940
0.272231314785
0.271140207310
0.273867975996
0.273867975996
0.274413529733
0.274413529733
0.280414620840
0.271140207310
0.288597926896
0.252045826514
0.279323513366
0.220949263502
0.228587015821
0.229678123295
0.262956901255
0.212220403710
0.234042553191
0.259683578833
0.227495908347
0.236224768140
0.243862520458
0.260774686307
0.283142389525
0.283142389525
0.286961265685
0.279323513366
0.280414620840
0.279869067103
0.277686852155
0.284779050736
0.291871249318
0.295144571740
0.298963447900
0.299509001637
0.302782324059
0.300600109111
0.298963447900
0.300600109111
0.303327877796
0.303873431533
0.309328968903
0.309328968903
0.298417894163
0.147299509002
0.204037097654
0.250954719040
0.248226950355
0.241680305510
0.236224768140
0.233496999454
0.235679214403
0.247681396618
0.231860338243
0.228587015821
0.237861429351
0.238952536825
0.251500272777
0.220949263502
0.267866884888
0.218767048554
0.260229132570
0.267321331151
0.279869067103
0.268412438625
0.270049099836
0.266775777414
0.269503546099
0.271685761047
0.277141298418
0.278232405892
0.279869067103
0.274959083470
0.277686852155
0.279323513366
0.276050190944
0.229132569558
0.253136933988
0.283142389525
0.290234588107
0.285324604474
0.289143480633
0.294599018003
0.294599018003
0.290234588107
0.295144571740
0.295144571740
0.302782324059
0.239498090562
0.286961265685
0.303327877796
0.306601200218
0.313693398800
0.279869067103
0.296235679214
0.297326786688
0.315330060011
0.300600109111
0.320240043644
0.307146753955
0.319148936170
0.301691216585
0.318057828696
0.291871249318
0.314238952537
0.308237861429
0.320240043644
0.309328968903
0.326786688489
0.310965630115
0.326241134752
0.318057828696
0.316966721222
0.320785597381
0.321331151118
0.326241134752
0.331151118385
0.326241134752
0.332787779596
0.310965630115
0.329514457174
0.318057828696
0.325150027278
0.333878887070
0.350791052919
0.349699945445
0.349154391708
0.354064375341
0.345881069285
0.356792144026
0.315875613748
0.321876704855
0.243862520458
0.215493726132
0.226950354610
0.258046917621
0.263502454992
0.265139116203
0.262956901255
0.262956901255
0.266775777414
0.284233496999
0.290780141844
0.291871249318
0.293507910529
0.300054555374
0.278232405892
0.291325695581
0.268957992362
0.299509001637
0.315875613748
0.328968903437
0.324058919804
0.325695581015
0.324604473541
0.335515548282
0.334424440807
0.342062193126
0.348608837971
0.348063284233
0.350245499182
0.352973267867
0.352973267867
0.350245499182
0.355155482815
0.355701036552
0.328968903437
0.290234588107
0.192580469176
0.183851609384
0.206764866339
0.219858156028
0.243316966721
0.265139116203
0.264593562466
0.267321331151
0.272776868522
0.273867975996
0.270594653573
0.260774686307
0.256955810147
0.262411347518
0.259683578833
0.266775777414
0.269503546099
0.274959083470
0.277141298418
0.283142389525
0.287506819422
0.285324604474
0.279869067103
0.273867975996
0.221494817239
0.222585924714
0.254228041462
0.245499181669
0.260774686307
0.265684669940
0.272776868522
0.267321331151
0.280960174577
0.280960174577
0.274959083470
0.278232405892
0.285324604474
0.297872340426
0.299509001637
0.314784506274
0.320785597381
0.326786688489
0.326786688489
0.324058919804
0.324058919804
0.322422258592
0.331696672122
0.333333333333
0.327332242226
0.342062193126
0.302782324059
0.283142389525
0.278777959629
0.346972176759
0.350791052919
0.344244408074
0.342607746863
0.341516639389
0.348063284233
0.348608837971
0.358428805237
0.361156573923
0.358428805237
0.353518821604
0.353518821604
0.350791052919
0.367703218767
0.297326786688
0.272231314785
0.285870158211
0.363338788871
0.336606655756
0.338243316967
0.337697763230
0.340425531915
0.350245499182
0.351882160393
0.355155482815
0.361156573923
0.369339879978
0.368794326241
0.372613202400
0.378614293508
0.379705400982
0.382433169667
0.373704309875
0.384615384615
0.356792144026
0.370976541189
0.282051282051
0.333333333333
0.336606655756
0.354609929078
0.372067648663
0.377523186034
0.380796508456
0.380796508456
0.386252045827
0.388979814512
0.380250954719
0.383524277141
0.367157665030
0.382978723404
0.362793235134
0.392253136934
0.391707583197
0.395526459356
0.393889798145
0.392253136934
0.391707583197
0.312602291326
0.351336606656
0.327877795963
0.388434260775
0.392798690671
0.392253136934
0.390070921986
0.398799781779
0.402073104201
0.406437534097
0.408619749045
0.410801963993
0.401527550464
0.400981996727
0.366066557556
0.268957992362
0.350245499182
0.309328968903
0.335515548282
0.371522094926
0.343153300600
0.391707583197
0.366612111293
0.399890889253
0.392798690671
0.402618657938
0.388979814512
0.400981996727
0.399345335516
0.410256410256
0.399890889253
0.410801963993
0.367157665030
0.380796508456
0.314784506274
0.375340971086
0.366612111293
0.408074195308
0.397708674304
0.404255319149
0.394980905619
0.413529732679
0.381887615930
0.404800872886
0.302782324059
0.400436442990
0.399345335516
0.403709765412
0.399890889253
0.419530823786
0.397163120567
0.417348608838
0.360065466448
0.321331151118
0.365521003819
0.393889798145
0.374249863612
0.410256410256
0.408074195308
0.427168576105
0.413529732679
0.422258592471
0.421713038734
0.432078559738
0.422258592471
0.423349699945
0.396072013093
0.412438625205
0.412984178942
0.373158756137
0.403164211675
0.273867975996
0.405346426623
0.392798690671
0.411893071468
0.400436442990
0.417348608838
0.409165302782
0.427714129842
0.403164211675
0.412984178942
0.367703218767
0.392253136934
0.378614293508
0.409710856519
0.355701036552
0.420621931260
0.414620840153
0.424440807420
0.427168576105
0.444080741953
0.429896344790
0.446262956901
0.426077468631
0.434260774686
0.394980905619
0.374795417349
0.403164211675
0.430987452264
0.418985270049
0.421167484997
0.409165302782
0.426623022368
0.390616475723
0.435897435897
0.397708674304
0.408074195308
0.407528641571
0.436442989634
0.416257501364
0.435351882160
0.385160938352
0.445717403164
0.448445171849
0.449536279324
0.440807419531
0.442989634479
0.394980905619
0.372067648663
0.366612111293
0.393889798145
0.416257501364
0.443535188216
0.403709765412
0.431533006001
0.403164211675
0.427714129842
0.418985270049
0.402618657938
0.441352973268
0.437534097109
0.453900709220
0.414075286416
0.439716312057
0.372067648663
0.428259683579
0.424986361157
0.445171849427
0.435351882160
0.445717403164
0.454991816694
0.439170758320
0.404800872886
0.398254228041
0.343153300600
0.460447354064
0.438079650846
0.448445171849
0.441352973268
