4.133926391602
4.133061408997
4.131772518158
4.130064010620
4.127946853638
4.125435829163
4.122542381287
4.119278907776
4.115656375885
4.111691474915
4.107390880585
4.102756977081
4.097796440125
4.092523574829
4.086928367615
4.081017494202
4.074791908264
4.068248748779
4.061386108398
4.054210662842
4.046708106995
4.038879394531
4.030721664429
4.022234916687
4.013418197632
4.004269599915
3.994786262512
3.984960079193
3.974780559540
3.964241504669
3.953328609467
3.942009925842
3.930268764496
3.918078899384
3.905404090881
3.892199754715
3.878423929214
3.864026784897
3.848950624466
3.833147048950
3.816578865051
3.799188613892
3.780870914459
3.761476278305
3.740912437439
3.718761444092
3.694576263428
3.668264865875
3.640278816223
3.611621856689
3.583309650421
3.556041240692
3.530359745026
3.506563425064
3.484300136566
3.462699890137
3.441406488419
3.420701265335
3.400436878204
3.380161762238
3.359495162964
3.338608264923
3.317251682281
3.296493768692
3.276615142822
3.258429288864
3.241693258286
3.225795745850
3.210054874420
3.193235397339
3.175238370895
3.156593084335
3.137867689133
3.119618415833
3.102291345596
3.086066007614
3.070842981339
3.056575775146
3.043315649033
3.030871629715
3.019216060638
3.008145093918
2.996711730957
2.985112190247
2.973111629486
2.960729598999
2.947778701782
2.934111833572
2.920343160629
2.905935525894
2.890786409378
2.875014066696
2.858631849289
2.841508865356
2.823773145676
2.805422782898
2.786621093750
2.767681121826
2.748966217041
2.730784654617
2.713553667068
2.697484254837
2.682883977890
2.669533967972
2.656412363052
2.644575119019
2.632941246033
2.621584415436
2.610428333282
2.599896430969
2.589849472046
2.580066919327
2.570777893066
2.561429500580
2.552316904068
2.542881011963
2.533411979675
2.523695707321
2.513742923737
2.503274440765
2.492325782776
2.480774164200
2.468680858612
2.456187486649
2.443212270737
2.429817676544
2.416182041168
2.402346849442
2.388545989990
2.374800205231
2.361461400986
2.347748279572
2.336197376251
2.323474884033
2.324437379837
2.335002660751
2.446991443634
2.494977235794
2.346982479095
2.303947925568
2.289100646973
2.287301778793
2.282938241959
2.272868156433
2.258060216904
2.241332054138
2.223487377167
2.206557273865
2.192868709564
2.182544469833
2.175256490707
2.170345783234
2.167370080948
2.165477037430
2.163861274719
2.162000417709
2.159135580063
2.155182361603
2.150184869766
2.143954992294
2.136674404144
2.128291130066
2.118763685226
2.108417510986
2.097505092621
2.086262702942
2.075162410736
2.064903497696
2.055905818939
2.048144340515
2.041676044464
2.036471128464
2.032111167908
2.028309583664
2.024466514587
2.020376920700
2.015306472778
2.009544372559
2.003330469131
1.997188210487
1.991413474083
1.986145973206
1.981364607811
1.976957559586
1.972938776016
1.969594359398
1.966574311256
1.963411331177
1.960345268250
1.957273721695
1.954168081284
1.950990080833
1.947833538055
1.944641470909
1.941655635834
1.938794493675
1.936226367950
1.933791160583
1.931702256203
1.929844498634
1.928396463394
1.926920533180
1.925416469574
1.923930525780
1.922531604767
1.920759320259
1.918882369995
1.916840553284
1.914843201637
1.912570834160
1.910490989685
1.907965064049
1.906506657600
1.903104782104
1.902312278748
1.898216128349
1.899268150330
1.892961621284
1.898822069168
1.887873172760
1.911563754082
1.894828438759
1.989693403244
1.965786933899
2.151775360107
1.914969205856
1.896688461304
1.884902238846
1.891925692558
1.891466140747
1.889308691025
1.887408018112
1.886718869209
1.887257814407
1.888725996017
1.890060901642
1.891216516495
1.890664339066
1.888783693314
1.885608196259
1.882049560547
1.878431558609
1.875622987747
1.873395919800
1.872149229050
1.870915532112
1.870459794998
1.870139122009
1.870147943497
1.870072126389
1.870222091675
1.870394110680
1.870288968086
1.870346307755
1.870377302170
1.870763301849
1.870673537254
1.870512723923
1.870876312256
1.870825648308
1.871455907822
1.871354103088
1.872149348259
1.871739864349
1.874057531357
1.869752645493
1.875940322876
1.868043661118
1.889070630074
1.874661684036
2.013892650604
1.987820029259
2.143438339233
1.915532946587
1.892748832703
1.913113594055
1.897733688354
1.906299233437
1.904883503914
1.905170798302
1.901347875595
1.897495031357
1.894216537476
1.891760230064
1.890987157822
1.890235424042
1.890270948410
1.888724565506
1.889329671860
1.887553334236
1.887376427650
1.885788083076
1.884929299355
1.883382678032
1.882957458496
1.882493495941
1.882410883904
1.881934046745
1.881942749023
1.881523370743
1.882022142410
1.880997896194
1.881418108940
1.880744695663
1.880288124084
1.879229545593
1.879364728928
1.877700090408
1.880460262299
1.875058650970
1.882855892181
1.870139122009
1.892835617065
1.862364292145
1.922961950302
1.851762175560
2.007035732269
1.854851961136
2.002874135971
1.866632461548
1.958151817322
1.895247578621
1.989499330521
1.942220926285
1.961359024048
1.905657410622
1.892666101456
1.892193555832
1.888923883438
1.889466285706
1.884043455124
1.882792234421
1.876402497292
1.877233743668
1.870288133621
1.875280857086
1.866297245026
1.876610159874
1.867520093918
1.892135381699
1.909562230110
1.943893074989
2.070253849030
1.864023208618
2.053263664246
1.839273929596
1.926590681076
1.851804256439
1.894626736641
1.860681176186
1.880176305771
1.853937149048
1.869560480118
1.841983318329
1.871645569801
1.832033872604
1.909179806709
1.847171783447
2.022650718689
1.881240487099
1.894496083260
1.871617078781
1.826492071152
1.894055128098
1.829112291336
1.928010344505
1.833832263947
1.910688877106
1.825009107590
1.877865076065
1.817943930626
1.864435672760
1.814966201782
1.861033916473
1.816266417503
1.855148673058
1.823713541031
1.838636279106
1.847975969315
1.809946775436
1.928127646446
1.807975411415
2.081009149551
1.800333261490
1.937037706375
1.805476188660
1.824433088303
1.816506862640
1.813501119614
1.810003042221
1.805393338203
1.801485419273
1.796364068985
1.793643236160
1.786425590515
1.787481069565
1.775228500366
1.796023726463
1.775841832161
1.924691915512
1.967306613922
2.034706115723
1.814517378807
1.776288151741
1.813541412354
1.766321420670
1.785936117172
1.761784672737
1.775265932083
1.758094549179
1.766104102135
1.752027988434
1.759709596634
1.745305418968
1.757661581039
1.742323637009
1.757934093475
1.741146087646
1.756557464600
1.735335350037
1.745828151703
1.723578333855
1.734937548637
1.713351130486
1.737699627876
1.711336612701
1.773780345917
1.751379251480
1.871509790421
1.821106672287
1.933956027031
1.844330787659
1.777411937714
1.765792727470
1.720011830330
1.708013296127
1.705537796021
1.692595481873
1.686535239220
1.676262378693
1.674551844597
1.667738914490
1.668817162514
1.660078287125
1.664090991020
1.649951100349
1.664175510406
1.638281583786
1.682545900345
1.638236403465
1.752748489380
1.659651994705
1.803837656975
1.628619551659
1.724990844727
1.628787755966
1.710622072220
1.642603039742
1.696943759918
1.652568936348
1.676156997681
1.696956157684
1.685041427612
1.800563573837
1.693661689758
1.744755506516
1.618339538574
1.712988734245
1.595481157303
1.647290587425
1.580593943596
1.611543893814
1.578191757202
1.595513105392
1.573962450027
1.586810350418
1.567061901093
1.580385446548
1.556806802750
1.577670216560
1.541256070137
1.593536853790
1.525021553040
1.713106274605
1.607144951820
2.004032373428
1.588736414909
1.628488779068
1.580973863602
1.573089599609
1.565190315247
1.561406373978
1.557034730911
1.550727844238
1.546424865723
1.539145112038
1.544158697128
1.537389039993
1.601644039154
1.653383016586
2.094704627991
1.782913923264
1.584044694901
1.752576947212
1.594239950180
1.578861355782
1.550730705261
1.544363737106
1.540501117706
1.537478685379
1.530630469322
1.520921707153
1.512780070305
1.507010936737
1.502043485641
1.496948957443
1.490697622299
1.484719157219
1.478338956833
1.472499132156
1.465930819511
1.460745334625
1.454485177994
1.451329708099
1.448271393776
1.455546617508
1.536428689957
1.821288347244
2.008117675781
1.640391707420
1.605297207832
1.541633367538
1.508242845535
1.532138586044
1.504656434059
1.495062232018
1.485753893852
1.480058550835
1.472823262215
1.467697143555
1.464060544968
1.462477564812
1.459717392921
1.456076860428
1.452834010124
1.447071313858
1.442945003510
1.436750531197
1.432973384857
1.425684809685
1.425562381744
1.414952754974
1.422846913338
1.401924371719
1.435022592545
1.393861293793
1.540055990219
1.504795551300
1.891881465912
1.608033180237
1.453578233719
1.541252374649
1.426203608513
1.468080043793
1.404254078865
1.417916536331
1.397936224937
1.399061679840
1.394212007523
1.392213344574
1.391734361649
1.385781407356
1.387217044830
1.376560568810
1.385597825050
1.365621805191
1.401493430138
1.370395183563
1.547960996628
1.579587697983
1.929629087448
1.477474451065
1.377890706062
1.437883138657
1.432390689850
1.436346054077
1.414791822433
1.407124638557
1.391523957253
1.388575553894
1.374401569366
1.378285169601
1.363320350647
1.379164934158
1.359017014503
1.422621726990
1.420136213303
1.788232088089
1.660251379013
1.509611129761
1.743083238602
1.429810047150
1.499297618866
1.423324584961
1.405564427376
1.402402639389
1.399233579636
1.391305923462
1.380636215210
1.369013071060
1.358550310135
1.349747300148
1.343714714050
1.339545488358
1.335903763771
1.330978393555
1.326742529869
1.321847081184
1.317595005035
1.312182307243
1.308718919754
1.302606344223
1.302885532379
1.296011686325
1.325848102570
1.387908935547
1.700421571732
2.221434593201
1.923588514328
1.901492595673
1.598290920258
1.548266768456
1.535428285599
1.524946808815
1.512358188629
1.501752734184
1.491160273552
1.477744340897
1.461741685867
1.447776317596
1.436065912247
1.427881479263
1.424788951874
1.423131465912
1.422993898392
1.421385169029
1.419229388237
1.417271852493
1.414229393005
1.410848021507
1.406479358673
1.401673078537
1.396961688995
1.391939163208
1.386417388916
1.382908225060
1.378155827522
1.374752521515
1.369735956192
1.366903066635
1.362034559250
1.358905076981
1.353737115860
1.351488590240
1.345685958862
1.343715429306
1.334873080254
1.335871815681
1.322263240814
1.330714941025
1.304517745972
1.348176717758
1.291639089584
1.549091815948
1.436775088310
2.134011983871
1.660691022873
1.416145563126
1.456612110138
1.371764898300
1.362969398499
1.352914571762
1.352720737457
1.351247310638
1.347099661827
1.341405391693
1.335680365562
1.329251050949
1.324684619904
1.318848371506
1.315227150917
1.309335708618
1.305747509003
1.298606157303
1.296128034592
1.286260604858
1.290362954140
1.274133205414
1.301742315292
1.278594851494
1.459927678108
1.555380821228
1.893537998199
1.551635384560
1.370401382446
1.380578041077
1.358710169792
1.353246450424
1.345439910889
1.336524486542
1.328815340996
1.321180582047
1.312577605247
1.302673578262
1.293864488602
1.285971283913
1.279203653336
1.274203300476
1.270069718361
1.267094612122
1.263927698135
1.260970592499
1.257577657700
1.254794597626
1.251515150070
1.249568939209
1.246662855148
1.244717836380
1.240895748138
1.238242626190
1.233221292496
1.231415867805
1.225046873093
1.225511789322
1.217069149017
1.221042156219
1.207679390907
1.225953817368
1.208099484444
1.306607842445
1.373732328415
2.041370630264
1.514532327652
1.597661495209
1.649691343307
1.351345062256
1.343516588211
1.362788200378
1.350056052208
1.330571651459
1.318117618561
1.311393499374
1.307868003845
1.306415796280
1.304424166679
1.302365303040
1.298935413361
1.294828295708
1.289640307426
1.285491228104
1.282126665115
1.278970360756
1.275794386864
1.272039532661
1.266945600510
1.261991024017
1.255301475525
1.249590396881
1.242715597153
1.237381219864
1.230497479439
1.226466178894
1.218316793442
1.217841863632
1.205863952637
1.215286612511
1.190361022949
1.240126371384
1.184776306152
1.510132670403
1.300463676453
2.058172941208
1.529666662216
1.568767905235
1.691748380661
1.382508516312
1.285243511200
1.284142374992
1.299957752228
1.303956151009
1.290702104568
1.275083065033
1.263683676720
1.256017804146
1.250479221344
1.245660901070
1.240884423256
1.234413385391
1.227193474770
1.220411062241
1.215051651001
1.208261728287
1.206110119820
1.200269818306
1.202130317688
1.192963480949
1.216443538666
1.222711801529
1.407772302628
1.607557415962
1.531314849854
1.336683750153
1.305782437325
1.315431356430
1.278249025345
1.255567312241
1.247736215591
1.245234131813
1.242412805557
1.238196372986
1.232985019684
1.226720571518
1.219678997993
1.212561607361
1.206198215485
1.199848890305
1.193695545197
1.187171459198
1.180974602699
1.174693822861
1.169083595276
1.163782835007
1.158737063408
1.154271602631
1.150124073029
1.145805239677
1.141893744469
1.137258648872
1.134459853172
1.130115747452
1.128541469574
1.124197125435
1.130568146706
1.137334227562
1.207181930542
1.284074425697
1.587167501450
1.475432395935
1.613185048103
1.454046964645
1.256687641144
1.219122171402
1.225483775139
1.218927383423
1.215559005737
1.215729594231
1.215474128723
1.213688135147
1.210472106934
1.206525087357
1.203154683113
1.199152946472
1.195249080658
1.189877510071
1.183289766312
1.176189899445
1.168880939484
1.162296533585
1.156078457832
1.150408029556
1.144949436188
1.139308691025
1.133277177811
1.126883268356
1.121018171310
1.114400863647
1.109657287598
1.103217720985
1.099699139595
1.094022035599
1.093096971512
1.088373422623
1.105914354324
1.142725944519
1.478519082069
2.388880252838
3.191818475723
2.824936151505
2.293003559113
2.205774545670
2.236769676208
2.253011941910
2.256533384323
2.250482797623
2.234716415405
2.212481498718
2.189578771591
2.166132688522
2.134196519852
2.098436355591
2.066417217255
2.038699150085
2.012005805969
1.991578340530
1.972898721695
1.962810873985
1.951338171959
1.947487831116
1.933211565018
1.934856891632
1.913146495819
1.948675394058
1.932327270508
2.279272556305
2.059283018112
2.131300687790
2.075698852539
2.060073375702
2.017395734787
1.973381996155
1.940145373344
1.918357849121
1.907155990601
1.898862361908
1.890748143196
1.887002944946
1.887108922005
1.890374183655
1.892354011536
1.890320777893
1.885308980942
1.878230690956
1.870829820633
1.864509582520
1.859467029572
1.856320738792
1.853639364243
1.851949334145
1.850523471832
1.849703431129
1.848876237869
1.848843693733
1.848015069962
1.847757935524
1.847568511963
1.847779512405
1.847930192947
1.848381757736
1.848310828209
1.848542690277
1.848649740219
1.849074840546
1.849504709244
1.849879384041
1.850938320160
1.850964069366
1.851282835007
1.851068973541
1.851092815399
1.850257277489
1.850506067276
1.849000692368
1.849529027939
1.848463058472
1.849544048309
1.847681403160
1.851520299911
1.847665190697
1.859837532043
1.852310419083
1.888247013092
1.881283044815
1.990281820297
1.963649988174
2.031971931458
1.926214337349
1.863321304321
1.889085173607
1.835895061493
1.893153429031
1.825936079025
1.903878808022
1.822713375092
1.915246248245
1.822220683098
1.914671182632
1.822212696075
1.893157482147
1.823383331299
1.867352008820
1.825430035591
1.849959373474
1.825510501862
1.841630220413
1.824192285538
1.834736704826
1.820909619331
1.827863216400
1.815818309784
1.820336818695
1.808933496475
1.811836481094
1.801486968994
1.803774833679
1.792897939682
1.795999050140
1.785892963409
1.792659401894
1.783004760742
1.801710128784
1.802626013756
1.861403703690
1.861370444298
1.918786525726
1.811477899551
1.781036138535
1.766061544418
1.769337177277
1.755533933640
1.755696296692
1.746229887009
1.743478894234
1.737485051155
1.732983589172
1.731471300125
1.722546219826
1.733887434006
1.714265584946
1.770239353180
1.738313674927
2.007277488708
1.975434660912
2.516416072845
1.811477184296
1.722865581512
1.781569719315
1.757622718811
1.758684635162
1.750629067421
1.742097377777
1.732742547989
1.722889423370
1.712862849236
1.703749656677
1.696449518204
1.690451979637
1.685411691666
1.680983662605
1.675786733627
1.669785141945
1.663219928741
1.656335830688
1.649267911911
1.642634153366
1.635061740875
1.628767251968
1.620912790298
1.615596532822
1.605907678604
1.603999137878
1.590714931488
1.605720281601
1.594572901726
1.737691402435
1.804046154022
2.375079393387
2.011997222900
1.712690114975
1.621281504631
1.584932208061
1.594753265381
1.601187586784
1.604121685028
1.596936225891
1.583771944046
1.570604920387
1.560958147049
1.553238511086
1.546524763107
1.538969635963
1.530825495720
1.521789789200
1.514286994934
1.506205797195
1.500005960464
1.490722656250
1.486428499222
1.474171519279
1.477730512619
1.456390738487
1.500419378281
1.495525717735
1.856139421463
2.133566379547
1.693269371986
1.574823737144
1.574550628662
1.547435760498
1.530019521713
1.518042922020
1.506901621819
1.495064854622
1.483149290085
1.472055554390
1.462189078331
1.453710794449
1.446333527565
1.440372586250
1.435245752335
1.430372357368
1.426073074341
1.421253442764
1.416160583496
1.410004734993
1.403429031372
1.395949363708
1.387517213821
1.378945589066
1.369975805283
1.361177444458
1.351925134659
1.343487739563
1.335398793221
1.328103780746
1.321654081345
1.315280675888
1.309020996094
1.302566528320
1.296447157860
1.289778828621
1.283675909042
1.277006387711
1.271918535233
1.265576601028
1.262097239494
1.255477905273
1.254285335541
1.245209693909
1.248918652534
1.235497713089
1.259632468224
1.257056713104
1.431999087334
1.532189249992
1.829557180405
1.441736936569
1.409509897232
1.287939190865
1.277665615082
1.270792484283
1.276511669159
1.271851062775
1.273962616920
1.265717029572
1.268766999245
1.254774928093
1.261208653450
1.241652131081
1.258190751076
1.233957290649
1.266566157341
1.235402345657
1.292636513710
1.248854160309
1.309967041016
1.245561838150
1.271977543831
1.212939262390
1.222536802292
1.184490680695
1.200042724609
1.168510317802
1.187339067459
1.156009912491
1.180069684982
1.145926475525
1.182283639908
1.140486240387
1.200731515884
1.143808841705
1.243762016296
1.153734922409
1.259805440903
1.141671657562
1.199651718140
1.113047003746
1.149946570396
1.099837422371
1.133316040039
1.093305587769
1.132590413094
1.090257167816
1.147072076797
1.099725246429
1.190189123154
1.142238616943
1.230183839798
1.157024383545
1.155580282211
1.109812021255
1.086555123329
1.116053938866
1.080092191696
1.134951710701
1.082464933395
1.141036033630
1.070491194725
1.110575795174
1.052078247070
1.080000162125
1.043635845184
1.065497875214
1.038329243660
1.059455871582
1.031632184982
1.060896635056
1.024095773697
1.079503297806
1.023312687874
1.164416313171
1.068980336189
1.358332514763
1.103473544121
1.157883167267
1.053911447525
1.071115851402
1.082460999489
1.074791908264
1.110233902931
1.096603989601
1.163346171379
1.119597673416
1.147747278214
1.071788072586
1.053844690323
1.027585029602
1.023674249649
1.022750854492
1.016089797020
1.024057984352
1.018488168716
1.055879950523
1.083780407906
1.326308488846
1.550009012222
1.737249612808
1.346677780151
1.150578260422
1.135720252991
1.130351781845
1.119048833847
1.109605789185
1.101329088211
1.098214387894
1.097609519958
1.098014593124
1.093028426170
1.087839841843
1.079384565353
1.073557376862
1.063533425331
1.065009355545
1.057670950890
1.105160474777
1.197700023651
1.731823444366
1.730970978737
1.453376054764
1.518150448799
1.394315838814
1.264845013618
1.207685232162
1.183050870895
1.173949241638
1.169011116028
1.164125442505
1.156485557556
1.151858806610
1.148841500282
1.145789265633
1.138845443726
1.131265401840
1.121793150902
1.113881111145
1.105820775032
1.099104762077
1.093039989471
1.086437582970
1.081695914268
1.076123476028
1.080276250839
1.096988201141
1.203433036804
1.519822001457
1.992287874222
1.500842809677
1.185425043106
1.191137075424
1.172777652740
1.162832021713
1.160663843155
1.159050703049
1.156076431274
1.151155710220
1.144626379013
1.139982938766
1.135411262512
1.132588505745
1.131131529808
1.129914402962
1.130307435989
1.129805326462
1.128273606300
1.126185774803
1.122657179832
1.118372082710
1.113844871521
1.108498573303
1.103105545044
1.096735119820
1.091290473938
1.084530472755
1.079341888428
1.072542428970
1.069544553757
1.061787009239
1.063671588898
1.051235437393
1.071362018585
1.048513889313
1.193511247635
1.237077236176
2.832140684128
2.379310369492
1.773500204086
1.667851328850
1.696342945099
1.712269186974
1.714870452881
1.703251719475
1.679553151131
1.650022983551
1.622912645340
1.602512001991
1.587035298347
1.573232889175
1.559094905853
1.546086907387
1.536264896393
1.533064365387
1.536599159241
1.546247959137
1.557599306107
1.568332195282
1.574445486069
1.575302958488
1.568552255630
1.557858228683
1.542658686638
1.528245687485
1.512111544609
1.498350620270
1.485587120056
1.475914001465
1.468239307404
1.462437987328
1.458379268646
1.454839825630
1.451315522194
1.447066664696
1.443662166595
1.439958095551
1.436180591583
1.432401180267
1.428344964981
1.423636317253
1.419711709023
1.415324330330
1.411919116974
1.408340692520
1.405511856079
1.401950359344
1.399773240089
1.395137667656
1.393791437149
1.388506174088
1.390797615051
1.384716629982
1.406809329987
1.430274128914
1.611747860909
1.984378337860
2.397937774658
2.006728649139
1.852930426598
1.672291040421
1.618354320526
1.594333171844
1.584611296654
1.574324369431
1.565593123436
1.560059428215
1.556646347046
1.554900407791
1.555915236473
1.556433200836
1.555425882339
1.553991436958
1.551573991776
1.547358036041
1.542512416840
1.537521839142
1.531754136086
1.524912834167
1.517002820969
1.508678913116
1.500458478928
1.493510961533
1.487270593643
1.482324838638
1.478199720383
1.474408626556
1.471076488495
1.468163013458
1.465106725693
1.462146520615
1.459343194962
1.456890344620
1.455273151398
1.453604936600
1.451755762100
1.450021982193
1.447897434235
1.445138216019
1.441911101341
1.438634634018
1.434692144394
1.430859208107
1.426610827446
1.423017501831
1.418347358704
1.414591550827
1.409556150436
1.406163215637
1.400822520256
1.398494243622
1.391800403595
1.393216609955
1.383210897446
1.394722580910
1.380423069000
1.424659252167
1.403572320938
1.528877973557
1.424259662628
1.456061124802
1.365889310837
1.365651845932
1.362102389336
1.356481552124
1.351308822632
1.346541643143
1.342870354652
1.339317917824
1.335895657539
1.332689523697
1.329345464706
1.326127290726
1.322980284691
1.319855332375
1.316747546196
1.313400268555
1.309695839882
1.305783152580
1.301377296448
1.296806097031
1.291850328445
1.287269830704
1.282302618027
1.277428746223
1.272613644600
1.268209815025
1.263781070709
1.259717464447
1.256025791168
1.252074718475
1.250443220139
1.250424623489
1.265586614609
1.312528848648
1.529359817505
1.584583520889
1.610782980919
1.314878702164
1.266045331955
1.275123834610
1.257289171219
1.266504049301
1.260288715363
1.258693456650
1.250979900360
1.244525074959
1.237401723862
1.232420444489
1.229069590569
1.227041721344
1.224914193153
1.222758769989
1.217731714249
1.215609669685
1.206054449081
1.207337379456
1.189718008041
1.205280780792
1.171093702316
1.239050269127
1.181566357613
1.419662833214
1.293867826462
1.390936493874
1.198829889297
1.182182312012
1.181887984276
1.172910451889
1.176524400711
1.166437625885
1.165304183960
1.153599858284
1.153802633286
1.141644716263
1.150365710258
1.136403441429
1.177709579468
1.180629253387
1.437725067139
1.695336699486
1.560583353043
1.207912683487
1.232944965363
1.198077440262
1.197903037071
1.188905715942
1.187190055847
1.183113694191
1.178322434425
1.171630620956
1.163155913353
1.154538869858
1.148146629333
1.143446326256
1.139477968216
1.135180234909
1.130629062653
1.124915599823
1.118589401245
1.112057089806
1.104913711548
1.097763776779
1.089730024338
1.082900166512
1.075404286385
1.070726513863
1.063566923141
1.062657117844
1.054039359093
1.060332536697
1.042824506760
1.073272466660
1.036314725876
1.189643859863
1.145284652710
2.142150640488
1.358525753021
1.172141194344
1.147375583649
1.115916252136
1.130717992783
1.117151737213
1.113388061523
1.113224744797
1.111674070358
1.109426379204
1.105675101280
1.101023674011
1.096232891083
1.091136693954
1.085949063301
1.080180644989
1.074496865273
1.068190097809
1.061029434204
1.053923487663
1.046287536621
1.038886308670
1.031738519669
1.025019764900
1.018338680267
1.013139963150
1.007195949554
1.004215359688
0.998974204063
1.008458375931
1.044010996819
1.434504628181
3.005073547363
3.683416843414
3.908720493317
3.465085506439
3.268898725510
2.740630626678
2.807631492615
2.867013692856
2.888523578644
2.873661756516
2.807810783386
2.761324405670
2.740160465240
2.742882251740
2.772723197937
3.281097412109
7.097988605499
7.253201484680
126.455253601074
3.500373363495
4.051800727844
4.830674648285
5.835620880127
7.006978511810
8.375419616699
9.948654174805
11.703349113464
13.633878707886
15.731927871704
17.994535446167
20.433418273926
23.025014877319
25.768678665161
28.632938385010
31.644199371338
34.777309417725
38.032482147217
41.401706695557
44.890842437744
48.482517242432
52.169975280762
55.954357147217
59.828285217285
63.787235260010
67.822624206543
71.931068420410
76.110549926758
80.356285095215
84.664405822754
89.019401550293
93.429244995117
97.878265380859
102.378051757812
106.898422241211
111.467361450195
116.042579650879
120.698112487793
125.286293029785
129.990798950195
134.621292114258
139.296447753906
143.980484008789
148.658142089844
153.335098266602
158.014755249023
162.676910400391
167.328262329102
171.974990844727
176.574935913086
181.243194580078
185.751098632812
190.366485595703
194.826904296875
199.372451782227
203.782394409180
208.228775024414
212.583908081055
216.965316772461
221.213073730469
225.555480957031
229.702362060547
233.819793701172
238.022720336914
242.020004272461
245.976943969727
249.963897705078
253.803115844727
257.665069580078
261.375305175781
265.134124755859
268.703948974609
272.315216064453
275.775695800781
279.368438720703
282.946807861328
286.166290283203
289.419433593750
416.991363525391
373.381439208984
6145.574218750000
41449.203125000000
91887.015625000000
161443.250000000000
249423.015625000000
355330.968750000000
478523.718750000000
618407.250000000000
774395.000000000000
945907.625000000000
1132420.250000000000
1333234.750000000000
1547929.250000000000
1775909.750000000000
2016634.500000000000
2269569.000000000000
2534188.000000000000
2809971.500000000000
3096409.250000000000
3392999.250000000000
3699244.750000000000
4014659.750000000000
4338764.500000000000
4671087.000000000000
5011165.000000000000
5358540.500000000000
5712768.000000000000
6073406.000000000000
6440022.000000000000
6812196.500000000000
7189507.500000000000
7571550.000000000000
7957923.000000000000
8348234.000000000000
8742097.000000000000
9139137.000000000000
9538985.000000000000
9941282.000000000000
10345668.000000000000
10751802.000000000000
11159344.000000000000
11567968.000000000000
11977344.000000000000
12387165.000000000000
12797114.000000000000
13206898.000000000000
13616226.000000000000
14024816.000000000000
14432441.000000000000
14838655.000000000000
15243376.000000000000
15646293.000000000000
16047156.000000000000
16445714.000000000000
16841740.000000000000
17235002.000000000000
17625282.000000000000
18012370.000000000000
18396046.000000000000
18776116.000000000000
19152386.000000000000
19524670.000000000000
19892780.000000000000
20256554.000000000000
20615808.000000000000
20970392.000000000000
21320148.000000000000
21664920.000000000000
22004572.000000000000
22338966.000000000000
22667966.000000000000
22991448.000000000000
23309290.000000000000
23621382.000000000000
23927612.000000000000
24227880.000000000000
24522082.000000000000
24810136.000000000000
25091954.000000000000
25367436.000000000000
25636524.000000000000
25899140.000000000000
26155220.000000000000
26404696.000000000000
26647516.000000000000
26883628.000000000000
27112980.000000000000
27335532.000000000000
27551248.000000000000
27760088.000000000000
27962026.000000000000
28157030.000000000000
28345084.000000000000
28526176.000000000000
28700280.000000000000
28867388.000000000000
29027504.000000000000
29180610.000000000000
29326724.000000000000
29465842.000000000000
29597974.000000000000
29723134.000000000000
29841332.000000000000
29952578.000000000000
30056912.000000000000
30154352.000000000000
30244924.000000000000
30328656.000000000000
30405588.000000000000
30475746.000000000000
30539174.000000000000
30595918.000000000000
30646014.000000000000
30689514.000000000000
30726460.000000000000
30756906.000000000000
30780908.000000000000
30798520.000000000000
30809800.000000000000
30814800.000000000000
30813590.000000000000
30806234.000000000000
30792794.000000000000
30773334.000000000000
30747920.000000000000
30716632.000000000000
30679538.000000000000
30636706.000000000000
30588210.000000000000
30534132.000000000000
30474552.000000000000
30409540.000000000000
30339178.000000000000
30263544.000000000000
30182726.000000000000
30096798.000000000000
30005856.000000000000
29909968.000000000000
29809236.000000000000
29703730.000000000000
29593546.000000000000
29478768.000000000000
29359490.000000000000
29235788.000000000000
29107764.000000000000
28975500.000000000000
28839090.000000000000
28698616.000000000000
28554180.000000000000
28405862.000000000000
28253752.000000000000
28097952.000000000000
27938544.000000000000
27775618.000000000000
27609266.000000000000
27439586.000000000000
27266666.000000000000
27090592.000000000000
26911458.000000000000
26729358.000000000000
26544376.000000000000
26356600.000000000000
26166132.000000000000
25973050.000000000000
25777448.000000000000
25579414.000000000000
25379032.000000000000
25176404.000000000000
24971598.000000000000
24764716.000000000000
24555838.000000000000
24345046.000000000000
24132438.000000000000
23918086.000000000000
23702076.000000000000
23484496.000000000000
23265428.000000000000
23044952.000000000000
22823150.000000000000
22600102.000000000000
22375888.000000000000
22150580.000000000000
21924276.000000000000
21697028.000000000000
21468930.000000000000
21240052.000000000000
21010470.000000000000
20780248.000000000000
20549474.000000000000
20318216.000000000000
20086534.000000000000
19854510.000000000000
19622210.000000000000
19389700.000000000000
19157048.000000000000
18924320.000000000000
18691584.000000000000
18458900.000000000000
18226336.000000000000
17993952.000000000000
17761800.000000000000
17529950.000000000000
17298460.000000000000
17067388.000000000000
16836792.000000000000
16606722.000000000000
16377238.000000000000
16148389.000000000000
15920228.000000000000
15692814.000000000000
15466189.000000000000
15240409.000000000000
15015515.000000000000
14791560.000000000000
14568588.000000000000
14346642.000000000000
14125771.000000000000
13906015.000000000000
13687537.000000000000
24634796.000000000000
2495882268246016.000000000000
76378167118187678010626277376.000000000000
inf
nan
nan
nan
nan
nan
nan
nan
nan
nan
nan
nan
nan
nan
nan
nan
nan
nan
nan
nan
nan
nan
nan
nan
nan
nan
nan
nan
nan
nan
nan
nan
nan
nan
nan
nan
nan
nan
nan
nan
nan
nan
nan
nan
nan
nan
nan
nan
nan
nan
nan
nan
nan
nan
nan
nan
nan
nan
nan
nan
nan
nan
nan
nan
nan
nan
nan
nan
nan
nan
nan
nan
nan
nan
nan
