4.133600711823
4.132682323456
4.131316184998
4.129518032074
4.127300262451
4.124687194824
4.121696472168
4.118338108063
4.114625930786
4.110573291779
4.106191635132
4.101485252380
4.096456050873
4.091110229492
4.085446357727
4.079466819763
4.073174953461
4.066557407379
4.059616088867
4.052343845367
4.044744491577
4.036815643311
4.028552055359
4.019949913025
4.011008262634
4.001716613770
3.992060661316
3.982019662857
3.971575737000
3.960703849792
3.949374198914
3.937555313110
3.925212383270
3.912307739258
3.898786544800
3.884594202042
3.869684457779
3.854006767273
3.837537050247
3.820274114609
3.802245140076
3.783542156219
3.764314889908
3.744724273682
3.724909067154
3.704936504364
3.684776544571
3.664495468140
3.644363880157
3.624807119370
3.605991840363
3.587578773499
3.569128990173
3.550642490387
3.531930446625
3.512309074402
3.491464614868
3.469929695129
3.448410511017
3.427593708038
3.407618522644
3.388592243195
3.370094299316
3.352802276611
3.336818695068
3.322420597076
3.308718681335
3.294665813446
3.279608964920
3.263121128082
3.245424747467
3.227435350418
3.209945678711
3.193363666534
3.177832603455
3.163430213928
3.149487972260
3.135610103607
3.121422290802
3.106752872467
3.091771364212
3.076621532440
3.060930252075
3.045017004013
3.028903484344
3.012681484222
2.996415138245
2.980191230774
2.964479446411
2.948814868927
2.932840585709
2.916471481323
2.899626493454
2.882230520248
2.864530324936
2.846689701080
2.828945398331
2.811350107193
2.793907642365
2.776593685150
2.759577035904
2.742914438248
2.726674079895
2.710794448853
2.694564580917
2.679062843323
2.664173603058
2.649883031845
2.636032819748
2.622689008713
2.609526634216
2.596489667892
2.583202838898
2.569637775421
2.555837869644
2.541839838028
2.527857780457
2.514155387878
2.500696659088
2.487659454346
2.474779605865
2.461953639984
2.448968887329
2.435785293579
2.422497272491
2.408935308456
2.395500898361
2.381653308868
2.368389606476
2.354813575745
2.342566728592
2.328899383545
2.318755149841
2.305799722672
2.309885740280
2.325817346573
2.466471910477
2.517441034317
2.402953863144
2.346176147461
2.307287454605
2.285727739334
2.269600629807
2.254482984543
2.239105224609
2.225157022476
2.212605237961
2.201513290405
2.192233562469
2.183188199997
2.173566102982
2.163124084473
2.152482032776
2.142339944839
2.133196353912
2.125237226486
2.118310689926
2.112104892731
2.106318473816
2.100502967834
2.094363212585
2.087747335434
2.080585241318
2.072948455811
2.065269947052
2.057483673096
2.049835443497
2.042629718781
2.036189079285
2.030445575714
2.025501251221
2.021293163300
2.017543077469
2.014059066772
2.010600566864
2.007065773010
2.002989530563
1.998500108719
1.993526577950
1.988333582878
1.983148932457
1.978039264679
1.973058581352
1.968249678612
1.963556051254
1.959190607071
1.955084681511
1.951144099236
1.947483778000
1.943996429443
1.940841913223
1.937953829765
1.935434222221
1.933175563812
1.931121945381
1.929260373116
1.927531361580
1.925852537155
1.924323320389
1.922807097435
1.921358585358
1.919772624969
1.918133258820
1.916280508041
1.914449334145
1.912442326546
1.910538911819
1.908424854279
1.906681180000
1.904810070992
1.903436064720
1.901495695114
1.900798201561
1.898576259613
1.898344278336
1.895289421082
1.896484136581
1.891922712326
1.896591424942
1.889880657196
1.908131122589
1.905009865761
1.983348369598
1.996450304985
2.157299995422
1.962264060974
1.926348686218
1.905290126801
1.905622720718
1.905832529068
1.906525373459
1.906188964844
1.904721736908
1.902105808258
1.899016380310
1.895879745483
1.893169641495
1.890630245209
1.888467788696
1.886229038239
1.884470343590
1.882999062538
1.882261514664
1.881957888603
1.882120609283
1.882503747940
1.883177757263
1.883540749550
1.883624911308
1.883624434471
1.883157134056
1.882419228554
1.881430864334
1.880451917648
1.879338026047
1.878449916840
1.877713918686
1.876963615417
1.876829504967
1.876833319664
1.877066612244
1.877024531364
1.877292037010
1.876824617386
1.877882957458
1.875343084335
1.877514362335
1.873960614204
1.887797474861
1.891795158386
2.013965606689
2.043706178665
2.158953666687
1.893063068390
1.903685808182
1.927625417709
1.931416153908
1.931005120277
1.923858880997
1.916453838348
1.909925699234
1.905664324760
1.903157949448
1.901314020157
1.899914026260
1.898787498474
1.898058652878
1.897713541985
1.897892475128
1.898319005966
1.899038076401
1.899519443512
1.899724364281
1.899356007576
1.898957014084
1.898607969284
1.898127675056
1.897889375687
1.897527456284
1.897452592850
1.897372364998
1.897378921509
1.897259593010
1.897061824799
1.896487951279
1.896096944809
1.895534992218
1.895539999008
1.895421028137
1.895076632500
1.894850492477
1.894080638885
1.895543575287
1.894382476807
1.902959823608
1.903170108795
1.936640262604
1.915305972099
1.936728477478
1.908232569695
1.936954021454
1.923034667969
1.989534139633
1.958317756653
1.980796813965
1.918139219284
1.914150953293
1.906300783157
1.906786680222
1.902402877808
1.898874521255
1.892884254456
1.888584733009
1.883398413658
1.881237387657
1.877800703049
1.878948688507
1.875193715096
1.884948492050
1.882459640503
1.931219339371
1.929690718651
2.079306602478
1.921776056290
2.003048896790
1.913692712784
1.920043230057
1.893212795258
1.893373131752
1.881676793098
1.881776332855
1.874142646790
1.873821258545
1.866909742355
1.870541572571
1.867935657501
1.891130566597
1.907620549202
1.976042032242
1.920736312866
1.902806401253
1.893453359604
1.883054018021
1.899879217148
1.886607885361
1.902557969093
1.879460692406
1.887776851654
1.862096548080
1.868551731110
1.850287437439
1.855758666992
1.846020221710
1.850251674652
1.848007798195
1.846683502197
1.853734254837
1.841582179070
1.869222164154
1.842473745346
1.929994940758
1.892486095428
2.045337677002
1.889451503754
1.908816099167
1.839919328690
1.843515753746
1.836117267609
1.830231904984
1.825267314911
1.820917129517
1.817340970039
1.813804864883
1.811213254929
1.807930946350
1.807089328766
1.803771734238
1.811543226242
1.819744348526
1.894940853119
2.033689022064
1.937540769577
1.858389973640
1.839295148849
1.832811117172
1.815084815025
1.803406476974
1.793578863144
1.787513971329
1.781297564507
1.777176976204
1.772993445396
1.771327733994
1.770137429237
1.771837949753
1.772747755051
1.776089072227
1.775263547897
1.776963710785
1.768545150757
1.766905069351
1.752637982368
1.753365516663
1.738596796989
1.749522447586
1.736099958420
1.775495767593
1.782547831535
1.862476229668
1.886578083038
1.978562474251
1.913714885712
1.811455249786
1.773601889610
1.766764044762
1.758844017982
1.750361919403
1.735610008240
1.726717829704
1.717353105545
1.713149070740
1.706834316254
1.704668879509
1.698238849640
1.697708725929
1.689253807068
1.693867206573
1.683172225952
1.703439593315
1.695399522781
1.755073785782
1.736584424973
1.779908537865
1.705664753914
1.713192462921
1.704312324524
1.702427744865
1.699294209480
1.688906431198
1.691985607147
1.674787402153
1.706682324409
1.688806295395
1.764915943146
1.705150008202
1.734276771545
1.684328079224
1.708174467087
1.658634662628
1.662042260170
1.633522987366
1.632950544357
1.622481107712
1.620837688446
1.614614725113
1.612873792648
1.607136011124
1.605172157288
1.598826885223
1.597859025002
1.592504978180
1.600531578064
1.605214357376
1.674862742424
1.761963367462
1.910171627998
1.666950941086
1.684922933578
1.614556074142
1.603255987167
1.598701238632
1.592264652252
1.586323261261
1.578238725662
1.574165821075
1.568143367767
1.571725249290
1.568878889084
1.618745326996
1.681103467941
2.045344829559
1.705651402473
1.733794331551
1.698346376419
1.622820854187
1.621400833130
1.602942228317
1.601786732674
1.595997333527
1.585723638535
1.572171092033
1.558132767677
1.545830965042
1.537183046341
1.530961036682
1.527342796326
1.524649381638
1.523022413254
1.521024346352
1.519514322281
1.514581680298
1.512555360794
1.504078149796
1.507532835007
1.488960266113
1.537644624710
1.523608684540
2.126555442810
1.852695703506
1.780603528023
1.646996140480
1.585776567459
1.597242593765
1.591006278992
1.574095487595
1.554631948471
1.540677785873
1.531865954399
1.527079820633
1.525014877319
1.524130344391
1.522433161736
1.518923044205
1.514163494110
1.509204149246
1.504129886627
1.498998165131
1.493778944016
1.488444447517
1.483725309372
1.479284286499
1.475661039352
1.472077369690
1.470814347267
1.470789313316
1.486596107483
1.525035858154
1.662970781326
1.757650375366
1.728799104691
1.550944209099
1.534296512604
1.510715723038
1.495331645012
1.483529806137
1.468002080917
1.459328651428
1.450839757919
1.446879625320
1.443444609642
1.442648649216
1.439465641975
1.438461661339
1.433493494987
1.434936046600
1.430494308472
1.444836378098
1.458277463913
1.571403503418
1.749416947365
1.988546133041
1.617689609528
1.482058405876
1.465784668922
1.468236446381
1.469406366348
1.468477964401
1.467078447342
1.460251331329
1.451088428497
1.441502094269
1.436337471008
1.433818697929
1.436063170433
1.439866185188
1.463400602341
1.517837762833
1.724253654480
1.742129445076
1.704776287079
1.676203012466
1.506048440933
1.486981630325
1.481370449066
1.484416007996
1.480362415314
1.466895341873
1.450165390968
1.434678316116
1.422378063202
1.413539648056
1.407570719719
1.403938889503
1.401910781860
1.400748968124
1.399000167847
1.397208333015
1.395097732544
1.392825841904
1.389717102051
1.386379718781
1.382335186005
1.378812313080
1.378204822540
1.390918016434
1.481092214584
1.692579984665
2.268557071686
1.796657562256
1.741613626480
1.615149021149
1.638958454132
1.640528202057
1.609506130219
1.574033856392
1.545360565186
1.525032043457
1.510784626007
1.501902580261
1.497394561768
1.493908643723
1.490100622177
1.486111164093
1.482100248337
1.478669643402
1.475596785545
1.472995519638
1.470613002777
1.468013763428
1.464447021484
1.459896087646
1.454772472382
1.449239015579
1.443389177322
1.437454223633
1.431723833084
1.425916194916
1.420401811600
1.414629578590
1.409497737885
1.404525399208
1.399694442749
1.394426465034
1.389944553375
1.385332107544
1.381723642349
1.377532958984
1.374801754951
1.369909048080
1.368491053581
1.362009644508
1.371206283569
1.374729156494
1.485485553741
1.593988656998
1.940135717392
1.727299928665
1.527674674988
1.448277473450
1.414260387421
1.392038583755
1.383902549744
1.377640724182
1.372233390808
1.367422342300
1.363955020905
1.361702084541
1.360342383385
1.358964562416
1.358281135559
1.356747388840
1.355165481567
1.351665496826
1.348202347755
1.342480659485
1.339041829109
1.332778215408
1.334824562073
1.332178592682
1.370456933975
1.443089723587
1.785159707069
1.810027599335
1.566732525826
1.449490427971
1.474891662598
1.417565703392
1.397230863571
1.386913776398
1.379485011101
1.372067689896
1.365181684494
1.359768152237
1.355487585068
1.352296590805
1.349078536034
1.345993757248
1.343536138535
1.341389179230
1.339484930038
1.336515903473
1.332805395126
1.327529788017
1.322066783905
1.316025495529
1.310759305954
1.304751038551
1.300443172455
1.294543504715
1.290404558182
1.283634424210
1.281037569046
1.273162841797
1.273850440979
1.263954401016
1.270797252655
1.254026412964
1.281685352325
1.252584934235
1.395701885223
1.431026220322
2.344161272049
1.690656900406
1.548640012741
1.604739069939
1.441718935966
1.414946794510
1.420290470123
1.403534173965
1.385036706924
1.372221589088
1.365913629532
1.365263700485
1.367841482162
1.370628595352
1.370594978333
1.367144346237
1.361067533493
1.354181766510
1.347658872604
1.341852188110
1.336192011833
1.330780029297
1.325324416161
1.319570064545
1.314025163651
1.308082222939
1.302680850029
1.297038316727
1.291960716248
1.286553382874
1.281464219093
1.275579452515
1.271482348442
1.265103936195
1.264513611794
1.256478071213
1.270324468613
1.269679546356
1.408711075783
1.390137195587
1.733519315720
1.453475594521
1.720946907997
1.600163936615
1.340421319008
1.324103116989
1.331725120544
1.348999977112
1.347392559052
1.329374074936
1.312371015549
1.303756237030
1.300272941589
1.298133730888
1.295540571213
1.292232275009
1.287155151367
1.280788660049
1.274531364441
1.268706440926
1.263193368912
1.258573174477
1.254843711853
1.247486591339
1.251628279686
1.244563817978
1.324461460114
1.391942262650
1.878176212311
1.717933416367
1.415682792664
1.320729732513
1.348201751709
1.331411480904
1.309964895248
1.296223521233
1.289857864380
1.287274837494
1.285412311554
1.282826304436
1.279117822647
1.274547338486
1.270352363586
1.267036914825
1.263412237167
1.259775280952
1.255198955536
1.249985218048
1.244088649750
1.238125920296
1.231481790543
1.225035548210
1.218489170074
1.212830305099
1.206495285034
1.201781868935
1.195745110512
1.192162275314
1.186699032784
1.183911800385
1.180591940880
1.181375980377
1.196382761002
1.250222682953
1.351519584656
1.627844095230
1.624431967735
1.664316892624
1.479011297226
1.384817600250
1.271754503250
1.255668759346
1.251376509666
1.250588417053
1.251305580139
1.252877235413
1.254189610481
1.253654003143
1.251617193222
1.249215841293
1.246473908424
1.243368625641
1.239574432373
1.234723091125
1.228859305382
1.222760200500
1.216987133026
1.211913108826
1.207412481308
1.203158378601
1.198738813400
1.193769693375
1.188303232193
1.182751655579
1.177047848701
1.172576665878
1.166663646698
1.164390087128
1.156654596329
1.160669207573
1.147872686386
1.185819149017
1.190635681152
1.683920621872
2.349391460419
2.891790151596
2.825364351273
2.433367490768
2.369405031204
2.398385047913
2.414611101151
2.417732715607
2.418134927750
2.417037725449
2.412242174149
2.403526067734
2.389492988586
2.366972446442
2.336262941360
2.300261497498
2.263172626495
2.227870941162
2.195049285889
2.166108369827
2.139413356781
2.115948915482
2.092117786407
2.072090625763
2.049406528473
2.040237903595
2.023124694824
2.089916706085
2.227184295654
2.328135967255
2.252500772476
2.101592063904
2.093747615814
2.064521789551
2.037963628769
2.016484737396
1.996083021164
1.978518247604
1.966236114502
1.959555506706
1.959590435028
1.965108990669
1.972359657288
1.977229118347
1.977642178535
1.973792552948
1.967252612114
1.960160493851
1.953613758087
1.948034405708
1.943553924561
1.939863085747
1.936663627625
1.933800101280
1.931396961212
1.929214477539
1.927556157112
1.926273345947
1.925243973732
1.924680829048
1.924467086792
1.924170732498
1.923711419106
1.922930240631
1.921631813049
1.920266032219
1.918746232986
1.917488098145
1.916101932526
1.915039062500
1.914037704468
1.913140058517
1.911817789078
1.910829782486
1.909056425095
1.908014059067
1.905905008316
1.905583381653
1.903719186783
1.904700994492
1.902571201324
1.905543565750
1.902812719345
1.910470604897
1.908705711365
1.928631067276
1.938629150391
1.992402553558
2.012853145599
2.014169931412
1.969898343086
1.922243714333
1.914787292480
1.906980633736
1.910286664963
1.909009337425
1.915906429291
1.913753747940
1.920523881912
1.913895130157
1.916157960892
1.905170917511
1.900640010834
1.891697764397
1.884975433350
1.880316972733
1.874353885651
1.872494459152
1.867658138275
1.866945505142
1.862023472786
1.861644268036
1.856431365013
1.856145858765
1.850410461426
1.849867343903
1.843486309052
1.843175172806
1.836276173592
1.836759567261
1.828539609909
1.832685709000
1.821888804436
1.836415529251
1.824354410172
1.868599057198
1.869720697403
1.950440883636
1.912286281586
1.880060195923
1.800030231476
1.820052862167
1.803046584129
1.807454347610
1.794030070305
1.797107219696
1.784519195557
1.787599682808
1.774010658264
1.779795885086
1.763508796692
1.778345108032
1.756808519363
1.801462173462
1.792340040207
1.967418670654
2.062209606171
2.295629978180
1.892662763596
1.824980735779
1.782358884811
1.791129350662
1.785402774811
1.782291412354
1.776551604271
1.769229173660
1.761105537415
1.752750158310
1.744693040848
1.737414360046
1.730974435806
1.725225925446
1.719475507736
1.713053703308
1.705624103546
1.698088765144
1.690437197685
1.683491945267
1.676509141922
1.670538425446
1.663990020752
1.658631324768
1.652514696121
1.646685123444
1.640683650970
1.635472178459
1.635239601135
1.646437883377
1.717376947403
1.855816006660
2.152571678162
1.932656049728
1.749147653580
1.649760007858
1.659580469131
1.635652303696
1.635192871094
1.635113000870
1.629729270935
1.619948387146
1.609219670296
1.600203514099
1.593037843704
1.586009263992
1.579002976418
1.570849657059
1.562512159348
1.553923368454
1.546904921532
1.538569450378
1.532241582870
1.522547006607
1.519828081131
1.506715774536
1.518984794617
1.500817894936
1.646983265877
1.730107545853
2.773504734039
1.730518341064
1.551100254059
1.581486701965
1.583148479462
1.578902482986
1.568901538849
1.554216623306
1.538449048996
1.524292230606
1.512490987778
1.502501487732
1.494266033173
1.486816167831
1.479559779167
1.472541332245
1.466325998306
1.460955381393
1.455993413925
1.451539516449
1.447493076324
1.443078994751
1.438455581665
1.433416962624
1.427988290787
1.422068595886
1.415912151337
1.409340739250
1.402525663376
1.395963430405
1.389456033707
1.383155345917
1.376801967621
1.370449542999
1.363545179367
1.356272459030
1.348843097687
1.341317415237
1.333871483803
1.326749324799
1.320305824280
1.313342809677
1.308359146118
1.301441192627
1.298695564270
1.290067791939
1.294923543930
1.286354422569
1.336811065674
1.392841815948
1.666672706604
1.738427042961
1.456531405449
1.459650993347
1.390207767487
1.353423833847
1.325743675232
1.313232898712
1.306724786758
1.305125713348
1.302385330200
1.301176667213
1.295167922974
1.294442415237
1.286952257156
1.291681051254
1.283760547638
1.297513008118
1.288825273514
1.315943002701
1.302541017532
1.328122854233
1.298133850098
1.297792673111
1.266904234886
1.260054588318
1.243404865265
1.243912339211
1.231419324875
1.234596252441
1.222253084183
1.227769851685
1.215525627136
1.225216746330
1.214178800583
1.232281208038
1.223285913467
1.254192829132
1.238469839096
1.257586002350
1.227721452713
1.212259173393
1.193687200546
1.179517269135
1.172737360001
1.168363094330
1.161243438721
1.165329933167
1.156468749046
1.174058079720
1.167111873627
1.210683465004
1.210811614990
1.265820741653
1.216633081436
1.233698368073
1.158415317535
1.169418215752
1.159566402435
1.173422574997
1.169987678528
1.176334857941
1.169400095940
1.154604077339
1.144376635551
1.122152090073
1.122442126274
1.106345653534
1.112504720688
1.097746372223
1.107402086258
1.090310692787
1.108481049538
1.084416627884
1.124363422394
1.087569475174
1.193417549133
1.141271352768
1.340595483780
1.208840131760
1.190953254700
1.135108232498
1.133993864059
1.128726124763
1.155984640121
1.135115385056
1.191711187363
1.160614728928
1.215309381485
1.141988515854
1.143878698349
1.079140424728
1.079148054123
1.066870689392
1.065827131271
1.068418979645
1.061513423920
1.084085702896
1.078631401062
1.195240259171
1.272471666336
1.874405145645
1.614988327026
1.283872604370
1.244672298431
1.197188615799
1.178256034851
1.164945125580
1.157044053078
1.149318695068
1.144857168198
1.143252253532
1.140775203705
1.137248873711
1.130608677864
1.127586483955
1.119199395180
1.121025443077
1.108649611473
1.132161617279
1.120309233665
1.324254631996
1.538564920425
1.890650153160
1.632194519043
1.442400097847
1.392735958099
1.287559509277
1.250885248184
1.230619430542
1.219362020493
1.216440439224
1.215123414993
1.210709810257
1.205665588379
1.200275897980
1.193145036697
1.183489084244
1.173623323441
1.162589788437
1.154646277428
1.145259141922
1.140074133873
1.131346225739
1.129403591156
1.118757605553
1.127352237701
1.111988902092
1.173937082291
1.208485484123
1.713264703751
1.997071623802
1.519130229950
1.215820312500
1.226145863533
1.231604337692
1.220859289169
1.214352130890
1.211125850677
1.208675980568
1.204947471619
1.199612498283
1.193588376045
1.187601327896
1.182030081749
1.177770376205
1.173816561699
1.170815110207
1.168033003807
1.164645195007
1.160906195641
1.156678080559
1.152461290359
1.148763418198
1.145115971565
1.141917943954
1.138086557388
1.134287238121
1.130042195320
1.125465154648
1.121271252632
1.116658449173
1.112529039383
1.108188629150
1.106401681900
1.106129407883
1.119830965996
1.178850769997
1.419882774353
2.328590154648
2.950062274933
2.148242473602
1.792972564697
1.750933170319
1.747287988663
1.750672698021
1.745027303696
1.727100491524
1.700056076050
1.670508861542
1.643783688545
1.622506380081
1.607148289680
1.595461726189
1.584604024887
1.575465559959
1.571708679199
1.575742244720
1.587578892708
1.604799747467
1.621328234673
1.632209420204
1.633673906326
1.625445365906
1.610028266907
1.590103387833
1.568998575211
1.548520326614
1.531777262688
1.518114566803
1.508080482483
1.500399231911
1.494256973267
1.489017963409
1.484240055084
1.479663729668
1.475432395935
1.470970153809
1.466660022736
1.463162899017
1.460030913353
1.457457304001
1.454567432404
1.451910376549
1.448806047440
1.446428060532
1.443553090096
1.440906763077
1.437517523766
1.434255599976
1.429912328720
1.425940752029
1.422163009644
1.419405698776
1.419122695923
1.429131507874
1.468520045280
1.613694190979
1.961926460266
2.360915184021
1.918800354004
1.978766322136
1.799182176590
1.696694850922
1.642403125763
1.618620038033
1.602564573288
1.591348290443
1.585014224052
1.581180334091
1.578509688377
1.577866911888
1.577143788338
1.575544118881
1.574348211288
1.573427677155
1.573109507561
1.573396086693
1.572933197021
1.570918083191
1.566265106201
1.559304833412
1.550637841225
1.541507244110
1.532902479172
1.525258064270
1.518587827682
1.513109683990
1.508914947510
1.505346417427
1.502892255783
1.500756502151
1.499062776566
1.497214198112
1.495780944824
1.494178771973
1.492406964302
1.490694046021
1.488997459412
1.487064599991
1.484667062759
1.481877088547
1.478485584259
1.474581241608
1.470013856888
1.466134071350
1.461492300034
1.458227634430
1.453681707382
1.451248884201
1.446361780167
1.445263028145
1.439472436905
1.441140413284
1.432811737061
1.441203236580
1.428027629852
1.452158093452
1.435508728027
1.502286434174
1.488897323608
1.550736665726
1.448652505875
1.446881294250
1.415353059769
1.418192744255
1.411784529686
1.407952666283
1.404358386993
1.400744676590
1.397088527679
1.393431067467
1.389882922173
1.386854171753
1.383793354034
1.380776643753
1.377787947655
1.374538183212
1.371176481247
1.367537736893
1.363649249077
1.359440803528
1.355379223824
1.351062893867
1.346772193909
1.342451334000
1.338346004486
1.334460258484
1.330440759659
1.326960563660
1.322893261909
1.320445060730
1.315890192986
1.316694974899
1.312659502029
1.336438536644
1.367860794067
1.619796752930
1.603448629379
1.627721905708
1.369357347488
1.348859667778
1.339313507080
1.330161571503
1.324062108994
1.318398952484
1.314294099808
1.309128761292
1.303703546524
1.298178076744
1.293600320816
1.290623545647
1.288699865341
1.286880850792
1.283827185631
1.280248641968
1.273714661598
1.267993688583
1.259468793869
1.255606770515
1.247923970222
1.252829313278
1.260075449944
1.309411287308
1.374088287354
1.517259359360
1.351957559586
1.307860016823
1.230126261711
1.237306356430
1.228138566017
1.231581211090
1.221395850182
1.222088217735
1.210532188416
1.212748527527
1.199297428131
1.210255742073
1.191179513931
1.236185193062
1.226944088936
1.490287303925
1.708323955536
1.628652095795
1.329591989517
1.318406820297
1.281670570374
1.260581254959
1.245047807693
1.235880851746
1.228053808212
1.220598101616
1.212782144547
1.205006003380
1.198620080948
1.193842411041
1.190838456154
1.188455820084
1.185447096825
1.181454658508
1.176068663597
1.169811844826
1.163555622101
1.157596707344
1.152424454689
1.147918939590
1.144402861595
1.140981674194
1.138457894325
1.134967088699
1.132463932037
1.127081751823
1.125582814217
1.117642998695
1.125851035118
1.121195673943
1.201825857162
1.263717651367
1.920812368393
1.394190311432
1.276598453522
1.198443531990
1.169293403625
1.160160541534
1.153012990952
1.151620149612
1.149650692940
1.147773146629
1.145300269127
1.142345666885
1.139587044716
1.136728167534
1.133505821228
1.129811286926
1.125684142113
1.120737671852
1.114809513092
1.108225941658
1.101477146149
1.094776153564
1.088209152222
1.082226276398
1.076507806778
1.071412682533
1.066202878952
1.062315702438
1.056538939476
1.058136582375
1.054557323456
1.124132275581
1.416575908661
3.118677616119
3.683511257172
4.076739788055
3.189716339111
3.132545709610
2.779110908508
2.810743331909
2.864326477051
2.891402006149
2.889828205109
2.857753753662
2.827056407928
2.803295373917
2.791260242462
2.839028358459
3.486822605133
6.835963249207
6.744940280914
122.284271240234
3.516407012939
4.070003986359
4.858476161957
5.879631042480
7.046825885773
8.400935173035
9.977458000183
11.736721992493
13.673990249634
15.782321929932
18.058168411255
20.491548538208
23.079223632812
25.841594696045
28.701728820801
31.698211669922
34.831813812256
38.088939666748
41.463741302490
44.950641632080
48.542602539062
52.233684539795
56.018779754639
59.892665863037
63.849826812744
67.884658813477
71.994194030762
76.173782348633
80.418197631836
84.722221374512
89.080131530762
93.488006591797
97.941123962402
102.435409545898
106.964630126953
111.527763366699
116.118423461914
120.740600585938
125.370605468750
130.029144287109
134.687683105469
139.361984252930
144.042007446289
148.723052978516
153.402923583984
158.076644897461
162.742126464844
167.395339965820
172.034606933594
176.656524658203
181.272644042969
185.838989257812
190.397903442383
194.914733886719
199.410461425781
203.863403320312
208.286987304688
212.667907714844
217.011108398438
221.309295654297
225.573715209961
229.764663696289
233.925308227539
238.040374755859
242.075866699219
246.075729370117
250.009735107422
253.888214111328
257.708190917969
261.466644287109
265.165222167969
268.787048339844
272.349273681641
275.871582031250
279.354461669922
283.185791015625
286.275848388672
289.790557861328
467.113342285156
388.514953613281
7464.368652343750
41453.035156250000
91894.867187500000
161453.421875000000
249422.953125000000
355330.906250000000
478523.656250000000
618407.187500000000
774394.937500000000
945907.625000000000
1132422.500000000000
1333234.750000000000
1547929.250000000000
1775909.750000000000
2016634.500000000000
2269568.750000000000
2534187.750000000000
2809971.250000000000
3096409.000000000000
3392999.000000000000
3699244.500000000000
4014659.500000000000
4338764.500000000000
4671087.000000000000
5011165.000000000000
5358540.500000000000
5712768.000000000000
6073406.000000000000
6440022.000000000000
6812196.500000000000
7189507.500000000000
7571550.000000000000
7957923.000000000000
8348234.000000000000
8742097.000000000000
9139137.000000000000
9538985.000000000000
9941282.000000000000
10345668.000000000000
10751802.000000000000
11159344.000000000000
11567968.000000000000
11977344.000000000000
12387165.000000000000
12797114.000000000000
13206898.000000000000
13616226.000000000000
14024816.000000000000
14432415.000000000000
14838656.000000000000
15243376.000000000000
15646293.000000000000
16047156.000000000000
16445714.000000000000
16841740.000000000000
17235002.000000000000
17625282.000000000000
18012370.000000000000
18396046.000000000000
18776116.000000000000
19152386.000000000000
19524670.000000000000
19892780.000000000000
20256554.000000000000
20615808.000000000000
20970392.000000000000
21320148.000000000000
21664920.000000000000
22004572.000000000000
22338966.000000000000
22667966.000000000000
22991448.000000000000
23309290.000000000000
23621382.000000000000
23927612.000000000000
24227880.000000000000
24522082.000000000000
24810136.000000000000
25091954.000000000000
25367436.000000000000
25636524.000000000000
25899140.000000000000
26155220.000000000000
26404696.000000000000
26647516.000000000000
26883628.000000000000
27112980.000000000000
27335532.000000000000
27551248.000000000000
27760088.000000000000
27962026.000000000000
28157030.000000000000
28345084.000000000000
28526176.000000000000
28700280.000000000000
28867388.000000000000
29027504.000000000000
29180610.000000000000
29326724.000000000000
29465842.000000000000
29597974.000000000000
29723134.000000000000
29841332.000000000000
29952578.000000000000
30056912.000000000000
30154352.000000000000
30244924.000000000000
30328656.000000000000
30405588.000000000000
30475746.000000000000
30539174.000000000000
30595918.000000000000
30646014.000000000000
30689514.000000000000
30726460.000000000000
30756906.000000000000
30780908.000000000000
30798520.000000000000
30809800.000000000000
30814800.000000000000
30813590.000000000000
30806234.000000000000
30792794.000000000000
30773334.000000000000
30747920.000000000000
30716632.000000000000
30679538.000000000000
30636706.000000000000
30588210.000000000000
30534132.000000000000
30474552.000000000000
30409540.000000000000
30339178.000000000000
30263544.000000000000
30182726.000000000000
30096798.000000000000
30005856.000000000000
29909968.000000000000
29809236.000000000000
29703730.000000000000
29593546.000000000000
29478768.000000000000
29359490.000000000000
29235788.000000000000
29107764.000000000000
28975500.000000000000
28839090.000000000000
28698616.000000000000
28554180.000000000000
28405862.000000000000
28253752.000000000000
28097952.000000000000
27938544.000000000000
27775618.000000000000
27609266.000000000000
27439586.000000000000
27266666.000000000000
27090592.000000000000
26911458.000000000000
26729358.000000000000
26544376.000000000000
26356600.000000000000
26166132.000000000000
25973050.000000000000
25777448.000000000000
25579414.000000000000
25379032.000000000000
25176404.000000000000
24971598.000000000000
24764716.000000000000
24555838.000000000000
24345046.000000000000
24132438.000000000000
23918086.000000000000
23702076.000000000000
23484496.000000000000
23265428.000000000000
23044952.000000000000
22823150.000000000000
22600102.000000000000
22375888.000000000000
22150580.000000000000
21924276.000000000000
21697028.000000000000
21468930.000000000000
21240052.000000000000
21010470.000000000000
20780248.000000000000
20549474.000000000000
20318216.000000000000
20086534.000000000000
19854510.000000000000
19622210.000000000000
19389700.000000000000
19157048.000000000000
18924320.000000000000
18691584.000000000000
18458900.000000000000
18226336.000000000000
17993952.000000000000
17761800.000000000000
17529950.000000000000
17298460.000000000000
17067388.000000000000
16836792.000000000000
16606722.000000000000
16377238.000000000000
16148389.000000000000
15920228.000000000000
15692814.000000000000
15466189.000000000000
15240409.000000000000
15015515.000000000000
14791560.000000000000
14568588.000000000000
14346642.000000000000
14125771.000000000000
13906015.000000000000
13687541.000000000000
25787440.000000000000
2277643168776192.000000000000
76378167118187678010626277376.000000000000
inf
nan
nan
nan
nan
nan
nan
nan
nan
nan
nan
nan
nan
nan
nan
nan
nan
nan
nan
nan
nan
nan
nan
nan
nan
nan
nan
nan
nan
nan
nan
nan
nan
nan
nan
nan
nan
nan
nan
nan
nan
nan
nan
nan
nan
nan
nan
nan
nan
nan
nan
nan
nan
nan
nan
nan
nan
nan
nan
nan
nan
nan
nan
nan
nan
nan
nan
nan
nan
nan
nan
nan
nan
nan
nan
