0.096153846154
0.096153846154
0.096153846154
0.096153846154
0.098416289593
0.102941176471
0.123303167421
0.134615384615
0.141402714932
0.147058823529
0.141402714932
0.141402714932
0.135746606335
0.141402714932
0.135746606335
0.132352941176
0.128959276018
0.126696832579
0.118778280543
0.121040723982
0.115384615385
0.123303167421
0.124434389140
0.122171945701
0.121040723982
0.127828054299
0.135746606335
0.132352941176
0.139140271493
0.139140271493
0.133484162896
0.134615384615
0.144796380090
0.150452488688
0.149321266968
0.159502262443
0.178733031674
0.188914027149
0.195701357466
0.132352941176
0.109728506787
0.207013574661
0.130090497738
0.167420814480
0.080316742081
0.110859728507
0.080316742081
0.102941176471
0.084841628959
0.132352941176
0.099547511312
0.167420814480
0.123303167421
0.201357466063
0.145927601810
0.199095022624
0.169683257919
0.156108597285
0.184389140271
0.158371040724
0.188914027149
0.170814479638
0.218325791855
0.214932126697
0.201357466063
0.179864253394
0.193438914027
0.207013574661
0.223981900452
0.171945701357
0.211538461538
0.219457013575
0.164027149321
0.101809954751
0.109728506787
0.159502262443
0.121040723982
0.170814479638
0.144796380090
0.207013574661
0.133484162896
0.182126696833
0.184389140271
0.195701357466
0.180995475113
0.188914027149
0.218325791855
0.201357466063
0.187782805430
0.185520361991
0.166289592760
0.183257918552
0.107466063348
0.121040723982
0.082579185520
0.154977375566
0.100678733032
0.118778280543
0.095022624434
0.141402714932
