0.152284263959
0.152284263959
0.152284263959
0.152284263959
0.152284263959
0.160406091371
0.181725888325
0.196954314721
0.241624365482
0.229441624365
0.226395939086
0.230456852792
0.223350253807
0.223350253807
0.217258883249
0.214213197970
0.209137055838
0.216243654822
0.213197969543
0.217258883249
0.222335025381
0.227411167513
0.238578680203
0.241624365482
0.238578680203
0.245685279188
0.247715736041
0.249746192893
0.254822335025
0.268020304569
0.267005076142
0.275126903553
0.284263959391
0.284263959391
0.278172588832
0.272081218274
0.258883248731
0.256852791878
0.223350253807
0.152284263959
0.086294416244
0.209137055838
0.064974619289
0.100507614213
0.030456852792
0.068020304569
0.031472081218
0.054822335025
0.029441624365
0.058883248731
0.038578680203
0.089340101523
0.046700507614
0.193908629442
0.073096446701
0.225380710660
0.136040609137
0.213197969543
0.155329949239
0.187817258883
0.139086294416
0.136040609137
0.146192893401
0.109644670051
0.095431472081
0.057868020305
0.084263959391
0.091370558376
0.143147208122
0.071065989848
0.100507614213
0.134010152284
0.105583756345
0.138071065990
0.137055837563
0.112690355330
0.216243654822
0.175634517766
0.256852791878
0.247715736041
0.263959390863
0.281218274112
0.276142131980
0.265989847716
0.253807106599
0.281218274112
0.239593908629
0.208121827411
0.207106598985
0.275126903553
0.130964467005
0.188832487310
0.110659898477
0.262944162437
0.031472081218
0.084263959391
0.064974619289
0.096446700508
0.059898477157
0.111675126904
