0.110813226095
0.110813226095
0.110813226095
0.110813226095
0.109919571046
0.113494191242
0.112600536193
0.123324396783
0.130473637176
0.133154602324
0.126899016979
0.124218051832
0.105451295800
0.102770330652
0.093833780161
0.092940125112
0.084003574620
0.082216264522
0.080428954424
0.084003574620
0.080428954424
0.084897229669
0.085790884718
0.098302055407
0.100983020554
0.103663985702
0.108132260947
0.115281501340
0.122430741734
0.132260947274
0.141197497766
0.157283288651
0.163538873995
0.175156389634
0.180518319929
0.188561215371
0.190348525469
0.200178731010
0.184986595174
0.123324396783
0.136729222520
0.146559428061
0.134941912422
0.147453083110
0.092940125112
0.120643431635
0.093833780161
0.113494191242
0.088471849866
0.125111706881
0.101876675603
0.149240393208
0.112600536193
0.181411974978
0.130473637176
0.182305630027
0.153708668454
0.151921358356
0.166219839142
0.129579982127
0.163538873995
0.131367292225
0.176943699732
0.158176943700
0.152815013405
0.118856121537
0.144772117962
0.166219839142
0.197497765862
0.117068811439
0.171581769437
0.186773905273
0.157283288651
0.108132260947
0.109919571046
0.118856121537
0.096514745308
0.135835567471
0.169794459339
0.184986595174
0.174262734584
0.176943699732
0.192135835567
0.182305630027
0.193029490617
0.191242180518
0.218051831993
0.201966041108
0.201072386059
0.201966041108
0.161751563896
0.168007149240
0.149240393208
0.174262734584
0.080428954424
0.127792672029
0.100089365505
0.117068811439
0.090259159964
0.149240393208
