0.051166965889
0.051166965889
0.051166965889
0.051166965889
0.052064631957
0.055655296230
0.078994614004
0.088868940754
0.113105924596
0.121184919210
0.121184919210
0.122980251346
0.120287253142
0.119389587074
0.119389587074
0.119389587074
0.114901256732
0.115798922801
0.114003590664
0.114901256732
0.115798922801
0.120287253142
0.124775583483
0.131059245961
0.132854578097
0.134649910233
0.142728904847
0.144524236984
0.149910233393
0.156193895871
0.165170556553
0.168761220826
0.184021543986
0.180430879713
0.184919210054
0.190305206463
0.192100538600
0.199281867145
0.210951526032
0.087971274686
0.172351885099
0.175044883303
0.146319569120
0.172351885099
0.113105924596
0.140035906643
0.115798922801
0.137342908438
0.118491921005
0.163375224417
0.136445242370
0.178635547576
0.150807899461
0.208258527828
0.169658886894
0.212746858169
0.181328545781
0.155296229803
0.187612208259
0.135547576302
0.193895870736
0.137342908438
0.204667863555
0.200179533214
0.193895870736
0.122980251346
0.161579892280
0.216337522442
0.269299820467
0.130161579892
0.192998204668
0.195691202873
0.177737881508
0.061041292639
0.064631956912
0.101436265709
0.149012567325
0.176840215440
0.235188509874
0.254039497307
0.247755834829
0.254039497307
0.289946140036
0.254039497307
0.291741472172
0.253141831239
0.297127468582
0.230700179533
0.282764811490
0.226211849192
0.192998204668
0.173249551167
0.175044883303
0.213644524237
0.118491921005
0.121184919210
0.178635547576
0.225314183124
0.171454219031
0.219928186715
