0.119932432432
0.119932432432
0.119932432432
0.119932432432
0.119932432432
0.122466216216
0.130067567568
0.133445945946
0.137668918919
0.135135135135
0.125844594595
0.124155405405
0.114020270270
0.112331081081
0.101351351351
0.104729729730
0.093750000000
0.096283783784
0.094594594595
0.097972972973
0.100506756757
0.103040540541
0.106418918919
0.115709459459
0.125000000000
0.132601351351
0.138513513514
0.146114864865
0.152871621622
0.161317567568
0.180743243243
0.191722972973
0.193412162162
0.196790540541
0.201858108108
0.211993243243
0.195101351351
0.217905405405
0.188344594595
0.135135135135
0.132601351351
0.152027027027
0.130912162162
0.141891891892
0.096283783784
0.122466216216
0.094594594595
0.118243243243
0.095439189189
0.126689189189
0.107263513514
0.149493243243
0.119087837838
0.190033783784
0.133445945946
0.198479729730
0.155405405405
0.156250000000
0.173141891892
0.138513513514
0.170608108108
0.146114864865
0.182432432432
0.176520270270
0.157094594595
0.114864864865
0.148648648649
0.172297297297
0.200168918919
0.125844594595
0.174831081081
0.187500000000
0.168918918919
0.112331081081
0.117398648649
0.120777027027
0.144425675676
0.167229729730
0.193412162162
0.205236486486
0.202702702703
0.212837837838
0.218750000000
0.207770270270
0.213682432432
0.214527027027
0.237331081081
0.210304054054
0.217905405405
0.231418918919
0.172297297297
0.169763513514
0.160472972973
0.194256756757
0.102195945946
0.123310810811
0.135135135135
0.158783783784
0.134290540541
0.165540540541
