0.138823529412
0.138823529412
0.138823529412
0.138823529412
0.137647058824
0.143529411765
0.165882352941
0.185882352941
0.200000000000
0.202352941176
0.200000000000
0.192941176471
0.178823529412
0.175294117647
0.170588235294
0.170588235294
0.169411764706
0.165882352941
0.162352941176
0.155294117647
0.157647058824
0.151764705882
0.158823529412
0.158823529412
0.156470588235
0.163529411765
0.165882352941
0.185882352941
0.192941176471
0.196470588235
0.197647058824
0.204705882353
0.207058823529
0.221176470588
0.212941176471
0.225882352941
0.217647058824
0.250588235294
0.210588235294
0.163529411765
0.117647058824
0.202352941176
0.117647058824
0.144705882353
0.095294117647
0.117647058824
0.095294117647
0.116470588235
0.095294117647
0.125882352941
0.109411764706
0.154117647059
0.123529411765
0.191764705882
0.132941176471
0.192941176471
0.154117647059
0.154117647059
0.172941176471
0.135294117647
0.171764705882
0.127058823529
0.171764705882
0.152941176471
0.172941176471
0.101176470588
0.111764705882
0.120000000000
0.154117647059
0.123529411765
0.172941176471
0.191764705882
0.170588235294
0.127058823529
0.129411764706
0.136470588235
0.101176470588
0.121176470588
0.128235294118
0.160000000000
0.114117647059
0.141176470588
0.150588235294
0.160000000000
0.144705882353
0.161176470588
0.178823529412
0.188235294118
0.167058823529
0.191764705882
0.176470588235
0.176470588235
0.098823529412
0.132941176471
0.095294117647
0.138823529412
0.092941176471
0.072941176471
0.096470588235
0.109411764706
