0.158034528552
0.158034528552
0.158034528552
0.158034528552
0.156706507304
0.160690571049
0.176626826029
0.195219123506
0.199203187251
0.200531208499
0.181938911023
0.180610889774
0.164674634794
0.160690571049
0.146082337317
0.144754316069
0.139442231076
0.138114209827
0.134130146082
0.130146082337
0.123505976096
0.123505976096
0.128818061089
0.127490039841
0.127490039841
0.131474103586
0.134130146082
0.148738379814
0.151394422311
0.164674634794
0.184594953519
0.185922974768
0.195219123506
0.213811420983
0.217795484728
0.209827357238
0.225763612218
0.217795484728
0.223107569721
0.147410358566
0.184594953519
0.134130146082
0.192563081009
0.196547144754
0.171314741036
0.184594953519
0.169986719788
0.180610889774
0.167330677291
0.180610889774
0.167330677291
0.187250996016
0.172642762284
0.200531208499
0.184594953519
0.195219123506
0.207171314741
0.096945551129
0.201859229748
0.087649402390
0.203187250996
0.070385126162
0.199203187251
0.163346613546
0.189907038513
0.038512616202
0.079681274900
0.096945551129
0.139442231076
0.070385126162
0.193891102258
0.231075697211
0.220451527224
0.135458167331
0.135458167331
0.103585657371
0.082337317397
0.096945551129
0.162018592297
0.147410358566
0.171314741036
0.139442231076
0.164674634794
0.131474103586
0.158034528552
0.160690571049
0.179282868526
0.162018592297
0.192563081009
0.220451527224
0.229747675963
0.151394422311
0.140770252324
0.128818061089
0.166002656042
0.104913678619
0.150066401062
0.124833997344
0.139442231076
0.135458167331
