0.131952017448
0.131952017448
0.131952017448
0.131952017448
0.130861504907
0.138495092694
0.172300981461
0.177753544166
0.215921483097
0.215921483097
0.200654307525
0.202835332606
0.195201744820
0.190839694656
0.179934569248
0.181025081788
0.182115594329
0.185387131952
0.177753544166
0.184296619411
0.185387131952
0.187568157034
0.184296619411
0.185387131952
0.190839694656
0.196292257361
0.208287895311
0.207197382770
0.210468920393
0.223555070883
0.229007633588
0.231188658670
0.244274809160
0.245365321701
0.244274809160
0.250817884406
0.250817884406
0.252998909487
0.233369683751
0.157033805889
0.109051254089
0.222464558342
0.135223555071
0.153762268266
0.090512540894
0.124318429662
0.091603053435
0.116684841876
0.095965103599
0.138495092694
0.107960741549
0.166848418757
0.124318429662
0.232279171210
0.150490730643
0.250817884406
0.177753544166
0.199563794984
0.187568157034
0.185387131952
0.188658669575
0.159214830971
0.208287895311
0.211559432933
0.189749182116
0.141766630316
0.147219193021
0.162486368593
0.182115594329
0.152671755725
0.217011995638
0.227917121047
0.181025081788
0.136314067612
0.137404580153
0.152671755725
0.176663031625
0.178844056707
0.171210468920
0.197382769902
0.163576881134
0.205016357688
0.208287895311
0.209378407852
0.193020719738
0.212649945474
0.221374045802
0.211559432933
0.196292257361
0.224645583424
0.196292257361
0.218102508179
0.099236641221
0.179934569248
0.090512540894
0.109051254089
0.080697928026
0.077426390403
0.076335877863
0.095965103599
