0.097172236504
0.098200514139
0.097172236504
0.096143958869
0.096143958869
0.093573264781
0.093059125964
0.092544987147
0.092030848329
0.092544987147
0.092544987147
0.092544987147
0.092544987147
0.092544987147
0.092544987147
0.092544987147
0.092544987147
0.092544987147
0.092544987147
0.092544987147
0.092544987147
0.092544987147
0.092544987147
0.092544987147
0.092544987147
0.093059125964
0.093573264781
0.094087403599
0.095115681234
0.096658097686
0.098200514139
0.101285347044
0.103856041131
0.109511568123
0.112082262211
0.115681233933
0.125449871465
0.129048843188
0.133161953728
0.140359897172
0.143444730077
0.147043701799
0.153727506427
0.159383033419
0.161953727506
0.163496143959
0.165038560411
0.167095115681
0.168637532134
0.170694087404
0.170179948586
0.168637532134
0.169665809769
0.171208226221
0.169665809769
0.171722365039
0.169151670951
0.169151670951
0.168637532134
0.169665809769
0.170694087404
0.170179948586
0.173778920308
0.177377892031
0.179948586118
0.185089974293
0.186632390746
0.188688946015
0.193316195373
0.189203084833
0.197943444730
0.196401028278
0.202570694087
0.205141388175
0.206683804627
0.210282776350
0.211311053985
0.212853470437
0.213367609254
0.214395886889
0.216966580977
0.221079691517
0.221593830334
0.224678663239
0.225192802057
0.225192802057
0.224164524422
0.225192802057
0.224164524422
0.226221079692
0.228277634961
0.230334190231
0.229305912596
0.230334190231
0.227763496144
0.229305912596
0.230848329049
0.231362467866
0.230848329049
0.227763496144
0.231362467866
0.230848329049
0.232904884319
0.233419023136
0.236503856041
0.236503856041
0.238560411311
0.239074550129
0.238046272494
0.239074550129
0.240102827763
0.241645244216
0.243187660668
0.246272493573
0.245758354756
0.245244215938
0.246272493573
0.247300771208
0.245758354756
0.246786632391
0.248843187661
0.247814910026
0.248843187661
0.250385604113
0.249871465296
0.249357326478
0.252956298201
0.253984575835
0.252956298201
0.253470437018
0.253470437018
0.257069408740
0.257069408740
0.259640102828
0.261696658098
0.262210796915
0.261182519280
0.261182519280
0.264781491003
0.265809768638
0.267352185090
0.269922879177
0.272493573265
0.271465295630
0.274550128535
0.275578406170
0.277634961440
0.279691516710
0.282262210797
0.283804627249
0.285347043702
0.286375321337
0.285347043702
0.291516709512
0.286375321337
0.288431876607
0.280205655527
0.255526992288
0.189717223650
0.145501285347
0.251413881748
0.263753213368
0.270437017995
0.268380462725
0.273521850900
0.275064267352
0.283290488432
0.283290488432
0.282776349614
0.284318766067
0.285347043702
0.282776349614
0.285347043702
0.286889460154
0.287403598972
0.292544987147
0.291516709512
0.291002570694
0.292544987147
0.294087403599
0.298200514139
0.298200514139
0.304370179949
0.301285347044
0.300771208226
0.298200514139
0.299228791774
0.302827763496
0.304884318766
0.306426735219
0.305912596401
0.306940874036
0.306940874036
0.308997429306
0.311568123393
0.312082262211
0.314652956298
0.316195372751
0.317737789203
0.319280205656
0.319794344473
0.320822622108
0.320822622108
0.321850899743
0.323393316195
0.323393316195
0.326478149100
0.325964010283
0.327506426735
0.328534704370
0.329048843188
0.330591259640
0.330591259640
0.330077120823
0.332133676093
0.330077120823
0.327506426735
0.315681233933
0.300257069409
0.222107969152
0.166580976864
0.242159383033
0.260668380463
0.281233933162
0.302827763496
0.300771208226
0.294601542416
0.288946015424
0.289974293059
0.287917737789
0.290488431877
0.296143958869
0.305398457584
0.304370179949
0.301285347044
0.304884318766
0.311568123393
0.314138817481
0.319280205656
0.321336760925
0.316709511568
0.314652956298
0.314138817481
0.314652956298
0.317223650386
0.321336760925
0.326478149100
0.330591259640
0.332647814910
0.335732647815
0.336760925450
0.335218508997
0.333676092545
0.334704370180
0.335218508997
0.336246786632
0.335218508997
0.340359897172
0.340874035990
0.340359897172
0.341902313625
0.340359897172
0.341388174807
0.339845758355
0.339845758355
0.341902313625
0.341902313625
0.342416452442
0.343444730077
0.344473007712
0.343444730077
0.343444730077
0.343958868895
0.345501285347
0.343958868895
0.346529562982
0.348586118252
0.349100257069
0.350642673522
0.354755784062
0.353727506427
0.359383033419
0.355269922879
0.366066838046
0.355784061697
0.352699228792
0.312082262211
0.207712082262
0.208740359897
0.270951156812
0.324935732648
0.336760925450
0.344473007712
0.352185089974
0.349100257069
0.348071979434
0.347043701799
0.344473007712
0.346015424165
0.341902313625
0.339845758355
0.341388174807
0.339845758355
0.342416452442
0.344473007712
0.347043701799
0.351156812339
0.352699228792
0.355269922879
0.355269922879
0.355269922879
0.359383033419
0.362982005141
0.364524421594
0.365038560411
0.367609254499
0.369151670951
0.374293059126
0.376349614396
0.376863753213
0.379948586118
0.380976863753
0.382519280206
0.387146529563
0.390231362468
0.390745501285
0.391259640103
0.388688946015
0.390231362468
0.388174807198
0.388174807198
0.387660668380
0.389717223650
0.390231362468
0.391773778920
0.393316195373
0.397429305913
0.395886889460
0.397429305913
0.399485861183
0.400514138817
0.392802056555
0.395886889460
0.378920308483
0.343444730077
0.244730077121
0.327506426735
0.394858611825
0.386118251928
0.402570694087
0.399485861183
0.396915167095
0.389717223650
0.387146529563
0.377892030848
0.376863753213
0.377377892031
0.377377892031
0.376349614396
0.377892030848
0.384061696658
0.391259640103
0.393830334190
0.399485861183
0.398971722365
0.400514138817
0.403084832905
0.405655526992
0.408226221080
0.410796915167
0.411311053985
0.410282776350
0.409254498715
0.409254498715
0.409768637532
0.412853470437
0.413367609254
0.412853470437
0.415424164524
0.417994858612
0.415424164524
0.418508997429
0.418508997429
0.417994858612
0.418508997429
0.418508997429
0.417994858612
0.416966580977
0.418508997429
0.416966580977
0.416966580977
0.419023136247
0.415938303342
0.419023136247
0.402056555270
0.380462724936
0.260668380463
0.231876606684
0.351670951157
0.360925449871
0.385604113111
0.391259640103
0.390745501285
0.393316195373
0.391773778920
0.388688946015
0.384061696658
0.383547557841
0.384061696658
0.382519280206
0.382005141388
0.391259640103
0.397943444730
0.397429305913
0.396401028278
0.398457583548
0.402570694087
0.410282776350
0.411825192802
0.412853470437
0.412339331620
0.415938303342
0.421079691517
0.422107969152
0.424164524422
0.426221079692
0.425706940874
0.425706940874
0.426221079692
0.427249357326
0.429305912596
0.433933161954
0.435475578406
0.434961439589
0.435989717224
0.437532133676
0.440102827763
0.442159383033
0.441645244216
0.441131105398
0.442673521851
0.443701799486
0.445244215938
0.446272493573
0.446272493573
0.446272493573
0.444730077121
0.445244215938
0.447814910026
0.447300771208
0.448329048843
0.449357326478
0.447300771208
0.447814910026
0.449357326478
0.446272493573
0.448329048843
0.442159383033
0.448329048843
0.432904884319
0.392287917738
0.364524421594
0.352699228792
0.422622107969
0.434447300771
0.442159383033
0.441645244216
0.440616966581
0.443701799486
0.446786632391
0.448843187661
0.449357326478
0.451413881748
0.451928020566
0.452956298201
0.449871465296
0.448843187661
0.447300771208
0.449357326478
0.449871465296
0.449871465296
0.451413881748
0.453470437018
0.456555269923
0.457583547558
0.458611825193
0.459125964010
0.460154241645
0.459125964010
0.458611825193
0.459640102828
0.460668380463
0.461182519280
0.463753213368
0.464267352185
0.465809768638
0.465295629820
0.466323907455
0.464781491003
0.466323907455
0.462724935733
0.467352185090
0.459640102828
0.468894601542
0.453984575835
0.467866323907
0.443701799486
0.449357326478
0.376349614396
0.388174807198
0.383033419023
0.431876606684
0.440616966581
0.459125964010
0.459640102828
0.461182519280
0.461182519280
0.460154241645
0.458097686375
0.458611825193
0.460154241645
0.465809768638
0.468894601542
0.466838046272
0.469922879177
0.469408740360
0.471465295630
0.471465295630
0.473007712082
0.471465295630
0.473521850900
0.473007712082
0.474035989717
0.475064267352
0.475064267352
0.477634961440
0.478663239075
0.478663239075
0.480205655527
0.479177377892
0.481233933162
0.470437017995
0.466323907455
0.390745501285
0.339845758355
0.352185089974
0.420051413882
0.440616966581
0.456555269923
0.466838046272
0.462724935733
0.463753213368
0.461182519280
0.464267352185
0.473007712082
0.475578406170
0.478663239075
0.479691516710
0.482776349614
0.481748071979
0.481233933162
0.484832904884
0.481748071979
0.478149100257
0.478663239075
0.479177377892
0.484318766067
0.486375321337
0.491516709512
0.493059125964
0.492030848329
0.493573264781
0.497172236504
0.497686375321
0.496143958869
0.498200514139
0.498200514139
0.498200514139
0.499742930591
0.500771208226
0.499742930591
0.498200514139
0.487403598972
0.487917737789
0.413881748072
0.323907455013
0.320822622108
0.408226221080
0.436503856041
0.464267352185
0.466323907455
0.466838046272
0.464781491003
0.466838046272
0.471465295630
0.475578406170
0.483804627249
0.489460154242
0.492030848329
0.490488431877
0.491516709512
0.494087403599
0.492030848329
0.489460154242
0.487917737789
0.483290488432
0.486375321337
0.489460154242
0.490488431877
0.492030848329
0.495629820051
0.496143958869
0.498200514139
0.503341902314
0.505912596401
0.507455012853
0.508483290488
0.508483290488
0.509511568123
0.509511568123
0.508997429306
0.508997429306
0.511053984576
0.512596401028
0.511568123393
0.516709511568
0.508483290488
0.514138817481
0.502827763496
0.513624678663
0.498200514139
0.507455012853
0.474550128535
0.467352185090
0.366580976864
0.390745501285
0.394344473008
0.478149100257
0.503341902314
0.502827763496
0.501799485861
0.493059125964
0.487917737789
0.486375321337
0.492030848329
0.493573264781
0.496658097686
0.496143958869
0.500771208226
0.508483290488
0.510025706941
0.511568123393
0.511053984576
0.511053984576
0.510025706941
0.510539845758
0.510539845758
0.510539845758
0.514652956298
0.517737789203
0.519794344473
0.522365038560
0.523393316195
0.525964010283
0.525449871465
0.530591259640
0.520308483290
0.525964010283
0.491002570694
0.464781491003
0.386632390746
0.423650385604
0.473521850900
0.481233933162
0.495115681234
0.502313624679
0.507455012853
0.515167095116
0.518766066838
0.524421593830
0.522879177378
0.526992287918
0.529562982005
0.529562982005
0.528534704370
0.528534704370
0.529048843188
0.529048843188
0.523393316195
0.521850899743
0.523393316195
0.522879177378
0.524935732648
0.526992287918
0.529048843188
0.528534704370
0.529562982005
0.530591259640
0.529048843188
0.530077120823
0.529048843188
0.532133676093
0.535732647815
0.524935732648
0.514138817481
0.476092544987
0.414910025707
0.379434447301
0.484832904884
0.511568123393
0.511568123393
0.512082262211
0.514138817481
0.512596401028
0.515167095116
0.522365038560
0.527506426735
0.530077120823
0.531105398458
0.536760925450
0.536246786632
0.533161953728
0.535218508997
0.533161953728
0.533161953728
0.533161953728
0.533161953728
0.532133676093
0.534704370180
0.539845758355
0.531105398458
0.541388174807
0.516195372751
0.483804627249
0.330077120823
0.326992287918
0.437532133676
0.461696658098
0.477120822622
0.500771208226
0.508997429306
0.516195372751
0.521336760925
0.521336760925
0.516709511568
0.507969151671
0.506940874036
0.510539845758
0.514138817481
0.512082262211
0.518251928021
0.520308483290
0.523907455013
0.526478149100
0.530077120823
0.534190231362
0.534704370180
0.533676092545
0.534704370180
0.537275064267
0.540359897172
0.543444730077
0.544473007712
0.548071979434
0.549100257069
0.550128534704
0.549100257069
0.554755784062
0.549100257069
0.553727506427
0.541902313625
0.525449871465
0.453470437018
0.394858611825
0.396915167095
0.365552699229
0.449357326478
0.504884318766
0.511568123393
0.520308483290
0.523393316195
0.524935732648
0.532133676093
0.532133676093
0.537275064267
0.536760925450
0.537275064267
0.539845758355
0.540874035990
0.540874035990
0.544473007712
0.544987146530
0.543444730077
0.544473007712
0.544473007712
0.543444730077
0.545501285347
0.547043701799
0.547557840617
0.547043701799
0.549100257069
0.551156812339
0.551670951157
0.551670951157
0.554241645244
0.556812339332
0.556812339332
0.559383033419
0.558868894602
0.560411311054
0.560411311054
0.560925449871
0.557840616967
0.559897172237
0.558354755784
0.560411311054
0.556298200514
0.562982005141
0.551156812339
0.560411311054
0.520308483290
0.499742930591
0.410282776350
0.499742930591
0.521850899743
0.516709511568
0.541902313625
0.547557840617
0.554241645244
0.555269922879
0.554755784062
0.559383033419
0.565552699229
0.563496143959
0.565552699229
0.567095115681
0.567609254499
0.566580976864
0.565552699229
0.567609254499
0.567609254499
0.569665809769
0.570694087404
0.569151670951
0.572236503856
0.573264781491
0.575835475578
0.574807197943
0.575321336761
0.575321336761
0.579434447301
0.566066838046
0.577377892031
0.511568123393
0.464781491003
0.431362467866
0.462724935733
0.500771208226
0.527506426735
0.561439588689
0.570179948586
0.568123393316
0.567095115681
0.567095115681
0.567609254499
0.569151670951
0.566580976864
0.566066838046
0.565552699229
0.564524421594
0.567609254499
0.566066838046
0.566066838046
0.568123393316
0.570179948586
0.574293059126
0.574293059126
0.576349614396
0.578406169666
0.578920308483
0.579434447301
0.579948586118
0.580976863753
0.580462724936
0.568637532134
0.559897172237
0.434447300771
0.375321336761
0.434961439589
0.434447300771
0.516709511568
0.561953727506
0.556812339332
0.560411311054
0.565552699229
0.566580976864
0.561439588689
0.556298200514
0.559383033419
0.561953727506
0.561439588689
0.566066838046
0.569665809769
0.572750642674
0.574293059126
0.575835475578
0.576349614396
0.578920308483
0.577892030848
0.577892030848
0.579434447301
0.580462724936
0.584575835476
0.584575835476
0.586632390746
0.585604113111
0.584575835476
0.586118251928
0.586632390746
0.583033419023
0.586118251928
0.544473007712
0.497686375321
0.343958868895
0.351156812339
0.420565552699
0.474550128535
0.483804627249
0.475064267352
0.472493573265
0.488946015424
0.494601542416
0.511053984576
0.523907455013
0.535732647815
0.535732647815
0.544473007712
0.553213367609
0.562982005141
0.573264781491
0.578406169666
0.577377892031
0.575835475578
0.571208226221
0.564524421594
0.560925449871
0.565038560411
0.566580976864
0.566580976864
0.568637532134
0.571722365039
0.574807197943
0.574807197943
0.578920308483
0.578406169666
0.580976863753
0.581491002571
0.580462724936
0.580976863753
0.579434447301
0.583547557841
0.583033419023
0.582005141388
0.582005141388
0.585089974293
0.585089974293
0.584575835476
0.588688946015
0.587660668380
0.584575835476
0.588174807198
0.558868894602
0.516195372751
0.403084832905
0.474035989717
0.552185089974
0.549614395887
0.569665809769
0.578920308483
0.575321336761
0.583033419023
0.585089974293
0.586118251928
0.583547557841
0.587660668380
0.587660668380
0.590745501285
0.590745501285
0.591259640103
0.589203084833
0.591773778920
0.593316195373
0.593830334190
0.592287917738
0.593316195373
0.591773778920
0.595372750643
0.589203084833
0.582519280206
0.545501285347
0.432390745501
0.331105398458
0.286889460154
0.315681233933
0.444730077121
0.475578406170
0.489974293059
0.499742930591
0.502313624679
0.502313624679
0.499228791774
0.502313624679
0.512082262211
0.521850899743
0.530077120823
0.541388174807
0.546015424165
0.549614395887
0.553213367609
0.554241645244
0.549100257069
0.552185089974
0.558354755784
0.567609254499
0.568637532134
0.570694087404
0.574293059126
0.578920308483
0.584061696658
0.586632390746
0.588688946015
0.587146529563
0.590231362468
0.588688946015
0.588688946015
0.588174807198
0.588174807198
0.593316195373
0.593316195373
0.593830334190
0.596401028278
0.594858611825
0.596915167095
0.600000000000
0.600514138817
0.600000000000
0.597429305913
0.600000000000
0.601542416452
0.603084832905
0.603084832905
0.606683804627
0.597943444730
0.599485861183
0.521336760925
0.452442159383
0.476606683805
0.531105398458
0.523393316195
0.571722365039
0.591259640103
0.595372750643
0.601028277635
0.603084832905
0.603084832905
0.604113110540
0.602056555270
0.603084832905
0.605655526992
0.608740359897
0.609254498715
0.612339331620
0.612339331620
0.613367609254
0.617480719794
0.617480719794
0.615424164524
0.614395886889
0.613881748072
0.615424164524
0.612339331620
0.612853470437
0.613881748072
0.615424164524
0.613881748072
0.616452442159
0.613881748072
0.615938303342
0.615424164524
0.619023136247
0.612853470437
0.617994858612
0.609768637532
0.556812339332
0.486375321337
0.379434447301
0.457583547558
0.522879177378
0.578920308483
0.593830334190
0.603084832905
0.608740359897
0.600000000000
0.600000000000
0.597429305913
0.598457583548
0.604627249357
0.608740359897
0.610282776350
0.610796915167
0.612339331620
0.609768637532
0.610796915167
0.610282776350
0.612853470437
0.614395886889
0.614910025707
0.615938303342
0.616452442159
0.615424164524
0.617994858612
0.615938303342
0.615424164524
0.616966580977
0.619537275064
0.620565552699
0.620565552699
0.617480719794
0.622107969152
0.622107969152
0.627763496144
0.608226221080
0.608740359897
0.491516709512
0.448843187661
0.471979434447
0.541388174807
0.594344473008
0.597943444730
0.613367609254
0.617480719794
0.615938303342
0.615424164524
0.618508997429
0.620051413882
0.621593830334
0.622107969152
0.623136246787
0.623136246787
0.624678663239
0.626735218509
0.623650385604
0.628277634961
0.623650385604
0.623650385604
0.625706940874
0.623650385604
0.622622107969
0.627763496144
0.625706940874
0.629305912596
0.624678663239
0.627763496144
0.607197943445
0.577377892031
0.436503856041
0.391259640103
0.555784061697
0.523393316195
0.594344473008
0.598457583548
0.602056555270
0.600000000000
0.601028277635
0.600514138817
0.605655526992
0.608226221080
0.615938303342
0.617994858612
0.621079691517
0.623136246787
0.621079691517
0.618508997429
0.619537275064
0.622107969152
0.624164524422
0.619537275064
0.620051413882
0.621593830334
0.624678663239
0.622107969152
0.624164524422
0.625192802057
0.627763496144
0.628791773779
0.630334190231
0.630848329049
0.631362467866
0.630848329049
0.628791773779
0.634447300771
0.633419023136
0.634961439589
0.630334190231
0.619537275064
0.575321336761
0.463753213368
0.462210796915
0.487917737789
0.572236503856
0.615938303342
0.630334190231
0.628277634961
0.625192802057
0.625706940874
0.622622107969
0.624164524422
0.627763496144
0.631362467866
0.631876606684
0.627763496144
0.626735218509
0.629820051414
0.631876606684
0.633419023136
0.637532133676
0.639074550129
0.639588688946
0.641131105398
0.640616966581
0.639588688946
0.642159383033
0.641131105398
0.642673521851
0.641645244216
0.644215938303
0.644730077121
0.644215938303
0.645758354756
0.642673521851
0.642159383033
0.597429305913
0.522365038560
0.369151670951
0.312082262211
0.409768637532
0.474035989717
0.533676092545
0.550128534704
0.551670951157
0.547043701799
0.560411311054
0.562982005141
0.570694087404
0.574293059126
0.580462724936
0.585604113111
0.588688946015
0.593830334190
0.594344473008
0.595886889460
0.597943444730
0.599485861183
0.602056555270
0.605141388175
0.609768637532
0.616452442159
0.619023136247
0.620565552699
0.624164524422
0.625706940874
0.630334190231
0.628791773779
0.626221079692
0.627249357326
0.626735218509
0.629820051414
0.627763496144
0.630334190231
0.630848329049
0.632904884319
0.633933161954
0.628791773779
0.631876606684
0.599485861183
0.513624678663
0.555784061697
0.572750642674
0.620565552699
0.637532133676
0.640102827763
0.638046272494
0.641645244216
0.644730077121
0.645758354756
0.644730077121
0.649357326478
0.647814910026
0.648329048843
0.643701799486
0.645758354756
0.643701799486
0.643701799486
0.644730077121
0.641645244216
0.643187660668
0.649357326478
0.638560411311
0.633933161954
0.554241645244
0.507455012853
0.504370179949
0.540874035990
0.611311053985
0.631362467866
0.642673521851
0.646272493573
0.649871465296
0.653470437018
0.651928020566
0.652956298201
0.652442159383
0.656555269923
0.652442159383
0.653984575835
0.653470437018
0.651413881748
0.654498714653
0.653470437018
0.652956298201
0.651928020566
0.652956298201
0.653470437018
0.651928020566
0.652956298201
0.653984575835
0.653984575835
0.654498714653
0.655012853470
0.655526992288
0.657069408740
0.656041131105
0.657069408740
0.659125964010
0.661696658098
0.645758354756
0.605141388175
0.488431876607
0.447300771208
0.386632390746
0.475578406170
0.522879177378
0.548071979434
0.566066838046
0.586632390746
0.597943444730
0.597429305913
0.604113110540
0.603084832905
0.605141388175
0.608740359897
0.614395886889
0.616452442159
0.619537275064
0.621593830334
0.628277634961
0.622622107969
0.625706940874
0.624678663239
0.628277634961
0.630848329049
0.633933161954
0.636503856041
0.639074550129
0.641645244216
0.641645244216
0.643187660668
0.645244215938
0.646272493573
0.651413881748
0.645244215938
0.651928020566
0.620565552699
0.619537275064
0.512596401028
0.577892030848
0.622107969152
0.630334190231
0.640616966581
0.652956298201
0.658611825193
0.662724935733
0.659125964010
0.661182519280
0.659125964010
0.660154241645
0.660668380463
0.660154241645
0.662210796915
0.664781491003
0.663753213368
0.660154241645
0.666838046272
0.656555269923
0.661182519280
0.640102827763
0.595886889460
0.565552699229
0.500771208226
0.504884318766
0.524421593830
0.546529562982
0.578920308483
0.618508997429
0.645244215938
0.644730077121
0.645758354756
0.639074550129
0.633419023136
0.637017994859
0.638560411311
0.637532133676
0.640616966581
0.642159383033
0.648329048843
0.650899742931
0.650899742931
0.652956298201
0.655012853470
0.658097686375
0.657069408740
0.660154241645
0.661182519280
0.664267352185
0.665809768638
0.664781491003
0.663239074550
0.664267352185
0.666323907455
0.668380462725
0.670437017995
0.671465295630
0.668380462725
0.671465295630
0.666838046272
0.671465295630
0.662724935733
0.661696658098
0.626221079692
0.536760925450
0.485861182519
0.501799485861
0.550128534704
0.595372750643
0.657583547558
0.659640102828
0.663239074550
0.665809768638
0.660668380463
0.661182519280
0.659125964010
0.659125964010
0.659125964010
0.659125964010
0.658611825193
0.655526992288
0.659125964010
0.658611825193
0.662210796915
0.662210796915
0.663239074550
0.664267352185
0.664781491003
0.667352185090
0.667866323907
0.666838046272
0.666838046272
0.665295629820
0.669922879177
0.665295629820
0.673521850900
0.642673521851
0.631876606684
0.496143958869
0.546015424165
0.576863753213
0.654498714653
0.653984575835
0.665809768638
0.670951156812
0.677120822622
0.677120822622
0.677634961440
0.678663239075
0.679177377892
0.678663239075
0.679177377892
0.679177377892
0.677634961440
0.678149100257
0.680205655527
0.681233933162
0.681748071979
0.681233933162
0.683290488432
0.682776349614
0.683290488432
0.683290488432
0.685861182519
0.682776349614
0.685861182519
0.680719794344
0.685347043702
0.676606683805
0.686375321337
0.654498714653
0.625192802057
0.481233933162
0.441645244216
0.464267352185
0.524935732648
0.588688946015
0.612853470437
0.637017994859
0.650385604113
0.656041131105
0.653470437018
0.653470437018
0.653984575835
0.652442159383
0.654498714653
0.661696658098
0.664781491003
0.664781491003
0.665295629820
0.667866323907
0.667866323907
0.669408740360
0.666838046272
0.667866323907
0.668894601542
0.670951156812
0.671979434447
0.673007712082
0.670437017995
0.671979434447
0.674035989717
0.676606683805
0.679177377892
0.679691516710
0.680719794344
0.683290488432
0.684318766067
0.687403598972
0.686375321337
0.686375321337
0.687403598972
0.686889460154
0.685347043702
0.684318766067
0.681748071979
0.661696658098
0.613881748072
0.568637532134
0.532647814910
0.560925449871
0.520822622108
0.654498714653
0.672493573265
0.682262210797
0.682776349614
0.682776349614
0.680719794344
0.678663239075
0.681233933162
0.684832904884
0.683290488432
0.679691516710
0.680205655527
0.680205655527
0.680205655527
0.680719794344
0.682262210797
0.683804627249
0.683804627249
0.687403598972
0.685861182519
0.686375321337
0.687917737789
0.684832904884
0.689974293059
0.690488431877
0.694601542416
0.678663239075
0.660154241645
0.544473007712
0.516195372751
0.527506426735
0.645244215938
0.678149100257
0.684318766067
0.686889460154
0.694087403599
0.689974293059
0.691002570694
0.688431876607
0.687403598972
0.685347043702
0.689460154242
0.689974293059
0.689460154242
0.692030848329
0.694601542416
0.698200514139
0.697172236504
0.694087403599
0.693059125964
0.693059125964
0.692544987147
0.692030848329
0.691516709512
0.694601542416
0.695629820051
0.697172236504
0.692544987147
0.697686375321
0.687403598972
0.682262210797
0.626221079692
0.511568123393
0.486375321337
0.475064267352
0.585604113111
0.676092544987
0.679177377892
0.676092544987
0.676606683805
0.680719794344
0.676606683805
0.678663239075
0.686375321337
0.689460154242
0.688431876607
0.688431876607
0.688431876607
0.690488431877
0.691002570694
0.692544987147
0.689460154242
0.693059125964
0.693059125964
0.694087403599
0.695629820051
0.697172236504
0.697686375321
0.698200514139
0.696143958869
0.700257069409
0.699742930591
0.700771208226
0.705398457584
0.695629820051
0.687403598972
0.590745501285
0.608226221080
0.570694087404
0.637532133676
0.664267352185
0.687917737789
0.705912596401
0.703341902314
0.699742930591
0.701799485861
0.700257069409
0.700257069409
0.698200514139
0.701285347044
0.702313624679
0.703856041131
0.703856041131
0.703856041131
0.704884318766
0.705912596401
0.705398457584
0.706426735219
0.706426735219
0.708997429306
0.705398457584
0.706940874036
0.704370179949
0.705912596401
0.689974293059
0.644215938303
0.510539845758
0.473007712082
0.539845758355
0.587146529563
0.658611825193
0.683290488432
0.688946015424
0.685861182519
0.687917737789
0.681748071979
0.678663239075
0.681748071979
0.686375321337
0.687917737789
0.692544987147
0.693573264781
0.696658097686
0.696143958869
0.698200514139
0.697172236504
0.699742930591
0.696658097686
0.699228791774
0.697172236504
0.700771208226
0.698200514139
0.704884318766
0.704370179949
0.709511568123
0.702827763496
0.710539845758
0.677120822622
0.632904884319
0.530591259640
0.526478149100
0.603084832905
0.569665809769
0.629305912596
0.696143958869
0.700771208226
0.705912596401
0.702313624679
0.700257069409
0.700257069409
0.703856041131
0.702827763496
0.702313624679
0.704884318766
0.704370179949
0.703341902314
0.703856041131
0.705398457584
0.701799485861
0.705398457584
0.704370179949
0.704370179949
0.706426735219
0.708997429306
0.709511568123
0.713624678663
0.714138817481
0.714138817481
0.718251928021
0.719280205656
0.710025706941
0.694087403599
0.602056555270
0.533161953728
0.463753213368
0.566066838046
0.678663239075
0.676606683805
0.694601542416
0.703856041131
0.703341902314
0.703341902314
0.703856041131
0.702313624679
0.701799485861
0.703856041131
0.704370179949
0.703341902314
0.706940874036
0.712082262211
0.717223650386
0.718766066838
0.718766066838
0.721850899743
0.720822622108
0.720308483290
0.719280205656
0.719794344473
0.717737789203
0.719794344473
0.722879177378
0.726992287918
0.728534704370
0.729048843188
0.732133676093
0.731105398458
0.732133676093
0.735218508997
0.731105398458
0.731619537275
0.721850899743
0.699742930591
0.596915167095
0.552185089974
0.562982005141
0.535732647815
0.622622107969
0.701285347044
0.724935732648
0.723907455013
0.725449871465
0.720822622108
0.717737789203
0.718766066838
0.717737789203
0.715167095116
0.716195372751
0.716195372751
0.717223650386
0.718251928021
0.718766066838
0.719280205656
0.719280205656
0.723393316195
0.724421593830
0.723907455013
0.724935732648
0.724421593830
0.726992287918
0.726478149100
0.725449871465
0.706426735219
0.654498714653
0.532647814910
0.566580976864
0.597429305913
0.614910025707
0.666838046272
0.715681233933
0.719280205656
0.717223650386
0.718766066838
0.720822622108
0.720308483290
0.724421593830
0.724421593830
0.728534704370
0.725964010283
0.728020565553
0.725964010283
0.726478149100
0.724421593830
0.724935732648
0.724935732648
0.725449871465
0.725964010283
0.729562982005
0.729562982005
0.731105398458
0.734190231362
0.736760925450
0.738303341902
0.739845758355
0.743958868895
0.747043701799
0.746529562982
0.749100257069
0.747557840617
0.746529562982
0.745501285347
0.748071979434
0.726478149100
0.721850899743
0.592287917738
0.536246786632
0.491516709512
0.603598971722
0.680719794344
0.698714652956
0.693573264781
0.703856041131
0.710539845758
0.707969151671
0.709511568123
0.708483290488
0.712596401028
0.715167095116
0.713624678663
0.718251928021
0.718251928021
0.722879177378
0.721850899743
0.718766066838
0.723393316195
0.723393316195
0.722365038560
0.722365038560
0.725449871465
0.722879177378
0.724935732648
0.723907455013
0.730077120823
0.724935732648
0.734190231362
0.695629820051
0.663239074550
0.537275064267
0.534704370180
0.668380462725
0.694087403599
0.718251928021
0.721850899743
0.729562982005
0.733676092545
0.732647814910
0.734190231362
0.733161953728
0.735218508997
0.736760925450
0.736246786632
0.733676092545
0.735218508997
0.733161953728
0.732133676093
0.732647814910
0.733161953728
0.736760925450
0.737275064267
0.740359897172
0.741902313625
0.746015424165
0.746015424165
0.750128534704
0.749614395887
0.751670951157
0.748586118252
0.756812339332
0.735218508997
0.699742930591
0.606169665810
0.581491002571
0.606683804627
0.549614395887
0.640102827763
0.719794344473
0.730591259640
0.728020565553
0.730077120823
0.740874035990
0.744473007712
0.747043701799
0.747043701799
0.747557840617
0.750642673522
0.746529562982
0.741388174807
0.739331619537
0.739331619537
0.739331619537
0.742416452442
0.743444730077
0.743444730077
0.747043701799
0.750642673522
0.753213367609
0.752699228792
0.753727506427
0.754755784062
0.757326478149
0.754241645244
0.761953727506
0.751670951157
0.744987146530
0.676092544987
0.569665809769
0.448843187661
0.475064267352
0.510025706941
0.574807197943
0.678149100257
0.675064267352
0.683290488432
0.695629820051
0.696658097686
0.710539845758
0.706940874036
0.712082262211
0.714138817481
0.715681233933
0.719794344473
0.716709511568
0.712596401028
0.714652956298
0.717223650386
0.718766066838
0.722365038560
0.721336760925
0.727506426735
0.729562982005
0.731105398458
0.735732647815
0.739845758355
0.741902313625
