0.077563768870
0.077043206663
0.076002082249
0.077563768870
0.077043206663
0.074960957834
0.074440395627
0.074440395627
0.073919833420
0.073919833420
0.073919833420
0.073919833420
0.073919833420
0.073919833420
0.073919833420
0.073919833420
0.073919833420
0.073919833420
0.073919833420
0.073919833420
0.073919833420
0.073919833420
0.073919833420
0.073919833420
0.074440395627
0.074440395627
0.074960957834
0.076002082249
0.078084331078
0.082248828735
0.083810515357
0.086933888600
0.088495575221
0.094221759500
0.098386257158
0.101509630401
0.104112441437
0.108276939094
0.111920874545
0.117126496616
0.120770432067
0.127537740760
0.131181676210
0.137948984904
0.145757418011
0.147319104633
0.149921915669
0.154606975534
0.156689224362
0.161374284227
0.165538781884
0.168141592920
0.165538781884
0.165538781884
0.166059344092
0.171264966163
0.170744403956
0.173347214992
0.175429463821
0.175950026028
0.179073399271
0.184799583550
0.187402394586
0.186361270172
0.189484643415
0.192087454451
0.191046330036
0.197293076523
0.198334200937
0.203019260802
0.200937011973
0.206142634045
0.214471629360
0.221759500260
0.225403435711
0.224882873503
0.228006246746
0.231129619990
0.231129619990
0.230088495575
0.233732431026
0.232691306611
0.234252993233
0.234252993233
0.235294117647
0.238938053097
0.237896928683
0.238938053097
0.239979177512
0.243102550755
0.241540864133
0.245184799584
0.244143675169
0.241540864133
0.241540864133
0.243623112962
0.245705361791
0.244664237376
0.244143675169
0.244143675169
0.244664237376
0.248828735034
0.248828735034
0.250910983863
0.250910983863
0.251431546070
0.250390421655
0.250390421655
0.249349297241
0.250910983863
0.250390421655
0.250390421655
0.249869859448
0.249349297241
0.250910983863
0.252472670484
0.252993232691
0.255075481520
0.255075481520
0.254034357106
0.253513794898
0.252993232691
0.254034357106
0.255596043727
0.258198854763
0.257157730349
0.257157730349
0.259239979178
0.258719416970
0.260281103592
0.260281103592
0.261322228006
0.261842790213
0.261842790213
0.263404476835
0.266007287871
0.263925039042
0.263925039042
0.266007287871
0.267048412285
0.267568974492
0.267568974492
0.268089536700
0.269651223321
0.268610098907
0.268610098907
0.268610098907
0.267048412285
0.268089536700
0.270171785528
0.268610098907
0.271733472150
0.274856845393
0.272254034357
0.275377407600
0.275377407600
0.262883914628
0.252993232691
0.201978136387
0.156689224362
0.240499739719
0.254554919313
0.258198854763
0.259239979178
0.265486725664
0.276939094222
0.274856845393
0.276418532015
0.276939094222
0.274856845393
0.274336283186
0.270692347736
0.269651223321
0.270692347736
0.271212909943
0.274856845393
0.278500780843
0.282144716294
0.283185840708
0.280062467465
0.286309213951
0.290473711609
0.292035398230
0.293597084852
0.289953149401
0.284747527330
0.285268089537
0.287350338365
0.288912024987
0.290473711609
0.288912024987
0.290994273816
0.292035398230
0.295158771473
0.295158771473
0.295158771473
0.295679333680
0.297241020302
0.299843831338
0.303487766788
0.299843831338
0.299843831338
0.301926080167
0.301926080167
0.302446642374
0.302967204581
0.301926080167
0.302446642374
0.304528891202
0.303487766788
0.303487766788
0.307131702238
0.307652264446
0.305570015617
0.311816762103
0.303487766788
0.309213951067
0.305049453410
0.301405517959
0.204580947423
0.193649141072
0.242581988548
0.272774596564
0.282144716294
0.285788651744
0.286829776158
0.284226965122
0.277980218636
0.279541905258
0.280583029672
0.283185840708
0.289953149401
0.297241020302
0.301926080167
0.305049453410
0.302967204581
0.301405517959
0.302967204581
0.306090577824
0.306611140031
0.306611140031
0.309213951067
0.309734513274
0.310255075482
0.313378448725
0.311296199896
0.309734513274
0.313378448725
0.314940135346
0.317022384175
0.315460697553
0.316501821968
0.315460697553
0.317022384175
0.317542946382
0.317542946382
0.318063508589
0.319625195211
0.321186881832
0.322228006247
0.325351379490
0.325351379490
0.326392503904
0.324830817283
0.325351379490
0.327433628319
0.329515877147
0.331077563769
0.333159812598
0.334200937012
0.335762623634
0.337324310255
0.338885996877
0.338365434669
0.343050494534
0.345653305570
0.347735554399
0.348776678813
0.351900052056
0.349817803227
0.350858927642
0.353982300885
0.346173867777
0.353461738678
0.343050494534
0.355023425299
0.296720458095
0.225923997918
0.212389380531
0.257678292556
0.301405517959
0.324310255075
0.331077563769
0.337324310255
0.340447683498
0.340968245705
0.338885996877
0.336803748048
0.333680374805
0.334200937012
0.328474752733
0.331077563769
0.330557001562
0.334200937012
0.337324310255
0.337324310255
0.337324310255
0.346173867777
0.342009370120
0.341488807913
0.345132743363
0.347214992192
0.350338365435
0.352941176471
0.354502863092
0.356585111921
0.356064549714
0.363352420614
0.364393545029
0.366475793857
0.367516918272
0.368558042686
0.371160853722
0.372722540344
0.376366475794
0.376366475794
0.376366475794
0.375325351379
0.377928162415
0.377407600208
0.377928162415
0.378969286830
0.382092660073
0.383654346694
0.386777719938
0.385736595523
0.389380530973
0.385736595523
0.392503904217
0.387818844352
0.395106715252
0.393545028631
0.393545028631
0.375845913587
0.342009370120
0.262883914628
0.301405517959
0.372722540344
0.361270171786
0.390421655388
0.389380530973
0.393545028631
0.391462779802
0.384695471109
0.381051535659
0.378448724623
0.375325351379
0.372201978136
0.371681415929
0.373763664758
0.374804789172
0.377407600208
0.381051535659
0.385736595523
0.387298282145
0.390421655388
0.394065590838
0.394586153045
0.395106715252
0.395627277460
0.396668401874
0.398230088496
0.399271212910
0.403435710567
0.404476834982
0.404997397189
0.405517959396
0.407079646018
0.409161894846
0.409682457054
0.410203019261
0.409682457054
0.408641332639
0.409682457054
0.409682457054
0.408641332639
0.409161894846
0.411244143675
0.411764705882
0.413326392504
0.411764705882
0.412285268090
0.408641332639
0.418532014576
0.389901093181
0.395106715252
0.253513794898
0.229567933368
0.340968245705
0.364914107236
0.380530973451
0.383654346694
0.380530973451
0.375845913587
0.383133784487
0.382613222280
0.379489849037
0.382092660073
0.382092660073
0.383654346694
0.380530973451
0.379489849037
0.380530973451
0.383133784487
0.386777719938
0.387818844352
0.388339406559
0.397188964081
0.401353461739
0.402915148360
0.407079646018
0.409161894846
0.414367516918
0.417490890161
0.416970327954
0.418011452369
0.420093701197
0.421134825612
0.422175950026
0.421134825612
0.420614263404
0.421655387819
0.420093701197
0.419052576783
0.419052576783
0.420093701197
0.421655387819
0.422175950026
0.424258198855
0.426861009891
0.425299323269
0.424778761062
0.426340447683
0.425819885476
0.427902134305
0.427902134305
0.428943258719
0.426861009891
0.430504945341
0.429984383134
0.429463820927
0.428943258719
0.428943258719
0.428422696512
0.430504945341
0.430504945341
0.428422696512
0.424258198855
0.430504945341
0.399271212910
0.402394586153
0.322748568454
0.373763664758
0.407600208225
0.416449765747
0.428422696512
0.431025507548
0.431025507548
0.427902134305
0.428943258719
0.428422696512
0.428422696512
0.427902134305
0.423737636648
0.424778761062
0.426861009891
0.427902134305
0.429984383134
0.437272254034
0.437792816242
0.441436751692
0.441436751692
0.445080687142
0.445080687142
0.441436751692
0.441436751692
0.443519000521
0.442998438313
0.445601249349
0.445080687142
0.446121811556
0.447162935971
0.449765747007
0.447683498178
0.451847995836
0.451847995836
0.452889120250
0.454450806871
0.454971369079
0.458615304529
0.454450806871
0.461218115565
0.446121811556
0.463300364394
0.447683498178
0.467985424258
0.429984383134
0.451847995836
0.346694429984
0.410723581468
0.374284226965
0.438833940656
0.438833940656
0.447683498178
0.455491931286
0.452889120250
0.453930244664
0.452889120250
0.449245184800
0.445080687142
0.442998438313
0.444039562728
0.444039562728
0.446642373764
0.450286309214
0.454450806871
0.457574180115
0.458615304529
0.459135866736
0.461218115565
0.462779802186
0.462779802186
0.463820926601
0.465382613222
0.466423737637
0.469026548673
0.470067673087
0.470588235294
0.469026548673
0.471108797501
0.466423737637
0.462259239979
0.442998438313
0.377407600208
0.322228006247
0.346694429984
0.447683498178
0.435190005206
0.448204060385
0.460176991150
0.459656428943
0.454450806871
0.448724622592
0.449245184800
0.452368558043
0.454450806871
0.451327433628
0.453409682457
0.457053617907
0.455491931286
0.460697553358
0.459135866736
0.461218115565
0.464341488808
0.468505986465
0.471108797501
0.471629359708
0.475793857366
0.478396668402
0.479437792816
0.480999479438
0.482561166059
0.482561166059
0.483081728267
0.482561166059
0.479958355023
0.478396668402
0.478396668402
0.479958355023
0.480999479438
0.482040603852
0.487766788131
0.468505986465
0.475793857366
0.374284226965
0.338885996877
0.322748568454
0.373243102551
0.421655387819
0.448204060385
0.458094742322
0.448724622592
0.445601249349
0.446121811556
0.445601249349
0.450286309214
0.455491931286
0.457574180115
0.454971369079
0.462779802186
0.465382613222
0.466944299844
0.467985424258
0.467985424258
0.470588235294
0.472670484123
0.474232170744
0.475793857366
0.483081728267
0.482040603852
0.480999479438
0.484643414888
0.487246225924
0.492972410203
0.492972410203
0.496095783446
0.496095783446
0.494534096825
0.498178032275
0.499219156689
0.500260281104
0.499219156689
0.497657470068
0.501821967725
0.499219156689
0.503904216554
0.497136907860
0.502342529932
0.495575221239
0.504945340968
0.486205101510
0.502342529932
0.467985424258
0.479437792816
0.378448724623
0.386257157730
0.378448724623
0.433628318584
0.479437792816
0.485163977095
0.491931285789
0.490890161374
0.487766788131
0.487246225924
0.485163977095
0.487246225924
0.484122852681
0.488287350338
0.488807912546
0.489328474753
0.490369599167
0.495054659032
0.491931285789
0.495054659032
0.495575221239
0.496616345653
0.497657470068
0.503383654347
0.507027589797
0.508068714211
0.508589276419
0.507027589797
0.508589276419
0.510150963040
0.507548152004
0.510671525247
0.507548152004
0.514836022905
0.491410723581
0.478917230609
0.373243102551
0.425819885476
0.459656428943
0.488287350338
0.493492972410
0.496616345653
0.509109838626
0.513794898490
0.516397709526
0.517438833941
0.515877147319
0.515356585112
0.512233211869
0.511712649662
0.512233211869
0.513274336283
0.510671525247
0.508589276419
0.510150963040
0.509630400833
0.511712649662
0.514315460698
0.515877147319
0.517438833941
0.517959396148
0.517438833941
0.518479958355
0.520562207184
0.520041644977
0.520562207184
0.521082769391
0.523165018220
0.514315460698
0.525767829256
0.503904216554
0.471108797501
0.376887038001
0.374284226965
0.497657470068
0.501821967725
0.511712649662
0.510671525247
0.511192087454
0.512233211869
0.514315460698
0.508589276419
0.505465903175
0.509109838626
0.509630400833
0.507548152004
0.509630400833
0.513274336283
0.512233211869
0.514836022905
0.515877147319
0.520562207184
0.520041644977
0.524206142634
0.521082769391
0.523165018220
0.517959396148
0.524726704841
0.499739718896
0.496616345653
0.314419573139
0.365955231650
0.400312337324
0.432587194170
0.445601249349
0.457574180115
0.473711608537
0.478917230609
0.483602290474
0.491931285789
0.492451847996
0.494013534617
0.492451847996
0.500780843311
0.502863092140
0.507027589797
0.507548152004
0.506507027590
0.508589276419
0.508589276419
0.504945340968
0.510150963040
0.511192087454
0.512753774076
0.514836022905
0.516918271733
0.516918271733
0.520041644977
0.522123893805
0.524726704841
0.521603331598
0.523685580427
0.523165018220
0.522644456012
0.524206142634
0.528891202499
0.512753774076
0.528370640292
0.426861009891
0.413846954711
0.396668401874
0.374284226965
0.460176991150
0.506507027590
0.501301405518
0.502342529932
0.512753774076
0.513794898490
0.510671525247
0.510150963040
0.515356585112
0.516397709526
0.521082769391
0.521082769391
0.521603331598
0.523685580427
0.522644456012
0.521603331598
0.522644456012
0.526808953670
0.527850078084
0.527329515877
0.526808953670
0.530452889120
0.529932326913
0.529932326913
0.531494013535
0.533576262363
0.533055700156
0.533576262363
0.538781884435
0.537220197814
0.539823008850
0.539823008850
0.541384695471
0.540343571057
0.541384695471
0.539302446642
0.541384695471
0.541905257678
0.543987506507
0.542946382093
0.543987506507
0.543466944300
0.532014575742
0.540343571057
0.496616345653
0.465382613222
0.414888079125
0.466423737637
0.529411764706
0.491931285789
0.541384695471
0.534096824571
0.538781884435
0.536179073399
0.540343571057
0.536699635606
0.537740760021
0.539302446642
0.538261322228
0.540343571057
0.541905257678
0.543466944300
0.539823008850
0.539302446642
0.539302446642
0.539823008850
0.541384695471
0.543466944300
0.546069755336
0.545028630921
0.548152004164
0.546069755336
0.550754815200
0.545028630921
0.554398750651
0.537220197814
0.555439875065
0.487766788131
0.473711608537
0.420614263404
0.488287350338
0.476834981780
0.528370640292
0.547110879750
0.562727745966
0.550754815200
0.541905257678
0.536699635606
0.536699635606
0.538781884435
0.540864133264
0.541905257678
0.544508068714
0.543466944300
0.540343571057
0.541384695471
0.544508068714
0.548152004164
0.547631441957
0.551275377408
0.553357626236
0.552316501822
0.554398750651
0.554398750651
0.557522123894
0.557522123894
0.554919312858
0.554919312858
0.548672566372
0.544508068714
0.438833940656
0.390421655388
0.435710567413
0.424258198855
0.493492972410
0.551795939615
0.530973451327
0.533055700156
0.541905257678
0.540864133264
0.541905257678
0.542946382093
0.543987506507
0.546590317543
0.547110879750
0.542425819885
0.545028630921
0.546069755336
0.542946382093
0.542946382093
0.545028630921
0.548152004164
0.549193128579
0.549713690786
0.553357626236
0.555439875065
0.553357626236
0.557522123894
0.559083810515
0.559083810515
0.560124934930
0.560124934930
0.563768870380
0.556480999479
0.567933368037
0.524726704841
0.510150963040
0.307131702238
0.383133784487
0.458094742322
0.494534096825
0.503383654347
0.490890161374
0.493492972410
0.505465903175
0.512753774076
0.518479958355
0.513274336283
0.509109838626
0.514315460698
0.519521082769
0.516918271733
0.523165018220
0.520041644977
0.523165018220
0.530452889120
0.533576262363
0.535137948985
0.538261322228
0.541905257678
0.545549193129
0.546590317543
0.548152004164
0.549193128579
0.552837064029
0.558042686101
0.560124934930
0.558563248308
0.556480999479
0.560124934930
0.561686621551
0.563248308173
0.568453930245
0.568974492452
0.567412805830
0.568453930245
0.570015616866
0.571577303488
0.571577303488
0.571577303488
0.574180114524
0.572097865695
0.577303487767
0.567933368037
0.578865174388
0.534096824571
0.528370640292
0.399791775117
0.466944299844
0.502342529932
0.534096824571
0.542946382093
0.552316501822
0.557001561687
0.564289432587
0.567412805830
0.565851119209
0.567412805830
0.567933368037
0.567412805830
0.570015616866
0.570536179073
0.570015616866
0.568974492452
0.568974492452
0.567933368037
0.568974492452
0.566371681416
0.571056741281
0.572618427902
0.576262363352
0.568974492452
0.567933368037
0.524726704841
0.433628318584
0.338885996877
0.328474752733
0.357626236335
0.442477876106
0.468505986465
0.471629359708
0.477355543988
0.482561166059
0.481520041645
0.486725663717
0.491410723581
0.499219156689
0.510671525247
0.519521082769
0.522123893805
0.524726704841
0.521082769391
0.520562207184
0.522644456012
0.529932326913
0.536179073399
0.543466944300
0.553878188444
0.553878188444
0.555439875065
0.557001561687
0.557522123894
0.557522123894
0.562727745966
0.563768870380
0.566892243623
0.568453930245
0.570536179073
0.572097865695
0.572618427902
0.574700676731
0.576782925560
0.578344612181
0.579385736596
0.581988547631
0.583029672046
0.584591358667
0.586673607496
0.587714731910
0.587194169703
0.589796980739
0.588755856325
0.590317542946
0.588235294118
0.591358667361
0.584070796460
0.580426861010
0.573138990109
0.513274336283
0.439875065070
0.464341488808
0.527329515877
0.485163977095
0.562727745966
0.579385736596
0.581988547631
0.584591358667
0.585111920875
0.591879229568
0.587194169703
0.585111920875
0.577824049974
0.577824049974
0.583550234253
0.585632483082
0.583550234253
0.583550234253
0.585111920875
0.585632483082
0.587194169703
0.590317542946
0.590838105154
0.590838105154
0.589796980739
0.589796980739
0.591358667361
0.591358667361
0.592399791775
0.591879229568
0.592920353982
0.590317542946
0.592920353982
0.593440916189
0.593440916189
0.603331598126
0.587714731910
0.599167100469
0.533055700156
0.498178032275
0.356064549714
0.447162935971
0.526808953670
0.562727745966
0.583550234253
0.585111920875
0.585632483082
0.582509109839
0.578344612181
0.575221238938
0.576262363352
0.581988547631
0.583550234253
0.584070796460
0.582509109839
0.578344612181
0.576782925560
0.581467985424
0.580947423217
0.585632483082
0.586153045289
0.588755856325
0.588755856325
0.590317542946
0.593440916189
0.595523165018
0.598125976054
0.597084851640
0.596564289433
0.598125976054
0.597084851640
0.597605413847
0.597084851640
0.599167100469
0.599167100469
0.601249349297
0.589796980739
0.586153045289
0.491931285789
0.436751691827
0.458615304529
0.528370640292
0.578865174388
0.583029672046
0.598125976054
0.600208224883
0.597605413847
0.596564289433
0.599167100469
0.603852160333
0.601249349297
0.602811035919
0.599687662676
0.599167100469
0.596564289433
0.594482040604
0.597084851640
0.599167100469
0.602811035919
0.606454971369
0.606975533576
0.606454971369
0.603852160333
0.605413846955
0.605413846955
0.610098906819
0.600208224883
0.608537220198
0.587194169703
0.584591358667
0.402915148360
0.425819885476
0.546069755336
0.538261322228
0.603852160333
0.606975533576
0.602811035919
0.594482040604
0.591358667361
0.588755856325
0.590838105154
0.589276418532
0.588235294118
0.588755856325
0.590317542946
0.592920353982
0.595523165018
0.597084851640
0.598646538261
0.599167100469
0.603331598126
0.604893284748
0.603852160333
0.605413846955
0.608016657991
0.610098906819
0.612181155648
0.612701717855
0.613742842270
0.616866215513
0.618427902134
0.618948464341
0.618427902134
0.618427902134
0.617907339927
0.621551275377
0.616345653306
0.621551275377
0.612181155648
0.605934409162
0.540343571057
0.481520041645
0.485163977095
0.487246225924
0.543466944300
0.600208224883
0.611140031234
0.615304528891
0.609578344612
0.608016657991
0.607496095783
0.604372722540
0.602811035919
0.604893284748
0.606454971369
0.606454971369
0.607496095783
0.606975533576
0.614783966684
0.616866215513
0.621030713170
0.626236335242
0.626756897449
0.627798021864
0.625195210828
0.625195210828
0.625715773035
0.626236335242
0.626236335242
0.627798021864
0.626236335242
0.627798021864
0.628318584071
0.630400832900
0.625195210828
0.619469026549
0.570015616866
0.536179073399
0.352941176471
0.314419573139
0.422175950026
0.484122852681
0.532014575742
0.549713690786
0.533055700156
0.531494013535
0.526288391463
0.528370640292
0.532014575742
0.529411764706
0.536699635606
0.547631441957
0.549713690786
0.561166059344
0.577303487767
0.585111920875
0.585111920875
0.585632483082
0.594482040604
0.593440916189
0.597605413847
0.600208224883
0.599167100469
0.599167100469
0.598646538261
0.600208224883
0.602290473712
0.605413846955
0.605413846955
0.606975533576
0.607496095783
0.611140031234
0.613742842270
0.611660593441
0.613222280062
0.613742842270
0.617386777720
0.608537220198
0.606975533576
0.576262363352
0.530973451327
0.534096824571
0.558042686101
0.618948464341
0.624674648621
0.630400832900
0.623633524206
0.627798021864
0.624154086413
0.624674648621
0.621551275377
0.624154086413
0.619469026549
0.624674648621
0.622071837585
0.628318584071
0.624154086413
0.636127017179
0.627277459656
0.633524206143
0.626236335242
0.633524206143
0.618427902134
0.622071837585
0.527850078084
0.534617386778
0.466423737637
0.528370640292
0.603331598126
0.619989588756
0.621030713170
0.622592399792
0.625195210828
0.623112961999
0.620510150963
0.621551275377
0.619989588756
0.622592399792
0.625195210828
0.627798021864
0.630921395107
0.629359708485
0.629880270692
0.632483081728
0.633524206143
0.635606454971
0.637168141593
0.638209266007
0.639250390422
0.640812077043
0.641853201458
0.644456012493
0.646017699115
0.647579385737
0.646017699115
0.646017699115
0.647058823529
0.647579385737
0.649141072358
0.637688703800
0.640291514836
0.561686621551
0.520562207184
0.406038521603
0.400312337324
0.464862051015
0.523165018220
0.538781884435
0.569495054659
0.575741801145
0.586673607496
0.590317542946
0.596043727225
0.598125976054
0.601769911504
0.605934409162
0.604372722540
0.605934409162
0.607496095783
0.604372722540
0.606975533576
0.605934409162
0.609578344612
0.613222280062
0.616345653306
0.619469026549
0.627277459656
0.633003643935
0.634044768350
0.636127017179
0.637168141593
0.636127017179
0.639770952629
0.631962519521
0.639770952629
0.631962519521
0.644456012493
0.609578344612
0.611140031234
0.489849036960
0.560124934930
0.600728787090
0.617907339927
0.624154086413
0.640291514836
0.646017699115
0.642894325872
0.647058823529
0.644976574701
0.649141072358
0.648099947944
0.655387818844
0.653305570016
0.656949505466
0.653826132223
0.655387818844
0.653826132223
0.656949505466
0.646017699115
0.651743883394
0.626236335242
0.604893284748
0.547110879750
0.504945340968
0.537220197814
0.502863092140
0.505986465383
0.564809994794
0.602290473712
0.627798021864
0.635606454971
0.628318584071
0.621030713170
0.618948464341
0.616866215513
0.619469026549
0.623112961999
0.622071837585
0.627277459656
0.630400832900
0.638729828214
0.643935450286
0.646538261322
0.643414888079
0.648099947944
0.650182196773
0.647579385737
0.649141072358
0.649141072358
0.652264445601
0.653826132223
0.651743883394
0.651743883394
0.656949505466
0.656949505466
0.659031754295
0.659031754295
0.660072878709
0.660072878709
0.659031754295
0.661114003123
0.656428943259
0.643935450286
0.618427902134
0.519521082769
0.504945340968
0.512233211869
0.545028630921
0.591358667361
0.649661634565
0.649141072358
0.647579385737
0.643414888079
0.642373763665
0.645497136908
0.644456012493
0.645497136908
0.649661634565
0.651223321187
0.649141072358
0.655387818844
0.655908381052
0.656949505466
0.658511192087
0.659552316502
0.664237376366
0.664757938574
0.665799062988
0.667360749610
0.667360749610
0.667360749610
0.670484122853
0.667881311817
0.670484122853
0.661634565331
0.667360749610
0.646017699115
0.615304528891
0.488287350338
0.516397709526
0.584070796460
0.660072878709
0.651223321187
0.654346694430
0.663716814159
0.655387818844
0.653826132223
0.654346694430
0.654867256637
0.657470067673
0.660593440916
0.659552316502
0.660072878709
0.661634565331
0.663196251952
0.666319625195
0.667360749610
0.668401874024
0.669963560645
0.671525247267
0.672045809474
0.672566371681
0.673607496096
0.674648620510
0.674648620510
0.676730869339
0.676730869339
0.674648620510
0.672566371681
0.674648620510
0.630400832900
0.632483081728
0.438833940656
0.462259239979
0.469026548673
0.541384695471
0.579906298803
0.605413846955
0.623112961999
0.627798021864
0.631962519521
0.628839146278
0.628839146278
0.631441957314
0.632483081728
0.631962519521
0.636647579386
0.648099947944
0.655908381052
0.659031754295
0.655908381052
0.653305570016
0.658511192087
0.660072878709
0.661114003123
0.663196251952
0.663196251952
0.662675689745
0.663716814159
0.665278500781
0.666319625195
0.669442998438
0.673607496096
0.673607496096
0.675689744925
0.675689744925
0.676730869339
0.677771993753
0.678292555960
0.677771993753
0.678813118168
0.684018740239
0.678292555960
0.686100989068
0.675689744925
0.685059864654
0.650702758980
0.622592399792
0.559604372723
0.557001561687
0.567412805830
0.498178032275
0.641853201458
0.668401874024
0.676210307132
0.669963560645
0.665278500781
0.662155127538
0.656949505466
0.662155127538
0.665799062988
0.666840187402
0.669442998438
0.666840187402
0.670484122853
0.671525247267
0.672566371681
0.673086933889
0.673607496096
0.675169182717
0.677251431546
0.679333680375
0.680895366996
0.684539302447
0.684539302447
0.687142113483
0.690265486726
0.686621551275
0.679854242582
0.661114003123
0.513274336283
0.512233211869
0.515356585112
0.636127017179
0.655908381052
0.658511192087
0.666840187402
0.672566371681
0.675169182717
0.672566371681
0.671525247267
0.673086933889
0.674648620510
0.673086933889
0.677771993753
0.679333680375
0.682457053618
0.684539302447
0.686621551275
0.684018740239
0.682977615825
0.685580426861
0.685580426861
0.687662675690
0.688183237897
0.687142113483
0.689224362311
0.693388859969
0.691306611140
0.694429984383
0.692347735554
0.686100989068
0.681415929204
0.597605413847
0.524726704841
0.466423737637
0.491410723581
0.585111920875
0.652785007808
0.672566371681
0.664757938574
0.674128058303
0.680895366996
0.676210307132
0.672045809474
0.672566371681
0.671004685060
0.671525247267
0.677771993753
0.677771993753
0.678813118168
0.677251431546
0.678292555960
0.678813118168
0.678813118168
0.680895366996
0.684018740239
0.687662675690
0.691827173347
0.694950546590
0.693909422176
0.695991671005
0.694429984383
0.698073919833
0.696512233212
0.701717855284
0.680895366996
0.684018740239
0.578865174388
0.612181155648
0.559083810515
0.634565330557
0.666840187402
0.690265486726
0.697032795419
0.698073919833
0.698594482041
0.701197293077
0.696512233212
0.697553357626
0.696512233212
0.698594482041
0.701197293077
0.704320666320
0.703800104112
0.703800104112
0.704320666320
0.704320666320
0.706402915148
0.705882352941
0.708485163977
0.706923477356
0.709005726184
0.710046850599
0.710046850599
0.704841228527
0.684539302447
0.647058823529
0.479437792816
0.479958355023
0.553357626236
0.590317542946
0.650702758980
0.669442998438
0.676210307132
0.675169182717
0.675689744925
0.672566371681
0.670484122853
0.673607496096
0.676730869339
0.679333680375
0.679854242582
0.683498178032
0.685580426861
0.686100989068
0.687662675690
0.691306611140
0.692868297762
0.694950546590
0.697553357626
0.697032795419
0.700156168662
0.700156168662
0.700676730869
0.703279541905
0.705882352941
0.699635606455
0.707444039563
0.667360749610
0.639770952629
0.498178032275
0.550754815200
0.596564289433
0.560124934930
0.615304528891
0.690265486726
0.688703800104
0.682457053618
0.679854242582
0.677771993753
0.679333680375
0.684539302447
0.685580426861
0.691306611140
0.692347735554
0.696512233212
0.698594482041
0.697553357626
0.699635606455
0.700676730869
0.701717855284
0.702238417491
0.706402915148
0.706402915148
0.707444039563
0.710046850599
0.710567412806
0.713170223842
0.714731910463
0.713690786049
0.713170223842
0.709526288391
0.687662675690
0.581467985424
0.493492972410
0.494013534617
0.583550234253
0.677251431546
0.673607496096
0.674648620510
0.681415929204
0.673607496096
0.677771993753
0.675689744925
0.679854242582
0.680895366996
0.684539302447
0.686100989068
0.687662675690
0.690786048933
0.689744924518
0.690786048933
0.692347735554
0.690265486726
0.695991671005
0.698594482041
0.700156168662
0.701717855284
0.704320666320
0.704320666320
0.706923477356
0.707964601770
0.708485163977
0.709526288391
0.712649661635
0.712649661635
0.715252472670
0.713170223842
0.718896408121
0.712649661635
0.721499219157
0.705361790734
0.693388859969
0.599167100469
0.553357626236
0.558563248308
0.520041644977
0.625195210828
0.693388859969
0.713170223842
0.713170223842
0.703800104112
0.701197293077
0.700676730869
0.701197293077
0.702758979698
0.704841228527
0.701717855284
0.705882352941
0.707444039563
0.710046850599
0.713170223842
0.712129099427
0.711087975013
0.711608537220
0.714211348256
0.717334721499
0.722019781364
0.717855283706
0.723060905778
0.716814159292
0.726704841229
0.690265486726
0.670484122853
0.499739718896
0.576782925560
0.621551275377
0.626756897449
0.662155127538
0.702758979698
0.703279541905
0.705361790734
0.701197293077
0.698594482041
0.699115044248
0.704320666320
0.707964601770
0.710046850599
0.709526288391
0.706923477356
0.708485163977
0.711087975013
0.713170223842
0.714211348256
0.717855283706
0.719416970328
0.718896408121
0.721499219157
0.722019781364
0.723060905778
0.725143154607
0.726184279021
0.727745965643
0.729307652264
0.728787090057
0.730869338886
0.731910463300
0.730869338886
0.732951587715
0.732951587715
0.734513274336
0.736595523165
0.727745965643
0.707964601770
0.585632483082
0.505465903175
0.512753774076
0.609578344612
0.686100989068
0.692347735554
0.680374804789
0.679854242582
0.690786048933
0.696512233212
0.700156168662
0.698073919833
0.700156168662
0.699635606455
0.703279541905
0.703279541905
0.703279541905
0.705882352941
0.703800104112
0.708485163977
0.709005726184
0.712649661635
0.715773034878
0.718375845914
0.720978656950
0.720458094742
0.716814159292
0.722019781364
0.722540343571
0.717855283706
0.722540343571
0.680895366996
0.671004685060
0.510671525247
0.561166059344
0.667881311817
0.692347735554
0.704320666320
0.719937532535
0.717855283706
0.714731910463
0.716814159292
0.714731910463
0.717334721499
0.718375845914
0.718375845914
0.719416970328
0.725663716814
0.727745965643
0.725143154607
0.723060905778
0.724622592400
0.723581467985
0.727745965643
0.727225403436
0.728787090057
0.730348776679
0.731389901093
0.733992712129
0.731910463300
0.734513274336
0.735033836543
0.730348776679
0.740760020822
0.715252472670
0.704841228527
0.604893284748
0.596564289433
0.590317542946
0.520041644977
0.635606454971
0.714211348256
0.717855283706
0.715773034878
0.721499219157
0.723581467985
0.720978656950
0.719416970328
0.722019781364
0.724102030193
0.728787090057
0.729828214472
0.728787090057
0.734513274336
0.733992712129
0.735033836543
0.739198334201
0.739198334201
0.740760020822
0.741280583030
0.739718896408
0.740239458615
0.741280583030
0.740760020822
0.741280583030
0.740760020822
0.743362831858
0.745965642894
0.734513274336
0.736595523165
0.660072878709
0.591358667361
0.438833940656
0.476314419573
0.529411764706
0.589796980739
0.683498178032
0.687662675690
0.688183237897
0.687142113483
0.688183237897
0.694950546590
0.695991671005
0.701197293077
0.699115044248
0.697032795419
0.703279541905
0.707964601770
0.705361790734
0.710046850599
0.707964601770
0.712649661635
0.717855283706
0.719416970328
0.722540343571
0.723581467985
0.726704841229
0.727225403436
0.727225403436
0.726704841229
