0.068836045056
0.068418856904
0.067584480601
0.065915727993
0.064246975386
0.062578222778
0.062578222778
0.062578222778
0.062161034627
0.061743846475
0.061743846475
0.061743846475
0.061743846475
0.061743846475
0.061743846475
0.061743846475
0.061743846475
0.061743846475
0.061743846475
0.061743846475
0.061743846475
0.061743846475
0.061743846475
0.061743846475
0.061743846475
0.061743846475
0.063829787234
0.065081351690
0.068001668753
0.070921985816
0.075511055486
0.083437630371
0.095536086775
0.105548602420
0.115561118064
0.125573633709
0.134334584898
0.143512724239
0.153525239883
0.165206508135
0.172715894869
0.178973717146
0.182728410513
0.190654985398
0.196495619524
0.204422194410
0.211097204839
0.217772215269
0.218189403421
0.221109720484
0.225281602003
0.230705047977
0.229453483521
0.232373800584
0.231122236128
0.231539424280
0.231539424280
0.231956612432
0.231539424280
0.231956612432
0.231956612432
0.235294117647
0.236962870254
0.236962870254
0.237797246558
0.237380058406
0.239465999166
0.238631622862
0.236545682103
0.235294117647
0.230705047977
0.228201919065
0.229453483521
0.228619107217
0.228201919065
0.226950354610
0.227784730914
0.225698790154
0.226533166458
0.229036295369
0.228201919065
0.227367542762
0.230287859825
0.232790988736
0.235711305799
0.240717563621
0.240300375469
0.241551939925
0.241551939925
0.242386316229
0.244055068836
0.248226950355
0.248644138506
0.249478514810
0.251147267418
0.251564455569
0.251564455569
0.252816020025
0.253650396329
0.252398831873
0.251981643721
0.254484772632
0.254484772632
0.253233208177
0.254067584481
0.256987901544
0.260325406758
0.259491030455
0.260325406758
0.259908218607
0.260742594910
0.261159783062
0.262828535670
0.261994159366
0.263662911973
0.266166040884
0.267417605340
0.269920734251
0.269503546099
0.271589486859
0.273258239466
0.274092615770
0.274092615770
0.273675427618
0.273675427618
0.274509803922
0.274509803922
0.274926992073
0.274092615770
0.274509803922
0.274092615770
0.274926992073
0.274926992073
0.272841051314
0.274092615770
0.274926992073
0.276178556529
0.275344180225
0.276178556529
0.274509803922
0.275344180225
0.274926992073
0.276595744681
0.276178556529
0.278264497288
0.277012932833
0.279933249896
0.279516061744
0.280767626199
0.280767626199
0.282019190655
0.282436378807
0.282436378807
0.285356695870
0.287859824781
0.286608260325
0.289111389237
0.287025448477
0.290362953692
0.288277012933
0.292031706300
0.290780141844
0.292866082603
0.294952023363
0.294117647059
0.298289528577
0.299541093033
0.296203587818
0.298706716729
0.299958281185
0.297455152274
0.300375469337
0.302044221944
0.302461410096
0.300375469337
0.302461410096
0.302461410096
0.304547350855
0.302878598248
0.306216103463
0.303295786400
0.307050479766
0.302461410096
0.303295786400
0.301209845640
0.303295786400
0.301627033792
0.302878598248
0.301627033792
0.304130162703
0.302044221944
0.305798915311
0.300792657489
0.307884856070
0.295786399666
0.267417605340
0.116395494368
0.146433041302
0.289111389237
0.320400500626
0.323320817689
0.304964539007
0.283270755111
0.273258239466
0.270755110555
0.272841051314
0.276178556529
0.282436378807
0.289111389237
0.290362953692
0.289945765540
0.291614518148
0.291614518148
0.293700458907
0.293283270755
0.294534835211
0.297455152274
0.298706716729
0.297455152274
0.298289528577
0.305798915311
0.309136420526
0.311222361285
0.312056737589
0.312056737589
0.310805173133
0.309136420526
0.308302044222
0.309553608678
0.307467667918
0.310805173133
0.311222361285
0.309553608678
0.311222361285
0.312473925741
0.312891113892
0.313725490196
0.313725490196
0.312056737589
0.312056737589
0.312056737589
0.313308302044
0.313725490196
0.316645807259
0.317062995411
0.318314559866
0.319983312474
0.320400500626
0.321234876929
0.321652065081
0.321652065081
0.322069253233
0.324155193992
0.325823946600
0.325823946600
0.328327075511
0.329578639967
0.331247392574
0.332081768878
0.332498957030
0.333333333333
0.334584897789
0.334167709637
0.335002085941
0.335419274093
0.335836462244
0.335419274093
0.336670838548
0.338339591156
0.340008343763
0.341259908219
0.339591155611
0.340425531915
0.340842720067
0.340842720067
0.340425531915
0.340842720067
0.341677096370
0.342094284522
0.342094284522
0.343345848978
0.343763037130
0.343345848978
0.343763037130
0.344180225282
0.344597413433
0.344597413433
0.344180225282
0.346266166041
0.346683354193
0.347100542345
0.346683354193
0.348352106800
0.348769294952
0.350020859408
0.350855235711
0.350855235711
0.350020859408
0.350020859408
0.350438047559
0.351272423863
0.350855235711
0.353358364622
0.353358364622
0.354609929078
0.355027117230
0.356278681685
0.353775552774
0.353358364622
0.353775552774
0.355027117230
0.355444305382
0.354609929078
0.354192740926
0.354192740926
0.355444305382
0.355027117230
0.355027117230
0.354609929078
0.355444305382
0.355861493534
0.356278681685
0.357113057989
0.357530246141
0.358364622445
0.360450563204
0.361284939508
0.361702127660
0.362536503963
0.362953692115
0.362953692115
0.364622444723
0.363370880267
0.364205256571
0.364622444723
0.364622444723
0.365874009178
0.367542761786
0.366291197330
0.367125573634
0.367959949937
0.367542761786
0.367959949937
0.368377138089
0.368794326241
0.368377138089
0.368794326241
0.368794326241
0.368794326241
0.370045890697
0.370880267000
0.372131831456
0.371714643304
0.372131831456
0.371714643304
0.372549019608
0.374634960367
0.373800584063
0.375052148519
0.375469336671
0.376303712975
0.375886524823
0.376720901126
0.375886524823
0.377972465582
0.377138089278
0.378806841886
0.377972465582
0.379641218189
0.376720901126
0.379224030038
0.376303712975
0.379224030038
0.366708385482
0.299541093033
0.061743846475
0.274926992073
0.279933249896
0.257405089695
0.228201919065
0.208176887776
0.200250312891
0.200250312891
0.205673758865
0.210262828536
0.216937838965
0.220275344180
0.219858156028
0.226533166458
0.229453483521
0.226950354610
0.230287859825
0.232790988736
0.234876929495
0.237380058406
0.238214434710
0.241134751773
0.240717563621
0.243220692532
0.248644138506
0.249895702962
0.253650396329
0.257822277847
0.262828535670
0.266166040884
0.269086357947
0.273258239466
0.274092615770
0.279516061744
0.280350438048
0.280767626199
0.281602002503
0.285773884022
0.286608260325
0.285773884022
0.284522319566
0.282853566959
0.279098873592
0.274926992073
0.275344180225
0.279098873592
0.278264497288
0.278681685440
0.279516061744
0.281602002503
0.279933249896
0.282019190655
0.285356695870
0.289945765540
0.285356695870
0.286608260325
0.288694201085
0.287859824781
0.289111389237
0.292866082603
0.294117647059
0.298706716729
0.301627033792
0.305381727159
0.306216103463
0.308302044222
0.307884856070
0.311222361285
0.309970796829
0.313308302044
0.314977054652
0.319148936170
0.319983312474
0.319566124322
0.318314559866
0.317480183563
0.317897371715
0.319148936170
0.321234876929
0.321652065081
0.324155193992
0.326241134752
0.327492699207
0.325406758448
0.326241134752
0.324989570296
0.324572382144
0.325406758448
0.327492699207
0.328327075511
0.329995828118
0.332081768878
0.333750521485
0.333750521485
0.336253650396
0.337922403004
0.337922403004
0.338756779307
0.339173967459
0.339591155611
0.341259908219
0.341259908219
0.342511472674
0.343763037130
0.344180225282
0.343763037130
0.346266166041
0.348352106800
0.350020859408
0.350438047559
0.351272423863
0.352106800167
0.352941176471
0.352941176471
0.353775552774
0.355027117230
0.357530246141
0.358364622445
0.358781810597
0.358364622445
0.360033375052
0.361702127660
0.363370880267
0.363370880267
0.362953692115
0.361702127660
0.361284939508
0.361702127660
0.362953692115
0.363788068419
0.364622444723
0.365456821026
0.367125573634
0.367959949937
0.370045890697
0.369211514393
0.371714643304
0.368794326241
0.372966207760
0.372131831456
0.372131831456
0.372131831456
0.371297455152
0.374217772215
0.374217772215
0.374634960367
0.376303712975
0.374634960367
0.377972465582
0.376303712975
0.378389653734
0.375052148519
0.378806841886
0.377138089278
0.377555277430
0.375886524823
0.377972465582
0.378389653734
0.378389653734
0.379641218189
0.379641218189
0.379641218189
0.380892782645
0.380475594493
0.380058406341
0.380475594493
0.380058406341
0.380058406341
0.382144347101
0.381309970797
0.383395911556
0.380892782645
0.383395911556
0.380475594493
0.383813099708
0.380892782645
0.382561535252
0.381309970797
0.382561535252
0.381727158949
0.382144347101
0.382144347101
0.382144347101
0.382144347101
0.382144347101
0.384647476012
0.384647476012
0.386733416771
0.386316228619
0.386733416771
0.388402169378
0.389236545682
0.390070921986
0.390905298290
0.390905298290
0.391739674593
0.392574050897
0.392574050897
0.392991239049
0.392574050897
0.390905298290
0.392574050897
0.391739674593
0.392991239049
0.391739674593
0.391322486441
0.390488110138
0.391739674593
0.392574050897
0.392574050897
0.393408427201
0.392574050897
0.392574050897
0.395077179808
0.397997496871
0.397997496871
0.397163120567
0.397997496871
0.396328744264
0.397997496871
0.398414685023
0.400083437630
0.397997496871
0.398414685023
0.398414685023
0.400500625782
0.400083437630
0.400083437630
0.401335002086
0.400917813934
0.400083437630
0.400500625782
0.401335002086
0.400917813934
0.400083437630
0.400917813934
0.401752190238
0.400917813934
0.401752190238
0.402169378390
0.400083437630
0.400500625782
0.153942428035
0.161869002920
0.340842720067
0.318314559866
0.296203587818
0.283270755111
0.282853566959
0.278681685440
0.274926992073
0.278681685440
0.277012932833
0.277430120985
0.280350438048
0.284105131414
0.289528577388
0.289528577388
0.289945765540
0.286191072174
0.285773884022
0.279933249896
0.279098873592
0.277847309136
0.277430120985
0.275344180225
0.270755110555
0.268669169796
0.267000417188
0.265331664581
0.268251981644
0.274509803922
0.279933249896
0.284939507718
0.288277012933
0.294952023363
0.298289528577
0.302878598248
0.303712974552
0.304547350855
0.304547350855
0.305381727159
0.306216103463
0.304964539007
0.306633291615
0.307050479766
0.307467667918
0.308719232374
0.309970796829
0.312056737589
0.312891113892
0.313308302044
0.316645807259
0.317897371715
0.318731748018
0.321234876929
0.323738005841
0.327492699207
0.331247392574
0.334167709637
0.338756779307
0.342094284522
0.345431789737
0.345431789737
0.345431789737
0.349186483104
0.348352106800
0.352106800167
0.350438047559
0.351689612015
0.353775552774
0.359198998748
0.360867751356
0.360867751356
0.360867751356
0.362536503963
0.364622444723
0.366708385482
0.368794326241
0.369628702545
0.370880267000
0.374217772215
0.378389653734
0.378806841886
0.381309970797
0.383813099708
0.384647476012
0.385899040467
0.384647476012
0.386733416771
0.386733416771
0.388402169378
0.388819357530
0.391322486441
0.391739674593
0.394659991656
0.397580308719
0.399666249479
0.400083437630
0.401335002086
0.402169378390
0.402586566542
0.403838130997
0.404672507301
0.404672507301
0.406758448060
0.405089695453
0.409678765123
0.411764705882
0.411764705882
0.412181894034
0.410513141427
0.410095953275
0.411347517730
0.409678765123
0.413433458490
0.413016270338
0.413433458490
0.413850646642
0.415102211097
0.414267834793
0.417188151856
0.414267834793
0.420942845223
0.417188151856
0.420108468919
0.418439716312
0.421360033375
0.418439716312
0.421777221527
0.421360033375
0.421777221527
0.424697538590
0.423028785982
0.424697538590
0.425114726742
0.423863162286
0.426366291197
0.424697538590
0.426366291197
0.425114726742
0.426366291197
0.426783479349
0.425531914894
0.426366291197
0.427200667501
0.427200667501
0.429286608260
0.428035043805
0.431789737171
0.428452231957
0.428869420108
0.425114726742
0.417188151856
0.423028785982
0.386733416771
0.340008343763
0.267000417188
0.324989570296
0.377555277430
0.370880267000
0.385481852315
0.396328744264
0.400500625782
0.407175636212
0.411347517730
0.413016270338
0.412181894034
0.411347517730
0.410930329579
0.414685022945
0.416353775553
0.420108468919
0.419274092616
0.419691280768
0.417188151856
0.418856904464
0.420108468919
0.422194409679
0.421777221527
0.423863162286
0.427200667501
0.426366291197
0.428452231957
0.428869420108
0.427617855653
0.426366291197
0.426783479349
0.428452231957
0.429703796412
0.429286608260
0.428869420108
0.430538172716
0.430955360868
0.432624113475
0.433458489779
0.433875677931
0.435961618690
0.434292866083
0.434710054234
0.434710054234
0.435544430538
0.436378806842
0.437213183146
0.436795994994
0.438881935753
0.439299123905
0.439299123905
0.438881935753
0.438047559449
0.439716312057
0.439299123905
0.440133500209
0.440133500209
0.440967876512
0.441385064664
0.443053817272
0.441385064664
0.443053817272
0.442636629120
0.443471005423
0.443053817272
0.444305381727
0.443053817272
0.444305381727
0.444722569879
0.445974134335
0.444722569879
0.446808510638
0.445974134335
0.446808510638
0.445556946183
0.447642886942
0.445974134335
0.446808510638
0.445139758031
0.447642886942
0.446391322486
0.447225698790
0.445974134335
0.448477263246
0.446808510638
0.445556946183
0.447225698790
0.448894451398
0.448060075094
0.447642886942
0.449311639549
0.448060075094
0.450146015853
0.445974134335
0.450146015853
0.450563204005
0.449311639549
0.449311639549
0.450563204005
0.449311639549
0.450146015853
0.450980392157
0.449728827701
0.451397580309
0.451397580309
0.452231956612
0.451397580309
0.453066332916
0.450980392157
0.453066332916
0.450980392157
0.453066332916
0.451814768461
0.453900709220
0.453483521068
0.453483521068
0.454317897372
0.455152273675
0.455569461827
0.454735085524
0.456821026283
0.457238214435
0.457238214435
0.456403838131
0.458072590738
0.455986649979
0.456821026283
0.453066332916
0.459741343346
0.453066332916
0.455569461827
0.446808510638
0.448060075094
0.413433458490
0.377972465582
0.211931581143
0.255736337088
0.421777221527
0.447225698790
0.438881935753
0.433041301627
0.429703796412
0.432206925323
0.431789737171
0.428452231957
0.425949103045
0.423863162286
0.420942845223
0.415936587401
0.415519399249
0.418022528160
0.417188151856
0.420525657071
0.422611597831
0.425949103045
0.432624113475
0.436795994994
0.438464747601
0.441802252816
0.444305381727
0.444305381727
0.447642886942
0.447642886942
0.451397580309
0.453483521068
0.453066332916
0.450563204005
0.450146015853
0.449311639549
0.449728827701
0.450146015853
0.449728827701
0.449728827701
0.450563204005
0.452231956612
0.451814768461
0.451814768461
0.451814768461
0.452231956612
0.453483521068
0.456403838131
0.457238214435
0.456821026283
0.455986649979
0.456821026283
0.458072590738
0.459741343346
0.461827284105
0.461827284105
0.462661660409
0.463078848561
0.461827284105
0.463496036713
0.463913224864
0.463496036713
0.464330413016
0.463496036713
0.464747601168
0.465164789320
0.463913224864
0.464330413016
0.466833541927
0.464747601168
0.466416353776
0.466833541927
0.467250730079
0.468919482687
0.468085106383
0.469336670839
0.468919482687
0.468085106383
0.468085106383
0.469753858990
0.470171047142
0.470171047142
0.470171047142
0.471422611598
0.471839799750
0.472256987902
0.473508552357
0.473925740509
0.473091364205
0.474342928661
0.473925740509
0.469753858990
0.474342928661
0.475594493116
0.474760116813
0.465999165624
0.472674176053
0.456821026283
0.482686691698
0.329161451815
0.353775552774
0.163537755528
0.226115978306
0.309136420526
0.398414685023
0.426783479349
0.434292866083
0.431372549020
0.431789737171
0.436795994994
0.442219440968
0.450980392157
0.460575719650
0.463496036713
0.457238214435
0.451814768461
0.443471005423
0.435544430538
0.428035043805
0.425531914894
0.423445974134
0.423028785982
0.424697538590
0.427200667501
0.433041301627
0.430120984564
0.428869420108
0.426783479349
0.431372549020
0.437213183146
0.439716312057
0.448894451398
0.452649144764
0.458906967042
0.462661660409
0.463078848561
0.466416353776
0.466833541927
0.467667918231
0.468085106383
0.471422611598
0.473508552357
0.472674176053
0.471005423446
0.471005423446
0.470588235294
0.469753858990
0.471005423446
0.471422611598
0.469336670839
0.468919482687
0.469336670839
0.471839799750
0.472674176053
0.473925740509
0.474760116813
0.476011681268
0.476428869420
0.476011681268
0.476846057572
0.477680433876
0.477263245724
0.476428869420
0.478097622028
0.478097622028
0.478097622028
0.479766374635
0.481852315394
0.481852315394
0.481017939091
0.481435127242
0.480600750939
0.481017939091
0.481852315394
0.481435127242
0.482269503546
0.482686691698
0.483521068002
0.483521068002
0.483103879850
0.483103879850
0.483521068002
0.484355444305
0.484772632457
0.483938256154
0.483521068002
0.482269503546
0.481852315394
0.483103879850
0.483521068002
0.484355444305
0.484772632457
0.484355444305
0.484355444305
0.484772632457
0.484355444305
0.483521068002
0.483103879850
0.483103879850
0.483103879850
0.483103879850
0.483103879850
0.483103879850
0.482686691698
0.483103879850
0.483521068002
0.483521068002
0.483938256154
0.483521068002
0.483521068002
0.484772632457
0.485607008761
0.485607008761
0.484772632457
0.485189820609
0.485189820609
0.485607008761
0.485607008761
0.486024196913
0.485607008761
0.485189820609
0.484772632457
0.484772632457
0.485607008761
0.486858573217
0.487692949520
0.487692949520
0.488110137672
0.488110137672
0.487692949520
0.488110137672
0.487275761368
0.487275761368
0.487275761368
0.487275761368
0.487692949520
0.488527325824
0.488110137672
0.487692949520
0.487275761368
0.488110137672
0.488527325824
0.488527325824
0.488110137672
0.488944513976
0.488527325824
0.488527325824
0.488944513976
0.488527325824
0.488944513976
0.488944513976
0.489361702128
0.490196078431
0.490196078431
0.490613266583
0.490196078431
0.490196078431
0.491030454735
0.491447642887
0.491447642887
0.491030454735
0.491864831039
0.491447642887
0.491864831039
0.491864831039
0.491447642887
0.491447642887
0.492282019191
0.493116395494
0.493533583646
0.493950771798
0.493950771798
0.494785148102
0.494367959950
0.494785148102
0.494785148102
0.494785148102
0.495202336254
0.494367959950
0.494785148102
0.495202336254
0.495619524406
0.494785148102
0.495202336254
0.494785148102
0.494785148102
0.494785148102
0.494785148102
0.494785148102
0.494785148102
0.495202336254
0.494785148102
0.495619524406
0.495619524406
0.495202336254
0.494785148102
0.495619524406
0.495202336254
0.495202336254
0.495619524406
0.496036712557
0.496871088861
0.497705465165
0.498122653317
0.498122653317
0.498122653317
0.498122653317
0.498539841469
0.498957029620
0.500208594076
0.500208594076
0.499791405924
0.500208594076
0.500208594076
0.500208594076
0.500208594076
0.500625782228
0.500625782228
0.501042970380
0.501460158531
0.501460158531
0.501877346683
0.502711722987
0.503128911139
0.503128911139
0.503128911139
0.503128911139
0.503128911139
0.503546099291
0.503546099291
0.503963287443
0.504797663746
0.505214851898
0.505214851898
0.505214851898
0.505214851898
0.505632040050
0.503963287443
0.504797663746
0.506049228202
0.505632040050
0.506049228202
0.506049228202
0.504797663746
0.508135168961
0.505632040050
0.506883604506
0.499374217772
0.513975803087
0.422194409679
0.360033375052
0.269920734251
0.368794326241
0.357530246141
0.342928660826
0.334167709637
0.345014601585
0.347100542345
0.350438047559
0.355027117230
0.350438047559
0.354192740926
0.350438047559
0.351272423863
0.360450563204
0.383395911556
0.412599082186
0.437213183146
0.451397580309
0.465581977472
0.470171047142
0.472256987902
0.471422611598
0.473925740509
0.470588235294
0.471422611598
0.467250730079
0.465164789320
0.464747601168
0.467667918231
0.468085106383
0.470171047142
0.472674176053
0.472256987902
0.473925740509
0.478514810179
0.479349186483
0.482269503546
0.485189820609
0.485607008761
0.491030454735
0.494367959950
0.492699207343
0.498539841469
0.497288277013
0.498539841469
0.497705465165
0.499374217772
0.500208594076
0.501042970380
0.497705465165
0.500625782228
0.497705465165
0.501042970380
0.498539841469
0.501460158531
0.498122653317
0.502294534835
0.498957029620
0.504380475594
0.499374217772
0.503963287443
0.501877346683
0.504797663746
0.505632040050
0.504797663746
0.506049228202
0.508135168961
0.504380475594
0.508135168961
0.505632040050
0.509386733417
0.506049228202
0.509386733417
0.509803921569
0.508552357113
0.508135168961
0.511055486024
0.509803921569
0.510221109720
0.508552357113
0.510638297872
0.511472674176
0.511889862328
0.510221109720
0.510638297872
0.509803921569
0.509386733417
0.510638297872
0.510638297872
0.508969545265
0.511889862328
0.509803921569
0.511055486024
0.509386733417
0.512724238632
0.511889862328
0.513558614935
0.511472674176
0.512307050480
0.512307050480
0.514810179391
0.511472674176
0.514810179391
0.515644555695
0.511055486024
0.514810179391
0.514810179391
0.511889862328
0.514392991239
0.515227367543
0.513141426783
0.515227367543
0.515227367543
0.515227367543
0.514810179391
0.515644555695
0.516061743846
0.516478931998
0.516896120150
0.518147684606
0.514810179391
0.519816437213
0.513141426783
0.521902377972
0.505214851898
0.518147684606
0.444722569879
0.401335002086
0.191906549854
0.242386316229
0.322486441385
0.307884856070
0.439299123905
0.432624113475
0.432624113475
0.438464747601
0.450980392157
0.462661660409
0.462244472257
0.460992907801
0.451397580309
0.441802252816
0.438881935753
0.440550688360
0.440133500209
0.439299123905
0.448894451398
0.455152273675
0.460158531498
0.467667918231
0.475594493116
0.480600750939
0.482686691698
0.479766374635
0.483938256154
0.483521068002
0.486858573217
0.488110137672
0.490196078431
0.492699207343
0.496036712557
0.496871088861
0.500208594076
0.502294534835
0.506883604506
0.511472674176
0.513975803087
0.514392991239
0.513975803087
0.513558614935
0.514810179391
0.514810179391
0.513141426783
0.514810179391
0.514810179391
0.513141426783
0.515227367543
0.517313308302
0.516896120150
0.518147684606
0.518982060909
0.518982060909
0.517730496454
0.518564872758
0.518147684606
0.519399249061
0.521068001669
0.521902377972
0.522736754276
0.523571130580
0.523988318732
0.525239883187
0.523571130580
0.524822695035
0.525657071339
0.524822695035
0.523988318732
0.524822695035
0.524822695035
0.524822695035
0.524822695035
0.524822695035
0.523988318732
0.524405506884
0.523571130580
0.525657071339
0.523988318732
0.525239883187
0.523988318732
0.523153942428
0.522319566124
0.522736754276
0.522736754276
0.523988318732
0.524405506884
0.524405506884
0.526074259491
0.527743012098
0.528160200250
0.526491447643
0.526908635795
0.526491447643
0.526491447643
0.526074259491
0.526491447643
0.527325823947
0.528577388402
0.528994576554
0.529828952858
0.529411764706
0.529411764706
0.530663329161
0.530663329161
0.530663329161
0.531080517313
0.530663329161
0.531497705465
0.532332081769
0.532332081769
0.532749269921
0.532332081769
0.531914893617
0.531080517313
0.531497705465
0.531914893617
0.531914893617
0.535669586984
0.534000834376
0.533583646224
0.534418022528
0.532749269921
0.534835210680
0.534418022528
0.535252398832
0.535252398832
0.535252398832
0.535669586984
0.536921151439
0.536086775136
0.537755527743
0.535669586984
0.538589904047
0.536086775136
0.538589904047
0.536503963287
0.539424280350
0.538172715895
0.538589904047
0.537755527743
0.538589904047
0.538589904047
0.539841468502
0.538172715895
0.539841468502
0.539424280350
0.539841468502
0.540258656654
0.539424280350
0.540258656654
0.541927409262
0.540258656654
0.543596161869
0.532749269921
0.544847726325
0.544847726325
0.542761785565
0.545682102628
0.544013350021
0.546099290780
0.533583646224
0.553191489362
0.505632040050
0.537755527743
0.181059657906
0.344180225282
0.392991239049
0.413016270338
0.345848977889
0.509386733417
0.507300792657
0.501460158531
0.477680433876
0.468085106383
0.459324155194
0.455986649979
0.460158531498
0.469336670839
0.481017939091
0.483103879850
0.498539841469
0.506883604506
0.510638297872
0.509386733417
0.508969545265
0.508135168961
0.507300792657
0.512307050480
0.518564872758
0.521485189821
0.523988318732
0.526074259491
0.530246141010
0.530246141010
0.533583646224
0.534000834376
0.532332081769
0.530663329161
0.535669586984
0.535252398832
0.538589904047
0.538589904047
0.538589904047
0.540675844806
0.540675844806
0.540258656654
0.540258656654
0.541093032958
0.541927409262
0.541093032958
0.542344597413
0.541510221110
0.541510221110
0.543596161869
0.543596161869
0.543596161869
0.544847726325
0.544847726325
0.545264914476
0.546099290780
0.544847726325
0.547350855236
0.546933667084
0.547350855236
0.548602419691
0.549853984147
0.550688360451
0.551522736754
0.552357113058
0.551939924906
0.551105548602
0.551522736754
0.551939924906
0.551939924906
0.552774301210
0.554025865665
0.554860241969
0.555277430121
0.555277430121
0.556111806425
0.556528994577
0.557363370880
0.557363370880
0.558614935336
0.559449311640
0.561118064247
0.561535252399
0.560700876095
0.560700876095
0.561535252399
0.561118064247
0.561535252399
0.561952440551
0.561952440551
0.562369628703
0.561535252399
0.561952440551
0.561535252399
0.561118064247
0.561535252399
0.559866499791
0.559866499791
0.560700876095
0.561118064247
0.559866499791
0.559866499791
0.559449311640
0.560700876095
0.558197747184
0.559866499791
0.558197747184
0.560700876095
0.559032123488
0.560283687943
0.559866499791
0.559866499791
0.560283687943
0.561118064247
0.558614935336
0.557780559032
0.561535252399
0.559449311640
0.562786816854
0.556946182728
0.560283687943
0.561535252399
0.561535252399
0.554443053817
0.566541510221
0.523153942428
0.538589904047
0.267834793492
0.274092615770
0.498122653317
0.518982060909
0.538172715895
0.525657071339
0.528994576554
0.524822695035
0.525657071339
0.529828952858
0.531914893617
0.531914893617
0.531497705465
0.533166458073
0.537755527743
0.543178973717
0.544430538173
0.544430538173
0.549019607843
0.548602419691
0.548602419691
0.550688360451
0.548602419691
0.550688360451
0.552774301210
0.549436795995
0.550271172299
0.548185231539
0.549436795995
0.549019607843
0.552357113058
0.557780559032
0.556946182728
0.560700876095
0.557780559032
0.560283687943
0.560700876095
0.564038381310
0.547768043388
0.557363370880
0.410930329579
0.436795994994
0.259073842303
0.427200667501
0.567375886525
0.559866499791
0.563204005006
0.556946182728
0.558614935336
0.561535252399
0.556946182728
0.556946182728
0.552357113058
0.551939924906
0.546099290780
0.547768043388
0.550271172299
0.549436795995
0.553191489362
0.555277430121
0.556946182728
0.560283687943
0.559449311640
0.558614935336
0.557363370880
0.559449311640
0.559866499791
0.561118064247
0.562369628703
0.561535252399
0.561118064247
0.561952440551
0.563204005006
0.563621193158
0.564038381310
0.564038381310
0.565707133917
0.565289945766
0.565707133917
0.567375886525
0.568210262829
0.569461827284
0.569044639132
0.569044639132
0.570296203588
0.570296203588
0.569879015436
0.569044639132
0.569461827284
0.570296203588
0.571547768043
0.572382144347
0.571964956195
0.571130579892
0.571130579892
0.570713391740
0.570713391740
0.571547768043
0.572382144347
0.573216520651
0.574050896955
0.573633708803
0.573633708803
0.573633708803
0.575302461410
0.574468085106
0.576136837714
0.574468085106
0.576136837714
0.576136837714
0.574468085106
0.576136837714
0.576971214018
0.576971214018
0.575719649562
0.576971214018
0.577388402169
0.578222778473
0.578222778473
0.577805590321
0.577805590321
0.578222778473
0.578222778473
0.579057154777
0.580308719232
0.580308719232
0.581143095536
0.579057154777
0.579891531081
0.581143095536
0.579891531081
0.580308719232
0.581560283688
0.581143095536
0.581560283688
0.580308719232
0.582394659992
0.581560283688
0.581143095536
0.582394659992
0.581560283688
0.581560283688
0.581560283688
0.581560283688
0.582394659992
0.581143095536
0.583229036295
0.581560283688
0.582811848144
0.581977471840
0.583646224447
0.583229036295
0.581560283688
0.580725907384
0.582394659992
0.581560283688
0.582811848144
0.581560283688
0.582394659992
0.584480600751
0.583229036295
0.583646224447
0.583229036295
0.581977471840
0.584897788903
0.583229036295
0.585314977055
0.582811848144
0.584063412599
0.586566541510
0.584480600751
0.586983729662
0.583646224447
0.587400917814
0.585314977055
0.583229036295
0.589486858573
0.584480600751
0.586983729662
0.587400917814
0.587818105966
0.587400917814
0.588235294118
0.588652482270
0.586149353358
0.590738423029
0.584897788903
0.590321234877
0.586149353358
0.592407175636
0.584897788903
0.586149353358
0.589904046725
0.590738423029
0.576136837714
0.455569461827
0.115561118064
0.177722152691
0.204005006258
0.184397163121
0.212348769295
0.217772215269
0.219023779725
0.229453483521
0.243637880684
0.263662911973
0.296203587818
0.332916145181
0.363788068419
0.368794326241
0.378806841886
0.379641218189
0.378389653734
0.379224030038
0.379641218189
0.388402169378
0.392991239049
0.397997496871
0.400917813934
0.406758448060
0.405506883605
0.408844388819
0.410095953275
0.412599082186
0.416353775553
0.420525657071
0.420108468919
0.424280350438
0.425949103045
0.428869420108
0.433041301627
0.431789737171
0.431372549020
0.429286608260
0.430955360868
0.433041301627
0.436378806842
0.437213183146
0.440133500209
0.441802252816
0.449728827701
0.440550688360
0.425531914894
0.188151856487
0.183979974969
0.150187734668
0.138923654568
0.147684605757
0.175636211932
0.220692532332
0.275761368377
0.282019190655
0.285773884022
0.297037964122
0.314977054652
0.340008343763
0.359616186900
0.368794326241
0.371297455152
0.370045890697
0.374634960367
0.376720901126
0.382978723404
0.382561535252
0.378806841886
0.380058406341
0.380058406341
0.382561535252
0.382144347101
0.390905298290
0.393825615353
0.403838130997
0.412181894034
0.413850646642
0.420942845223
0.423863162286
0.435127242386
0.443053817272
0.444722569879
0.448894451398
0.455152273675
0.458072590738
0.454735085524
0.460575719650
0.458906967042
0.455569461827
0.460158531498
0.454735085524
0.461827284105
0.458906967042
0.464747601168
0.460158531498
0.468085106383
0.458489778890
0.471839799750
0.414267834793
0.343345848978
0.198581560284
0.266583229036
0.242386316229
0.261576971214
0.286191072174
0.305381727159
0.320400500626
0.337922403004
0.350855235711
0.370045890697
0.382978723404
0.395911556112
0.412181894034
0.426783479349
0.437630371297
0.435544430538
0.433458489779
0.434292866083
0.429703796412
0.430955360868
0.435961618690
0.447642886942
0.454317897372
0.456403838131
0.456821026283
0.455569461827
0.448894451398
