0.077563768870
0.077043206663
0.076002082249
0.077563768870
0.076522644456
0.074960957834
0.074440395627
0.074440395627
0.073919833420
0.073919833420
0.073919833420
0.073919833420
0.073919833420
0.073919833420
0.073919833420
0.073919833420
0.073919833420
0.073919833420
0.073919833420
0.073919833420
0.073919833420
0.073919833420
0.073919833420
0.073919833420
0.073919833420
0.074440395627
0.074960957834
0.076002082249
0.076002082249
0.081207704321
0.083289953149
0.085372201978
0.087454450807
0.093180635086
0.096304008329
0.100468505986
0.104633003644
0.106715252473
0.111400312337
0.115564809995
0.120770432067
0.123893805310
0.130661114003
0.136907860489
0.146277980219
0.148880791255
0.148880791255
0.154086413326
0.156689224362
0.160853722020
0.165538781884
0.166579906299
0.166579906299
0.165538781884
0.166059344092
0.170744403956
0.170744403956
0.173867777199
0.177511712650
0.176991150442
0.180635085893
0.184799583550
0.186361270172
0.186881832379
0.188964081208
0.192087454451
0.191566892244
0.195210827694
0.198854763144
0.203019260802
0.203539823009
0.201457574180
0.207704320666
0.215512753774
0.222280062467
0.224882873503
0.224362311296
0.227485684539
0.229047371161
0.231129619990
0.232170744404
0.230088495575
0.230609057782
0.232170744404
0.232170744404
0.234773555440
0.233732431026
0.235814679854
0.237376366476
0.237376366476
0.241020301926
0.241020301926
0.241540864133
0.242061426340
0.241020301926
0.243623112962
0.245184799584
0.245184799584
0.243102550755
0.242581988548
0.241020301926
0.241540864133
0.243623112962
0.241540864133
0.241540864133
0.241540864133
0.243102550755
0.242581988548
0.243623112962
0.244143675169
0.245184799584
0.244664237376
0.245184799584
0.246746486205
0.247267048412
0.247267048412
0.247267048412
0.249349297241
0.249349297241
0.248308172827
0.250910983863
0.250390421655
0.249869859448
0.249869859448
0.252472670484
0.249869859448
0.249869859448
0.250910983863
0.249869859448
0.250390421655
0.250910983863
0.250390421655
0.251431546070
0.251952108277
0.252472670484
0.253513794898
0.252472670484
0.252993232691
0.252993232691
0.254554919313
0.253513794898
0.257157730349
0.256637168142
0.256637168142
0.258198854763
0.257678292556
0.256116605934
0.257678292556
0.257157730349
0.258719416970
0.257678292556
0.260801665799
0.260281103592
0.262363352421
0.259760541385
0.263925039042
0.259760541385
0.263925039042
0.259760541385
0.262883914628
0.263925039042
0.264966163457
0.263404476835
0.263925039042
0.268089536700
0.264445601249
0.263925039042
0.270692347736
0.265486725664
0.262883914628
0.268610098907
0.264445601249
0.266527850078
0.263925039042
0.270171785528
0.267568974492
0.266527850078
0.268089536700
0.268610098907
0.268610098907
0.270171785528
0.271212909943
0.273295158771
0.273815720979
0.273295158771
0.275897969807
0.273815720979
0.274336283186
0.274856845393
0.274856845393
0.279541905258
0.273295158771
0.281103591879
0.274856845393
0.270171785528
0.243623112962
0.160853722020
0.174388339407
0.212389380531
0.256637168142
0.269651223321
0.287350338365
0.276939094222
0.274336283186
0.271733472150
0.271733472150
0.272254034357
0.269651223321
0.268610098907
0.258719416970
0.262363352421
0.262883914628
0.264966163457
0.268089536700
0.273295158771
0.277459656429
0.279021343050
0.277459656429
0.281103591879
0.283706402915
0.287350338365
0.286309213951
0.288391462780
0.288391462780
0.287870900573
0.285788651744
0.281103591879
0.281103591879
0.281624154086
0.284226965122
0.287350338365
0.286829776158
0.287350338365
0.286309213951
0.286309213951
0.285268089537
0.287870900573
0.288912024987
0.291514836023
0.295158771473
0.297761582509
0.299843831338
0.300884955752
0.300884955752
0.301405517959
0.302446642374
0.301926080167
0.300884955752
0.300884955752
0.300364393545
0.300364393545
0.300364393545
0.301405517959
0.299843831338
0.299843831338
0.299323269131
0.299323269131
0.299323269131
0.298282144716
0.299323269131
0.299323269131
0.299323269131
0.299843831338
0.299843831338
0.300364393545
0.301405517959
0.301405517959
0.301405517959
0.303487766788
0.304008328995
0.305570015617
0.306090577824
0.307131702238
0.308172826653
0.308693388860
0.310255075482
0.311296199896
0.311816762103
0.311296199896
0.312857886517
0.314940135346
0.315460697553
0.315460697553
0.314940135346
0.314940135346
0.316501821968
0.317022384175
0.316501821968
0.316501821968
0.316501821968
0.317022384175
0.318063508589
0.317542946382
0.317022384175
0.318063508589
0.318063508589
0.319625195211
0.319104633004
0.319104633004
0.319104633004
0.318584070796
0.319625195211
0.319625195211
0.320145757418
0.320666319625
0.321186881832
0.321186881832
0.322748568454
0.321707444040
0.320145757418
0.322228006247
0.321707444040
0.322228006247
0.322748568454
0.323789692868
0.325351379490
0.326392503904
0.326913066111
0.326392503904
0.326392503904
0.326913066111
0.326913066111
0.327954190526
0.328474752733
0.328995314940
0.330036439355
0.331077563769
0.330557001562
0.331598125976
0.332118688183
0.333159812598
0.333159812598
0.333680374805
0.334721499219
0.335762623634
0.335762623634
0.335762623634
0.336803748048
0.339406559084
0.339406559084
0.339406559084
0.339406559084
0.340968245705
0.340447683498
0.340447683498
0.339406559084
0.339927121291
0.342009370120
0.342529932327
0.342009370120
0.342529932327
0.342529932327
0.343571056741
0.343571056741
0.343571056741
0.345653305570
0.343050494534
0.343050494534
0.345132743363
0.344612181156
0.344091618948
0.344612181156
0.343571056741
0.344612181156
0.344091618948
0.345132743363
0.345653305570
0.345132743363
0.344612181156
0.346173867777
0.348256116606
0.348776678813
0.348776678813
0.340447683498
0.298802706923
0.074440395627
0.235814679854
0.241020301926
0.258198854763
0.270692347736
0.270692347736
0.269130661114
0.268089536700
0.269651223321
0.268610098907
0.270692347736
0.266007287871
0.260281103592
0.263925039042
0.254034357106
0.247267048412
0.241540864133
0.242581988548
0.240499739719
0.233732431026
0.235814679854
0.234252993233
0.232691306611
0.233732431026
0.234252993233
0.234252993233
0.236335242061
0.238938053097
0.239979177512
0.241020301926
0.245705361791
0.247787610619
0.254554919313
0.258719416970
0.264966163457
0.263925039042
0.261322228006
0.263925039042
0.264445601249
0.268610098907
0.269130661114
0.270692347736
0.274336283186
0.273295158771
0.275377407600
0.275377407600
0.274336283186
0.276939094222
0.279021343050
0.281103591879
0.281103591879
0.283706402915
0.283706402915
0.282144716294
0.277980218636
0.276939094222
0.277459656429
0.280583029672
0.279021343050
0.282665278501
0.285268089537
0.285268089537
0.282665278501
0.280583029672
0.281103591879
0.282665278501
0.285268089537
0.283706402915
0.282144716294
0.284226965122
0.286829776158
0.287870900573
0.288391462780
0.287350338365
0.288391462780
0.288391462780
0.287350338365
0.287350338365
0.286829776158
0.286829776158
0.288391462780
0.288912024987
0.288912024987
0.290473711609
0.290994273816
0.291514836023
0.291514836023
0.292035398230
0.293597084852
0.292555960437
0.293597084852
0.294638209266
0.295679333680
0.295679333680
0.297241020302
0.298282144716
0.298802706923
0.298282144716
0.301405517959
0.297761582509
0.299843831338
0.300884955752
0.301405517959
0.303487766788
0.302967204581
0.302967204581
0.304008328995
0.304528891202
0.306090577824
0.307652264446
0.309213951067
0.310255075482
0.309213951067
0.310255075482
0.309734513274
0.308693388860
0.309734513274
0.310775637689
0.310255075482
0.311296199896
0.310775637689
0.311296199896
0.312337324310
0.313378448725
0.313378448725
0.314419573139
0.315981259761
0.315981259761
0.315981259761
0.315981259761
0.315460697553
0.314940135346
0.314940135346
0.313378448725
0.312337324310
0.314940135346
0.311816762103
0.314419573139
0.312337324310
0.314419573139
0.311816762103
0.312337324310
0.311816762103
0.310255075482
0.312857886517
0.311296199896
0.312337324310
0.312857886517
0.312857886517
0.310775637689
0.312337324310
0.313378448725
0.313378448725
0.314940135346
0.315981259761
0.318063508589
0.318584070796
0.321707444040
0.322748568454
0.322228006247
0.323269130661
0.324830817283
0.325871941697
0.326392503904
0.328995314940
0.328995314940
0.328474752733
0.328995314940
0.332118688183
0.333680374805
0.335242061426
0.337324310255
0.335762623634
0.339406559084
0.337324310255
0.340447683498
0.340447683498
0.342009370120
0.342009370120
0.343050494534
0.344612181156
0.344612181156
0.345132743363
0.346173867777
0.346694429984
0.347214992192
0.346694429984
0.347214992192
0.348256116606
0.348256116606
0.347214992192
0.349297241020
0.350338365435
0.350858927642
0.351379489849
0.352941176471
0.353461738678
0.353982300885
0.353982300885
0.353461738678
0.353461738678
0.352941176471
0.353461738678
0.351900052056
0.353461738678
0.353982300885
0.352420614263
0.352420614263
0.354502863092
0.356064549714
0.356585111921
0.356585111921
0.357626236335
0.358146798542
0.359187922957
0.359708485164
0.359708485164
0.361790733993
0.362831858407
0.361270171786
0.361270171786
0.362831858407
0.363352420614
0.364914107236
0.364393545029
0.366475793857
0.366475793857
0.366475793857
0.367516918272
0.367516918272
0.367516918272
0.366996356065
0.368558042686
0.367516918272
0.369599167100
0.369599167100
0.370640291515
0.369078604893
0.369599167100
0.371681415929
0.372722540344
0.374284226965
0.188443519001
0.170223841749
0.245184799584
0.238938053097
0.237896928683
0.239979177512
0.247267048412
0.253513794898
0.252993232691
0.255596043727
0.257157730349
0.253513794898
0.250390421655
0.250390421655
0.248308172827
0.242581988548
0.243623112962
0.239979177512
0.236855804269
0.233732431026
0.238417490890
0.240499739719
0.243102550755
0.248308172827
0.253513794898
0.258198854763
0.259760541385
0.262363352421
0.264445601249
0.267568974492
0.268610098907
0.268089536700
0.268089536700
0.268089536700
0.269130661114
0.269130661114
0.270171785528
0.269651223321
0.270171785528
0.271212909943
0.274336283186
0.275897969807
0.276939094222
0.280062467465
0.282144716294
0.282144716294
0.282144716294
0.284747527330
0.288391462780
0.293076522644
0.297241020302
0.298282144716
0.301405517959
0.302967204581
0.304008328995
0.306090577824
0.307131702238
0.308693388860
0.311816762103
0.311816762103
0.312337324310
0.316501821968
0.319625195211
0.322748568454
0.322748568454
0.322748568454
0.325351379490
0.327954190526
0.327954190526
0.331077563769
0.332118688183
0.331077563769
0.333159812598
0.334721499219
0.332639250390
0.333680374805
0.335242061426
0.336803748048
0.337324310255
0.337844872462
0.337324310255
0.337844872462
0.337844872462
0.338365434669
0.340968245705
0.342529932327
0.343050494534
0.344612181156
0.346694429984
0.348256116606
0.351900052056
0.353982300885
0.355543987507
0.356064549714
0.357626236335
0.356585111921
0.356585111921
0.356585111921
0.357626236335
0.356585111921
0.357105674128
0.359187922957
0.360229047371
0.361790733993
0.361790733993
0.363872982821
0.363352420614
0.362831858407
0.363872982821
0.365434669443
0.366475793857
0.365955231650
0.365955231650
0.363352420614
0.364914107236
0.365434669443
0.365955231650
0.364914107236
0.365955231650
0.364393545029
0.365955231650
0.366996356065
0.371160853722
0.369078604893
0.373243102551
0.369599167100
0.375845913587
0.371681415929
0.374284226965
0.372201978136
0.375845913587
0.372201978136
0.375325351379
0.374284226965
0.378448724623
0.375325351379
0.379489849037
0.376887038001
0.380010411244
0.378448724623
0.381051535659
0.378448724623
0.376887038001
0.378448724623
0.377928162415
0.381572097866
0.378448724623
0.381051535659
0.381051535659
0.381572097866
0.378969286830
0.383654346694
0.375845913587
0.351900052056
0.279541905258
0.269130661114
0.315460697553
0.360749609578
0.361270171786
0.368037480479
0.373243102551
0.370640291515
0.369078604893
0.367516918272
0.366996356065
0.367516918272
0.364393545029
0.362311296200
0.363352420614
0.364914107236
0.363352420614
0.363352420614
0.364393545029
0.368558042686
0.375325351379
0.380010411244
0.381572097866
0.381051535659
0.381572097866
0.383654346694
0.382613222280
0.384695471109
0.384695471109
0.384695471109
0.384174908902
0.384174908902
0.383133784487
0.385736595523
0.383654346694
0.385736595523
0.386777719938
0.387298282145
0.387298282145
0.387298282145
0.388339406559
0.389380530973
0.390421655388
0.390421655388
0.390942217595
0.390421655388
0.390942217595
0.389901093181
0.390942217595
0.391983342009
0.391462779802
0.391462779802
0.391983342009
0.393545028631
0.393545028631
0.394586153045
0.394586153045
0.394586153045
0.395627277460
0.395627277460
0.397709526288
0.397709526288
0.398750650703
0.398230088496
0.398230088496
0.400312337324
0.397188964081
0.399791775117
0.396668401874
0.399271212910
0.397709526288
0.399271212910
0.399271212910
0.400832899531
0.399271212910
0.400312337324
0.400832899531
0.400312337324
0.401353461739
0.400832899531
0.400312337324
0.400832899531
0.401874023946
0.402394586153
0.403435710567
0.402915148360
0.404997397189
0.404476834982
0.405517959396
0.404997397189
0.406038521603
0.404476834982
0.408120770432
0.404476834982
0.406559083811
0.404997397189
0.408120770432
0.405517959396
0.407079646018
0.406038521603
0.406038521603
0.405517959396
0.409682457054
0.405517959396
0.409682457054
0.407079646018
0.407079646018
0.407079646018
0.409161894846
0.407600208225
0.411244143675
0.408120770432
0.410203019261
0.409161894846
0.410723581468
0.409161894846
0.412805830297
0.409161894846
0.413326392504
0.411244143675
0.413846954711
0.410203019261
0.414367516918
0.412285268090
0.414888079125
0.410723581468
0.416449765747
0.411764705882
0.414888079125
0.412805830297
0.414888079125
0.411244143675
0.411244143675
0.410203019261
0.403435710567
0.338885996877
0.247267048412
0.256116605934
0.346694429984
0.375845913587
0.375325351379
0.390421655388
0.395627277460
0.399271212910
0.394065590838
0.391462779802
0.384695471109
0.385216033316
0.384695471109
0.384695471109
0.384174908902
0.383133784487
0.384174908902
0.389380530973
0.389901093181
0.390421655388
0.395106715252
0.401353461739
0.404476834982
0.408641332639
0.405517959396
0.408120770432
0.410203019261
0.411764705882
0.412805830297
0.413846954711
0.419052576783
0.420614263404
0.420093701197
0.416970327954
0.418011452369
0.419573138990
0.419052576783
0.420614263404
0.422696512233
0.422175950026
0.423217074440
0.422696512233
0.421655387819
0.422175950026
0.422175950026
0.422175950026
0.422696512233
0.421655387819
0.421134825612
0.420614263404
0.420614263404
0.423217074440
0.424258198855
0.424258198855
0.425819885476
0.424258198855
0.424778761062
0.426340447683
0.425819885476
0.427381572098
0.427902134305
0.429984383134
0.431546069755
0.431546069755
0.432587194170
0.433628318584
0.433628318584
0.433628318584
0.434148880791
0.434148880791
0.433107756377
0.433628318584
0.433107756377
0.432066631963
0.433628318584
0.432587194170
0.432066631963
0.432066631963
0.432066631963
0.431546069755
0.432587194170
0.432587194170
0.432066631963
0.433107756377
0.434669442998
0.434669442998
0.434148880791
0.435190005206
0.434148880791
0.437272254034
0.436231129620
0.435710567413
0.435190005206
0.436231129620
0.437792816242
0.434148880791
0.418532014576
0.398230088496
0.242581988548
0.300364393545
0.344091618948
0.370119729308
0.394065590838
0.372722540344
0.350338365435
0.343050494534
0.339406559084
0.339927121291
0.346173867777
0.360749609578
0.372201978136
0.385736595523
0.395627277460
0.397709526288
0.398230088496
0.396147839667
0.393545028631
0.393545028631
0.395106715252
0.396668401874
0.396147839667
0.397188964081
0.401874023946
0.411764705882
0.417490890161
0.419052576783
0.421655387819
0.420093701197
0.420614263404
0.423217074440
0.423217074440
0.423217074440
0.421134825612
0.419573138990
0.422175950026
0.420614263404
0.421134825612
0.421134825612
0.423217074440
0.423217074440
0.425299323269
0.424778761062
0.424778761062
0.424258198855
0.424778761062
0.423217074440
0.425299323269
0.423737636648
0.424258198855
0.423737636648
0.425299323269
0.426340447683
0.426861009891
0.426861009891
0.427902134305
0.430504945341
0.429463820927
0.431546069755
0.432066631963
0.433628318584
0.434148880791
0.434148880791
0.436751691827
0.436751691827
0.437792816242
0.439354502863
0.438833940656
0.439875065070
0.440395627277
0.441957313899
0.443519000521
0.445080687142
0.446642373764
0.448724622592
0.448724622592
0.451327433628
0.450286309214
0.451327433628
0.451847995836
0.451327433628
0.451327433628
0.451327433628
0.451327433628
0.451847995836
0.452889120250
0.452889120250
0.452368558043
0.452368558043
0.452889120250
0.452889120250
0.453409682457
0.453409682457
0.453930244664
0.455491931286
0.453930244664
0.454450806871
0.454971369079
0.454971369079
0.455491931286
0.456533055700
0.457053617907
0.457574180115
0.458094742322
0.458094742322
0.458615304529
0.458615304529
0.458615304529
0.459656428943
0.459656428943
0.460176991150
0.460176991150
0.461218115565
0.461738677772
0.461218115565
0.460697553358
0.459656428943
0.460697553358
0.460697553358
0.460697553358
0.460697553358
0.460697553358
0.460697553358
0.461218115565
0.460697553358
0.461218115565
0.461218115565
0.461218115565
0.461738677772
0.462259239979
0.462779802186
0.462779802186
0.462259239979
0.462259239979
0.462259239979
0.461738677772
0.461738677772
0.461738677772
0.461738677772
0.461738677772
0.461738677772
0.462779802186
0.463300364394
0.463300364394
0.464862051015
0.465903175429
0.465903175429
0.466944299844
0.466423737637
0.466423737637
0.466944299844
0.466423737637
0.466944299844
0.466944299844
0.467985424258
0.467985424258
0.467985424258
0.468505986465
0.468505986465
0.469026548673
0.469547110880
0.469547110880
0.470067673087
0.470588235294
0.470588235294
0.470588235294
0.470588235294
0.471108797501
0.471108797501
0.471108797501
0.471108797501
0.471629359708
0.471629359708
0.471629359708
0.471629359708
0.472149921916
0.472670484123
0.473191046330
0.473191046330
0.473191046330
0.472149921916
0.472149921916
0.472670484123
0.474232170744
0.475273295159
0.475273295159
0.475793857366
0.475793857366
0.475273295159
0.475273295159
0.475273295159
0.475273295159
0.475273295159
0.475793857366
0.476314419573
0.476834981780
0.476834981780
0.476834981780
0.476834981780
0.476834981780
0.476834981780
0.477355543988
0.477355543988
0.477355543988
0.477355543988
0.477355543988
0.477876106195
0.477355543988
0.477355543988
0.477355543988
0.477355543988
0.476834981780
0.477355543988
0.477355543988
0.477355543988
0.477355543988
0.477876106195
0.477876106195
0.477876106195
0.477876106195
0.477876106195
0.478396668402
0.478396668402
0.477876106195
0.478917230609
0.478917230609
0.479437792816
0.479958355023
0.480478917231
0.479958355023
0.480478917231
0.480478917231
0.480478917231
0.479958355023
0.480478917231
0.479958355023
0.480999479438
0.481520041645
0.479958355023
0.480999479438
0.485163977095
0.479437792816
0.480999479438
0.482040603852
0.480478917231
0.484643414888
0.475273295159
0.480999479438
0.413846954711
0.298802706923
0.285788651744
0.341488807913
0.366996356065
0.343050494534
0.350858927642
0.350858927642
0.357626236335
0.358667360750
0.358667360750
0.362311296200
0.370640291515
0.369599167100
0.373763664758
0.375325351379
0.384695471109
0.398230088496
0.414367516918
0.428943258719
0.427381572098
0.431025507548
0.437272254034
0.447162935971
0.450806871421
0.452368558043
0.450806871421
0.451327433628
0.447162935971
0.449765747007
0.451327433628
0.454450806871
0.453930244664
0.456533055700
0.456533055700
0.454450806871
0.454450806871
0.454450806871
0.454450806871
0.457053617907
0.457574180115
0.461218115565
0.462259239979
0.463820926601
0.462779802186
0.464862051015
0.464341488808
0.464341488808
0.469026548673
0.468505986465
0.471108797501
0.470067673087
0.469547110880
0.469547110880
0.468505986465
0.469026548673
0.467985424258
0.470067673087
0.470067673087
0.468505986465
0.470067673087
0.467464862051
0.469547110880
0.467464862051
0.469547110880
0.469547110880
0.471629359708
0.469547110880
0.470067673087
0.470588235294
0.470588235294
0.471629359708
0.472149921916
0.474232170744
0.472670484123
0.473191046330
0.473191046330
0.474232170744
0.474232170744
0.475273295159
0.476314419573
0.473711608537
0.477876106195
0.476834981780
0.477355543988
0.477876106195
0.478396668402
0.479958355023
0.479437792816
0.479437792816
0.480478917231
0.482040603852
0.479958355023
0.482561166059
0.480999479438
0.483081728267
0.479958355023
0.484643414888
0.481520041645
0.484122852681
0.482561166059
0.484122852681
0.484122852681
0.486205101510
0.485163977095
0.484643414888
0.486725663717
0.486205101510
0.486725663717
0.487246225924
0.487246225924
0.486725663717
0.487246225924
0.486205101510
0.486205101510
0.486205101510
0.485684539302
0.485684539302
0.486205101510
0.487246225924
0.487766788131
0.489849036960
0.490890161374
0.489328474753
0.492972410203
0.485684539302
0.493492972410
0.482561166059
0.449765747007
0.377928162415
0.255075481520
0.249349297241
0.277980218636
0.326392503904
0.408641332639
0.393545028631
0.385736595523
0.395627277460
0.407079646018
0.407079646018
0.411244143675
0.404997397189
0.395106715252
0.403435710567
0.413846954711
0.422175950026
0.419052576783
0.424258198855
0.426340447683
0.434148880791
0.441436751692
0.452368558043
0.454450806871
0.458615304529
0.460176991150
0.463820926601
0.464341488808
0.465382613222
0.468505986465
0.467464862051
0.471108797501
0.471629359708
0.472670484123
0.472670484123
0.474232170744
0.474752732952
0.478917230609
0.478396668402
0.479437792816
0.480478917231
0.480999479438
0.481520041645
0.483081728267
0.484643414888
0.484122852681
0.486205101510
0.486205101510
0.486205101510
0.488287350338
0.488287350338
0.489328474753
0.489849036960
0.489328474753
0.489849036960
0.490369599167
0.490369599167
0.490890161374
0.491410723581
0.491410723581
0.493492972410
0.491931285789
0.493492972410
0.492972410203
0.492451847996
0.492972410203
0.494534096825
0.494534096825
0.492972410203
0.490890161374
0.490369599167
0.493492972410
0.493492972410
0.495575221239
0.495575221239
0.495575221239
0.496095783446
0.495575221239
0.496616345653
0.497657470068
0.496095783446
0.496616345653
0.497136907860
0.497136907860
0.497136907860
0.497136907860
0.498178032275
0.499219156689
0.498698594482
0.499739718896
0.499219156689
0.499739718896
0.499739718896
0.500260281104
0.500260281104
0.500260281104
0.500260281104
0.500260281104
0.500780843311
0.501821967725
0.502863092140
0.502342529932
0.502342529932
0.502863092140
0.503383654347
0.504424778761
0.504424778761
0.503904216554
0.504945340968
0.504945340968
0.505465903175
0.506507027590
0.505986465383
0.507027589797
0.506507027590
0.507027589797
0.507027589797
0.507027589797
0.507548152004
0.507548152004
0.507548152004
0.507027589797
0.506507027590
0.509630400833
0.510150963040
0.509630400833
0.509109838626
0.511192087454
0.510671525247
0.511192087454
0.511192087454
0.511192087454
0.512233211869
0.512233211869
0.514315460698
0.513794898490
0.515356585112
0.514315460698
0.514836022905
0.514315460698
0.514836022905
0.516397709526
0.515877147319
0.517438833941
0.516397709526
0.517438833941
0.514836022905
0.516918271733
0.518479958355
0.517438833941
0.517438833941
0.517959396148
0.516397709526
0.518479958355
0.514315460698
0.517438833941
0.518479958355
0.517438833941
0.519000520562
0.516918271733
0.520041644977
0.515356585112
0.518479958355
0.513794898490
0.515356585112
0.428943258719
0.319625195211
0.355543987507
0.376366475794
0.324830817283
0.371681415929
0.462259239979
0.441436751692
0.431025507548
0.414367516918
0.413326392504
0.426340447683
0.435710567413
0.436751691827
0.442998438313
0.446121811556
0.452889120250
0.471108797501
0.475273295159
0.487766788131
0.493492972410
0.491931285789
0.495575221239
0.496095783446
0.500260281104
0.500260281104
0.502863092140
0.503904216554
0.501821967725
0.505465903175
0.501301405518
0.504424778761
0.503383654347
0.503383654347
0.498698594482
0.500780843311
0.500260281104
0.499739718896
0.502342529932
0.503904216554
0.506507027590
0.505986465383
0.504945340968
0.504945340968
0.505986465383
0.506507027590
0.507027589797
0.508068714211
0.507548152004
0.509109838626
0.510150963040
0.511712649662
0.509109838626
0.509630400833
0.512233211869
0.512753774076
0.514836022905
0.513794898490
0.513274336283
0.515877147319
0.513794898490
0.515877147319
0.515356585112
0.516397709526
0.516397709526
0.517959396148
0.519000520562
0.520041644977
0.520041644977
0.520562207184
0.521082769391
0.521603331598
0.522644456012
0.523165018220
0.523165018220
0.523165018220
0.523165018220
0.523685580427
0.524206142634
0.524206142634
0.523685580427
0.523685580427
0.523165018220
0.524206142634
0.524206142634
0.522644456012
0.523165018220
0.524206142634
0.523685580427
0.523165018220
0.523685580427
0.522644456012
0.524206142634
0.524206142634
0.525247267048
0.525247267048
0.525767829256
0.527850078084
0.527850078084
0.528370640292
0.527329515877
0.527850078084
0.528370640292
0.528370640292
0.528370640292
0.526808953670
0.526288391463
0.526808953670
0.525767829256
0.526288391463
0.526288391463
0.527329515877
0.526808953670
0.528370640292
0.529411764706
0.530452889120
0.536179073399
0.533576262363
0.531494013535
0.531494013535
0.530973451327
0.532014575742
0.531494013535
0.534617386778
0.531494013535
0.535137948985
0.525767829256
0.474752732952
0.341488807913
0.331077563769
0.422696512233
0.472670484123
0.501301405518
0.505986465383
0.510671525247
0.502342529932
0.504424778761
0.505986465383
0.507548152004
0.510150963040
0.509630400833
0.510671525247
0.514836022905
0.516397709526
0.511192087454
0.512233211869
0.511712649662
0.511192087454
0.511712649662
0.513794898490
0.508589276419
0.511192087454
0.517438833941
0.514315460698
0.516918271733
0.519000520562
0.521603331598
0.521603331598
0.521603331598
0.525767829256
0.527850078084
0.528891202499
0.530973451327
0.533576262363
0.533576262363
0.533576262363
0.539823008850
0.507027589797
0.495575221239
0.351900052056
0.390942217595
0.488807912546
0.508589276419
0.502863092140
0.503383654347
0.516918271733
0.521082769391
0.520041644977
0.522644456012
0.521082769391
0.519521082769
0.523165018220
0.525767829256
0.529411764706
0.529932326913
0.534617386778
0.540343571057
0.538781884435
0.539302446642
0.538781884435
0.536179073399
0.536699635606
0.535658511192
0.534617386778
0.534096824571
0.533055700156
0.534096824571
0.535137948985
0.535658511192
0.536179073399
0.537220197814
0.538781884435
0.539302446642
0.537740760021
0.538781884435
0.539823008850
0.540343571057
0.541384695471
0.543466944300
0.546590317543
0.547110879750
0.549713690786
0.550234252993
0.551795939615
0.552316501822
0.553357626236
0.553357626236
0.554398750651
0.554398750651
0.554398750651
0.553878188444
0.554919312858
0.552837064029
0.554919312858
0.552837064029
0.552837064029
0.551795939615
0.552837064029
0.551275377408
0.554398750651
0.552837064029
0.554398750651
0.553357626236
0.552837064029
0.552837064029
0.553878188444
0.552837064029
0.552316501822
0.553357626236
0.552316501822
0.553878188444
0.552837064029
0.554398750651
0.553357626236
0.553357626236
0.553878188444
0.553878188444
0.553878188444
0.554919312858
0.553357626236
0.554919312858
0.555439875065
0.555960437272
0.554398750651
0.555960437272
0.556480999479
0.557001561687
0.558563248308
0.558042686101
0.558563248308
0.559083810515
0.558042686101
0.558563248308
0.558563248308
0.559604372723
0.558042686101
0.557522123894
0.558042686101
0.559083810515
0.558042686101
0.560124934930
0.560645497137
0.561166059344
0.560124934930
0.558563248308
0.558042686101
0.558563248308
0.560124934930
0.559604372723
0.558563248308
0.560645497137
0.560645497137
0.560124934930
0.560645497137
0.561686621551
0.562207183758
0.563768870380
0.562207183758
0.562207183758
0.561686621551
0.562727745966
0.563768870380
0.561686621551
0.563768870380
0.563248308173
0.563248308173
0.563248308173
0.562727745966
0.563248308173
0.563768870380
0.564289432587
0.564289432587
0.560645497137
0.561686621551
0.564289432587
0.561686621551
0.564809994794
0.566371681416
0.564809994794
0.566892243623
0.564289432587
0.566371681416
0.564809994794
0.567412805830
0.564289432587
0.567412805830
0.565851119209
0.567412805830
0.562727745966
0.566892243623
0.568974492452
0.563248308173
0.561686621551
0.365955231650
0.203019260802
0.241540864133
0.262883914628
0.246746486205
0.269130661114
0.271733472150
0.276418532015
0.284226965122
0.291514836023
0.301926080167
0.308693388860
0.305570015617
0.308172826653
0.300364393545
0.301926080167
0.302446642374
0.302446642374
0.306090577824
0.311296199896
0.315460697553
0.321707444040
0.327433628319
0.332639250390
0.337844872462
0.335242061426
0.337844872462
0.343050494534
0.341488807913
0.344091618948
0.343050494534
0.346173867777
0.347214992192
0.348776678813
0.347735554399
0.347735554399
0.350858927642
0.355023425299
0.357105674128
0.361270171786
0.367516918272
0.368037480479
0.369078604893
0.366996356065
0.371681415929
0.374804789172
0.373763664758
0.350338365435
0.244143675169
0.149921915669
0.191566892244
0.199895887559
0.206142634045
0.219677251432
0.245705361791
0.255596043727
0.245705361791
0.229567933368
0.241540864133
0.252993232691
0.273295158771
0.285268089537
0.291514836023
0.285268089537
0.280062467465
0.280062467465
0.287350338365
0.290473711609
0.290473711609
0.296720458095
0.307652264446
0.319625195211
0.330557001562
0.337844872462
0.348776678813
0.357105674128
0.368037480479
0.375325351379
0.378448724623
0.378969286830
0.384174908902
0.391462779802
0.394065590838
0.397709526288
0.397709526288
0.403956272775
0.406038521603
0.405517959396
0.411244143675
0.411764705882
0.412805830297
0.418011452369
0.424778761062
0.423737636648
0.423737636648
0.427902134305
0.432066631963
0.434148880791
0.439875065070
0.419052576783
0.430504945341
0.248308172827
0.296199895888
0.332118688183
0.337844872462
0.337324310255
0.331598125976
0.318584070796
0.315981259761
0.319104633004
0.318063508589
0.313378448725
0.320145757418
0.320145757418
0.326913066111
0.334721499219
0.346173867777
0.347214992192
0.352420614263
0.354502863092
0.363872982821
0.368558042686
0.377928162415
0.385216033316
0.388859968766
0.402394586153
0.404997397189
0.409682457054
0.409161894846
