0.072186836518
0.073248407643
0.072717622081
0.070063694268
0.069532908705
0.069002123142
0.069002123142
0.069532908705
0.069002123142
0.069002123142
0.069002123142
0.069002123142
0.069002123142
0.069002123142
0.069002123142
0.069002123142
0.069002123142
0.069002123142
0.069002123142
0.069002123142
0.069002123142
0.069002123142
0.069002123142
0.069002123142
0.068471337580
0.068471337580
0.068471337580
0.070594479830
0.071125265393
0.074840764331
0.075902335456
0.081740976645
0.089171974522
0.099787685775
0.110934182590
0.124203821656
0.132165605096
0.140658174098
0.149681528662
0.157112526539
0.161889596603
0.173036093418
0.178343949045
0.178874734607
0.183121019108
0.188959660297
0.201167728238
0.204352441614
0.208598726115
0.211783439490
0.217091295117
0.219745222930
0.219745222930
0.223991507431
0.228237791932
0.229830148620
0.229830148620
0.231422505308
0.231953290870
0.235138004246
0.234076433121
0.235138004246
0.235138004246
0.234076433121
0.234607218684
0.236199575372
0.235668789809
0.235668789809
0.233014861996
0.229830148620
0.228237791932
0.223991507431
0.222399150743
0.219214437367
0.219745222930
0.221337579618
0.224522292994
0.225583864119
0.228768577495
0.230360934183
0.230360934183
0.231422505308
0.231953290870
0.234607218684
0.234607218684
0.238853503185
0.241507430998
0.245753715499
0.245753715499
0.246284501062
0.248407643312
0.248938428875
0.252123142251
0.252653927813
0.254246284501
0.254246284501
0.254246284501
0.255307855626
0.256900212314
0.255838641189
0.253715498938
0.253184713376
0.253184713376
0.252653927813
0.249469214437
0.250530785563
0.248407643312
0.250530785563
0.250000000000
0.250530785563
0.251061571125
0.253715498938
0.254777070064
0.256900212314
0.256900212314
0.257430997877
0.257961783439
0.258492569002
0.259023354565
0.259554140127
0.261677282378
0.262208067941
0.261677282378
0.263269639066
0.264331210191
0.265923566879
0.266454352442
0.268046709130
0.269639065817
0.271231422505
0.274416135881
0.272292993631
0.273885350318
0.272823779193
0.272292993631
0.272292993631
0.271231422505
0.273885350318
0.272823779193
0.271762208068
0.275477707006
0.274416135881
0.277070063694
0.273885350318
0.277600849257
0.275477707006
0.277600849257
0.276539278132
0.279723991507
0.277070063694
0.278662420382
0.276539278132
0.278662420382
0.277070063694
0.281316348195
0.277600849257
0.281847133758
0.277070063694
0.280785562633
0.274946921444
0.281316348195
0.277600849257
0.281316348195
0.285031847134
0.280785562633
0.285031847134
0.286624203822
0.283439490446
0.286093418259
0.285031847134
0.282908704883
0.287154989384
0.284501061571
0.288747346072
0.285562632696
0.286624203822
0.287154989384
0.291401273885
0.289278131635
0.294055201699
0.295116772824
0.298832271762
0.294055201699
0.299893842887
0.291932059448
0.301486199575
0.294055201699
0.300955414013
0.296178343949
0.304670912951
0.296178343949
0.302547770701
0.299363057325
0.302016985138
0.286093418259
0.270700636943
0.131104033970
0.173036093418
0.266985138004
0.300955414013
0.316348195329
0.304140127389
0.285031847134
0.277070063694
0.269108280255
0.272292993631
0.275477707006
0.280254777070
0.294585987261
0.296709129512
0.293524416136
0.292993630573
0.294055201699
0.296178343949
0.299363057325
0.303609341826
0.306263269639
0.306263269639
0.306794055202
0.307855626327
0.308917197452
0.313694267516
0.316348195329
0.313694267516
0.307855626327
0.306263269639
0.306263269639
0.306794055202
0.306263269639
0.308917197452
0.309447983015
0.309447983015
0.311040339703
0.311571125265
0.314225053079
0.314755838641
0.314755838641
0.314755838641
0.317409766454
0.319002123142
0.320594479830
0.321656050955
0.323248407643
0.322186836518
0.324309978769
0.325902335456
0.329617834395
0.326433121019
0.327494692144
0.328025477707
0.329087048832
0.330679405520
0.331740976645
0.330148619958
0.330679405520
0.330148619958
0.330148619958
0.328556263270
0.329087048832
0.326963906582
0.325902335456
0.325371549894
0.325902335456
0.326433121019
0.326433121019
0.326963906582
0.328556263270
0.329087048832
0.326433121019
0.326433121019
0.328025477707
0.328025477707
0.328025477707
0.328025477707
0.328025477707
0.329617834395
0.330148619958
0.329087048832
0.330679405520
0.331210191083
0.333333333333
0.333864118896
0.334925690021
0.334394904459
0.337048832272
0.337579617834
0.338641188960
0.338641188960
0.339171974522
0.339702760085
0.339171974522
0.340764331210
0.340233545648
0.343418259023
0.343418259023
0.345010615711
0.343418259023
0.345541401274
0.345541401274
0.346072186837
0.346602972399
0.347664543524
0.347133757962
0.347664543524
0.347664543524
0.347664543524
0.348195329087
0.349787685775
0.348195329087
0.349256900212
0.349787685775
0.351910828025
0.352972399151
0.353503184713
0.354033970276
0.354564755839
0.356157112527
0.356157112527
0.357218683652
0.358811040340
0.360403397028
0.360403397028
0.361464968153
0.361995753715
0.362526539278
0.362526539278
0.361995753715
0.362526539278
0.363057324841
0.363057324841
0.363057324841
0.363588110403
0.363588110403
0.362526539278
0.363057324841
0.364118895966
0.363588110403
0.364649681529
0.363588110403
0.363057324841
0.363057324841
0.363057324841
0.363057324841
0.363588110403
0.364118895966
0.364649681529
0.365180467091
0.366772823779
0.367303609342
0.367834394904
0.367834394904
0.367834394904
0.368365180467
0.369426751592
0.369426751592
0.370488322718
0.371019108280
0.371549893843
0.371549893843
0.372611464968
0.372080679406
0.371019108280
0.372611464968
0.373142250531
0.373142250531
0.373142250531
0.373673036093
0.374203821656
0.374734607219
0.374203821656
0.374203821656
0.373673036093
0.376326963907
0.351910828025
0.296178343949
0.069532908705
0.255307855626
0.269108280255
0.260615711253
0.237791932059
0.226645435244
0.219745222930
0.225583864119
0.233014861996
0.237261146497
0.243099787686
0.246815286624
0.251061571125
0.256900212314
0.260084925690
0.263800424628
0.269108280255
0.267515923567
0.275477707006
0.278131634820
0.275477707006
0.277600849257
0.277070063694
0.278662420382
0.280254777070
0.283439490446
0.287685774947
0.287685774947
0.289808917197
0.292993630573
0.294585987261
0.298301486200
0.298301486200
0.299363057325
0.302547770701
0.300955414013
0.297239915074
0.297239915074
0.296178343949
0.294055201699
0.294585987261
0.290339702760
0.291932059448
0.288747346072
0.287685774947
0.288216560510
0.287154989384
0.286624203822
0.287154989384
0.289278131635
0.293524416136
0.292993630573
0.296178343949
0.299893842887
0.302016985138
0.304140127389
0.302547770701
0.304140127389
0.302547770701
0.301486199575
0.303078556263
0.306794055202
0.311040339703
0.307324840764
0.309447983015
0.309978768577
0.311040339703
0.314755838641
0.314225053079
0.315817409766
0.313163481953
0.313163481953
0.313694267516
0.313163481953
0.312101910828
0.312101910828
0.314225053079
0.312632696391
0.312632696391
0.315286624204
0.317409766454
0.320063694268
0.321125265393
0.320594479830
0.324309978769
0.326433121019
0.325371549894
0.325371549894
0.327494692144
0.323248407643
0.322186836518
0.323248407643
0.323779193206
0.324309978769
0.321656050955
0.323248407643
0.324309978769
0.324309978769
0.323779193206
0.322717622081
0.325902335456
0.325371549894
0.324840764331
0.324840764331
0.325371549894
0.325371549894
0.325371549894
0.328025477707
0.328025477707
0.327494692144
0.329087048832
0.329617834395
0.329617834395
0.329087048832
0.329617834395
0.329617834395
0.329617834395
0.331740976645
0.331740976645
0.333864118896
0.333333333333
0.333333333333
0.335987261146
0.336518046709
0.339171974522
0.339171974522
0.339171974522
0.339702760085
0.338641188960
0.338641188960
0.339171974522
0.339702760085
0.339702760085
0.340764331210
0.339171974522
0.338110403397
0.338110403397
0.340233545648
0.340764331210
0.340233545648
0.342356687898
0.341825902335
0.344479830149
0.347133757962
0.343418259023
0.350318471338
0.344479830149
0.350849256900
0.347133757962
0.351380042463
0.347664543524
0.355095541401
0.350318471338
0.352441613588
0.352972399151
0.354033970276
0.352972399151
0.354033970276
0.354033970276
0.355626326964
0.354564755839
0.354564755839
0.355626326964
0.355626326964
0.356157112527
0.353503184713
0.356157112527
0.356687898089
0.358811040340
0.358811040340
0.360403397028
0.360403397028
0.364118895966
0.364649681529
0.365180467091
0.364649681529
0.364118895966
0.365180467091
0.366242038217
0.366772823779
0.368365180467
0.369426751592
0.370488322718
0.371019108280
0.370488322718
0.370488322718
0.371549893843
0.372611464968
0.373142250531
0.374203821656
0.375265392781
0.377919320594
0.378980891720
0.378980891720
0.380042462845
0.380042462845
0.380042462845
0.381104033970
0.382696390658
0.383227176221
0.383757961783
0.385350318471
0.386411889597
0.386411889597
0.386942675159
0.386942675159
0.388004246285
0.388004246285
0.388004246285
0.388535031847
0.389065817410
0.390127388535
0.390658174098
0.391719745223
0.393312101911
0.394904458599
0.394904458599
0.394904458599
0.394373673036
0.394904458599
0.395435244161
0.396496815287
0.397558386412
0.398089171975
0.398089171975
0.399681528662
0.400212314225
0.401804670913
0.400212314225
0.400212314225
0.401273885350
0.401273885350
0.400743099788
0.401804670913
0.400743099788
0.403927813163
0.400743099788
0.402335456476
0.400212314225
0.403927813163
0.396496815287
0.395435244161
0.152866242038
0.159766454352
0.324840764331
0.319532908705
0.307855626327
0.296178343949
0.290870488323
0.284501061571
0.278662420382
0.278662420382
0.281847133758
0.282908704883
0.276008492569
0.274416135881
0.274416135881
0.278131634820
0.280254777070
0.275477707006
0.280785562633
0.279723991507
0.277070063694
0.277070063694
0.279193205945
0.274416135881
0.276539278132
0.272292993631
0.270700636943
0.270700636943
0.266454352442
0.272292993631
0.277600849257
0.281316348195
0.287154989384
0.294055201699
0.297239915074
0.300955414013
0.300955414013
0.300955414013
0.300955414013
0.299363057325
0.297239915074
0.296709129512
0.299893842887
0.300955414013
0.299363057325
0.300955414013
0.303609341826
0.307324840764
0.312101910828
0.311571125265
0.313694267516
0.318471337580
0.319002123142
0.320594479830
0.321656050955
0.322717622081
0.325902335456
0.324309978769
0.327494692144
0.329087048832
0.333864118896
0.337579617834
0.343949044586
0.346602972399
0.348726114650
0.348726114650
0.354033970276
0.358280254777
0.359872611465
0.361995753715
0.366242038217
0.368895966030
0.368895966030
0.369426751592
0.369426751592
0.370488322718
0.372611464968
0.374203821656
0.374734607219
0.375796178344
0.376326963907
0.376857749469
0.380573248408
0.379511677282
0.381634819533
0.381104033970
0.384288747346
0.384288747346
0.384288747346
0.386411889597
0.385350318471
0.384819532909
0.386411889597
0.386942675159
0.388535031847
0.391719745223
0.393842887473
0.397558386412
0.397558386412
0.398089171975
0.397558386412
0.395966029724
0.397027600849
0.400743099788
0.401804670913
0.400743099788
0.401804670913
0.403397027601
0.404458598726
0.405520169851
0.406581740977
0.406050955414
0.406050955414
0.406581740977
0.406050955414
0.405520169851
0.403927813163
0.407112526539
0.407112526539
0.406581740977
0.407643312102
0.408174097665
0.408704883227
0.408174097665
0.409235668790
0.410297239915
0.407643312102
0.410828025478
0.406050955414
0.410297239915
0.408704883227
0.413481953291
0.410297239915
0.415605095541
0.410297239915
0.417728237792
0.415074309979
0.417197452229
0.418259023355
0.418259023355
0.418259023355
0.422505307856
0.423036093418
0.422505307856
0.421974522293
0.423566878981
0.421443736730
0.425159235669
0.421974522293
0.427813163482
0.424628450106
0.417197452229
0.412951167728
0.394373673036
0.317409766454
0.295116772824
0.330679405520
0.372080679406
0.365180467091
0.381104033970
0.399150743100
0.397027600849
0.400212314225
0.399681528662
0.399681528662
0.404458598726
0.409766454352
0.408704883227
0.409235668790
0.411889596603
0.412420382166
0.412420382166
0.411889596603
0.414543524416
0.414543524416
0.411889596603
0.413481953291
0.414012738854
0.417197452229
0.419851380042
0.421974522293
0.423566878981
0.425690021231
0.426751592357
0.426220806794
0.427282377919
0.426751592357
0.427813163482
0.425690021231
0.427813163482
0.428343949045
0.430997876858
0.428874734607
0.432059447983
0.432059447983
0.432590233546
0.433121019108
0.433121019108
0.434182590234
0.434182590234
0.434182590234
0.434713375796
0.434182590234
0.437367303609
0.437898089172
0.439490445860
0.438428874735
0.439490445860
0.442144373673
0.443205944798
0.444267515924
0.443205944798
0.442144373673
0.443736730361
0.441613588110
0.442675159236
0.441082802548
0.442675159236
0.441613588110
0.444267515924
0.440552016985
0.443736730361
0.440021231423
0.445329087049
0.440552016985
0.444798301486
0.441613588110
0.444798301486
0.441613588110
0.445859872611
0.444798301486
0.445329087049
0.445329087049
0.447452229299
0.445859872611
0.449044585987
0.445859872611
0.449575371550
0.446390658174
0.449575371550
0.448513800425
0.449575371550
0.445329087049
0.449044585987
0.446921443737
0.448513800425
0.445329087049
0.447983014862
0.447452229299
0.447983014862
0.445329087049
0.446921443737
0.447452229299
0.449044585987
0.446921443737
0.448513800425
0.446921443737
0.447983014862
0.448513800425
0.449044585987
0.448513800425
0.448513800425
0.447452229299
0.448513800425
0.445859872611
0.447452229299
0.446390658174
0.446921443737
0.445329087049
0.447983014862
0.445329087049
0.450106157113
0.446921443737
0.450106157113
0.445859872611
0.449575371550
0.447983014862
0.450636942675
0.449044585987
0.451167728238
0.448513800425
0.450636942675
0.449044585987
0.453821656051
0.442675159236
0.452229299363
0.435244161359
0.458598726115
0.400212314225
0.384819532909
0.227176220807
0.257961783439
0.423036093418
0.447983014862
0.435774946921
0.427813163482
0.422505307856
0.415605095541
0.408174097665
0.405520169851
0.404458598726
0.403397027601
0.400743099788
0.398619957537
0.397027600849
0.400212314225
0.400743099788
0.408174097665
0.411889596603
0.418789808917
0.424097664544
0.433651804671
0.434713375796
0.436305732484
0.437367303609
0.440021231423
0.444267515924
0.444267515924
0.445859872611
0.447983014862
0.449044585987
0.449044585987
0.449575371550
0.448513800425
0.449044585987
0.449575371550
0.452229299363
0.455414012739
0.457006369427
0.457537154989
0.457537154989
0.458067940552
0.459660297240
0.460191082803
0.459129511677
0.461252653928
0.462845010616
0.462314225053
0.461252653928
0.460721868365
0.462314225053
0.461252653928
0.461783439490
0.462314225053
0.462845010616
0.462845010616
0.463375796178
0.462314225053
0.462845010616
0.464968152866
0.466029723992
0.466560509554
0.467622080679
0.467622080679
0.466560509554
0.466029723992
0.466029723992
0.467091295117
0.467091295117
0.468152866242
0.467622080679
0.466560509554
0.467091295117
0.467091295117
0.466560509554
0.467091295117
0.468152866242
0.468683651805
0.468683651805
0.467622080679
0.468152866242
0.468152866242
0.468683651805
0.467622080679
0.469214437367
0.468683651805
0.469745222930
0.470806794055
0.470276008493
0.467091295117
0.466560509554
0.468683651805
0.469214437367
0.463375796178
0.466560509554
0.454352441614
0.462314225053
0.355095541401
0.321125265393
0.208598726115
0.282908704883
0.351380042463
0.398619957537
0.420382165605
0.412420382166
0.421443736730
0.423566878981
0.430997876858
0.437898089172
0.441613588110
0.455414012739
0.451698513800
0.450106157113
0.436836518047
0.429405520170
0.423566878981
0.419851380042
0.415605095541
0.416135881104
0.415074309979
0.415074309979
0.423566878981
0.424628450106
0.421974522293
0.426220806794
0.431528662420
0.435244161359
0.440552016985
0.441082802548
0.444267515924
0.443205944798
0.442144373673
0.444267515924
0.447983014862
0.452229299363
0.452229299363
0.451698513800
0.452229299363
0.452229299363
0.453290870488
0.454352441614
0.455944798301
0.458067940552
0.459660297240
0.461783439490
0.463375796178
0.462845010616
0.463906581741
0.464437367304
0.462845010616
0.464968152866
0.463906581741
0.465498938429
0.467091295117
0.466560509554
0.467091295117
0.468683651805
0.469214437367
0.470806794055
0.471868365180
0.471868365180
0.472929936306
0.473991507431
0.473460721868
0.473460721868
0.474522292994
0.475053078556
0.475053078556
0.476114649682
0.474522292994
0.475583864119
0.475053078556
0.474522292994
0.474522292994
0.473991507431
0.474522292994
0.474522292994
0.473991507431
0.474522292994
0.473991507431
0.472399150743
0.473991507431
0.473991507431
0.473991507431
0.475583864119
0.476114649682
0.476114649682
0.477176220807
0.477176220807
0.477176220807
0.478768577495
0.478768577495
0.478237791932
0.479299363057
0.479830148620
0.480891719745
0.481422505308
0.481953290870
0.481953290870
0.480891719745
0.481422505308
0.481422505308
0.482484076433
0.481953290870
0.481953290870
0.482484076433
0.483545647558
0.483545647558
0.484607218684
0.485668789809
0.485138004246
0.486199575372
0.485138004246
0.487261146497
0.485668789809
0.485138004246
0.486199575372
0.486730360934
0.486730360934
0.487261146497
0.486730360934
0.486730360934
0.488322717622
0.487261146497
0.488853503185
0.488853503185
0.489915074310
0.489384288747
0.489384288747
0.488853503185
0.489384288747
0.489384288747
0.490445859873
0.489384288747
0.490445859873
0.489384288747
0.489384288747
0.488322717622
0.489384288747
0.488322717622
0.488322717622
0.488322717622
0.488853503185
0.488853503185
0.489915074310
0.489915074310
0.489915074310
0.489915074310
0.489384288747
0.490445859873
0.490445859873
0.490445859873
0.490445859873
0.491507430998
0.492038216561
0.491507430998
0.492569002123
0.493099787686
0.493099787686
0.493099787686
0.492569002123
0.493630573248
0.494161358811
0.494692144374
0.495222929936
0.495222929936
0.494692144374
0.494692144374
0.494692144374
0.494692144374
0.494692144374
0.495222929936
0.495222929936
0.495222929936
0.494692144374
0.494161358811
0.495753715499
0.495222929936
0.495753715499
0.496284501062
0.495753715499
0.495753715499
0.495753715499
0.495753715499
0.495222929936
0.496815286624
0.496815286624
0.496284501062
0.496284501062
0.497876857749
0.497346072187
0.497876857749
0.498938428875
0.498938428875
0.499469214437
0.499469214437
0.499469214437
0.499469214437
0.500530785563
0.500530785563
0.500530785563
0.500530785563
0.501592356688
0.502123142251
0.502653927813
0.502653927813
0.503184713376
0.503184713376
0.503184713376
0.503184713376
0.503184713376
0.502123142251
0.502123142251
0.502653927813
0.503715498938
0.503715498938
0.504246284501
0.504777070064
0.504777070064
0.505838641189
0.505838641189
0.505838641189
0.506369426752
0.505838641189
0.505838641189
0.504777070064
0.505307855626
0.504777070064
0.505307855626
0.505307855626
0.505838641189
0.505307855626
0.505838641189
0.506369426752
0.506369426752
0.508492569002
0.507430997877
0.502653927813
0.504777070064
0.509023354565
0.501592356688
0.504246284501
0.509554140127
0.503184713376
0.504777070064
0.502123142251
0.512738853503
0.416666666667
0.350849256900
0.290339702760
0.349787685775
0.358811040340
0.350849256900
0.341295116773
0.349256900212
0.351380042463
0.355626326964
0.360934182590
0.358811040340
0.357749469214
0.357218683652
0.358811040340
0.365180467091
0.380573248408
0.405520169851
0.429936305732
0.456475583864
0.466560509554
0.468152866242
0.469214437367
0.475053078556
0.478768577495
0.469214437367
0.467622080679
0.461783439490
0.459660297240
0.458598726115
0.462845010616
0.467091295117
0.470276008493
0.469214437367
0.471868365180
0.470806794055
0.472929936306
0.473460721868
0.476114649682
0.477707006369
0.481422505308
0.484076433121
0.483545647558
0.484076433121
0.487791932059
0.488853503185
0.488322717622
0.488322717622
0.490976645435
0.493099787686
0.490445859873
0.493099787686
0.492038216561
0.493099787686
0.494161358811
0.494161358811
0.495753715499
0.495753715499
0.496815286624
0.496284501062
0.497346072187
0.498938428875
0.497876857749
0.497346072187
0.500000000000
0.498407643312
0.498407643312
0.500000000000
0.500000000000
0.498407643312
0.501592356688
0.501061571125
0.502123142251
0.499469214437
0.501592356688
0.501592356688
0.502653927813
0.502123142251
0.503184713376
0.504246284501
0.504777070064
0.504246284501
0.505307855626
0.505307855626
0.504777070064
0.504777070064
0.504246284501
0.504246284501
0.507430997877
0.505838641189
0.506900212314
0.504246284501
0.508492569002
0.504777070064
0.510615711253
0.506369426752
0.511146496815
0.509023354565
0.511677282378
0.510615711253
0.511677282378
0.511146496815
0.512208067941
0.513269639066
0.514331210191
0.513269639066
0.513269639066
0.512208067941
0.514861995754
0.511677282378
0.513800424628
0.515392781316
0.513269639066
0.514861995754
0.515392781316
0.514861995754
0.514861995754
0.516454352442
0.516985138004
0.516985138004
0.517515923567
0.517515923567
0.517515923567
0.518046709130
0.513269639066
0.523885350318
0.505838641189
0.524416135881
0.438428874735
0.404989384289
0.228768577495
0.253715498938
0.298832271762
0.305732484076
0.423036093418
0.410828025478
0.409235668790
0.413481953291
0.435244161359
0.463375796178
0.459660297240
0.454883227176
0.443205944798
0.432590233546
0.436305732484
0.430997876858
0.416666666667
0.424628450106
0.430467091295
0.444798301486
0.452760084926
0.469214437367
0.473460721868
0.479299363057
0.483545647558
0.486730360934
0.490976645435
0.492038216561
0.493099787686
0.497876857749
0.497346072187
0.497876857749
0.500000000000
0.501061571125
0.500000000000
0.501592356688
0.498407643312
0.498407643312
0.496815286624
0.496815286624
0.499469214437
0.498938428875
0.498938428875
0.503715498938
0.505307855626
0.503715498938
0.507430997877
0.507961783439
0.509554140127
0.508492569002
0.508492569002
0.509554140127
0.510084925690
0.511146496815
0.511146496815
0.509554140127
0.510084925690
0.511677282378
0.513800424628
0.514331210191
0.514861995754
0.514331210191
0.515923566879
0.515923566879
0.515392781316
0.517515923567
0.517515923567
0.519639065817
0.520700636943
0.521762208068
0.520169851380
0.520169851380
0.519639065817
0.520700636943
0.519639065817
0.518577494692
0.518577494692
0.518046709130
0.518046709130
0.516985138004
0.516985138004
0.516454352442
0.516454352442
0.516985138004
0.517515923567
0.518577494692
0.518577494692
0.518046709130
0.517515923567
0.518577494692
0.518577494692
0.519639065817
0.520700636943
0.520700636943
0.521231422505
0.521231422505
0.521762208068
0.522292993631
0.522292993631
0.522292993631
0.522292993631
0.524416135881
0.524946921444
0.524946921444
0.525477707006
0.526539278132
0.527070063694
0.526539278132
0.527070063694
0.526539278132
0.527070063694
0.526539278132
0.527070063694
0.527070063694
0.527600849257
0.528662420382
0.528662420382
0.529723991507
0.530785562633
0.529193205945
0.529723991507
0.531316348195
0.530254777070
0.532377919321
0.530785562633
0.531316348195
0.531316348195
0.531847133758
0.532377919321
0.532377919321
0.533970276008
0.532377919321
0.532908704883
0.535031847134
0.532908704883
0.537154989384
0.531847133758
0.537154989384
0.531847133758
0.537685774947
0.535562632696
0.538216560510
0.535562632696
0.539278131635
0.535031847134
0.540870488323
0.533970276008
0.536624203822
0.541932059448
0.537685774947
0.539278131635
0.539278131635
0.538216560510
0.542993630573
0.533439490446
0.539808917197
0.538216560510
0.537685774947
0.540870488323
0.540339702760
0.541932059448
0.533970276008
0.543524416136
0.510615711253
0.521762208068
0.216029723992
0.344479830149
0.394373673036
0.365180467091
0.343418259023
0.483014861996
0.467622080679
0.476645435244
0.482484076433
0.466560509554
0.460721868365
0.459660297240
0.470276008493
0.486730360934
0.496284501062
0.506369426752
0.515392781316
0.514331210191
0.513800424628
0.514331210191
0.505838641189
0.506369426752
0.509554140127
0.511146496815
0.511677282378
0.513269639066
0.515923566879
0.518046709130
0.522823779193
0.527600849257
0.525477707006
0.526008492569
0.524946921444
0.522823779193
0.523354564756
0.526539278132
0.528662420382
0.529193205945
0.527070063694
0.526539278132
0.529193205945
0.531316348195
0.528131634820
0.530254777070
0.532908704883
0.531316348195
0.537685774947
0.538747346072
0.539808917197
0.541401273885
0.543524416136
0.545116772824
0.543524416136
0.545647558386
0.544585987261
0.545647558386
0.544585987261
0.546709129512
0.546178343949
0.546178343949
0.545647558386
0.546178343949
0.546178343949
0.546178343949
0.548832271762
0.546178343949
0.546709129512
0.547239915074
0.544585987261
0.545116772824
0.545116772824
0.545647558386
0.547239915074
0.546709129512
0.546178343949
0.547239915074
0.546178343949
0.546709129512
0.545647558386
0.547239915074
0.548301486200
0.547770700637
0.548301486200
0.547770700637
0.548832271762
0.550955414013
0.548832271762
0.549363057325
0.549363057325
0.550955414013
0.551486199575
0.552016985138
0.552016985138
0.553609341826
0.554670912951
0.554670912951
0.554670912951
0.555201698514
0.555201698514
0.555732484076
0.555732484076
0.556263269639
0.556263269639
0.556263269639
0.556794055202
0.557324840764
0.557324840764
0.557324840764
0.557324840764
0.558917197452
0.559447983015
0.559447983015
0.559447983015
0.558917197452
0.558917197452
0.559447983015
0.559978768577
0.561040339703
0.560509554140
0.556794055202
0.561040339703
0.559447983015
0.561571125265
0.552547770701
0.564225053079
0.526008492569
0.533439490446
0.290870488323
0.282377919321
0.490445859873
0.510084925690
0.514331210191
0.521762208068
0.521231422505
0.517515923567
0.520169851380
0.525477707006
0.534501061571
0.535562632696
0.541401273885
0.545647558386
0.545647558386
0.550424628450
0.552547770701
0.554140127389
0.555201698514
0.556263269639
0.557855626327
0.557855626327
0.557324840764
0.558386411890
0.554140127389
0.554670912951
0.553078556263
0.550955414013
0.547239915074
0.549363057325
0.549893842887
0.545116772824
0.545647558386
0.550424628450
0.546178343949
0.552016985138
0.548301486200
0.553609341826
0.542993630573
0.533970276008
0.434182590234
0.417197452229
0.311040339703
0.460721868365
0.572717622081
0.552016985138
0.561571125265
0.555732484076
0.557324840764
0.556794055202
0.557324840764
0.554670912951
0.553609341826
0.554670912951
0.555201698514
0.556263269639
0.555201698514
0.555201698514
0.556794055202
0.558386411890
0.558386411890
0.558386411890
0.559447983015
0.560509554140
0.559447983015
0.557855626327
0.555732484076
0.556794055202
0.558386411890
0.557324840764
0.559447983015
0.559447983015
0.557324840764
0.556263269639
0.557855626327
0.557855626327
0.556794055202
0.555201698514
0.558917197452
0.559978768577
0.560509554140
0.561571125265
0.561040339703
0.561571125265
0.563694267516
0.563694267516
0.564225053079
0.563694267516
0.563694267516
0.564755838641
0.565286624204
0.565286624204
0.565817409766
0.567940552017
0.566348195329
0.567940552017
0.567940552017
0.567940552017
0.570063694268
0.570063694268
0.570594479830
0.572186836518
0.572717622081
0.573248407643
0.573779193206
0.572717622081
0.573779193206
0.573779193206
0.575371549894
0.574309978769
0.573779193206
0.574840764331
0.574309978769
0.576433121019
0.575371549894
0.574840764331
0.575371549894
0.576433121019
0.576963906582
0.577494692144
0.577494692144
0.577494692144
0.576433121019
0.577494692144
0.576963906582
0.577494692144
0.576963906582
0.574309978769
0.576963906582
0.578025477707
0.577494692144
0.579087048832
0.579087048832
0.579617834395
0.579617834395
0.581210191083
0.579617834395
0.579617834395
0.580679405520
0.581740976645
0.579617834395
0.581210191083
0.580679405520
0.581210191083
0.580148619958
0.579617834395
0.581740976645
0.580148619958
0.582271762208
0.580148619958
0.582271762208
0.582271762208
0.582802547771
0.583333333333
0.582271762208
0.581740976645
0.584394904459
0.583864118896
0.583864118896
0.584925690021
0.580148619958
0.584394904459
0.584394904459
0.584925690021
0.585456475584
0.584394904459
0.587048832272
0.584394904459
0.585456475584
0.586518046709
0.584925690021
0.588110403397
0.584394904459
0.588641188960
0.583333333333
0.584925690021
0.588110403397
0.583333333333
0.589702760085
0.587048832272
0.589171974522
0.587579617834
0.589171974522
0.589171974522
0.587579617834
0.589171974522
0.585456475584
0.589171974522
0.587579617834
0.591295116773
0.583864118896
0.588110403397
0.589702760085
0.589171974522
0.553078556263
0.434713375796
0.138004246285
0.191082802548
0.228768577495
0.210191082803
0.234607218684
0.229830148620
0.240445859873
0.248938428875
0.263269639066
0.283970276008
0.321125265393
0.344479830149
0.363588110403
0.375265392781
0.377388535032
0.370488322718
0.364649681529
0.368895966030
0.375265392781
0.377388535032
0.383227176221
0.392781316348
0.395966029724
0.398089171975
0.402866242038
0.403397027601
0.402866242038
0.401804670913
0.406050955414
0.410297239915
0.408174097665
0.411889596603
0.410297239915
0.409235668790
0.412420382166
0.414012738854
0.412420382166
0.415605095541
0.417197452229
0.421443736730
0.424628450106
0.427282377919
0.428874734607
0.429405520170
0.437898089172
0.427813163482
0.408174097665
0.194798301486
0.173566878981
0.148619957537
0.137473460722
0.150743099788
0.179405520170
0.209660297240
0.242569002123
0.252653927813
0.257430997877
0.271231422505
0.291932059448
0.311040339703
0.328025477707
0.337579617834
0.337048832272
0.339171974522
0.338641188960
0.345010615711
0.349256900212
0.355095541401
0.358811040340
0.359341825902
0.369957537155
0.378450106157
0.382696390658
0.388004246285
0.398089171975
0.401273885350
0.407112526539
0.414012738854
0.420382165605
0.421974522293
0.432590233546
0.439490445860
0.443205944798
0.446390658174
0.447452229299
0.449044585987
0.453290870488
0.450636942675
0.453290870488
0.451167728238
0.457006369427
0.458067940552
0.461783439490
0.463375796178
0.467091295117
0.464437367304
0.465498938429
0.463906581741
0.464968152866
0.417728237792
0.316348195329
0.232484076433
0.295116772824
0.261677282378
0.279723991507
0.283439490446
0.303078556263
0.325371549894
0.331740976645
0.346602972399
0.359341825902
0.371549893843
0.384819532909
0.404458598726
0.410828025478
0.417197452229
0.419851380042
0.428343949045
0.431528662420
0.423036093418
0.423036093418
0.432059447983
0.443205944798
0.451167728238
0.455414012739
0.458067940552
0.457006369427
0.459129511677
