4.139177322388
4.116541862488
4.095730304718
4.074706077576
4.052986145020
4.030055046082
4.004673004150
3.974649667740
3.934157848358
3.891867160797
3.820077657700
4.040079116821
3.924927234650
3.882299900055
3.808585882187
3.709940671921
3.783791542053
3.708995819092
3.920190811157
3.835535049438
3.817533493042
3.799309730530
3.780686140060
3.761466503143
3.741339683533
3.719848632812
3.696136236191
3.671108961105
3.643187522888
3.616992950439
3.588281154633
3.604208707809
3.671517848969
3.623210430145
3.609780311584
3.596701145172
3.583795070648
3.571034908295
3.558434009552
3.545923709869
3.533524990082
3.521213054657
3.509026050568
3.496938228607
3.484947681427
3.473023414612
3.461164474487
3.449358463287
3.437617540359
3.425910472870
3.414238452911
3.402533531189
3.390661001205
3.378546714783
3.366114616394
3.353262424469
3.339832305908
3.325852870941
3.311141490936
3.295214176178
3.278245449066
3.260225296021
3.240292549133
3.237742424011
3.455730199814
3.282509803772
3.271747589111
3.261256694794
3.250986576080
3.240911483765
3.231009721756
3.221267223358
3.211674928665
3.202222585678
3.192903518677
3.183713912964
3.174649477005
3.165702342987
3.156866550446
3.148135185242
3.139504432678
3.130971431732
3.122534275055
3.114188671112
3.105932235718
3.097760915756
3.089674234390
3.081671953201
3.073752403259
3.065916061401
3.058164358139
3.050494909286
3.042903423309
3.035385608673
3.027936935425
3.020555257797
3.013236045837
3.005976915359
2.998773574829
2.991627216339
2.984533309937
2.977492570877
2.970505714417
2.963561534882
2.956651687622
2.949769020081
2.942901611328
2.936054706573
2.929190158844
2.922301054001
2.915335893631
2.908226251602
2.900870561600
2.893093585968
2.884600162506
2.874835491180
2.862568378448
2.845127105713
2.817129135132
2.773861169815
2.733202934265
2.722249269485
2.684329986572
2.788024902344
2.715326309204
2.863091230392
2.854078531265
2.845372915268
2.836760520935
2.828062534332
2.819065093994
2.809546947479
2.799123764038
2.787601709366
2.775103807449
2.760689735413
2.741326332092
2.710456609726
2.655800342560
2.576655387878
2.557898759842
2.553881645203
2.993620872498
2.778952360153
2.771083354950
2.764398574829
2.758248567581
2.752400636673
2.746748209000
2.741229295731
2.735813140869
2.730470180511
2.725178003311
2.719917297363
2.714665889740
2.709391832352
2.704056739807
2.698697805405
2.693169116974
2.687357902527
2.681111812592
2.674186944962
2.666167259216
2.656207084656
2.643565177917
2.626496791840
2.601366519928
2.564597129822
2.520009994507
2.487650156021
2.468280553818
2.465638160706
2.443830490112
2.530330419540
2.480980396271
2.676062822342
2.667673587799
2.659676790237
2.651834011078
2.643770456314
2.634943723679
2.624509572983
2.610916137695
2.591105699539
2.558292150497
2.507118463516
2.443650484085
2.416198253632
2.394913673401
2.446116209030
2.389684438705
2.579021215439
2.517732381821
2.440473794937
2.370896339417
2.377462863922
2.336544990540
2.450636148453
2.363962888718
2.588049650192
2.455676317215
2.389749765396
2.344592809677
2.297988653183
2.415677070618
2.380423545837
2.650905609131
2.548015117645
2.523645877838
2.491488933563
2.440223217010
2.359239578247
2.315174818039
2.345887184143
2.304018259048
2.515202045441
2.429568052292
2.325763225555
2.239482879639
2.376894712448
2.275538206100
2.474894523621
2.378645181656
2.292737245560
2.247057676315
2.418736457825
2.275599718094
2.260723829269
2.237510204315
2.575241565704
2.458426475525
2.422645807266
2.362308740616
2.293689250946
2.264466285706
2.242069244385
2.415975809097
2.252507209778
2.201351642609
2.338754415512
2.204173326492
2.342205286026
2.189516067505
2.297185659409
2.208796262741
2.493715763092
2.398735284805
2.341176271439
2.260006904602
2.178802013397
2.194722175598
2.166258096695
2.428105831146
2.278556585312
2.191494703293
2.194822072983
2.178511619568
2.335592269897
2.168941259384
2.162018537521
2.151712179184
2.193441629410
2.143623113632
2.265696048737
2.214393615723
2.444028139114
2.344264030457
2.291682720184
2.216844797134
2.183013439178
2.136983633041
2.359398603439
2.199070930481
2.133152246475
2.109268426895
2.238516092300
2.194628477097
2.348157644272
2.276706695557
2.239373207092
2.176763296127
2.283619880676
2.129232168198
2.152426481247
2.116138458252
2.301698207855
2.164113521576
2.102992534637
2.075402498245
2.098289012909
2.084490060806
2.303004741669
2.131903409958
2.155004501343
2.086745023727
2.428872585297
2.331965923309
2.279232025146
2.220239162445
2.183690309525
2.253522157669
2.129484653473
2.280122756958
2.117490291595
2.124635934830
2.101161718369
2.372143745422
2.185992240906
2.095447063446
2.114378213882
2.073495149612
2.307726383209
2.144002914429
2.071231603622
2.039069175720
2.130918025970
2.109026193619
2.327726125717
2.216555118561
2.142072916031
2.065776348114
2.182525396347
2.109161615372
2.390581607819
2.220297098160
2.073234558105
2.040189266205
2.045011758804
2.078826904297
2.089816570282
2.383835554123
2.279193878174
2.194573879242
2.117187738419
2.075901508331
2.041141033173
2.081727743149
2.136720657349
2.568502187729
2.400593280792
2.363830327988
2.317575931549
2.255611896515
2.170922517776
2.110215663910
2.038539648056
2.274385452271
2.173736095428
2.281105041504
2.182697772980
2.079593420029
2.033330917358
2.030327796936
2.007878541946
2.066174268723
2.021736860275
2.464446544647
2.386951684952
2.320282697678
2.288135290146
2.232371807098
2.205256462097
2.222376346588
2.116096496582
2.198953628540
2.094203233719
2.230176925659
2.038888216019
2.109450340271
2.050022602081
2.237036705017
2.075784206390
2.110572338104
2.040480852127
2.210048675537
2.033110380173
2.099525928497
2.035919904709
2.359022378922
2.209168434143
2.108329057693
2.042267322540
2.049248695374
2.058524370193
2.011347770691
1.998438000679
2.059571266174
2.411536693573
2.377894878387
2.463678598404
2.450328111649
2.441458463669
2.433147907257
2.423274278641
2.410995244980
2.400999784470
2.392934799194
2.386648416519
2.380676507950
2.372558832169
2.361759662628
2.353368520737
2.338345050812
2.357168674469
2.392867803574
2.329418420792
2.294291019440
2.262800455093
2.306560993195
2.405533552170
2.364013433456
2.333171606064
2.317408800125
2.295767545700
2.286274194717
2.413473129272
2.443356990814
2.365944385529
2.339950799942
2.308337688446
2.267712116241
2.224359750748
2.183428287506
2.150102138519
2.126213312149
2.122035264969
2.478715419769
2.332750558853
2.238416194916
2.197023391724
2.302958250046
2.182002544403
2.142207145691
2.152292728424
2.134311199188
2.344606637955
2.259487628937
2.149984359741
2.088461875916
2.120529174805
2.091975688934
2.285367250443
2.172430753708
2.096717357635
2.075547456741
2.061877012253
2.127012491226
2.082351446152
2.284038305283
2.165920495987
2.075394153595
2.060033559799
2.079287528992
2.162211894989
2.042701721191
2.041420221329
2.024723768234
2.142121791840
2.185608625412
2.343683481216
2.252531290054
2.219765901566
2.188953161240
2.153953552246
2.102356910706
2.072850227356
2.078247785568
2.333667516708
2.185095548630
2.055177688599
2.030678510666
2.026423931122
2.095639228821
2.098854064941
2.231069326401
2.157121658325
2.113609313965
2.105854988098
2.266797065735
2.105473041534
2.022403955460
2.005227088928
2.021430492401
2.006554841995
2.166197061539
2.150418758392
2.177776336670
2.043252229691
1.997137665749
2.092106342316
2.248741865158
2.092695236206
2.098566055298
2.012649536133
2.099714040756
2.103045225143
2.203956842422
2.116415023804
2.032304286957
1.998082518578
1.992288589478
2.037515640259
2.106423377991
2.384526014328
2.247151374817
2.134004354477
2.026899337769
2.004880428314
2.008460044861
2.116319179535
2.328246116638
2.370192527771
2.296003818512
2.243527173996
2.222152948380
2.199190855026
2.255939960480
2.471800565720
2.340222597122
2.300863742828
2.243613958359
2.171473264694
2.130240678787
2.187589168549
2.234086513519
2.273612976074
2.230817079544
2.199244260788
2.170774221420
2.142757892609
2.103292942047
2.119505882263
2.090701103210
2.084420681000
2.180982112885
2.143279075623
2.102029323578
2.052090167999
2.108299016953
2.019761323929
2.085502147675
2.071427106857
2.175512790680
2.042202949524
2.035310983658
2.037636756897
1.982187509537
2.018227815628
2.091988086700
2.052576541901
2.197079896927
2.047809600830
1.994541883469
2.063359498978
2.270018815994
2.130263090134
2.060502290726
2.003864049911
2.010012388229
2.316140174866
2.220484018326
2.254996776581
2.181344509125
2.140429496765
2.106099367142
2.164305686951
2.208891391754
2.360374212265
2.275290727615
2.250777959824
2.244426965714
2.243881702423
2.287533283234
2.207764863968
2.185158729553
2.205831766129
2.182819843292
2.189185857773
2.216709375381
2.400795936584
2.310425043106
2.254617214203
2.203139305115
2.161443710327
2.123093366623
2.082497835159
2.048061609268
2.038436889648
2.056666612625
2.142707824707
2.115271329880
2.086652755737
2.051861286163
2.195750951767
2.308480739594
2.269185066223
2.209566831589
2.162479162216
2.124186277390
2.088085412979
2.050223350525
2.029513359070
2.023059606552
2.043478012085
2.057808876038
2.077831029892
2.027795791626
1.998217225075
2.040449142456
2.112373352051
2.202463626862
2.183397531509
2.087412595749
2.046334981918
2.045391321182
2.034824132919
2.424160718918
2.297342777252
2.220958471298
2.153259515762
2.075590372086
2.135171175003
2.606541633606
2.315783500671
2.290938138962
2.225159406662
2.191714763641
2.166921377182
2.126287698746
2.128262996674
2.064957857132
2.401340961456
2.309667587280
2.221162080765
2.145757436752
2.071039915085
2.088655948639
2.084356307983
2.023612022400
2.097142934799
2.066070079803
2.375087022781
2.285338163376
2.241938352585
2.162646293640
2.244304418564
2.306990146637
2.195409059525
2.097744226456
2.039627075195
2.095955371857
2.108325958252
2.453212738037
2.345824480057
2.315810680389
2.275834083557
2.218193769455
2.157216310501
2.085025548935
2.054855585098
2.073206186295
2.065861225128
2.277316570282
2.167837619781
2.048183202744
2.019249439240
2.000747442245
2.035507917404
2.009604215622
2.209034681320
2.119887590408
2.105199575424
1.984576106071
2.031247854233
1.968612194061
2.044429302216
1.972749471664
2.138227462769
2.161334514618
2.307908535004
2.224728822708
2.154396772385
2.079577445984
2.008426189423
1.991610288620
1.987462639809
2.012500524521
2.076946020126
2.220726013184
2.078888416290
2.019963264465
2.032705783844
2.001401424408
2.251491308212
2.129261016846
2.069361925125
2.012550830841
2.034658432007
1.940843582153
2.052357196808
1.966751813889
2.034714698792
2.091028213501
2.317890405655
2.193389415741
2.117690324783
2.028667688370
2.013192892075
1.981516003609
2.228699445724
2.096893548965
2.062511682510
1.985342979431
2.121284961700
1.988770484924
2.011867046356
2.024715900421
1.992066860199
2.003451585770
2.138985395432
2.026172637939
2.188235759735
2.098679542542
2.049080848694
1.998248457909
2.199237823486
1.998401284218
1.978107810020
1.963720560074
2.184615850449
2.098246574402
1.996165871620
1.967021584511
1.961959719658
1.990028023720
2.115210294724
1.979494929314
2.074527502060
1.962136507034
1.935315966606
1.978827714920
2.111870765686
1.969633460045
2.099686622620
1.981988430023
1.970464587212
2.022832632065
2.142610549927
2.005855083466
2.048712015152
1.944931268692
2.060232162476
1.966862440109
2.072352409363
2.186839342117
2.264245271683
2.143925905228
2.185858726501
2.057376146317
2.064945459366
2.022590160370
2.199601411819
2.090260744095
1.999127984047
1.999042272568
1.984693050385
2.007767677307
1.989638805389
2.219011306763
2.113135576248
2.065610647202
1.980853438377
2.113037347794
2.086919069290
2.098628997803
1.979133367538
1.967420458794
1.966613769531
2.073701620102
2.077142477036
2.203320503235
2.105166196823
2.034685611725
2.158682823181
2.291992425919
2.242692232132
2.176912307739
2.120750427246
2.056228637695
2.004203796387
1.970372319221
2.020787954330
2.056413412094
2.137853384018
2.024135112762
2.030834436417
1.955017805099
2.077524185181
1.975181579590
2.124967336655
2.042021751404
1.938464522362
1.926792979240
1.894239783287
2.066442012787
2.010591745377
2.115252256393
2.014529228210
2.012628555298
2.167555570602
2.261220693588
2.119766712189
2.209696769714
2.135056018829
2.019380807877
2.029108524323
1.986720800400
2.215703964233
2.117104291916
2.005930662155
1.955253601074
1.971489191055
1.954032301903
2.136054754257
2.088931560516
2.043906211853
1.946981668472
2.046736001968
2.079715251923
2.015773057938
2.222772598267
2.129990100861
2.030009508133
1.937508821487
1.976668596268
2.034619808197
2.211305379868
2.004444599152
1.928203344345
1.912073016167
2.016103744507
2.072485446930
1.974371194839
1.886080503464
1.949493646622
2.105784416199
2.209338188171
2.033932447433
1.963292598724
2.161113739014
2.110867738724
2.019675016403
1.923515915871
1.999926924706
1.948416233063
2.181440830231
2.030290842056
1.908201098442
1.901549696922
2.137613773346
2.151711463928
2.154146671295
2.018999576569
2.040773630142
1.968033790588
2.095477342606
2.010945320129
2.036973476410
1.984872937202
2.150962829590
2.070060491562
2.066389322281
1.939821720123
1.980384469032
1.930827021599
2.114848613739
2.006573200226
1.957268953323
1.984180450439
2.063642978668
1.950913310051
2.102797031403
1.959353327751
2.048699140549
1.941843509674
1.994774818420
1.995691776276
2.117225170135
1.903507232666
1.877029061317
1.965299129486
2.071835041046
2.087689161301
1.926284670830
1.958799362183
1.884768128395
2.195648193359
2.221295833588
2.162576675415
2.213665008545
2.066236019135
1.979141354561
1.915064692497
1.977899193764
1.906294226646
2.091516494751
1.985901117325
1.967519879341
1.901408433914
1.979501008987
1.889699697495
2.181993722916
2.050392627716
1.903545618057
1.938962936401
2.011741638184
2.053446531296
1.895634293556
1.986407399178
1.892238497734
2.153533935547
2.142502307892
2.087508678436
2.035834789276
1.946511745453
1.887506008148
2.050257444382
1.930616736412
1.951008796692
1.951163530350
2.011882066727
1.906989693642
1.872763991356
1.937490940094
2.054163694382
1.987099289894
1.935020327568
1.959238529205
1.981223702431
2.049316644669
1.934816956520
1.851264715195
1.928840160370
1.949763536453
2.121096372604
1.905194997787
1.914582133293
2.087356328964
1.983209252357
1.871639370918
1.968169450760
1.900211334229
2.360920667648
2.306320428848
2.164804458618
2.115128993988
2.091051816940
2.140328407288
2.250060796738
2.088175058365
1.978854537010
1.971270084381
2.158607482910
2.042141199112
2.083209276199
2.169423818588
2.314057350159
2.226191759109
2.140354156494
2.057747602463
1.963622927666
1.967404365540
2.075725078583
2.014636754990
2.053605318069
1.920835971832
1.949932217598
2.016868591309
1.943250417709
1.853519201279
1.844124436378
1.904818773270
1.960170745850
2.146644115448
1.944219112396
1.926343917847
2.014487266541
2.257124900818
2.077382802963
1.921420812607
1.940618753433
1.858909368515
2.165208816528
1.975710153580
1.873443126678
1.956181049347
2.182290315628
2.005083322525
2.001724481583
1.955362796783
1.959648013115
1.885905027390
2.036958217621
1.944276332855
2.009023427963
1.885972261429
1.844502091408
1.944830656052
1.938297033310
2.181889772415
2.136177778244
2.010078191757
1.942708969116
1.997980237007
1.898456335068
1.953591942787
1.849347352982
1.831267118454
1.951884984970
2.023359775543
2.043859720230
2.097693681717
1.953388929367
2.042840003967
1.996376037598
2.025221109390
2.133244991302
1.971020698547
1.993393063545
1.887759685516
2.092851877213
2.112031459808
2.162917137146
1.981256127357
1.921823501587
1.842587709427
2.027268648148
1.936986088753
2.019301414490
2.011410236359
1.901150226593
1.930516362190
1.856253981590
2.103264331818
2.102103948593
1.895797848701
1.903182506561
1.885460615158
2.248641252518
2.065767765045
1.971492171288
1.983849525452
1.954336404800
1.880934238434
1.880068540573
1.946858167648
1.956100344658
1.918090343475
1.809992551804
1.999297022820
1.928382039070
1.951901316643
1.801225662231
1.898979067802
1.864759087563
1.982148766518
1.914978981018
1.845803022385
1.860194921494
2.097787618637
1.941850543022
1.819444179535
1.862086772919
1.893816232681
1.978009343147
1.904417037964
1.795326948166
1.849742293358
1.961310267448
2.171540260315
2.208310842514
1.967865467072
1.911734342575
1.870278239250
2.230185508728
1.991185426712
1.903837442398
1.955537915230
1.868061780930
1.890229940414
1.766304373741
1.962217807770
1.824841022491
1.879844546318
1.920121908188
1.856967568398
2.046289920807
2.038969516754
2.015460968018
1.895831227303
2.050085306168
1.811508059502
1.911243915558
2.012376785278
2.022849082947
2.049143791199
1.871687293053
1.904295086861
1.983268618584
2.074385166168
1.951593160629
1.825911164284
1.787971019745
1.799384117126
1.929240584373
2.225718259811
2.003710985184
1.930060744286
1.912210106850
2.183362483978
1.962675809860
1.974632501602
1.820760369301
2.035005092621
2.031958103180
1.868204116821
1.912143111229
1.851196169853
2.040623903275
1.869193077087
1.969316959381
2.017632484436
2.170056819916
1.955494046211
1.868593454361
1.849362611771
1.924244403839
1.912976026535
1.908765912056
1.901868343353
1.941182494164
1.788455367088
1.864954590797
1.853978395462
1.996899724007
1.894706606865
1.935500144958
1.916119098663
1.770675420761
2.046730995178
2.450716018677
2.415581226349
2.289718866348
2.210145950317
2.130783796310
2.156059503555
2.093391180038
2.266030073166
2.159778356552
2.047136545181
1.970699191093
2.068283796310
2.056491851807
2.168683767319
2.013419389725
1.910512447357
1.956694126129
2.163607120514
2.057802200317
1.999600052834
1.840456485748
1.853147625923
1.823550462723
2.400785446167
2.451224088669
2.227435112000
2.091395616531
2.116021633148
2.021433353424
2.362830400467
2.220793485641
2.171694517136
2.233330488205
2.043307781219
1.980760812759
1.904687285423
2.032429933548
1.927244901657
2.021651744843
1.875269770622
1.969804525375
2.163059234619
2.192005634308
2.012220382690
2.064081192017
1.940776348114
1.972088932991
1.928530454636
1.929752111435
1.853631734848
2.060680389404
1.926616668701
1.856490731239
1.822540879250
1.934740304947
2.204187870026
2.135562419891
1.952422261238
1.966726303101
1.907605409622
2.047284841537
1.869796991348
1.846041560173
1.952209949493
1.934107542038
1.918464422226
1.881385445595
1.970309734344
1.849981069565
1.980137109756
1.839302182198
1.871351361275
1.921542406082
2.091371297836
1.871648073196
1.864646673203
1.860578298569
2.127977371216
1.920508623123
1.797917127609
1.813683867455
1.821053147316
2.116668939590
2.119755983353
1.980537056923
2.005076408386
1.944374680519
1.874806880951
1.977268576622
2.011968374252
2.044846057892
1.938760638237
1.822943568230
1.858069777489
1.827162265778
2.309037923813
2.171481370926
1.967998027802
1.845761537552
1.814878106117
1.816792488098
2.110961675644
2.123344182968
2.020250320435
2.081845045090
1.922342896461
1.894620656967
1.933532476425
2.164434671402
2.014448642731
1.834001779556
1.962865829468
1.812874197960
1.863219380379
1.860057830811
1.924306273460
1.798526763916
1.966781735420
1.917681694031
1.964095115662
1.903937578201
1.965481638908
1.985154032707
1.897006273270
1.796455621719
1.860105991364
1.847267627716
1.860569357872
1.831836700439
1.848909616470
1.935075283051
1.793331503868
1.821666955948
1.820529222488
2.100267648697
2.102222442627
1.975728988647
1.820988535881
1.823689460754
1.812742471695
1.862620711327
2.009543418884
1.862338900566
1.783457994461
1.733361959457
1.903920173645
2.012693881989
2.112750053406
2.033967256546
2.134741306305
1.959829688072
1.897827506065
1.866691350937
2.057594776154
1.793495535851
1.750684022903
1.797449588776
1.798532843590
1.926848411560
1.825958013535
1.941400766373
2.114025592804
2.194388389587
1.980872154236
2.090590000153
1.999873399734
1.862028241158
1.894692897797
1.807907223701
2.075149059296
1.887068748474
1.782757520676
1.770747542381
1.814780712128
1.903581738472
1.782723069191
1.960801839828
1.932748556137
1.850383520126
1.891760349274
1.936625719070
2.179193496704
2.081808567047
1.889306902885
1.956340432167
1.859350681305
1.993701815605
1.825425386429
1.804766058922
2.097345113754
2.028856277466
2.037489414215
1.925449132919
1.898561358452
1.996505379677
2.123251199722
1.927030324936
1.858341693878
1.801888585091
1.770974159241
1.882428050041
1.834897756577
2.029202222824
1.818235516548
1.818003773689
1.955800533295
1.808373093605
1.866989850998
1.742241859436
1.810907244682
2.014029026031
1.931771636009
1.772326350212
1.834080457687
1.901005506516
2.107877492905
2.087704658508
2.030463218689
2.070380687714
1.894919753075
2.046398878098
1.854982614517
1.741711974144
1.797532677650
1.996527194977
2.184710264206
2.035082340240
1.947503328323
1.807424426079
2.025102376938
1.879382014275
1.748327851295
1.810759663582
1.959949254990
2.053714275360
1.833743810654
1.940177917480
2.002868890762
1.872775435448
2.082419157028
2.004679918289
2.074676036835
2.112597227097
2.222656726837
2.050442218781
1.962634682655
1.819069147110
1.855861783028
1.795477747917
2.093451499939
2.016727447510
1.860603809357
1.853732109070
1.783372163773
1.942838907242
1.910865902901
1.819272875786
1.878702640533
1.929262638092
1.857960343361
1.721003532410
1.758700847626
1.804553508759
2.051323890686
1.894493341446
1.931136250496
1.767137765884
1.882186174393
1.932481288910
1.984156131744
1.914163827896
2.113029956818
1.995150804520
1.854179143906
1.821191191673
1.834290504456
1.934116244316
2.063066959381
1.987235069275
1.823802351952
1.936281085014
1.888135433197
1.880836486816
1.850968003273
1.797643423080
1.702565431595
1.905331134796
1.869687676430
1.930293202400
2.044962882996
1.883679628372
1.870687007904
1.710017800331
1.741256356239
1.968034386635
2.085786581039
2.008893251419
2.085273742676
2.077007770538
1.955804944038
1.931753873825
1.734383583069
1.999064803123
1.880978226662
1.962784528732
1.784701704979
1.788967728615
1.918630719185
2.110241174698
2.049436330795
1.862980365753
1.829136013985
1.772126197815
1.939194560051
1.910143971443
1.855015993118
1.792770385742
1.801750898361
1.886492729187
1.743344783783
1.912117242813
1.959200620651
1.975856781006
1.809214234352
1.751111984253
1.883948326111
1.814611077309
1.781187772751
1.818554520607
1.871947646141
1.864973783493
1.789432168007
1.757505536079
1.758680820465
2.155002593994
2.148358345032
1.971598505974
1.918254375458
1.818056583405
1.928554296494
1.905268073082
1.801535367966
1.713884711266
1.785286426544
1.917900323868
2.039762020111
1.952497124672
1.902772784233
2.185129642487
1.958423256874
1.805842876434
1.738763809204
1.718184471130
1.973554611206
1.968735218048
2.179934263229
2.053061246872
1.856564164162
1.797437071800
2.134381055832
2.070656538010
2.077977418900
1.999135017395
2.106472015381
2.010764598846
1.981655359268
1.825548887253
1.819154262543
1.774662733078
1.811249971390
1.873767614365
1.906001567841
1.745434761047
2.049180507660
2.049856424332
1.878011107445
2.030100822449
2.050208568573
2.138423442841
1.961427211761
1.961637735367
1.895946145058
1.911322474480
2.041029214859
1.919761180878
1.802228450775
1.798384785652
2.008371591568
1.901930451393
1.735245704651
1.853885889053
1.948320508003
2.004374504089
1.874086856842
1.802027583122
2.002537250519
1.989718437195
1.855436086655
1.738787889481
1.772338628769
1.832295894623
2.039397478104
2.003831863403
1.836514949799
1.816475391388
1.820872068405
1.889542937279
1.785326004028
1.786773443222
1.772878050804
1.916528224945
1.783441066742
1.902702927589
1.939596295357
1.921265602112
1.826218843460
1.878489136696
1.833423614502
1.883598446846
1.821102380753
1.926547050476
1.818141818047
1.756708621979
1.698955416679
1.801337599754
2.083684921265
2.014457941055
1.961256504059
1.896555900574
1.980517029762
1.816984653473
1.842383861542
1.769460439682
1.938328742981
1.899916887283
1.760943770409
1.803361177444
1.819989442825
1.742504119873
1.958486318588
1.934803605080
1.872225403786
1.733866333961
1.998846173286
1.780841946602
1.664734721184
1.753208994865
2.052868604660
2.381001234055
2.309634447098
2.269158601761
2.111004590988
1.954495191574
1.871307611465
2.106146097183
2.104926586151
2.110508918762
1.955690383911
2.116378784180
1.971134662628
1.910234212875
1.919542193413
1.985661864281
1.962704896927
2.160120487213
2.156619071960
1.942577242851
1.830911159515
1.792946934700
1.744450569153
2.240144968033
2.106033802032
2.036844968796
2.149141311646
2.002049446106
1.875805616379
1.801568984985
1.940418124199
1.992209911346
2.095449447632
1.910590648651
1.899812579155
1.823743343353
2.050660133362
1.911355614662
1.926112890244
1.795626401901
1.923650741577
1.885797381401
1.832080721855
1.733847379684
1.685167551041
1.830698370934
2.020527601242
2.299935102463
2.082323789597
1.832413196564
1.768290519714
1.763976097107
1.796840786934
1.793044328690
1.864621162415
1.850859522820
1.764570832253
1.828976035118
1.634637594223
1.774614810944
1.882175445557
1.859419941902
1.963987112045
2.015071868896
2.073645114899
1.955718755722
1.861057281494
2.052600860596
1.898712158203
1.796097993851
1.984891653061
2.303870916367
2.261702537537
2.003881931305
2.128967761993
2.064788818359
1.869545221329
1.874686956406
2.160066366196
2.138531684875
2.306180238724
2.093502998352
1.882753729820
1.894388556480
1.860238552094
1.919408440590
1.798224210739
1.806851267815
1.800414681435
1.783019185066
1.859128832817
1.857958316803
1.788015365601
1.774600267410
1.946406960487
2.066591024399
1.913051128387
1.936877012253
1.957134246826
1.946194171906
1.798476696014
1.739753007889
1.733806610107
1.940627932549
1.990782499313
1.943692088127
1.731310248375
1.828570723534
1.672599077225
1.899369716644
1.782046914101
1.856620311737
1.759602308273
1.695083141327
1.799780368805
1.912645101547
2.000484466553
2.386339187622
2.250384092331
2.131965637207
2.290745258331
2.205943107605
2.184491395950
2.101797103882
2.186918973923
2.017084121704
1.839947700500
1.885365486145
2.032833099365
1.949374198914
1.820477962494
1.774275779724
1.807914018631
1.975291728973
1.965454578400
1.777717590332
1.911781668663
2.292158603668
2.217734813690
1.983034014702
1.902107000351
1.798056364059
1.961792230606
1.879861474037
1.802581071854
1.779406666756
2.106349706650
2.106204509735
2.034823894501
2.059848308563
1.975296139717
1.812860012054
1.847225070000
1.893841266632
1.835499763489
1.792870521545
1.766820311546
1.778511285782
2.009476661682
2.096947669983
1.839313507080
1.748336791992
1.769872069359
1.803747892380
1.882193446159
1.778770923615
1.742625951767
1.813567280769
1.842974066734
1.815218329430
1.822953701019
1.737275719643
1.715041160583
1.889999151230
1.902055263519
2.076714038849
1.880158066750
1.762284755707
1.808734893799
1.803642868996
1.808564305305
1.999265551567
1.874308586121
1.719796419144
1.941696166992
1.880938410759
2.050286054611
2.156563520432
1.952100515366
1.862593054771
2.125210046768
1.985738158226
1.873073935509
1.714010953903
1.712213754654
2.325112342834
2.114159345627
2.027493238449
1.961029887199
2.023640155792
1.886791229248
1.933594346046
1.826480984688
1.904829263687
1.934257268906
1.885351896286
1.788288235664
1.987593889236
2.297673225403
2.046993255615
2.037829875946
1.911893367767
1.962463140488
1.846638441086
1.836216688156
1.829499363899
1.756560087204
1.998766303062
1.861973762512
1.750185489655
1.699706196785
1.825984358788
2.079554796219
2.088090658188
1.795026540756
1.781908273697
1.825695157051
1.899444580078
1.791063785553
1.705229640007
1.910425186157
1.902715206146
1.846972584724
1.816669821739
1.896700143814
2.091253519058
2.106548547745
2.163541793823
1.938916802406
1.926376342773
1.975389838219
2.013361930847
1.789167523384
1.990405201912
1.939997673035
1.940277099609
1.758578538895
1.799472570419
1.875045061111
2.076202630997
2.177070856094
1.945808172226
1.794798374176
1.734498381615
1.749182105064
1.957820177078
2.162225723267
1.888843297958
1.811194539070
1.690981864929
1.860667347908
1.870118618011
1.961175918579
1.763181209564
1.740735173225
1.777392625809
2.032670974731
1.974483489990
1.718853354454
1.721598386765
1.675249338150
2.078011512756
2.107775449753
1.862331986427
2.132028341293
2.064754486084
1.987135648727
2.095544815063
2.343426704407
2.066084623337
1.838499069214
1.808683872223
1.825667262077
2.097812414169
2.131313085556
1.886751174927
1.771933197975
1.707681655884
1.845378518105
1.946453332901
1.927966237068
1.936264753342
1.801337242126
1.777839899063
1.710682153702
1.937840104103
1.979194283485
1.787467956543
1.832445859909
2.035065650940
2.109328269958
1.912088155746
1.838502287865
1.792727231979
1.671924591064
1.824051856995
1.884562253952
1.832045316696
1.726087450981
1.739472031593
1.651237964630
1.946591734886
1.952941417694
2.106518030167
1.960429191589
1.867008328438
1.912470936775
2.005541801453
1.765751719475
1.726846694946
1.795539617538
1.715776085854
1.657844781876
1.727257013321
1.906856417656
1.881742715836
1.830208778381
1.796139478683
1.755175471306
1.973456740379
1.759190797806
1.906218171120
1.921036601067
1.750890970230
1.764650702477
1.909526824951
2.039311885834
2.133676767349
2.054848670959
1.923131227493
1.831184148788
1.760854005814
2.225074291229
2.111519098282
1.896980762482
1.988154888153
1.775459289551
1.813145875931
2.003728628159
1.934723496437
1.726615071297
1.773786306381
1.880141496658
2.050478458405
2.144820451736
1.960100173950
2.105655670166
1.855957508087
1.719390869141
1.713141083717
1.853950262070
1.969672560692
1.743045091629
1.732946395874
1.764662623405
1.819709062576
1.851577281952
1.716377019882
1.682335853577
1.934265971184
2.012096881866
1.824892759323
1.772742271423
1.780475616455
2.074839830399
2.064368963242
1.881525754929
1.831725120544
1.804348826408
1.808054804802
1.851716518402
1.704973816872
1.724379777908
1.794928193092
1.796475052834
1.885745763779
1.750888586044
1.661913871765
1.853771567345
1.922678947449
1.767588138580
1.671037197113
1.766558885574
1.704064488411
1.685837507248
1.707678794861
1.747344255447
1.712873935699
1.785648822784
1.758129119873
1.855078935623
1.750888824463
1.930349826813
