4.140161991119
4.118731498718
4.098260402679
4.077935218811
4.057176113129
4.035697937012
4.012938499451
3.987058401108
3.956783294678
3.917807817459
3.906235933304
3.979859590530
3.914951086044
3.880106210709
3.828450918198
3.781777381897
3.773669958115
3.852484226227
3.850263118744
3.814282178879
3.796745300293
3.778578042984
3.759340524673
3.738728523254
3.716370582581
3.692526817322
3.668699979782
3.644045591354
3.618299245834
3.592895746231
3.564219951630
3.592464208603
3.644513368607
3.634654998779
3.620430707932
3.606478214264
3.592738628387
3.579204320908
3.565881490707
3.552713155746
3.539705276489
3.526830196381
3.514086246490
3.501460075378
3.488957405090
3.476581096649
3.464311122894
3.452131509781
3.440023422241
3.427957057953
3.415904998779
3.403850555420
3.391765117645
3.379592895508
3.367279291153
3.354726791382
3.341863393784
3.328552246094
3.314560651779
3.299545288086
3.283573150635
3.264869213104
3.249884605408
3.226181983948
3.565140008926
3.268762826920
3.258811950684
3.249050617218
3.239449501038
3.229991436005
3.220664739609
3.211462020874
3.202370643616
3.193385601044
3.184502601624
3.175718069077
3.167028903961
3.158430814743
3.149920701981
3.141494274139
3.133149385452
3.124884843826
3.116699695587
3.108592033386
3.100558042526
3.092596054077
3.084707736969
3.076890468597
3.069144248962
3.061467409134
3.053859233856
3.046318769455
3.038844585419
3.031433343887
3.024083375931
3.016793727875
3.009558916092
3.002378940582
2.995250463486
2.988173484802
2.981147050858
2.974172353745
2.967245817184
2.960362911224
2.953518867493
2.946705341339
2.939914703369
2.933139085770
2.926365375519
2.919575214386
2.912737131119
2.905816793442
2.898746967316
2.891417026520
2.883637666702
2.875056266785
2.864985942841
2.852074623108
2.834112644196
2.811762571335
2.791608572006
2.773404598236
2.763687372208
2.789076328278
2.833215236664
2.836498737335
2.829604864120
2.822862625122
2.816133975983
2.809295892715
2.802199840546
2.794615268707
2.786192893982
2.776730298996
2.766349554062
2.754435062408
2.738907098770
2.715476274490
2.676940202713
2.627149581909
2.597883939743
2.696386814117
2.882968425751
2.757246971130
2.751043319702
2.745733261108
2.740810632706
2.736096858978
2.731504201889
2.726982593536
2.722506284714
2.718058109283
2.713619232178
2.709177255630
2.704716205597
2.700214385986
2.695646524429
2.690956830978
2.686111688614
2.681029081345
2.675596714020
2.669653177261
2.662972688675
2.655201196671
2.645787715912
2.634017944336
2.618269443512
2.597931385040
2.574529170990
2.554331302643
2.541488885880
2.529875040054
2.528341770172
2.547649383545
2.608023166656
2.636007070541
2.630820512772
2.625846624374
2.620874166489
2.615630149841
2.609774827957
2.602761030197
2.593329191208
2.579205751419
2.556322813034
2.524444818497
2.499494075775
2.477050781250
2.475373744965
2.477076053619
2.494885921478
2.553334236145
2.511299371719
2.470606327057
2.434209108353
2.423697233200
2.412198066711
2.445326566696
2.447049856186
2.529595136642
2.455236434937
2.416112899780
2.385631322861
2.372749567032
2.400171518326
2.493915081024
2.562965154648
2.514636278152
2.495553016663
2.470487356186
2.437423944473
2.396930217743
2.382725238800
2.378310680389
2.403638362885
2.477869033813
2.415877342224
2.349413871765
2.309532165527
2.353545188904
2.362206697464
2.416980504990
2.380975246429
2.324700355530
2.325798034668
2.382239103317
2.322140932083
2.276804924011
2.344323635101
2.474566459656
2.432406663895
2.404289484024
2.364228487015
2.334573268890
2.310666799545
2.329934120178
2.390959501266
2.285758256912
2.278839588165
2.315669775009
2.270605802536
2.320509195328
2.264549016953
2.280599117279
2.307926893234
2.415268898010
2.370271444321
2.320040702820
2.262212276459
2.228690862656
2.222114801407
2.258151769638
2.358896493912
2.297455787659
2.257629394531
2.236413002014
2.258409500122
2.318654298782
2.211484193802
2.206989049911
2.201606988907
2.216195821762
2.215058326721
2.242582082748
2.310315847397
2.366922855377
2.320269584656
2.276765823364
2.232888698578
2.208932161331
2.231209516525
2.318879127502
2.225415706635
2.176844596863
2.177017688751
2.222577333450
2.303523778915
2.301088094711
2.262024879456
2.233579635620
2.236250638962
2.261970281601
2.187972068787
2.173620939255
2.208741188049
2.258802175522
2.214221477509
2.161244392395
2.141777276993
2.141708850861
2.173032045364
2.263992071152
2.194459915161
2.163042306900
2.204446792603
2.336600542068
2.323486804962
2.285755395889
2.250203847885
2.248125791550
2.257288694382
2.217722415924
2.256358385086
2.166097879410
2.150462865829
2.190109014511
2.310397148132
2.207721471786
2.154486656189
2.148421525955
2.166546821594
2.259486198425
2.172254085541
2.118973731995
2.109679698944
2.136748552322
2.224363565445
2.271581411362
2.253097057343
2.179951667786
2.142724752426
2.170203924179
2.195913076401
2.326942205429
2.241686820984
2.134970903397
2.104994058609
2.104176759720
2.112930536270
2.202270030975
2.299628973007
2.284729480743
2.220146656036
2.168198347092
2.122487306595
2.099949598312
2.101119518280
2.246333837509
2.455198049545
2.375463485718
2.350931167603
2.320397615433
2.278755664825
2.223602533340
2.163775920868
2.138077259064
2.228540182114
2.262677431107
2.240598201752
2.177637577057
2.125643253326
2.099326848984
2.086148738861
2.080565452576
2.084209918976
2.151155948639
2.336415529251
2.355552911758
2.299842596054
2.270081996918
2.237299442291
2.231108665466
2.228262662888
2.188666820526
2.192933082581
2.161534786224
2.206813812256
2.115561008453
2.108306884766
2.116863727570
2.202721118927
2.153436183929
2.116129636765
2.107105970383
2.187562942505
2.107215881348
2.100288152695
2.121381759644
2.266426801682
2.213205575943
2.131060361862
2.095072269440
2.073608636856
2.117087602615
2.061316251755
2.029703140259
2.110305070877
2.362642049789
2.559856414795
2.409290313721
2.403709173203
2.399775266647
2.395099878311
2.388927936554
2.380702733994
2.372057676315
2.360583305359
2.351266145706
2.340640544891
2.331625699997
2.320207357407
2.314333438873
2.298883438110
2.319039106369
2.360482454300
2.307845830917
2.261128425598
2.235968589783
2.276335239410
2.382771253586
2.354912042618
2.328820466995
2.305946350098
2.289172887802
2.266962289810
2.482170343399
2.366762399673
2.365784406662
2.342335939407
2.311630964279
2.269563436508
2.225032567978
2.191999197006
2.165134906769
2.139801502228
2.159574031830
2.395685911179
2.349176883698
2.279768943787
2.271977424622
2.302698373795
2.198910474777
2.161134481430
2.166710853577
2.192407369614
2.305289268494
2.245344400406
2.155096054077
2.123909950256
2.141566276550
2.167865037918
2.239790916443
2.172960281372
2.110210418701
2.120943546295
2.101315021515
2.135422468185
2.137800216675
2.241746187210
2.190796375275
2.109196186066
2.094739437103
2.105759620667
2.179552316666
2.090929269791
2.061672687531
2.072938680649
2.107664108276
2.268369674683
2.285424470901
2.232613325119
2.197013854980
2.180031299591
2.147998571396
2.121192932129
2.091595888138
2.152503967285
2.278046369553
2.212456941605
2.089821100235
2.068167209625
2.069097757339
2.085262298584
2.188205718994
2.180541038513
2.131365060806
2.103411674500
2.125607490540
2.247430086136
2.181969642639
2.077654361725
2.057026624680
2.039268493652
2.064195632935
2.116455554962
2.213541507721
2.158849000931
2.061532735825
2.036372423172
2.093173980713
2.260269641876
2.200825929642
2.128658533096
2.108872890472
2.097578763962
2.165776729584
2.154948949814
2.166405677795
2.082239627838
2.040362119675
2.030586242676
2.040291309357
2.178804159164
2.309449911118
2.252018928528
2.137015104294
2.050565242767
2.035851001740
2.035885334015
2.137291669846
2.438042879105
2.290581703186
2.271174907684
2.211567401886
2.180186510086
2.155987262726
2.222494363785
2.395063161850
2.351113319397
2.308319091797
2.246100187302
2.179036855698
2.142912864685
2.155149459839
2.282593727112
2.258264541626
2.216338157654
2.198174953461
2.163397789001
2.146949529648
2.106825351715
2.135727882385
2.079958677292
2.113692522049
2.150775909424
2.208088397980
2.110108137131
2.063801288605
2.124193429947
2.086858510971
2.063894510269
2.117895603180
2.136100053787
2.094592332840
2.041054248810
2.097958803177
2.024254083633
2.032948017120
2.096143484116
2.150512456894
2.113548040390
2.053806304932
2.009774446487
2.115127325058
2.235007524490
2.220104932785
2.106207847595
2.059883356094
2.041120529175
2.273062229156
2.309001445770
2.247124671936
2.207810401917
2.174916982651
2.167804002762
2.168498992920
2.354959011078
2.283968925476
2.254032611847
2.210121393204
2.241747379303
2.203014135361
2.299754858017
2.184654235840
2.161370038986
2.198924779892
2.167029619217
2.194408893585
2.176353454590
2.473405361176
2.334357261658
2.270934581757
2.207937002182
2.161175489426
2.124721527100
2.099851608276
2.076563596725
2.069878578186
2.085654020309
2.188968658447
2.134825706482
2.100024223328
2.098645448685
2.152315139771
2.410724401474
2.271403551102
2.200184822083
2.146915435791
2.112702369690
2.090432167053
2.063647747040
2.050674915314
2.043642044067
2.066502809525
2.081273555756
2.099783658981
2.033374071121
2.024804353714
2.042361736298
2.164416790009
2.183584690094
2.242127418518
2.130973100662
2.094181060791
2.065506696701
2.104904651642
2.307041883469
2.348639249802
2.257842779160
2.186349630356
2.106394290924
2.159839868546
2.533803224564
2.408110857010
2.345948219299
2.308864593506
2.272140264511
2.237167596817
2.203489303589
2.178734540939
2.181254386902
2.310631513596
2.293426036835
2.238926172256
2.168996334076
2.136131525040
2.122386932373
2.148112297058
2.093190908432
2.095562458038
2.178704977036
2.287550926208
2.253054380417
2.193992614746
2.141772747040
2.195896387100
2.308425903320
2.228132009506
2.173209905624
2.148558378220
2.140826463699
2.252943515778
2.378455162048
2.350223302841
2.316986560822
2.275022745132
2.212297916412
2.145525932312
2.097750902176
2.086895227432
2.097676992416
2.127268314362
2.246972084045
2.196173906326
2.093320846558
2.063152313232
2.053802728653
2.054551124573
2.083644866943
2.164276599884
2.159477710724
2.124778985977
2.044964551926
2.038721561432
2.039279937744
2.036559343338
2.054552793503
2.108896732330
2.233428955078
2.271678209305
2.209704875946
2.157367229462
2.100019216537
2.046367168427
2.030019283295
2.015292167664
2.048212766647
2.069427490234
2.239975214005
2.116604804993
2.061578750610
2.038530111313
2.062361955643
2.188925743103
2.188567638397
2.094185352325
2.037959098816
2.096171855927
2.015031814575
2.024953126907
2.081988573074
2.047445535660
2.146346807480
2.279411315918
2.253883123398
2.175409793854
2.102762222290
2.067754268646
2.075786828995
2.174147844315
2.154977560043
2.060181617737
2.056847810745
2.076108455658
2.040548086166
2.026153802872
2.093923568726
2.022481441498
2.040946960449
2.138158559799
2.150387287140
2.132538795471
2.066392898560
2.077188491821
2.057039737701
2.193156003952
2.086040735245
2.013883352280
2.046864986420
2.117081880569
2.153475999832
2.026284456253
1.996091008186
2.031930208206
2.030096054077
2.146889209747
2.100445985794
2.052153110504
2.003303766251
1.977006077766
2.010195732117
2.140896797180
2.069567203522
2.046648502350
2.041891813278
1.989944934845
2.094963550568
2.144832611084
2.074879646301
2.035376787186
2.052228927612
2.031964778900
2.031219482422
2.049748420715
2.215575695038
2.267105102539
2.259407520294
2.209798336029
2.160273313522
2.134626626968
2.148784875870
2.193460941315
2.151411056519
2.078961610794
2.068526506424
2.055701971054
2.051914215088
2.074679374695
2.178517580032
2.176079034805
2.075347900391
2.061554670334
2.103353023529
2.168933868408
2.101437091827
2.030097246170
2.011481285095
2.015533924103
2.065182685852
2.141436338425
2.163177967072
2.115800142288
2.046311140060
2.267080783844
2.234769821167
2.233321905136
2.164472818375
2.116629600525
2.068647623062
2.032096147537
2.012342214584
2.048301219940
2.145377874374
2.116417169571
2.090860605240
2.043699979782
2.038568019867
2.042372465134
2.059562206268
2.072135686874
2.109853744507
1.980087757111
1.956599950790
1.956922769547
2.027220726013
2.133789539337
2.084305286407
2.014489173889
2.016592502594
2.274443387985
2.236500740051
2.201124429703
2.191285133362
2.177002429962
2.079828739166
2.059013843536
2.068804025650
2.153278350830
2.175485134125
2.057737112045
2.009574890137
2.003793239594
2.019435167313
2.111914157867
2.126508474350
2.053684473038
2.006992340088
2.054900169373
2.103934288025
2.169597864151
2.175018548965
2.115498065948
2.006554603577
1.980204224586
1.989925146103
2.113675594330
2.159691333771
2.063185930252
1.957442402840
1.970953941345
1.994657158852
2.127756357193
2.036156177521
1.942291021347
1.963754415512
2.164307117462
2.251899242401
2.082701444626
2.048935651779
2.129483222961
2.158934116364
2.049440145493
1.983261823654
2.000421047211
2.036005020142
2.131760597229
2.059761047363
1.934333324432
1.953820347786
2.095885515213
2.214412927628
2.200411081314
2.116836547852
2.096721649170
2.081778287888
2.104545831680
2.111622810364
2.053660869598
2.083076238632
2.127985477448
2.163987398148
2.060842037201
2.004147052765
1.992036581039
2.003992319107
2.061929941177
2.047129392624
1.972417116165
2.053170442581
2.090315580368
2.038214445114
2.056216001511
2.056452274323
2.018696784973
1.966004371643
1.997883319855
2.095818758011
2.099677562714
1.940357327461
1.924548268318
1.972984552383
2.166309118271
2.090234994888
1.972357988358
1.944386601448
1.951788425446
2.125652790070
2.217760562897
2.246511220932
2.175292968750
2.113542795181
1.991309285164
1.955685734749
1.965801000595
1.977100849152
2.037612438202
2.061043024063
1.982673764229
1.957259654999
1.955629825592
1.967550635338
2.064775705338
2.059071540833
1.932864665985
1.964552164078
2.075203657150
2.075445890427
1.982250332832
1.961907744408
1.991903066635
2.086005210876
2.169689655304
2.088087797165
2.044521331787
1.973201036453
1.947535991669
2.020849227905
1.990198850632
1.956310391426
1.998453617096
2.038778305054
1.962954163551
1.908035278320
1.996381163597
2.115643262863
2.019896984100
1.969179511070
1.976221799850
2.043407678604
2.036048889160
1.932658553123
1.904506444931
1.928714513779
2.046234846115
2.094816207886
1.921307563782
1.950666308403
2.124740839005
2.084506750107
1.959318995476
1.952173471451
2.025008440018
2.252323865891
2.270140171051
2.140880823135
2.077003002167
2.054087638855
2.141853570938
2.161824941635
2.109727144241
1.974281191826
1.991062283516
2.155489683151
2.105855703354
2.112209320068
2.281202554703
2.272217988968
2.197427511215
2.095885038376
2.031450986862
1.985565900803
2.001041650772
2.131730318069
2.095755338669
2.015571832657
1.966256856918
1.968492984772
2.083744525909
2.035211086273
1.911068677902
1.910715222359
1.923549413681
2.049082756042
2.109778881073
1.966772437096
1.927983522415
2.101255416870
2.219424724579
2.135603666306
2.003597021103
1.955167770386
1.940577268600
2.090756654739
2.036694049835
1.902648210526
2.007312059402
2.164590597153
2.105925798416
2.034063100815
2.006233930588
1.949392676353
1.942332744598
2.077764987946
2.048320531845
2.045038461685
1.940501928329
1.900899767876
1.928850173950
2.027151107788
2.083362102509
2.097673416138
1.969819188118
1.935062289238
1.998226523399
2.016022205353
1.990189075470
1.885724067688
1.861266493797
2.038313865662
1.978901147842
2.057246923447
2.150567531586
2.068903207779
2.034602403641
2.029688835144
2.025187253952
2.212896585464
2.075155496597
2.001829147339
1.948281645775
2.057385921478
2.192841291428
2.134274244308
1.997392535210
1.929086804390
1.890900731087
2.002519130707
1.993034362793
2.049499034882
2.081522464752
1.951779127121
1.927548050880
1.943481445312
2.038713932037
2.124164819717
1.993605971336
1.897632837296
1.944960832596
2.176287174225
2.140219926834
1.995226979256
2.025346040726
2.010159969330
1.923817634583
1.895004630089
2.018291473389
1.983536005020
1.931809902191
1.895060420036
1.958957433701
2.020147562027
2.000214815140
1.897032976151
1.892041683197
1.942421078682
2.027266025543
1.961392521858
1.876823425293
1.919720172882
2.048753976822
1.960500001907
1.856566429138
1.879332780838
1.983884334564
2.003216505051
1.904291868210
1.834053874016
1.889201283455
2.017840147018
2.229908466339
2.170633554459
2.041937112808
1.926595568657
1.943326234818
2.136538982391
2.026256799698
1.934265851974
1.942492365837
1.939298987389
1.861674308777
1.876451730728
1.917899727821
1.916829347610
1.924404144287
1.971294283867
1.936689853668
2.016892910004
2.105940341949
2.064579010010
1.974113106728
1.988546490669
1.865092515945
1.889433383942
2.059466123581
2.160009860992
2.058182954788
1.921335577965
1.927669167519
2.033867359161
2.112459659576
2.054835081100
1.901373386383
1.861006736755
1.852682709694
2.006230115891
2.201186895370
2.072390317917
1.944247722626
1.956574559212
2.130118846893
2.059053659439
1.954081654549
1.888091206551
2.002653598785
2.053417921066
1.970942497253
1.918521285057
1.914910912514
2.044057607651
1.960293531418
1.994260191917
2.099989652634
2.141561269760
1.999607920647
1.917855024338
1.888018846512
1.934309363365
1.928223133087
1.942473530769
2.024982929230
1.930237531662
1.834635496140
1.864394068718
1.944378018379
1.957887411118
1.945588827133
2.005686759949
1.966039538383
1.856286764145
1.986736774445
2.524829626083
2.389824867249
2.316144704819
2.223407745361
2.207952499390
2.165029525757
2.199628829956
2.202116727829
2.166585683823
2.052276611328
2.066798686981
2.047930717468
2.179136753082
2.141744613647
2.026632785797
1.965050935745
1.988613367081
2.158105373383
2.121793031693
2.050065279007
1.942134141922
1.888269543648
1.906001091003
2.319993972778
2.468801259995
2.219356536865
2.158561706543
2.108896732330
2.103600502014
2.262807846069
2.197068929672
2.155844211578
2.159561395645
2.134327411652
2.008663177490
1.968730568886
2.000304937363
2.008173942566
2.006260633469
1.925469398499
1.964591860771
2.166362285614
2.177437543869
2.123068332672
2.070943832397
2.009178161621
1.978864789009
1.974905490875
1.925440788269
1.931814193726
2.008291721344
1.962975025177
1.853665113449
1.877288341522
1.930451273918
2.231288433075
2.135625600815
2.010540723801
1.979104518890
1.988633632660
1.986365556717
1.913940429688
1.893784642220
1.970066189766
2.043035268784
1.989207386971
1.946904420853
1.945511102676
1.899712204933
1.946266174316
1.871804594994
1.878396034241
1.997834324837
2.064983606339
1.975793361664
1.908433675766
1.915986299515
2.055315494537
1.979868769646
1.895470023155
1.847533106804
1.887182593346
2.078016757965
2.119946241379
2.077904462814
2.054630041122
1.960034847260
1.924733400345
1.953980207443
2.076913595200
2.054901599884
1.974957108498
1.877429485321
1.869279980659
1.906286954880
2.242053985596
2.151420354843
2.000146150589
1.904593825340
1.858360171318
1.878005027771
2.100848436356
2.154877424240
2.124955415726
2.077581644058
1.951990962029
1.906822800636
1.988227128983
2.110977172852
2.067807674408
1.985774993896
1.960648059845
1.932246208191
1.859315037727
1.952317953110
1.938680648804
1.865623950958
1.920305252075
1.980347037315
1.957174897194
1.896858930588
1.992453813553
2.075942277908
1.908950090408
1.847137451172
1.900698661804
1.874838590622
1.913640737534
1.898257970810
1.882731676102
1.943795800209
1.899193644524
1.818249225616
1.925337672234
2.020832777023
2.090173959732
2.005125999451
1.934568047523
1.848960042000
1.855528831482
1.889131784439
2.041400194168
1.977148175240
1.868401050568
1.816341400146
1.906089663506
2.092462301254
2.082804203033
2.134719610214
2.086900472641
1.946917772293
1.955312371254
1.938746452332
1.968098402023
1.819092273712
1.789530992508
1.818596959114
1.854169011116
1.924431204796
1.865613460541
1.997251868248
2.186339378357
2.156368255615
2.000077247620
2.046487569809
2.021204948425
1.984659671783
1.883078575134
1.915474653244
1.988243818283
1.875272393227
1.803910613060
1.799700975418
1.847945451736
1.915474176407
1.818814277649
1.933236598969
1.935132265091
1.890284061432
1.924179792404
2.075985670090
2.107487678528
2.089929103851
1.912509918213
1.931901454926
1.918141961098
1.934088945389
1.833170771599
1.828286886215
2.061894655228
2.228226184845
2.037862062454
1.926200151443
1.922376632690
2.048895597458
2.102124452591
1.992315053940
1.921112298965
1.820139169693
1.797325253487
1.894394636154
1.908458709717
1.962311387062
1.851640462875
1.874687910080
1.975430488586
1.917604446411
1.827464580536
1.823792815208
1.841396450996
1.995713114738
2.002614021301
1.881280064583
1.871956944466
1.968532443047
2.125523328781
2.037785053253
2.124390125275
2.098008632660
2.017476320267
2.016885042191
1.849939227104
1.774410247803
1.827545404434
1.985771059990
2.270262479782
2.139477014542
2.014887094498
1.927381992340
1.965108871460
1.894126057625
1.804285287857
1.818182826042
2.059306383133
2.045030832291
1.897514224052
2.019832134247
2.028467655182
1.996589541435
2.046635866165
2.045499324799
2.020780563354
2.180443763733
2.192229032516
2.166643619537
2.003173828125
1.922598838806
1.862301468849
1.867705106735
2.027194738388
2.000016689301
1.882721662521
1.841207861900
1.866421103477
1.947729229927
1.979335308075
1.832808256149
1.923660635948
1.960082888603
1.937044620514
1.790029168129
1.767022490501
1.884059071541
2.049845218658
1.968187093735
1.935724139214
1.828316211700
1.869034171104
2.028741359711
2.023038148880
2.088146448135
2.053494453430
1.946269035339
1.835976481438
1.836302280426
1.867306113243
2.010095834732
2.109949111938
2.023309469223
1.872179746628
1.972330093384
1.874565124512
1.897642493248
1.893530011177
1.838350653648
1.776279807091
1.897291421890
1.971041798592
2.060322761536
1.980553627014
1.906541705132
1.835464358330
1.735675096512
1.763701677322
2.042004585266
2.061294555664
2.038162708282
2.154422998428
2.074769735336
2.069509744644
1.972090244293
1.854727149010
1.922509431839
1.925649881363
1.933793663979
1.841030478477
1.840861916542
1.995710015297
2.052295923233
2.061960935593
1.884713411331
1.837482213974
1.832032084465
1.921896934509
2.021402597427
1.943608283997
1.842425227165
1.922752380371
1.840105056763
1.887244105339
1.901453852654
2.006872415543
1.952792406082
1.886881232262
1.767858028412
1.931265592575
1.852880358696
1.814478158951
1.888851046562
1.898416996002
1.929070949554
1.885713815689
1.762644529343
1.839056015015
2.067168951035
2.137167930603
2.022018194199
1.956673860550
1.860202193260
1.921513199806
1.947648644447
1.857508420944
1.745166301727
1.830956220627
1.920983552933
2.047690629959
1.903649091721
1.994464874268
2.155277013779
2.070818901062
1.893981575966
1.794020891190
1.777041196823
1.951718688011
2.099045515060
2.124439001083
2.029233455658
1.883689165115
1.844711422920
2.098985671997
2.179608106613
2.093286275864
2.087872743607
2.068664550781
2.002853155136
1.961052417755
1.923371553421
1.812614440918
1.847182154655
1.806160569191
1.933353424072
1.890013694763
1.815273284912
1.983386516571
2.093533039093
2.084557056427
2.088676691055
2.137019634247
2.117640495300
1.923055768013
1.957304954529
1.928541183472
2.015630483627
1.979210376740
1.901214480400
1.832587957382
1.800905942917
1.990379333496
1.869447588921
1.753499031067
1.904519438744
1.989544272423
1.993372440338
1.842807769775
1.844458103180
1.955537557602
2.095198869705
1.927295923233
1.800636291504
1.800710916519
1.902506947517
2.096544981003
2.034696578979
1.900331020355
1.847795486450
1.868391394615
1.941409945488
1.849864840508
1.818053245544
1.849750161171
1.869564533234
1.853938341141
1.872170805931
2.001966714859
1.925258994102
1.934152960777
1.883726716042
1.879008412361
1.887175440788
1.875430345535
1.859599828720
1.843978404999
1.827738046646
1.755089998245
1.792803287506
2.136714458466
2.119827270508
1.956599593163
1.938781738281
1.938774228096
1.844192147255
1.828679084778
1.855926275253
1.904253721237
1.945568680763
1.868080496788
1.870084404945
1.823523998260
1.795868873596
1.884010434151
2.024354457855
1.889747500420
1.785316824913
1.970462679863
1.819320440292
1.701490998268
1.787106871605
2.154865741730
2.343542098999
2.376316785812
2.311347007751
2.187037467957
2.032464027405
1.990702629089
2.110786914825
2.240861892700
2.114440917969
2.032761812210
2.101534605026
1.982734918594
1.926227331161
2.004867553711
2.032009124756
1.992883801460
2.219728708267
2.171435356140
2.062358379364
1.948803544044
1.847183346748
1.833464741707
2.139272928238
2.134777307510
2.029176473618
2.141352653503
2.097856283188
1.952248573303
1.897208690643
1.906628251076
2.087127685547
2.031306743622
1.971756815910
1.888308286667
1.836790204048
2.082669734955
2.011955738068
1.902886629105
1.872569799423
1.879112362862
1.915010094643
1.908100366592
1.768808603287
1.735539197922
1.861262559891
2.115621805191
2.204185724258
2.000914573669
1.846716284752
1.818442344666
1.807335615158
1.837070107460
1.827281713486
1.872342586517
1.906605720520
1.841023206711
1.757605433464
1.742758989334
1.736311793327
1.979291558266
1.846251368523
1.962086319923
2.123004913330
2.198751926422
2.025510072708
2.006849765778
2.041205883026
1.921866416931
1.855759382248
2.104760169983
2.189561843872
2.309525012970
2.118512868881
2.125985383987
2.091638565063
1.926831960678
1.960302591324
2.196236610413
2.202340364456
2.219948768616
2.090094566345
1.906060576439
1.916543364525
1.906603574753
1.922574400902
1.867819547653
1.848806023598
1.801438927650
1.822221636772
1.877956390381
1.905570507050
1.841820597649
1.786200761795
1.984277129173
2.072874546051
1.987626791000
1.931016445160
2.022789239883
1.995815277100
1.927442789078
1.778841257095
1.778775691986
1.921544790268
2.041515588760
1.946993470192
1.765951037407
1.844974875450
1.757426977158
1.860360622406
1.869750618935
1.933713674545
1.750652432442
1.740929841995
1.789580225945
1.924338817596
2.086022615433
2.262410402298
2.267368793488
2.282325744629
2.280461549759
2.204385280609
2.196217775345
2.233834028244
2.125831842422
1.989228844643
1.904821395874
1.921076893806
2.049796342850
2.060799121857
1.964929103851
1.814835429192
1.888029217720
1.997079849243
1.973898172379
1.867273330688
1.979017257690
2.258167266846
2.251768589020
2.033050298691
1.920716404915
1.873137831688
1.928621053696
1.950741171837
1.851115226746
1.840769767761
2.039444446564
2.063528060913
2.027660846710
2.129147768021
1.962430953979
1.847603321075
1.876754641533
1.956769347191
1.902827382088
1.821921586990
1.793185353279
1.822255611420
2.075261831284
2.044120311737
1.851482033730
1.773288607597
1.799489021301
1.871262550354
1.913742065430
1.820791006088
1.818226814270
1.820775032043
1.911807894707
1.837033748627
1.883824348450
1.744021415710
1.783826112747
1.867714881897
2.048627614975
2.038928747177
1.877095818520
1.775672316551
1.818725705147
1.872119426727
1.903336048126
1.952378749847
1.913649320602
1.813004493713
1.893396615982
1.987366795540
2.016280651093
2.183700323105
2.034787893295
1.973752498627
2.130743980408
2.016093015671
1.863534092903
1.741135835648
1.763465046883
2.203811883926
2.209287643433
2.084830999374
2.049570322037
1.980817556381
1.987765789032
1.928850173950
1.892464756966
1.947774410248
2.023372650146
1.909259080887
1.817829847336
2.023860454559
2.214680194855
2.141294240952
2.061557769775
1.962809801102
1.982349276543
1.879700422287
1.905709028244
1.803189039230
1.888721108437
1.974485158920
1.887619972229
1.750862836838
1.746873259544
1.858293414116
2.136504173279
2.135286808014
1.898684024811
1.829735159874
1.945977926254
1.886979579926
1.818904519081
1.756907105446
1.899729490280
1.961329221725
1.889437675476
1.782553553581
1.987673521042
2.061484575272
2.167055368423
2.136671066284
1.942810177803
1.896029114723
1.987424492836
2.035987854004
1.907777428627
1.921088814735
2.013547182083
1.902179002762
1.778335571289
1.789785623550
1.952191591263
2.184782505035
2.086428403854
1.906314134598
1.801382541656
1.734983563423
1.768061280251
2.010933876038
2.119799375534
2.035363674164
1.878464937210
1.770685434341
1.840177536011
1.934363484383
1.886599898338
1.763129830360
1.769588708878
1.857781410217
2.065546035767
1.987998247147
1.781015872955
1.737174749374
1.736031889915
2.104328393936
2.066905498505
1.979908347130
2.056769132614
2.102008819580
1.997175335884
2.117069721222
2.251537561417
2.096829891205
1.881064414978
1.808527469635
1.861942768097
2.115259885788
2.140618801117
1.908268690109
1.816158056259
1.767910718918
1.863617062569
1.999808788300
2.146331071854
2.056393861771
1.943391203880
1.827095627785
1.786591529846
1.965579748154
1.942124009132
1.863929629326
1.851871728897
2.108907699585
2.029727697372
1.943613409996
1.887066006660
1.797774553299
1.715083122253
1.831611394882
1.940786600113
1.890525579453
1.845351099968
1.723717689514
1.712403059006
1.955698847771
2.026703834534
2.069520473480
2.069129228592
1.939819931984
1.988919138908
1.970761775970
1.819155454636
1.775470256805
1.848910927773
1.797601699829
1.717734098434
1.770928978920
1.912993192673
1.950967788696
1.856362462044
1.865119099617
1.851956963539
1.882003545761
1.832434177399
1.815709114075
1.930385470390
1.783711552620
1.810645461082
1.882338762283
2.131985664368
2.170331001282
2.087561607361
1.949208617210
1.818373084068
1.838106513023
2.141708135605
2.160871982574
2.048543453217
1.990414261818
1.868538141251
1.852137088776
2.037687063217
1.957578659058
1.782551646233
1.749568223953
1.930167913437
2.009221553802
2.214994668961
2.088317155838
2.038928270340
1.880311489105
1.734104633331
1.758584737778
1.923442125320
1.940253376961
1.814416050911
1.765765666962
1.797181963921
1.871964693069
1.820386648178
1.788046360016
1.706579685211
1.946645259857
2.095892906189
1.944642782211
1.821926236153
1.873646616936
2.019465923309
2.008366584778
1.900100588799
1.898941755295
1.787516355515
1.845939636230
1.831600308418
1.766473174095
1.802175760269
1.762194156647
1.888836503029
1.860878229141
1.775219798088
1.699963212013
1.892581939697
1.899795532227
1.903844833374
1.749447822571
1.777059316635
1.788897037506
1.718670010567
1.754092097282
1.758916616440
1.736846923828
1.815333127975
1.832200884819
1.797043919563
1.839644670486
1.853680610657
