4.136076927185
4.113574028015
4.092995166779
4.072881221771
4.052298545837
4.031192779541
4.008029937744
3.981989383698
3.948582172394
3.912324190140
3.873790264130
4.010186195374
3.918378353119
3.879392385483
3.818176984787
3.755846500397
3.787399768829
3.779555797577
3.895523071289
3.827099323273
3.808994293213
3.790692806244
3.772105693817
3.753011226654
3.733266353607
3.712776660919
3.690595865250
3.666264295578
3.642304897308
3.613706350327
3.598258972168
3.568205356598
3.770842075348
3.625101089478
3.610970735550
3.597402095795
3.584123611450
3.571050882339
3.558111190796
3.545342206955
3.532665729523
3.520104408264
3.507629394531
3.495242357254
3.482910633087
3.470635890961
3.458384513855
3.446116209030
3.433840990067
3.421490192413
3.408969402313
3.396163463593
3.383023023605
3.369308948517
3.354889631271
3.339554309845
3.323137998581
3.305766105652
3.287525177002
3.268685817719
3.248503684998
3.229069709778
3.202440738678
3.221120357513
3.376266717911
3.295448303223
3.283936023712
3.272733688354
3.261793613434
3.251087665558
3.240594387054
3.230306148529
3.220200061798
3.210267782211
3.200499773026
3.190887928009
3.181422233582
3.172094345093
3.162895679474
3.153820991516
3.144865989685
3.136027812958
3.127304553986
3.118690967560
3.110182523727
3.101776123047
3.093467235565
3.085256099701
3.077143192291
3.069127798080
3.061206579208
3.053376436234
3.045634746552
3.037975788116
3.030395030975
3.022890567780
3.015456676483
3.008090019226
3.000786304474
2.993541240692
2.986355543137
2.979229688644
2.972152948380
2.965128898621
2.958148241043
2.951201915741
2.944279193878
2.937374591827
2.930464267731
2.923531055450
2.916517257690
2.909381628036
2.902038574219
2.894339084625
2.886043310165
2.876677513123
2.865213871002
2.849764823914
2.826971292496
2.796682357788
2.771414279938
2.754945993423
2.732994794846
2.799608230591
2.758727073669
2.858992815018
2.850496768951
2.842275619507
2.834185123444
2.826096534729
2.817844152451
2.809323072433
2.800292015076
2.790602922440
2.780287981033
2.768607616425
2.753575325012
2.731169939041
2.693939924240
2.641431570053
2.596494197845
2.663411140442
2.971246242523
2.763402700424
2.757881641388
2.752622604370
2.747472763062
2.742380857468
2.737319469452
2.732275247574
2.727236270905
2.722192049026
2.717125892639
2.712017774582
2.706853389740
2.701609611511
2.696227073669
2.690708398819
2.684900522232
2.678695201874
2.671909093857
2.664320945740
2.655482530594
2.644494056702
2.630694627762
2.612441539764
2.587401628494
2.555282115936
2.525055646896
2.509002923965
2.497159719467
2.492886781693
2.480712890625
2.540566682816
2.529962301254
2.680963516235
2.671677589417
2.662834167480
2.654119729996
2.645170688629
2.635382652283
2.623946666718
2.608962774277
2.587145090103
2.551476955414
2.496549129486
2.447565555573
2.449481487274
2.431127071381
2.462221384048
2.443468093872
2.576080322266
2.509572029114
2.432500362396
2.403000593185
2.388321161270
2.394258975983
2.437084913254
2.374984264374
2.613387346268
2.480642557144
2.422708749771
2.359609603882
2.343068838120
2.426284313202
2.413088083267
2.670907974243
2.543061256409
2.514923334122
2.476836204529
2.424369812012
2.370352983475
2.347234725952
2.363925695419
2.353791713715
2.514236688614
2.422706127167
2.319694280624
2.308348178864
2.353787899017
2.334896087646
2.475099086761
2.349422931671
2.315928936005
2.284780502319
2.431798696518
2.292705059052
2.284713506699
2.313896656036
2.565912008286
2.429857254028
2.380374193192
2.330538988113
2.280345916748
2.303811788559
2.277933597565
2.428012132645
2.266414880753
2.246032953262
2.343805551529
2.235110282898
2.363909959793
2.234917402267
2.309062719345
2.259312152863
2.499582767487
2.395307064056
2.336056709290
2.262265682220
2.210508584976
2.229424715042
2.222069025040
2.433254241943
2.267544984818
2.219323158264
2.236641168594
2.202548265457
2.389905214310
2.221342802048
2.168819665909
2.240889787674
2.171274662018
2.262999773026
2.252610683441
2.243868827820
2.466050148010
2.346219778061
2.319296836853
2.251771450043
2.228431940079
2.189691066742
2.382030963898
2.211589097977
2.156599521637
2.188794612885
2.214950561523
2.299712181091
2.352895021439
2.235489845276
2.253323793411
2.177367687225
2.319839715958
2.175665855408
2.187464475632
2.168790340424
2.331382513046
2.187670707703
2.155239105225
2.130208492279
2.154059171677
2.132005214691
2.341844558716
2.177492141724
2.160351276398
2.239847898483
2.395002365112
2.281914949417
2.227317810059
2.218154668808
2.182723283768
2.285588502884
2.177175283432
2.302609682083
2.123020172119
2.182664155960
2.138585090637
2.419606208801
2.215829849243
2.132044792175
2.159064531326
2.121004581451
2.341652631760
2.167661905289
2.105355501175
2.115635156631
2.114919424057
2.308104276657
2.346987247467
2.190628051758
2.170593023300
2.110229253769
2.209203720093
2.138077259064
2.433993816376
2.267377138138
2.126884460449
2.091328382492
2.107913732529
2.094916582108
2.269384860992
2.382807493210
2.231767177582
2.174728631973
2.128359317780
2.110018491745
2.073172807693
2.122146368027
2.154311656952
2.613316535950
2.428921222687
2.397097826004
2.362159967422
2.319054841995
2.261402368546
2.179386138916
2.132573366165
2.272115945816
2.219752073288
2.297879219055
2.199187994003
2.132073163986
2.091104269028
2.081254959106
2.067604064941
2.084642648697
2.153335094452
2.413904190063
2.300128936768
2.295262336731
2.222803115845
2.204061031342
2.157921791077
2.245332002640
2.128342151642
2.225093603134
2.110863685608
2.272706508636
2.080762863159
2.142812967300
2.071245908737
2.286499023438
2.100212097168
2.136212348938
2.058805942535
2.253463029861
2.086963653564
2.126136302948
2.063200950623
2.368476867676
2.232762098312
2.112682819366
2.122945547104
2.008148670197
2.201635360718
2.026045322418
2.029137849808
2.027555704117
2.518760204315
2.640747308731
2.471128225327
2.455142259598
2.443560600281
2.432578325272
2.418087482452
2.397805690765
2.377219438553
2.361949682236
2.341932058334
2.327071905136
2.312693357468
2.304848194122
2.285396337509
2.291096448898
2.256102085114
2.408962011337
2.319853782654
2.227897882462
2.221411705017
2.191299676895
2.438460588455
2.385325908661
2.346142530441
2.324031114578
2.302859783173
2.293210744858
2.375545501709
2.483948945999
2.383649587631
2.358768939972
2.328144073486
2.287975549698
2.241126298904
2.184665441513
2.137602329254
2.120932817459
2.096625089645
2.510696887970
2.341875553131
2.240927696228
2.180298089981
2.307591438293
2.167888641357
2.101517438889
2.182606697083
2.117993116379
2.372402906418
2.282903909683
2.168752193451
2.077431440353
2.163890838623
2.098209619522
2.317119121552
2.173020124435
2.085175037384
2.122782707214
2.064409732819
2.153716564178
2.068944692612
2.331220865250
2.187108039856
2.081051826477
2.088452577591
2.067653656006
2.216878890991
2.075867414474
2.046693325043
2.041639566422
2.146006345749
2.200163602829
2.378342866898
2.265640974045
2.236203670502
2.192912817001
2.163050413132
2.103046894073
2.101241350174
2.080418109894
2.351325511932
2.203513383865
2.072026252747
2.038307905197
2.043138265610
2.067631721497
2.169401884079
2.249001502991
2.123454332352
2.127405881882
2.064914941788
2.311312913895
2.183641195297
2.092684984207
2.029456615448
2.042378425598
2.011045217514
2.172179937363
2.143591403961
2.188803672791
2.035655260086
2.029777050018
2.036030530930
2.319889307022
2.231970787048
2.187864542007
2.105790615082
2.138257265091
2.111559152603
2.230279207230
2.144384384155
2.059140920639
2.023631811142
2.000814676285
2.050384044647
2.078733921051
2.403821229935
2.267026662827
2.159371852875
2.046278476715
1.993608236313
2.023447751999
2.103632688522
2.302733659744
2.394443750381
2.320790529251
2.247601747513
2.185875415802
2.175559520721
2.171218872070
2.517286539078
2.367953538895
2.330463886261
2.275622606277
2.188080549240
2.093166828156
2.203574657440
2.172229528427
2.320642948151
2.294709682465
2.252101182938
2.226306200027
2.170614480972
2.134348630905
2.090847492218
2.102654218674
2.053510189056
2.209343194962
2.151098966599
2.106181383133
2.040023565292
2.130351543427
2.050230741501
2.080180168152
2.047544240952
2.211261272430
2.060024261475
2.005866050720
2.129759788513
2.027028560638
1.964152574539
2.171884536743
2.080645799637
2.147049427032
2.017370939255
1.971027851105
2.066401720047
2.283802509308
2.214984178543
2.082974195480
2.012114286423
2.043398857117
2.187588214874
2.432534694672
2.317559003830
2.262092113495
2.234976768494
2.204527378082
2.242309093475
2.334060907364
2.363493442535
2.294456481934
2.284601211548
2.260990858078
2.281515359879
2.295723199844
2.216227531433
2.225749731064
2.197344541550
2.224341630936
2.177857637405
2.228914499283
2.380081653595
2.352863311768
2.309575319290
2.262626409531
2.205028295517
2.155272722244
2.103330850601
2.079235315323
2.055898666382
2.103429317474
2.110764741898
2.131931781769
2.088852167130
2.077563762665
2.189875125885
2.304196119308
2.304327011108
2.258459329605
2.202378988266
2.155828475952
2.103775262833
2.069762706757
2.038057088852
2.049998283386
2.025771141052
2.095566987991
2.038903951645
2.012452840805
2.016215324402
2.023494958878
2.149028778076
2.214534282684
2.206685543060
2.117083787918
2.069409608841
2.054122686386
2.049805641174
2.369237661362
2.239806175232
2.198080062866
2.109116077423
2.099001646042
2.078126430511
2.752737760544
2.394685745239
2.331890106201
2.281450271606
2.233308792114
2.195272684097
2.174675703049
2.150239467621
2.164795160294
2.354387283325
2.208708286285
2.204298257828
2.101758480072
2.135380029678
2.068325281143
2.179146289825
2.047511816025
2.083173036575
2.108813762665
2.369462966919
2.212043523788
2.144210100174
2.125987052917
2.105613946915
2.367633342743
2.275223493576
2.212089776993
2.171503067017
2.171229362488
2.196494579315
2.495360612869
2.342672586441
2.305808067322
2.253858089447
2.174910783768
2.101356983185
2.079685449600
2.036388397217
2.108059167862
2.055040836334
2.342387676239
2.199839115143
2.086959123611
2.034918546677
2.026769161224
2.033396482468
2.044251203537
2.204710483551
2.076277732849
2.161127090454
2.033266305923
2.004525423050
2.037167310715
2.009461879730
2.046398878098
2.130249500275
2.129057168961
2.355096817017
2.279600858688
2.210719823837
2.124562740326
2.035013198853
1.997706413269
2.002763748169
2.016316890717
2.080506563187
2.256408691406
2.114984750748
2.023665189743
2.020378589630
2.014321804047
2.251601934433
2.114504337311
2.068768024445
1.984586358070
2.127310514450
1.980297327042
1.985889673233
2.120584964752
2.058718204498
2.052844285965
2.399620294571
2.240989923477
2.167651176453
2.091687679291
2.056922912598
2.027338504791
2.195182085037
2.074942111969
2.056218862534
2.029787540436
2.073645591736
2.016103506088
1.972967028618
2.129139184952
2.008751869202
1.979457974434
2.205781698227
2.091909408569
2.131760597229
2.011106252670
2.087859630585
1.964588642120
2.251897573471
2.089833974838
1.980418443680
1.979308843613
2.169659614563
2.097363233566
2.008993387222
1.937728047371
2.052687406540
1.952664136887
2.197261571884
2.049954652786
2.032217741013
1.929856538773
1.944208025932
1.919469952583
2.217708110809
2.041321992874
2.030666828156
1.976705789566
1.954610824585
2.055295944214
2.197080135345
2.045100688934
1.980023622513
2.051175832748
1.983848333359
1.944265127182
2.074777364731
2.093327045441
2.370723724365
2.305770158768
2.282888412476
2.189579725266
2.180899381638
2.160266637802
2.259838342667
2.147532224655
2.085955619812
2.068278312683
2.051896810532
2.058732271194
2.046222448349
2.234581470490
2.125814914703
2.097610712051
2.050116300583
2.118573427200
2.150060653687
2.140256643295
2.020724058151
2.006480216980
1.989179968834
2.082800149918
2.067952871323
2.236458778381
2.073737144470
2.048696994781
2.207874298096
2.321912288666
2.260859966278
2.199246406555
2.131183385849
2.081249713898
2.020048618317
2.008791923523
1.979028344154
2.130238771439
2.110074520111
2.004938840866
2.075843572617
1.964862585068
2.056065559387
2.022830724716
2.060880184174
2.098253965378
1.939608693123
1.900095939636
1.930767297745
1.935121297836
2.198815345764
2.029197454453
1.936748504639
2.024319887161
2.132413864136
2.336204290390
2.257677078247
2.262392520905
2.179893970490
2.095865488052
2.055015802383
2.046529769897
2.157959222794
2.116932392120
2.049504280090
1.968918323517
1.971749901772
1.964120268822
2.111016511917
2.050190210342
1.971958756447
1.968483209610
1.978400468826
2.179023504257
2.155993700027
2.205990791321
2.049844026566
1.959260940552
1.905579328537
1.973399043083
1.995385885239
2.233278751373
2.024195909500
1.897350907326
1.950746417046
1.954039692879
2.126878023148
2.039530038834
1.895442962646
1.915535449982
2.149228334427
2.160134315491
2.088423252106
1.988650083542
2.142769336700
2.032186508179
2.084907531738
1.922286987305
1.975004315376
1.941059589386
2.181369066238
1.981667995453
1.890029668808
1.904159784317
2.047168016434
2.274503231049
2.232759475708
2.151780843735
2.120048999786
2.105334043503
2.124562740326
2.105354785919
2.083088397980
2.033751487732
2.198639392853
2.093329906464
2.067545175552
1.978582143784
1.975669980049
1.951231956482
2.089459180832
1.980575919151
2.013551473618
1.937283515930
2.121629714966
2.023043870926
1.974269509315
2.099495887756
1.961307764053
1.895762681961
1.956940293312
2.024446249008
2.127902269363
1.917968750000
1.866104960442
1.937080144882
2.106179237366
2.115983486176
1.971083760262
1.890014648438
1.989046454430
1.993840217590
2.298193693161
2.144437313080
2.139270067215
2.022395610809
1.967706918716
1.890778541565
1.954380393028
1.906509995461
2.052458286285
1.989832162857
1.993124961853
1.898676872253
1.932292342186
1.961555480957
2.014750480652
2.039179086685
1.891042947769
1.890525221825
2.052644252777
2.006060361862
1.936937570572
1.910889983177
1.901896595955
2.101580619812
2.004681110382
2.098354816437
1.939632773399
1.942722797394
1.874257326126
2.026892900467
1.934267163277
1.984549522400
1.879203557968
2.113281250000
1.961646795273
1.867667198181
1.947387695312
2.014561176300
1.908573627472
1.874981760979
1.878103733063
2.117181062698
1.973352909088
1.854707717896
1.839453458786
1.880620360374
2.016779899597
2.092615604401
1.897383451462
1.857836246490
2.211039304733
2.063627004623
1.921892523766
1.883527517319
2.066604375839
2.147344827652
2.321740627289
2.133215665817
2.012703418732
2.064790487289
2.021828413010
2.246152877808
2.080240726471
1.936594724655
1.928630471230
2.096332311630
2.004541158676
2.155043840408
2.111586332321
2.259593009949
2.160259485245
2.054790019989
1.970579504967
1.940058588982
1.898231983185
2.151231050491
1.990035057068
1.944827556610
1.917434453964
1.898400902748
2.110975027084
1.997759819031
1.881355047226
1.821397066116
1.924602508545
1.904649853706
2.187797307968
1.956078410149
1.881725311279
2.022011041641
2.335139274597
2.139964818954
1.999462842941
1.892179250717
1.915452241898
2.017175436020
1.986310958862
1.924642562866
1.868743300438
2.324647903442
2.074645042419
2.010306596756
1.916980266571
1.936947464943
1.864418268204
2.092195749283
2.016889095306
1.947039723396
1.910261631012
1.815901756287
1.915569067001
1.976344704628
2.093776226044
2.013781070709
1.930848717690
1.848562598228
1.999173760414
1.962328076363
1.931703925133
1.825906991959
1.829466700554
1.927704811096
2.040276050568
1.936968326569
2.246394157410
2.086885929108
2.040883302689
1.928109407425
2.051323413849
2.144432306290
2.097563266754
1.988324284554
1.887204289436
2.087826251984
2.018723487854
2.143524646759
1.962453961372
1.873720049858
1.862064719200
1.958425998688
1.935577869415
2.163037776947
1.982457876205
1.890237808228
1.875933766365
1.890022754669
2.017997503281
2.125788211823
1.951032161713
1.868289947510
1.872183084488
2.297303676605
2.028842926025
1.947488069534
1.891300439835
2.038864612579
1.851712346077
1.842183828354
1.968046307564
1.936153650284
1.839471340179
1.879395246506
1.888616919518
2.111005067825
1.971766948700
1.834677696228
1.893174409866
1.834417581558
2.117283582687
1.833829879761
1.856744766235
1.839331507683
2.097093105316
1.899494409561
1.845061063766
1.784112572670
2.078029632568
1.914093971252
1.841107606888
1.767949938774
1.822499036789
1.994283556938
2.063312768936
2.178127288818
1.991617679596
1.869876027107
1.866689205170
2.174980401993
1.980300426483
1.950089454651
1.867060303688
1.920214653015
1.837174534798
1.853395462036
1.891436576843
1.899685263634
1.806068897247
2.039821863174
1.817077636719
2.102481603622
2.030650138855
2.054933309555
1.928876519203
1.955831050873
1.866099834442
1.790927886963
2.230695486069
2.023669481277
2.026511907578
1.889239192009
1.850190043449
2.023250818253
2.014879226685
1.992457032204
1.828868389130
1.769407987595
1.816289186478
1.863205194473
2.334202289581
1.997153997421
1.894114851952
1.869647860527
2.202264070511
2.015773534775
1.906913638115
1.889924407005
1.923390865326
2.110307455063
1.966811299324
1.881945490837
1.894434571266
1.983607292175
1.868791699409
2.092958450317
1.930557012558
2.097933053970
1.938179254532
1.801490783691
1.867888212204
1.827759385109
1.955109953880
1.839081645012
2.039050340652
1.912570714951
1.835097908974
1.780096173286
1.979686498642
1.888854980469
1.940254211426
1.955556631088
2.022676229477
1.803083896637
2.045587539673
2.291396141052
2.423004150391
2.334829568863
2.245324134827
2.227651596069
2.191309213638
2.202266454697
2.251692295074
2.172686338425
2.084547519684
2.025318622589
2.079579591751
2.071469306946
2.207300186157
2.036708593369
1.933157205582
1.918375492096
2.089017152786
2.181035280228
2.032922506332
1.910645484924
1.870499849319
1.845519781113
2.402318716049
2.376605749130
2.249865055084
2.166015148163
2.129845380783
2.107772350311
2.258163690567
2.209899187088
2.066666841507
2.270132303238
2.073579788208
1.990879774094
1.932588458061
1.989773154259
1.971405386925
2.017251014709
1.847034335136
2.045895099640
2.013156890869
2.245396375656
2.133718252182
2.114590406418
1.979560256004
1.975739121437
1.889456033707
1.894231200218
1.867506027222
2.013333797455
1.882822871208
1.835152506828
1.784195065498
1.993517398834
2.022924661636
2.090567827225
1.928952097893
1.871481895447
1.923012018204
1.947263002396
1.895210266113
1.807397603989
2.003725767136
1.906235456467
2.033683300018
1.841374874115
1.955115318298
1.846892356873
1.960286617279
1.795123577118
1.907090306282
1.873987197876
2.174634456635
1.938258886337
1.871601343155
1.860359311104
2.030382633209
2.016716003418
1.879945278168
1.818686842918
1.797837853432
2.124463081360
1.970242977142
1.943623065948
1.941061019897
1.879444837570
1.813973069191
1.974102020264
1.922609806061
2.171093702316
1.935762047768
1.821398496628
1.814362168312
1.879335522652
2.235740661621
2.165807247162
1.983705878258
1.861464619637
1.806959033012
1.828552484512
2.092706203461
2.095076560974
2.181149005890
2.071672916412
1.911738634109
1.929827690125
1.881695747375
2.269473075867
1.992592334747
1.940332293510
1.872971773148
1.906353712082
1.837409853935
1.888035416603
1.908585190773
1.799093604088
1.895828485489
1.917665839195
1.922090411186
1.785587191582
2.104638338089
1.923260092735
1.908414006233
1.804852724075
1.858840703964
1.803478360176
1.953045964241
1.811177015305
1.934493541718
1.796957612038
1.900311708450
1.816664099693
1.848112940788
2.095303535461
2.038772583008
2.028042554855
1.878103971481
1.836458683014
1.778199672699
1.944583773613
1.937633752823
2.020872116089
1.888963580132
1.770884037018
1.941879510880
1.914956092834
2.056016445160
2.027976274490
2.054189920425
1.846211433411
1.967113971710
1.852669715881
1.996304273605
1.777961611748
1.754601955414
1.805279731750
1.807670354843
1.929691195488
1.785218954086
2.016584396362
2.052932500839
2.114114046097
1.962786555290
1.949982523918
2.028748273849
1.914126992226
1.871846556664
1.871782660484
1.995462894440
1.845137834549
1.767546534538
1.749915599823
1.838071107864
1.856657266617
1.808364987373
1.883339643478
1.989015579224
1.787158250809
2.004826545715
1.915206670761
2.154922246933
2.073988199234
1.967401146889
1.862149000168
1.951633334160
1.871116757393
1.819279670715
1.776711225510
2.201647996902
2.101774692535
2.048891544342
1.911524653435
1.886266231537
2.007342815399
2.008126258850
1.994581580162
1.806222677231
1.800416707993
1.751068234444
1.930960536003
1.886568784714
1.889091610909
1.884087324142
1.761693716049
2.056370019913
1.805255174637
1.822131395340
1.771343469620
1.837983489037
1.924007773399
2.006931304932
1.883612513542
1.803646445274
1.941095948219
1.996530890465
2.063496351242
2.015463113785
2.169498443604
2.011843681335
2.019309520721
1.798819184303
1.777944326401
1.734967470169
2.160863876343
2.033582687378
2.128694295883
2.000695228577
1.907543659210
1.953648209572
1.853073596954
1.766159892082
1.799947738647
1.970009803772
1.976129531860
1.895940899849
1.894381284714
2.101310729980
1.999812960625
2.027245283127
2.010588884354
2.106146574020
2.004574537277
2.218026876450
2.143570661545
1.988689303398
1.868072509766
1.826352238655
1.827859520912
2.035559177399
1.954923629761
1.891216278076
1.791131973267
1.877354025841
1.879182934761
1.891515612602
1.881036520004
1.784941315651
2.084532022476
1.860897064209
1.747704029083
1.765753984451
1.857228279114
2.038420915604
2.029663562775
1.829222917557
1.778681039810
1.878793954849
1.933067202568
2.120966672897
2.038731813431
2.037812709808
1.893677592278
1.818111181259
1.734664320946
1.973695635796
1.823813796043
2.103049755096
1.935124158859
1.865097880363
1.863266825676
1.916858315468
1.799534320831
1.924522876740
1.796573042870
1.801259279251
1.833632946014
2.017152547836
1.994171619415
1.997652530670
1.922954797745
1.791165113449
1.712908983231
1.725006341934
2.041119575500
1.997414588928
2.145001411438
1.975809931755
2.020246744156
1.976248145103
2.000890016556
1.829717755318
1.912637352943
1.850485324860
1.983404874802
1.740527033806
1.879173517227
1.859347701073
2.223361253738
2.054204225540
1.859004259109
1.837029814720
1.814069390297
1.906636953354
1.939118742943
1.979392409325
1.776351571083
1.905461788177
1.831602454185
1.914856076241
1.897747278214
1.910759091377
1.983934402466
1.787273526192
1.797311902046
1.751335859299
1.911212325096
1.698473930359
1.942566514015
1.785148382187
2.008893251419
1.803032040596
1.767719626427
1.765906095505
2.141877651215
2.032826185226
1.960967540741
1.834979534149
1.843153238297
1.829975366592
1.986913323402
1.789547920227
1.739523768425
1.745745062828
1.946769475937
1.934150695801
1.911764621735
1.878663897514
2.279579639435
2.089289188385
1.890256047249
1.779016733170
1.734633445740
1.933702945709
2.024328231812
2.141702175140
2.063721418381
1.898964285851
1.779255390167
2.235545396805
1.979630470276
1.989276885986
1.989952087402
1.977191209793
1.868692874908
1.950658321381
1.829248189926
1.841598272324
1.779444098473
1.809314608574
1.882891178131
1.857845067978
1.823391914368
1.918363809586
2.177157878876
2.069671154022
2.139107704163
2.171587467194
2.033857107162
1.891231775284
1.849126458168
1.993172287941
1.907172441483
1.988464832306
1.927655458450
1.798108696938
1.812036395073
1.967379808426
1.853574872017
1.713338732719
1.872551321983
1.911516308784
1.886703729630
1.800117015839
1.768702864647
2.103951692581
1.939248323441
1.885890007019
1.739883661270
1.795643568039
1.820152759552
2.196744680405
1.950320482254
1.800588130951
1.860752582550
1.778843998909
1.999804258347
1.783928751945
1.782347679138
1.894381523132
1.818432569504
1.853111028671
1.891524672508
1.917806744576
2.024901866913
1.791556358337
1.959009170532
1.795631885529
1.919256567955
1.781692743301
1.946783423424
1.812162280083
1.862250566483
1.694048166275
1.840218067169
1.917424798012
2.061481475830
1.908960700035
1.889844894409
1.887622475624
1.747351169586
1.880280613899
1.726459980011
1.993377685547
1.857716917992
1.939883232117
1.805322647095
1.783895254135
1.761265158653
1.866609334946
1.983904361725
1.805606961250
1.809311151505
1.824416160583
1.820577740669
1.663075447083
1.812436580658
1.994629502296
2.527439594269
2.456538915634
2.370570898056
2.179249763489
2.067473173141
1.975486993790
2.227656602859
2.180464744568
2.184776067734
2.062445163727
2.054794549942
1.974248409271
1.855944871902
2.008960247040
1.923962354660
1.945538043976
2.063238620758
2.340091228485
2.051785230637
1.963452935219
1.856923222542
1.782122254372
2.208197355270
2.008002042770
2.024149894714
1.958788990974
2.057404756546
1.939342737198
1.857295274734
1.969068169594
1.981860756874
2.185743093491
1.960156440735
1.843081116676
1.849385738373
1.945844769478
1.924868226051
1.906176328659
1.766090631485
1.947900533676
1.798746347427
1.934064865112
1.746736049652
1.727131128311
1.786573648453
2.053557395935
2.226365566254
1.966166734695
1.825813055038
1.730091691017
1.786441326141
1.780186772346
1.776293516159
1.875027418137
1.813800930977
1.790962338448
1.789538145065
1.672296047211
1.759098052979
1.882633566856
1.931108832359
1.881768941879
2.275768756866
2.126863241196
2.058693170547
2.025268316269
2.068125247955
1.911216735840
1.892001152039
1.983657836914
2.430075883865
2.253432273865
2.160411834717
2.074634552002
2.033190250397
1.858754158020
1.929774761200
2.088512897491
2.087435722351
2.322125434875
2.000147819519
1.857495069504
1.806039810181
1.960098624229
1.817597150803
1.916993141174
1.763707995415
1.852840542793
1.714844346046
2.003464698792
1.780254960060
1.831274390221
1.753074288368
2.000178813934
1.999613404274
1.827049493790
1.904088497162
1.891446590424
2.076054096222
1.876304388046
1.780238866806
1.736730098724
1.982258319855
2.043940544128
1.896085262299
1.777897357941
1.736155271530
1.796623706818
1.767297744751
1.967988371849
1.873939037323
1.758661150932
1.715093374252
1.777721881866
1.958543539047
1.868705749512
2.356855154037
2.183429002762
2.361508369446
2.262198448181
2.075392723083
2.238942146301
2.073135852814
2.108749389648
1.946650862694
1.843336820602
1.895999908447
1.997616529465
2.115639686584
1.901415824890
1.806624531746
1.773781895638
2.054975748062
1.850360631943
1.851978778839
1.841153264046
2.397315025330
2.160526514053
1.937805533409
1.874019742012
1.839110493660
1.935930013657
1.993326306343
1.823147296906
1.803873658180
2.042811155319
2.004096031189
2.113661527634
1.900307178497
1.932419776917
1.794237375259
1.871163606644
1.867858290672
1.960251092911
1.756881713867
1.719096899033
1.849462389946
1.956067681313
2.118410110474
1.838518619537
1.790316700935
1.687871456146
1.923296570778
1.763520836830
1.827192306519
1.751329898834
1.889783978462
1.795614004135
1.952574372292
1.783912062645
1.728130221367
1.732615232468
1.833692908287
2.052431106567
2.038697957993
1.831662893295
1.751127243042
1.735877752304
1.937056660652
1.815348982811
1.878463864326
1.956089377403
1.719607353210
1.959168910980
1.816924929619
2.108551263809
2.119510650635
2.111578702927
1.984962582588
2.062466144562
1.960066318512
1.822510719299
1.703897237778
1.677626371384
2.432785749435
2.046197891235
1.884189844131
1.921064257622
1.870396137238
1.921796560287
1.815608143806
1.861262440681
1.799423098564
1.996092915535
1.817944884300
1.791202783585
1.895443439484
2.389660358429
2.104515790939
1.999294281006
1.862499475479
1.990339040756
1.835824489594
1.824162364006
1.759264349937
1.893312811852
2.007836580276
1.838807106018
1.709469795227
1.725854516029
1.772685527802
2.182853937149
2.023825645447
1.792914628983
1.751897096634
1.925590634346
1.878925681114
1.747278809547
1.758203983307
1.811317086220
2.038278341293
1.825527787209
1.823441624641
1.860125660896
2.216852426529
2.135820865631
2.125138282776
1.826792836189
1.873078703880
1.815928936005
2.111675262451
1.833275318146
1.922211050987
2.078642606735
1.844972968102
1.766340732574
1.740832805634
2.032395124435
2.081399679184
2.106013774872
1.898907303810
1.786333560944
1.698557734489
1.795967698097
1.896909236908
2.308555126190
2.009549140930
1.907807350159
1.746863126755
1.782155036926
1.949733376503
1.838942050934
1.784518837929
1.668247818947
1.930259466171
1.908829569817
1.917767763138
1.752330780029
1.696482539177
1.798327922821
1.928339242935
2.185237884521
1.963670849800
2.071550130844
2.078562259674
2.011764049530
2.001463413239
2.315767049789
2.106195211411
1.888081312180
1.778714179993
1.837351918221
2.071556091309
2.035163402557
1.869410276413
1.741486787796
1.778099656105
1.775725483894
2.164497375488
2.040605068207
2.064041137695
1.917693734169
1.815983295441
1.751536130905
1.932369589806
1.891147732735
1.767551302910
1.953350067139
1.949913740158
2.180366992950
1.877879381180
1.912340998650
1.731079816818
1.726738929749
1.761073946953
1.950317859650
1.816085934639
1.793161749840
1.674437999725
1.687516570091
1.937492966652
1.951309442520
2.214100360870
1.918037414551
1.942756295204
1.940105915070
1.920341014862
1.839755654335
1.695051431656
1.915232181549
1.683458805084
1.697347164154
1.724310040474
1.877389431000
1.947031140327
1.757154345512
1.879971385002
1.786992430687
1.857658505440
1.754604339600
1.903632283211
1.838061094284
1.834910750389
1.737934231758
1.971464991570
2.075901508331
2.279721498489
2.009184837341
1.948313236237
1.791945099831
1.889480233192
2.059308528900
2.227218151093
2.065432071686
2.101289749146
1.833801269531
1.851894140244
1.913373947144
1.902207970619
1.713885188103
1.794517517090
1.806426525116
2.224137067795
2.058223009109
1.979467391968
1.931295871735
1.807038545609
1.716867446899
1.689519762993
1.923526048660
1.916843295097
1.775931477547
1.718130588531
1.853708624840
1.752016544342
1.963100910187
1.722423315048
1.697621107101
1.857566356659
2.062405586243
1.892829179764
1.811205506325
1.836291074753
2.058514833450
1.996742725372
1.974393486977
1.787265062332
1.831580877304
1.707220077515
1.936715364456
1.699650645256
1.787935256958
1.759616494179
1.844978809357
1.836053848267
1.688059568405
1.758792281151
1.744718551636
2.094742298126
1.852210998535
1.714884757996
1.785276174545
1.712502002716
1.726110219955
1.679545283318
1.759136438370
1.686751961708
1.858441829681
1.781175136566
1.786085844040
1.809543609619
1.874604940414
