4.138524055481
4.118580818176
4.099316120148
4.079751968384
4.060166358948
4.040116786957
4.019349098206
3.996420621872
3.972047328949
3.938670873642
3.947083950043
3.968899011612
3.913944244385
3.884273052216
3.844440221786
3.825765609741
3.787377595901
3.934057712555
3.846182823181
3.807553768158
3.791284561157
3.774514913559
3.756664991379
3.737339496613
3.716481208801
3.694069385529
3.670091867447
3.645135402679
3.617926597595
3.595793247223
3.557468414307
3.621575117111
3.576310157776
3.634552717209
3.620469331741
3.606683254242
3.593119621277
3.579746246338
3.566505432129
3.553454637527
3.540534496307
3.527770519257
3.515133380890
3.502632141113
3.490258216858
3.478016376495
3.465879440308
3.453838586807
3.441881895065
3.429995536804
3.418182849884
3.406414508820
3.394657373428
3.382887840271
3.371095895767
3.359238624573
3.347294807434
3.335037708282
3.322399854660
3.308765411377
3.294673442841
3.278039455414
3.265163898468
3.244843959808
3.578772544861
3.267290115356
3.257449626923
3.247785568237
3.238274812698
3.228902339935
3.219657182693
3.210533142090
3.201519012451
3.192608356476
3.183796167374
3.175079107285
3.166454076767
3.157917976379
3.149466991425
3.141098022461
3.132810115814
3.124602556229
3.116469383240
3.108408927917
3.100420236588
3.092501401901
3.084651231766
3.076869726181
3.069159030914
3.061518192291
3.053946971893
3.046443462372
3.039007663727
3.031636953354
3.024330854416
3.017086505890
3.009900569916
3.002773761749
2.995702028275
2.988684892654
2.981721878052
2.974812746048
2.967952013016
2.961140632629
2.954373359680
2.947647571564
2.940956592560
2.934297800064
2.927661895752
2.921040296555
2.914418697357
2.907773017883
2.901067495346
2.894241333008
2.887200117111
2.879785060883
2.871692180634
2.862421751022
2.851745605469
2.842506170273
2.830312728882
2.805502891541
2.811671018600
2.797378540039
2.907943725586
2.830121278763
2.823702096939
2.817418813705
2.811128139496
2.804712295532
2.798041582108
2.790968418121
2.783280611038
2.774850845337
2.765908241272
2.755826711655
2.742979288101
2.724329233170
2.695782661438
2.664368391037
2.641861915588
2.768497943878
2.877117633820
2.748103857040
2.741969585419
2.736956119537
2.732419729233
2.728122711182
2.723951816559
2.719846963882
2.715776681900
2.711720228195
2.707657098770
2.703572988510
2.699450254440
2.695269346237
2.691014766693
2.686635017395
2.682114601135
2.677399635315
2.672423601151
2.667084932327
2.661238193512
2.654704809189
2.647099256516
2.638256549835
2.627517700195
2.615633487701
2.601168155670
2.584350347519
2.572961330414
2.556424140930
2.566646814346
2.551605463028
2.670822620392
2.621846437454
2.617856025696
2.613961935043
2.610014438629
2.605761051178
2.600808858871
2.594499826431
2.585576057434
2.572263956070
2.552155017853
2.528027772903
2.521812200546
2.502060413361
2.509889602661
2.488633394241
2.544373989105
2.542982816696
2.504444837570
2.474015951157
2.459805965424
2.442543268204
2.453260421753
2.438541889191
2.476520061493
2.524129390717
2.474786043167
2.448083639145
2.407171487808
2.413210391998
2.402950286865
2.539171457291
2.549871206284
2.506484746933
2.491186857224
2.471844673157
2.450098514557
2.421577453613
2.417352676392
2.394655227661
2.460153818130
2.463109493256
2.409529924393
2.359296321869
2.347200632095
2.359232902527
2.382833480835
2.415088415146
2.398286581039
2.339372873306
2.373288393021
2.376928091049
2.341279268265
2.308425188065
2.389026880264
2.465491294861
2.423741579056
2.399546146393
2.363088607788
2.349570274353
2.325926542282
2.374705791473
2.379794597626
2.303971052170
2.314775705338
2.327209949493
2.308172464371
2.327492237091
2.303286075592
2.292322635651
2.347193956375
2.412784099579
2.377801418304
2.335546493530
2.283218860626
2.264231443405
2.249307394028
2.302756786346
2.367728948593
2.303655385971
2.282538890839
2.255731582642
2.310217618942
2.314341783524
2.243518590927
2.247974634171
2.234679937363
2.248565673828
2.235659837723
2.275078535080
2.317885398865
2.362111330032
2.357339143753
2.294216394424
2.278980255127
2.230245590210
2.296059131622
2.306021451950
2.241664409637
2.215152978897
2.207440376282
2.264520883560
2.306018829346
2.297918319702
2.297503709793
2.234307527542
2.273264169693
2.264456987381
2.236784934998
2.188223123550
2.251288175583
2.272708654404
2.236995935440
2.188263177872
2.184622764587
2.164345502853
2.227432966232
2.260172128677
2.228963851929
2.186696767807
2.232535839081
2.371891736984
2.305510759354
2.270474433899
2.244141101837
2.266772747040
2.242663145065
2.261101961136
2.235931158066
2.184462785721
2.170571327209
2.236250162125
2.302499532700
2.231765031815
2.188051462173
2.161597967148
2.216553688049
2.258682250977
2.198681831360
2.144949913025
2.140875339508
2.172205686569
2.224818706512
2.285814523697
2.264179944992
2.181268692017
2.176129817963
2.176792144775
2.265693187714
2.305256128311
2.239998102188
2.156763315201
2.150978803635
2.117454290390
2.162659168243
2.204865932465
2.317425489426
2.277352809906
2.213811159134
2.180990457535
2.143250226974
2.130833148956
2.117340326309
2.316101074219
2.416496753693
2.367789745331
2.348158121109
2.324888229370
2.294979572296
2.257426261902
2.201531887054
2.175624847412
2.259257793427
2.246945381165
2.243638038635
2.204181432724
2.157372713089
2.133559465408
2.115326404572
2.117692947388
2.107379436493
2.198190450668
2.350939989090
2.351203680038
2.282784461975
2.261776208878
2.228020906448
2.239132881165
2.212831020355
2.215407848358
2.180205583572
2.207021474838
2.190077781677
2.148070812225
2.130661249161
2.161027193069
2.205442428589
2.195304870605
2.116453647614
2.152948856354
2.189239025116
2.163689136505
2.093813180923
2.157084703445
2.290472030640
2.214694261551
2.160328865051
2.101728439331
2.110139846802
2.136172056198
2.103594064713
2.058268547058
2.170660018921
2.353237390518
2.612956285477
2.392659425735
2.389444828033
2.387245655060
2.383630275726
2.378416776657
2.371044158936
2.363201141357
2.352699041367
2.345056772232
2.335604906082
2.328552722931
2.318415641785
2.316790580750
2.298453807831
2.334558248520
2.352505683899
2.304139375687
2.272796630859
2.246346950531
2.320328474045
2.374332666397
2.350793600082
2.327009916306
2.304148912430
2.294685602188
2.271576404572
2.533685684204
2.364132165909
2.375527381897
2.354999303818
2.329576015472
2.295655727386
2.259774446487
2.228109359741
2.200268745422
2.169480800629
2.210405111313
2.375823974609
2.351967096329
2.292876720428
2.311801671982
2.307708740234
2.228729724884
2.195261478424
2.188035964966
2.252010822296
2.300564289093
2.247487068176
2.174793720245
2.166300535202
2.157633543015
2.218485116959
2.242630004883
2.195831775665
2.153714418411
2.131052255630
2.156778573990
2.128085851669
2.183228731155
2.247472524643
2.218077182770
2.150680541992
2.102294921875
2.165029048920
2.161575317383
2.114592790604
2.099359273911
2.096731901169
2.144578933716
2.289623498917
2.270575523376
2.252972841263
2.220629215240
2.201967716217
2.170429468155
2.152902841568
2.109799146652
2.211209058762
2.253643035889
2.219015359879
2.111807107925
2.113112926483
2.085526704788
2.127433300018
2.191982269287
2.181982517242
2.161609888077
2.113687038422
2.171534776688
2.234852552414
2.199613332748
2.097076177597
2.090085506439
2.063853979111
2.105642795563
2.132038593292
2.243789196014
2.158840417862
2.080279588699
2.062505483627
2.129229784012
2.261902093887
2.230898857117
2.143076181412
2.140721797943
2.119618415833
2.191378116608
2.185927152634
2.165383338928
2.105071544647
2.070059061050
2.069233179092
2.042274475098
2.255809307098
2.275023698807
2.254534244537
2.141310691833
2.069200038910
2.058576822281
2.054264545441
2.190069675446
2.460743665695
2.305776357651
2.277403831482
2.225009918213
2.204492092133
2.169322252274
2.246759176254
2.397376775742
2.351671218872
2.310030937195
2.249754190445
2.192393064499
2.174022197723
2.168595314026
2.329730510712
2.268435955048
2.224831819534
2.207568407059
2.180409669876
2.165868997574
2.129290342331
2.166415929794
2.081566810608
2.155342817307
2.168362855911
2.227521657944
2.130955934525
2.080816268921
2.183876037598
2.123565196991
2.084131956100
2.153631448746
2.140703201294
2.126069307327
2.063200950623
2.144037723541
2.054498434067
2.066341876984
2.102347850800
2.198240756989
2.111889839172
2.059828758240
2.054692506790
2.103596925735
2.288406848907
2.241097927094
2.117060422897
2.088445425034
2.050578832626
2.329922676086
2.315155029297
2.264318943024
2.228221893311
2.206583738327
2.204957962036
2.189329147339
2.416834831238
2.262862920761
2.251862764359
2.208718061447
2.250033855438
2.198368310928
2.303560256958
2.190908908844
2.157847166061
2.219906806946
2.152651309967
2.208443164825
2.194435834885
2.482441663742
2.321323156357
2.264793157578
2.214522123337
2.182930707932
2.147582054138
2.121656656265
2.105090856552
2.101915597916
2.094141721725
2.235522985458
2.115242958069
2.101289033890
2.119755268097
2.169451713562
2.442038059235
2.274474620819
2.208566188812
2.168353080750
2.135635852814
2.115113735199
2.092365026474
2.083344221115
2.066551208496
2.104298830032
2.075046539307
2.138065099716
2.058908700943
2.049811124802
2.067324876785
2.163141965866
2.220726966858
2.231054782867
2.134948968887
2.111991643906
2.077403545380
2.154814720154
2.283188104630
2.374485969543
2.284521579742
2.213721275330
2.146731138229
2.179667949677
2.574025869370
2.423090934753
2.351006746292
2.326376914978
2.282225847244
2.237452507019
2.203974246979
2.172208547592
2.210841417313
2.258763551712
2.305369853973
2.247049808502
2.190551757812
2.160301923752
2.150415658951
2.162426948547
2.131212234497
2.097994804382
2.240161895752
2.274713277817
2.260458230972
2.201146602631
2.144267559052
2.213177680969
2.299304485321
2.229724645615
2.186694145203
2.175367116928
2.148648977280
2.319977521896
2.372644186020
2.375464677811
2.334211826324
2.290569543839
2.228196859360
2.161328554153
2.112936973572
2.123539924622
2.112187623978
2.185965538025
2.241647720337
2.220961570740
2.133498191833
2.088523864746
2.094338655472
2.061758995056
2.146812438965
2.137258529663
2.187819957733
2.146056890488
2.086784601212
2.054275989532
2.083110094070
2.040123939514
2.109138250351
2.091351985931
2.276171207428
2.261316537857
2.212519407272
2.172302007675
2.127483367920
2.084015607834
2.051926851273
2.057781219482
2.045480489731
2.126613140106
2.226812124252
2.125616073608
2.074839591980
2.048055410385
2.108232498169
2.180451393127
2.224181175232
2.111841678619
2.066283941269
2.117687940598
2.050621986389
2.023549079895
2.127740621567
2.062316894531
2.174970626831
2.268830537796
2.284188508987
2.197203397751
2.133751869202
2.086489200592
2.118670225143
2.161274671555
2.179967880249
2.087853670120
2.066863298416
2.086638450623
2.054711103439
2.053315401077
2.106194496155
2.050191402435
2.047675848007
2.150026321411
2.200488090515
2.117700338364
2.076630592346
2.070652008057
2.091334819794
2.186402559280
2.122646093369
2.024628639221
2.076406240463
2.129595041275
2.157310485840
2.050162315369
2.012501716614
2.067689180374
2.039619684219
2.163656473160
2.146539449692
2.040063619614
2.035258531570
1.974083423615
2.052276611328
2.121085405350
2.084603309631
2.037210226059
2.067561149597
2.019886970520
2.080949068069
2.189407825470
2.087110996246
2.028560400009
2.105667829514
2.016884326935
2.066009998322
2.034687757492
2.280169010162
2.268347978592
2.298695087433
2.220070362091
2.193463802338
2.164476871490
2.187369108200
2.204715251923
2.170172691345
2.108795642853
2.090863227844
2.090517997742
2.069136857986
2.122281551361
2.169292688370
2.212230920792
2.099584341049
2.072378635406
2.151186227798
2.174521684647
2.121201276779
2.070827007294
2.029408693314
2.058533668518
2.054412364960
2.210614919662
2.133211135864
2.136775016785
2.077891349792
2.274876594543
2.270576477051
2.239714145660
2.184065341949
2.148328065872
2.103272438049
2.070373058319
2.040010929108
2.093107700348
2.145663261414
2.128231048584
2.124808311462
2.044439077377
2.073044776917
2.070497751236
2.069321155548
2.103261709213
2.096119642258
2.009064674377
1.988145112991
1.979698419571
2.049769401550
2.130473375320
2.076169252396
2.008049726486
2.029945850372
2.293954610825
2.243877410889
2.257720947266
2.212247371674
2.194291114807
2.113171815872
2.085548877716
2.100682020187
2.156876087189
2.172027111053
2.067144393921
2.033678531647
2.012622833252
2.048814535141
2.092892646790
2.164328575134
2.076642990112
2.046523571014
2.052515506744
2.129961729050
2.203793287277
2.154368877411
2.130097150803
2.012940406799
2.002816200256
1.988630056381
2.150971651077
2.126354932785
2.082586765289
1.986252069473
1.982820153236
2.010660171509
2.150484561920
2.055083513260
1.979103088379
1.958666086197
2.244451045990
2.243120193481
2.097011089325
2.104351758957
2.143859386444
2.196392774582
2.049318075180
2.019210338593
2.000608682632
2.079120874405
2.118775606155
2.081794738770
1.959232330322
1.984284639359
2.096059560776
2.274514675140
2.223355770111
2.167939901352
2.131519317627
2.127257108688
2.127642869949
2.143934726715
2.062783479691
2.131487846375
2.102503299713
2.198717594147
2.076968193054
2.031835079193
1.999379396439
2.042025089264
2.055790185928
2.081806421280
1.977663516998
2.072616100311
2.085218191147
2.033556938171
2.086890697479
2.055068969727
2.032642841339
1.972141385078
2.018907308578
2.123940944672
2.121814966202
1.981699943542
1.935525894165
2.016034126282
2.144307851791
2.116524219513
2.019415140152
1.964787721634
1.955595731735
2.142415523529
2.140838861465
2.271661520004
2.182055473328
2.145375728607
2.026758432388
2.004643440247
1.983793973923
2.022914648056
2.045690774918
2.085207223892
2.027412891388
1.972505807877
1.988579511642
1.983471155167
2.056887865067
2.054151296616
1.944433689117
1.959289073944
2.110514640808
2.054179668427
2.016825914383
1.952540516853
2.037662267685
2.048738479614
2.213633775711
2.112782955170
2.075361490250
2.004252910614
1.977283239365
2.032547712326
2.015986442566
1.963124513626
2.034044265747
2.038999557495
1.979761362076
1.916878104210
1.986574411392
2.156122684479
2.055487155914
2.011265993118
2.015230894089
2.074408292770
2.048882246017
1.923780083656
1.938153028488
1.928404211998
2.099074363708
2.093665838242
1.935604572296
1.969138979912
2.143701076508
2.091461658478
1.987144708633
1.958221554756
2.041647195816
2.280863523483
2.228216171265
2.098046541214
2.030337810516
2.018208265305
2.146764278412
2.147943735123
2.124059677124
1.983596086502
1.972748517990
2.184518098831
2.116174936295
2.092257022858
2.347357273102
2.278893947601
2.212275981903
2.112697601318
2.054911136627
2.003204345703
2.036251068115
2.130431652069
2.135144472122
2.012276887894
1.987000942230
1.979629158974
2.111284971237
2.064401388168
1.936308741570
1.951783061028
1.904262781143
2.120690822601
2.087103843689
1.980743527412
1.945199728012
2.114507198334
2.250092983246
2.150937795639
2.029906988144
1.961287140846
1.962134838104
2.100948333740
2.035430431366
1.906354546547
2.056255102158
2.131613016129
2.157228946686
2.046594381332
2.019317150116
1.933078885078
1.961101531982
2.102015018463
2.060916185379
2.081810235977
1.962756156921
1.915107846260
1.934674739838
2.046046257019
2.052751779556
2.105340003967
1.949318766594
1.938417673111
1.999401688576
2.025461435318
2.060232162476
1.903378486633
1.882342576981
2.050357818604
1.955270409584
2.126629829407
2.139414787292
2.113502264023
2.033159017563
2.041490316391
2.037940740585
2.194988489151
2.098103523254
2.015311002731
1.982573151588
2.025958061218
2.277725934982
2.147414207458
2.022706985474
1.940454483032
1.917155861855
2.016879081726
2.017468214035
2.067903995514
2.126192569733
1.955779790878
1.927198886871
1.966980338097
2.033727884293
2.144556283951
2.029492378235
1.898219823837
2.002567052841
2.148148536682
2.214321613312
2.045186996460
2.055131435394
2.028676748276
1.938042163849
1.914707064629
2.035220146179
2.026440143585
1.941176056862
1.917885780334
1.972066402435
2.024924993515
2.020152568817
1.918336868286
1.881351232529
1.969092607498
1.987295627594
1.974063515663
1.880769968033
1.962382555008
2.041475534439
1.992273211479
1.862684249878
1.902637124062
1.977973699570
2.016711950302
1.857294321060
1.841549634933
1.904508829117
1.997317433357
2.281130552292
2.186983346939
2.084770679474
1.971292138100
1.999443292618
2.139434814453
2.069006443024
1.941002488136
1.969645738602
1.937516331673
1.881760478020
1.903262376785
1.934805750847
1.922910928726
1.986871957779
1.955040931702
1.978817343712
2.002784252167
2.151714563370
2.101401805878
1.990803122520
1.992428779602
1.874112844467
1.903152704239
2.043807029724
2.226933717728
2.083031892776
1.938537359238
1.929400205612
2.039062023163
2.096456527710
2.080101966858
1.911653518677
1.888928413391
1.854710459709
2.053358078003
2.162328958511
2.118278980255
1.985324382782
2.027864456177
2.128092288971
2.134716510773
1.978890061378
1.903983950615
2.015743732452
2.041625738144
1.971030712128
1.939603924751
1.916810393333
2.105374336243
1.998865604401
1.997534275055
2.180864810944
2.181455850601
2.046542167664
1.988328337669
1.924601793289
1.974496960640
1.913784265518
1.963134527206
2.027524948120
1.950229644775
1.850171804428
1.884618282318
1.945468187332
1.928958296776
1.948632478714
2.026789903641
1.984333753586
1.904627203941
1.962348461151
2.660988569260
2.382921695709
2.340686321259
2.271443843842
2.256675243378
2.219247817993
2.265210390091
2.231986284256
2.200774908066
2.099988460541
2.128433227539
2.059324979782
2.245768308640
2.149162054062
2.056489467621
1.978560686111
2.032336950302
2.134705781937
2.127186775208
2.046664714813
1.958904266357
1.911277413368
1.936561107635
2.312890291214
2.464325666428
2.227442741394
2.174355745316
2.106748342514
2.120014667511
2.251024484634
2.161209583282
2.165958404541
2.114901542664
2.169488906860
2.037189960480
1.992880105972
2.029935598373
2.035623311996
2.060000419617
1.972320556641
1.961511015892
2.238940477371
2.160305261612
2.156471729279
2.072379350662
2.058065414429
1.975867390633
2.034157991409
1.942402482033
1.980731725693
1.997567057610
2.007014989853
1.853392839432
1.918379187584
1.914890527725
2.314449787140
2.181794881821
2.062520503998
2.037271022797
2.026941061020
2.020941734314
1.950994014740
1.953621745110
1.979906558990
2.086321353912
2.012094259262
1.987008213997
1.982655525208
1.931683897972
1.964872241020
1.901520133018
1.891518235207
2.060953855515
2.059958457947
2.019607543945
1.920626878738
1.937656879425
2.052501440048
1.978194832802
1.935658097267
1.842752099037
1.938667178154
2.047239065170
2.196313381195
2.156325578690
2.102046966553
2.020064592361
2.013986110687
1.997884869576
2.142523765564
2.102780342102
2.014552593231
1.937294244766
1.916265368462
1.955600261688
2.276231527328
2.143938779831
2.020620107651
1.935798168182
1.892850518227
1.915122985840
2.112596511841
2.145716905594
2.126264333725
2.061293125153
1.958561420441
1.890658497810
2.038501739502
2.109658718109
2.092963218689
2.027486801147
1.995340108871
1.945997238159
1.868200421333
2.014736890793
1.949481487274
1.910865306854
1.936058521271
2.015302419662
1.955703496933
1.899280428886
1.993124604225
2.131951332092
1.936689615250
1.883932828903
1.958571910858
1.904044389725
1.949941635132
1.942516565323
1.869135975838
1.998694896698
1.926189541817
1.851546764374
1.939169168472
2.001365900040
2.173951625824
2.068390369415
1.989019155502
1.873355746269
1.887992501259
1.935879468918
2.039490461349
2.016276597977
1.899278640747
1.876558542252
1.863920450211
2.200162887573
2.115773439407
2.182917594910
2.096169710159
1.966068983078
1.980175852776
1.987014293671
1.951181769371
1.843588829041
1.832568645477
1.828914403915
1.918967604637
1.889053463936
1.899552345276
2.013510465622
2.227773666382
2.170282125473
2.045187473297
2.073091506958
2.034182548523
2.024203538895
1.920556068420
1.982815384865
1.975531578064
1.924547314644
1.823543906212
1.848524332047
1.848013162613
1.975657820702
1.826601386070
1.976395010948
1.913466930389
1.904142975807
1.933254957199
2.166992664337
2.101696729660
2.095104694366
1.952226519585
1.982113599777
1.945445418358
1.943625330925
1.831300497055
1.886119127274
2.063606739044
2.301750898361
2.065454721451
1.965880513191
1.935834169388
2.083467006683
2.086654424667
1.981012225151
1.984116911888
1.867753982544
1.824760317802
1.945849418640
1.900717496872
1.973922967911
1.858993291855
1.962705135345
1.956541419029
2.014108181000
1.846093177795
1.867503285408
1.883955836296
2.008821487427
2.001065731049
1.903264045715
1.887728691101
1.974824070930
2.130924463272
2.042447328568
2.174759387970
2.094145536423
2.094522714615
2.026645660400
1.870365023613
1.807114958763
1.857219099998
1.970624327660
2.292479753494
2.118651866913
2.046524047852
1.962733030319
2.004229307175
1.886312007904
1.845030784607
1.832973599434
2.176607608795
2.072638750076
1.919619679451
2.095939159393
2.049362659454
2.027631282806
2.076756000519
2.037760496140
2.017056465149
2.261618137360
2.229939699173
2.235579490662
2.048468112946
1.984166026115
1.900806069374
1.908704757690
2.045330762863
1.994968414307
1.890583872795
1.859916329384
1.875812053680
2.011400699615
1.989000558853
1.845696806908
1.990368485451
1.952017664909
1.980906128883
1.828957438469
1.814198732376
1.892153620720
2.055642366409
1.989462494850
1.946695446968
1.827492356300
1.940368890762
2.011053085327
2.034102916718
2.198346614838
2.050622940063
1.937998175621
1.826058387756
1.891541838646
1.878448367119
2.110294342041
2.119194507599
2.007072687149
1.904335260391
1.985236048698
1.879060983658
1.943681955338
1.887426614761
1.873918056488
1.843536496162
1.923290610313
1.992819666862
2.110862970352
2.039376974106
1.932615518570
1.842407941818
1.757053613663
1.819394350052
2.007774829865
2.028540849686
1.985433101654
2.204419612885
2.080371618271
2.090210199356
2.008951187134
1.933466672897
1.926041007042
1.985185146332
1.910046577454
1.904787302017
1.844804048538
2.059751033783
2.088008403778
2.075394630432
1.915605068207
1.855889797211
1.871708989143
1.971663594246
2.046540021896
1.973805069923
1.865648269653
1.942301511765
1.845710992813
1.939491868019
1.930198311806
2.040072441101
1.932885169983
1.951983451843
1.778433561325
1.981384754181
1.853317022324
1.858257412910
1.875650405884
1.952438116074
1.923174381256
1.946543097496
1.801534056664
1.902757644653
2.046262502670
2.177422761917
2.106296062469
2.027262449265
1.930017590523
1.976408958435
1.962624669075
1.862907171249
1.788048386574
1.857624411583
1.957031726837
1.996562480927
1.860623717308
2.049092769623
2.149095773697
2.152192592621
1.938050389290
1.848163604736
1.790617465973
2.034732341766
2.068938016891
2.150503873825
2.045882940292
1.893566966057
1.922147512436
2.060720682144
2.239454984665
2.162370920181
2.180327177048
2.081366062164
2.026004076004
1.987345933914
1.974554061890
1.856792211533
1.902355194092
1.825575828552
1.956485509872
1.894705653191
1.843623161316
2.023314237595
2.075377225876
2.094417095184
2.098713397980
2.207313060760
2.064237356186
1.866423487663
2.016382455826
1.946657657623
2.061751604080
1.992873072624
1.925898313522
1.861349582672
1.824921011925
2.048439741135
1.832278370857
1.792841911316
1.893888354301
2.089333295822
2.033829927444
1.868336915970
1.899927616119
1.970259070396
2.148670673370
1.954082489014
1.846154928207
1.812687277794
1.970824956894
2.082561969757
1.982713818550
1.897340655327
1.858485579491
1.948767542839
1.957898139954
1.910227656364
1.874798297882
1.882318735123
1.858021855354
1.900184631348
1.851064562798
2.038496494293
1.933767318726
1.967930197716
1.917432069778
1.950379014015
1.901908993721
1.916242599487
1.876725554466
1.900891900063
1.839524149895
1.843677282333
1.776179075241
2.235994815826
2.179361343384
2.019679546356
1.939863562584
1.923922181129
1.900005459785
1.824717402458
1.911203384399
1.891155242920
1.973110198975
1.947974443436
1.915855050087
1.817094326019
1.838933706284
1.882367610931
2.060704231262
1.930024147034
1.790173768997
2.033037185669
1.822091817856
1.760603308678
1.790667772293
2.240915775299
2.312188386917
2.473690271378
2.329389095306
2.185864686966
2.047546148300
2.048438072205
2.109984874725
2.260949850082
2.129094839096
2.055899143219
2.083830833435
1.938473463058
1.984724521637
1.987041592598
2.109777450562
2.121297597885
2.265765905380
2.184268951416
2.093956708908
1.985064387321
1.874825119972
1.905069351196
2.084538936615
2.218765735626
2.086846113205
2.200461387634
2.099253654480
1.982595443726
1.928645849228
1.949571490288
2.090612888336
2.021203041077
2.057580232620
1.904417872429
1.855769276619
2.131668567657
2.056868791580
1.892744779587
1.935117006302
1.871416687965
2.014382362366
1.933149456978
1.802545428276
1.796529293060
1.866105318069
2.147924184799
2.140766620636
1.984241127968
1.845418334007
1.873629331589
1.844944596291
1.885995149612
1.888971090317
1.840578317642
1.961231589317
1.853167772293
1.794049263000
1.777585268021
1.794385910034
1.979840040207
1.862543582916
2.045857191086
2.115812540054
2.253433465958
2.122247457504
2.065171718597
2.057765007019
1.940230846405
1.865192651749
2.164263963699
2.174628019333
2.315375328064
2.193881988525
2.131347656250
2.064174890518
1.931952238083
2.005753517151
2.203746318817
2.194562673569
2.166854619980
2.133161067963
1.956433057785
1.954367756844
1.888045310974
1.972494482994
1.874940633774
1.902504801750
1.808453083038
1.872226953506
1.923714041710
1.916545152664
1.850489735603
1.806781411171
2.038093566895
2.047702789307
2.021023750305
1.926361322403
2.090677499771
1.980738162994
1.989057302475
1.821066498756
1.806959390640
2.018736839294
1.991539835930
1.944413661957
1.788398623466
1.918197631836
1.803089022636
1.913541316986
1.901553511620
1.984827995300
1.776926159859
1.773411035538
1.855294942856
1.875536441803
2.182636022568
2.312891244888
2.313336372375
2.318763971329
2.290885686874
2.206242322922
2.167585849762
2.271700382233
2.175557136536
1.991549849510
1.960881471634
1.947042584419
2.076020956039
2.050103425980
2.024237871170
1.815036654472
1.977037787437
1.936556100845
1.962922930717
1.884549379349
2.062521457672
2.243896484375
2.268139839172
2.083572626114
1.966641306877
1.900951027870
1.997327804565
1.953147292137
1.889380097389
1.871274113655
2.073495864868
2.074522972107
1.995334148407
2.170703172684
1.994843244553
1.913713455200
1.881571769714
1.997196912766
1.949737548828
1.835918664932
1.846500277519
1.854154825211
2.107046365738
2.039144754410
1.907017827034
1.769130229950
1.875375866890
1.858083128929
1.997900724411
1.896222352982
1.871536612511
1.845525622368
1.938701152802
1.874392509460
1.937616586685
1.773274540901
1.838804602623
1.894733667374
2.067131757736
2.034951925278
1.885087609291
1.775423645973
1.860593318939
1.902734994888
1.968937397003
1.993128895760
1.898719429970
1.912563085556
1.857730627060
2.076671361923
2.048343658447
2.187434673309
2.062393188477
2.074701309204
2.082245826721
2.017962932587
1.849693775177
1.750690937042
1.835260391235
2.197672605515
2.267420291901
2.174843311310
2.110632419586
2.081423759460
2.037533044815
1.988525748253
1.977999329567
2.006852865219
2.047486066818
1.942925095558
1.858193159103
2.108546495438
2.219075202942
2.170391321182
2.054717779160
1.990190267563
2.006356477737
1.951710700989
1.910330653191
1.874260663986
1.942215919495
2.026705026627
1.908285737038
1.772865295410
1.816832423210
1.881900906563
2.188901185989
2.131516218185
1.892207145691
1.907101392746
1.912644147873
2.003064632416
1.826777696609
1.843816876411
1.868459224701
2.002078533173
1.901422739029
1.796525955200
2.001031398773
2.101713418961
2.242501974106
2.102476596832
1.962451815605
1.830693483353
2.098304271698
2.050452232361
1.933897733688
1.992103338242
2.024006366730
1.892598390579
1.803451657295
1.816978693008
1.973766803741
2.211299419403
2.101891279221
1.931739330292
1.816983461380
1.788203477859
1.784113168716
2.107430696487
2.117749214172
2.107061624527
1.927113890648
1.816774249077
1.877374649048
1.949167132378
1.897140979767
1.772934436798
1.816796064377
1.880008220673
2.130427360535
2.068919420242
1.888940453529
1.800471425056
1.792907238007
2.086535692215
2.047523498535
2.036096572876
2.076226472855
2.103489875793
1.967916369438
2.205026626587
2.221108198166
2.124842166901
1.935801386833
1.855202794075
1.890465140343
2.112123250961
2.131885051727
1.919945478439
1.837683320045
1.804011940956
1.911422252655
2.025106906891
2.242711067200
2.094138622284
2.007062196732
1.827062129974
1.888406753540
1.873971819878
2.022124528885
1.947798252106
1.897552371025
2.142066717148
2.037693023682
2.004015684128
1.890685796738
1.822693824768
1.746959447861
1.886793017387
1.925432085991
1.859143733978
1.969433784485
1.750503659248
1.785521626472
1.948360800743
2.066282272339
2.054105520248
2.092854261398
1.991342544556
1.943964242935
2.048957824707
1.856231808662
1.853078126907
1.842223763466
1.850109219551
1.734019517899
1.834876418114
1.885719418526
1.912917017937
1.946052193642
1.893345117569
1.935613870621
1.825304150581
1.910075187683
1.847718834877
1.973861575127
1.822307586670
1.846945405006
1.923395395279
2.176666736603
2.200383424759
2.107212066650
1.942546486855
1.873249411583
1.859962582588
2.170816183090
2.116254806519
2.037768840790
1.985810518265
1.931656360626
1.842286109924
2.164019584656
1.987736344337
1.835109710693
1.793836116791
1.956348896027
2.009248495102
2.286993503571
2.203447580338
2.096843004227
1.936552524567
1.791229248047
1.827021121979
1.913707256317
1.930336117744
1.837201833725
1.807040214539
1.859739184380
1.860210657120
1.885828733444
1.818904519081
1.737594246864
2.066179990768
2.095137357712
1.943689584732
1.861444115639
1.872308611870
2.061506986618
2.004585504532
1.901835083961
1.990391850471
1.774664640427
1.933534145355
1.867903232574
1.846030712128
1.798164606094
1.807511091232
1.944682717323
1.870811939240
1.837890505791
1.757487654686
1.913414597511
1.943201541901
1.989842891693
1.774976253510
1.809146165848
1.839187145233
1.736808896065
1.853642821312
1.792464017868
1.800176143646
1.861454010010
1.906274318695
1.789743781090
1.914137125015
1.841870784760
