4.125168323517
4.105248451233
4.085750579834
4.066158294678
4.046101093292
4.025387763977
4.003226280212
3.978126287460
3.948697090149
3.908906698227
3.908747434616
3.956696033478
3.907553434372
3.873278141022
3.823263645172
3.785595655441
3.766201496124
3.870209693909
3.838310241699
3.812437534332
3.794285297394
3.775212287903
3.754964113235
3.733113288879
3.709130764008
3.683408737183
3.658323526382
3.632634639740
3.607311248779
3.579222917557
3.558896064758
3.555881738663
3.704506874084
3.640811681747
3.625418186188
3.610703945160
3.596385002136
3.582373142242
3.568621397018
3.555083751678
3.541743755341
3.528563499451
3.515505790710
3.502579212189
3.489779949188
3.477100372314
3.464529991150
3.452027797699
3.439521789551
3.426978588104
3.414358139038
3.401647090912
3.388782024384
3.375681400299
3.362217187881
3.348281860352
3.333806991577
3.318716049194
3.303038120270
3.286958217621
3.270136833191
3.252676963806
3.235218524933
3.224529266357
3.502921581268
3.274493932724
3.264201641083
3.254119396210
3.244215488434
3.234469890594
3.224869251251
3.215400218964
3.206055402756
3.196829080582
3.187716245651
3.178713560104
3.169816493988
3.161021709442
3.152324914932
3.143721103668
3.135208845139
3.126786231995
3.118455171585
3.110210180283
3.102048397064
3.093967437744
3.085964918137
3.078041076660
3.070195674896
3.062425851822
3.054728031158
3.047100305557
3.039538860321
3.032043218613
3.024609804153
3.017237663269
3.009921789169
3.002660036087
2.995450258255
2.988292217255
2.981185436249
2.974129676819
2.967127323151
2.960170269012
2.953249692917
2.946354866028
2.939476966858
2.932587146759
2.925687551498
2.918739557266
2.911736488342
2.904616832733
2.897304534912
2.889667034149
2.881447076797
2.872227668762
2.861233472824
2.846993207932
2.827275991440
2.804285287857
2.789354324341
2.773201942444
2.764462709427
2.788453102112
2.830551624298
2.838814020157
2.831806421280
2.824905633926
2.817982673645
2.810930252075
2.803610086441
2.795821905136
2.787320852280
2.777941703796
2.767711877823
2.755942106247
2.740656852722
2.717893362045
2.681206226349
2.632503986359
2.587332725525
2.720680713654
2.873446464539
2.756517410278
2.751221656799
2.746246099472
2.741382837296
2.736568212509
2.731774568558
2.726985931396
2.722194671631
2.717389583588
2.712555885315
2.707674026489
2.702720642090
2.697657346725
2.692442655563
2.687064886093
2.681440830231
2.675477743149
2.669044971466
2.661816358566
2.653512954712
2.643537998199
2.631419658661
2.615974426270
2.595892190933
2.572367668152
2.552542686462
2.539437770844
2.530239343643
2.521566390991
2.520096778870
2.545740365982
2.599406242371
2.647316455841
2.641029357910
2.634976625443
2.628956317902
2.622677803040
2.615680217743
2.607095479965
2.595510482788
2.578777313232
2.551767110825
2.512219429016
2.484026908875
2.473036289215
2.470311403275
2.471661329269
2.493595838547
2.553378820419
2.504552602768
2.451028585434
2.425930261612
2.417136430740
2.414366960526
2.445178747177
2.448419570923
2.539799690247
2.439361572266
2.396502256393
2.377206325531
2.371715307236
2.401706933975
2.484670639038
2.583335161209
2.513783454895
2.490760087967
2.459841728210
2.422341585159
2.392846345901
2.384886503220
2.373346328735
2.403279066086
2.478762388229
2.408321619034
2.331100940704
2.315523386002
2.340190887451
2.388903379440
2.419806003571
2.358439683914
2.330106019974
2.325657129288
2.386266231537
2.307477712631
2.272779226303
2.360480546951
2.481755256653
2.416184663773
2.379971742630
2.347673654556
2.321215152740
2.316790819168
2.323664665222
2.398444175720
2.278811931610
2.279391765594
2.309533119202
2.273096323013
2.320145368576
2.259491205215
2.279412031174
2.320310115814
2.413763046265
2.354594230652
2.298128604889
2.245779514313
2.220332384109
2.218808412552
2.254502773285
2.355597257614
2.287845373154
2.256446361542
2.239796638489
2.239490032196
2.339190006256
2.211359262466
2.181683063507
2.207052230835
2.183806657791
2.238175392151
2.217220544815
2.323666334152
2.379085540771
2.299705505371
2.272274017334
2.213901758194
2.211050033569
2.217137813568
2.326591253281
2.210405588150
2.152959823608
2.180580854416
2.183721780777
2.347294092178
2.313935041428
2.241668701172
2.244802951813
2.226580858231
2.269952297211
2.174631595612
2.169517278671
2.201004743576
2.256517410278
2.205506801605
2.159449100494
2.126191139221
2.131870508194
2.149785757065
2.267470836639
2.184802055359
2.142164230347
2.242850303650
2.300739049911
2.318050384521
2.273696422577
2.249870061874
2.231049060822
2.276379108429
2.204145669937
2.278945922852
2.150323390961
2.144675493240
2.171495437622
2.329316616058
2.195672273636
2.140978813171
2.140535593033
2.142059564590
2.259706020355
2.153627157211
2.100741386414
2.098136901855
2.081119537354
2.285143613815
2.274524450302
2.247806787491
2.193162441254
2.136991739273
2.162814617157
2.157354593277
2.356486558914
2.255025386810
2.132273435593
2.072468996048
2.097308874130
2.054589748383
2.258034706116
2.291058540344
2.276695489883
2.219933509827
2.163382291794
2.114038467407
2.081459283829
2.082607984543
2.214041233063
2.497934103012
2.393330812454
2.365241289139
2.330888032913
2.285311937332
2.223070859909
2.148527622223
2.136072158813
2.184616088867
2.283638000488
2.243168830872
2.157521009445
2.114420652390
2.084613800049
2.063746213913
2.056631803513
2.047690629959
2.164921998978
2.289674520493
2.318369388580
2.299895048141
2.240143537521
2.224927663803
2.191763401031
2.246577501297
2.162581920624
2.207908630371
2.119600057602
2.234901428223
2.102376461029
2.085655212402
2.082932710648
2.205616235733
2.129171371460
2.121694564819
2.071616888046
2.180101871490
2.071908235550
2.104814291000
2.104323625565
2.239383697510
2.215240240097
2.096885681152
2.115846157074
2.021785497665
2.139057636261
2.032972097397
2.000504493713
2.053305387497
2.416438817978
2.669942617416
2.431107759476
2.422305583954
2.415894985199
2.409061431885
2.400307416916
2.388466119766
2.375426054001
2.360951423645
2.345662832260
2.332124471664
2.320636987686
2.310650110245
2.298298597336
2.293237209320
2.285642147064
2.380505084991
2.315124750137
2.247554302216
2.226187467575
2.232072830200
2.405983686447
2.371921062469
2.343084573746
2.320938825607
2.302055597305
2.280964374542
2.462120771408
2.412822961807
2.373185634613
2.347428798676
2.313887596130
2.267771244049
2.217917919159
2.179064989090
2.148138046265
2.122728347778
2.122936487198
2.437866926193
2.355312585831
2.275395870209
2.247340440750
2.302944183350
2.173056840897
2.130756139755
2.162086963654
2.162275075912
2.324215412140
2.248514413834
2.137353658676
2.084209442139
2.131704330444
2.142814636230
2.241017580032
2.156088829041
2.070630788803
2.115584850311
2.060604333878
2.133060216904
2.113531589508
2.242714405060
2.178533554077
2.076727151871
2.087262868881
2.052040576935
2.196427345276
2.090081453323
2.023861169815
2.050907850266
2.066869735718
2.288193464279
2.320042848587
2.225565195084
2.178820371628
2.161587476730
2.125935077667
2.103150844574
2.084319353104
2.134172201157
2.299279451370
2.219710111618
2.076275348663
2.018995046616
2.055711269379
2.020343303680
2.227599859238
2.187856674194
2.091128587723
2.087588548660
2.085950136185
2.265989542007
2.201064586639
2.078201293945
2.025580406189
2.004273891449
2.029237747192
2.077733993530
2.201948165894
2.176790475845
2.036417007446
2.008961200714
2.033195495605
2.278126478195
2.237965583801
2.148623704910
2.119162559509
2.079711437225
2.158674478531
2.156639575958
2.164099693298
2.065628051758
2.001943111420
1.998873353004
2.010320186615
2.141610145569
2.339187622070
2.259521484375
2.137713670731
2.025104761124
1.995845198631
1.999307394028
2.092427730560
2.412280797958
2.276149749756
2.282343387604
2.200276851654
2.145619392395
2.135226488113
2.172116518021
2.449315547943
2.369573116302
2.326973438263
2.261923789978
2.177689790726
2.105431079865
2.171960353851
2.254913568497
2.286178112030
2.238012790680
2.214879274368
2.171267747879
2.156116962433
2.091497421265
2.136254072189
2.075631141663
2.096948623657
2.146010160446
2.203244924545
2.109091997147
2.036422729492
2.114580392838
2.074623107910
2.023641586304
2.107042074203
2.150782346725
2.076365470886
1.988034486771
2.115239143372
1.993314743042
1.997250914574
2.102128267288
2.138874769211
2.099150180817
2.020310878754
1.945541381836
2.118119001389
2.222730159760
2.234538793564
2.079802989960
2.006421804428
2.027893304825
2.162768363953
2.377920389175
2.284559726715
2.243721961975
2.209111690521
2.212440967560
2.193070888519
2.421501636505
2.316347122192
2.270076274872
2.223271846771
2.249091148376
2.214147806168
2.309064626694
2.203573465347
2.173075675964
2.203543901443
2.179157495499
2.195696115494
2.170401573181
2.470928430557
2.355194091797
2.297075033188
2.235206604004
2.179095268250
2.133970022202
2.102825403214
2.073997497559
2.070367574692
2.074402332306
2.178518533707
2.150496721268
2.091937065125
2.092288970947
2.132058143616
2.404533386230
2.292854070663
2.230847120285
2.169557332993
2.121221542358
2.088852643967
2.058634757996
2.050514221191
2.033336877823
2.060403823853
2.069775342941
2.086845159531
2.012181282043
2.002926588058
2.013234376907
2.158267259598
2.161075353622
2.246922492981
2.131595611572
2.084441423416
2.045934677124
2.101227283478
2.286965131760
2.320503234863
2.236532211304
2.158888816833
2.102263927460
2.140689611435
2.556913852692
2.415431261063
2.352636814117
2.311682462692
2.267818927765
2.228278875351
2.198163032532
2.162178039551
2.189689159393
2.296032190323
2.261159896851
2.227041006088
2.148170948029
2.138727188110
2.093346595764
2.157619953156
2.069424629211
2.063763856888
2.164335727692
2.294728755951
2.213976383209
2.147346735001
2.112049102783
2.130551576614
2.325144290924
2.243602275848
2.185859441757
2.156244277954
2.131295681000
2.254179477692
2.376994848251
2.338520050049
2.306205034256
2.259562969208
2.188578844070
2.118839025497
2.079664707184
2.044608831406
2.070564746857
2.090308666229
2.267782449722
2.190310239792
2.074592351913
2.032179832458
2.021871328354
2.012793064117
2.056838512421
2.153985977173
2.133105278015
2.122656345367
2.020989894867
1.992836356163
2.010319709778
1.988771319389
2.035099267960
2.081289291382
2.228432416916
2.299417972565
2.219516992569
2.147288799286
2.071588754654
2.003750801086
1.991883158684
1.964319705963
2.028602600098
2.006068706512
2.258923768997
2.130823850632
2.060937166214
2.007825613022
2.046458244324
2.185272455215
2.163173913956
2.081630229950
1.998718380928
2.087533712387
1.966963052750
1.958477973938
2.095279932022
1.994279861450
2.135702610016
2.327524900436
2.263731002808
2.175708770752
2.087741374969
2.036262989044
2.053363084793
2.123842000961
2.115849494934
2.033303976059
2.063016176224
2.011136054993
2.020616292953
1.952732563019
2.111407518387
1.977908968925
2.033697605133
2.138956785202
2.149237155914
2.091387748718
1.988146543503
2.063656806946
1.988699078560
2.208928346634
2.079281806946
1.950014472008
2.027032136917
2.070493221283
2.160314559937
2.024885654449
1.942034840584
2.013414144516
1.964737176895
2.153577804565
2.092114686966
1.999714970589
1.940296888351
1.931513667107
1.939633727074
2.167293071747
2.086930990219
1.987994670868
2.014830589294
1.924727320671
2.093099117279
2.146455287933
2.083382844925
1.982964873314
2.054021835327
1.958112478256
2.011433601379
2.021681070328
2.148855686188
2.323694229126
2.308608531952
2.225546121597
2.185694694519
2.134732723236
2.170734643936
2.179296255112
2.157617092133
2.066409587860
2.045984268188
2.036536693573
2.026328563690
2.062386274338
2.147739648819
2.169327974319
2.083521127701
2.061072826385
2.054409980774
2.181787490845
2.104304790497
2.014641284943
1.990694403648
1.995966672897
2.035006761551
2.120565414429
2.169707775116
2.092198848724
2.015014171600
2.283938884735
2.235770940781
2.232630968094
2.157448291779
2.100428581238
2.055195331573
2.022580146790
2.003864288330
2.013556957245
2.153625488281
2.086365938187
2.044110536575
2.032229423523
2.012094736099
1.990605473518
2.049394607544
2.011306762695
2.118138551712
1.960777044296
1.899893045425
1.937649011612
1.937411069870
2.174096345901
2.045337438583
1.958101630211
1.988835453987
2.230457067490
2.275682926178
2.236927747726
2.190160751343
2.191352605820
2.095422029495
2.049021959305
2.077852725983
2.115789413452
2.159607648849
2.043887853622
1.970199823380
1.960252165794
1.989302515984
2.055163145065
2.092038393021
1.986531734467
1.954848527908
2.012795925140
2.113604784012
2.189346313477
2.152905464172
2.061182022095
1.959922194481
1.937057614326
1.950238823891
2.071023702621
2.193534135818
2.039594173431
1.894892334938
1.949213743210
1.919095873833
2.130627870560
2.024924993515
1.902186632156
1.909358501434
2.137574672699
2.202731132507
2.074130296707
2.029899120331
2.070322990417
2.077980756760
2.072040796280
1.960217833519
1.944874882698
2.004159688950
2.115000486374
2.007421255112
1.894064903259
1.908766746521
2.007497787476
2.255076646805
2.217046976089
2.124058723450
2.091686248779
2.091953754425
2.076009988785
2.117593288422
2.027591466904
2.053462505341
2.133903026581
2.147654771805
2.036062479019
1.981344103813
1.934270143509
1.974026799202
2.010046482086
1.995571374893
1.974988579750
1.980555295944
2.078273773193
2.032898426056
1.960375785828
2.087574958801
1.959283947945
1.910275459290
1.951986312866
2.053146839142
2.079885244370
1.882772445679
1.870604157448
1.910324096680
2.152696132660
2.093130111694
1.964165687561
1.884550809860
1.982466459274
2.008938312531
2.243831396103
2.248482465744
2.147186517715
2.083288908005
1.966289162636
1.906792640686
1.921455621719
1.931449890137
1.998995542526
2.026698350906
1.970399856567
1.925308704376
1.901191115379
1.973314762115
1.976733922958
2.044572353363
1.907168865204
1.904479265213
2.049823522568
2.010808467865
1.961677551270
1.896362662315
1.953147530556
2.034672021866
2.097822904587
2.136291027069
1.985248565674
1.927076339722
1.900377035141
1.953672647476
1.943795800209
1.945181012154
1.910354614258
2.040544271469
1.941903591156
1.846429467201
1.951666355133
2.058331012726
1.958964586258
1.906736373901
1.911152005196
2.066034317017
1.967494010925
1.889317750931
1.852809071541
1.885731697083
1.994818925858
2.095882415771
1.892287731171
1.878013491631
2.136152744293
2.057487964630
1.917492628098
1.869781255722
2.066363811493
2.104995489120
2.283892154694
2.130532026291
2.037355422974
2.046742439270
2.098731994629
2.166694641113
2.082764863968
1.925626993179
1.936603784561
2.093542575836
2.048545837402
2.088365554810
2.251595258713
2.246025800705
2.165319442749
2.048428058624
1.974635839462
1.931886911392
1.957400798798
2.091297149658
2.075299978256
1.973062872887
1.943594932556
1.904573798180
2.085544586182
1.998176217079
1.850582599640
1.834589719772
1.879660367966
1.956373691559
2.113371849060
1.946306467056
1.861019134521
2.064755439758
2.241059303284
2.134488821030
1.982026696205
1.898933410645
1.925426363945
1.996729612350
1.996672630310
1.880127906799
1.884482026100
2.223629951477
2.093743085861
1.956292867661
1.973023533821
1.913709759712
1.881206035614
2.030061244965
2.003373622894
2.000131368637
1.891656517982
1.845327734947
1.860081672668
2.036339759827
2.016320466995
2.025727510452
1.929597377777
1.853242039680
1.980333566666
1.953117609024
1.918280720711
1.820715785027
1.789437055588
1.979175806046
1.997791767120
1.947653770447
2.177966833115
2.111571788788
1.987576484680
1.969807624817
1.987284779549
2.169104576111
2.091850757599
1.966255068779
1.915751814842
2.016500473022
2.130699157715
2.131685018539
1.980039000511
1.874300122261
1.854277133942
1.930305957794
1.952170252800
2.095001459122
1.987281322479
1.938923358917
1.864420533180
1.921115279198
1.941433668137
2.137363910675
1.979839920998
1.839080333710
1.911899328232
2.173102617264
2.075655937195
1.965521097183
1.970834970474
2.008347272873
1.864478111267
1.850768327713
1.933277368546
1.968148589134
1.852928638458
1.856902599335
1.857281565666
2.080379009247
1.953913211823
1.845343589783
1.845734596252
1.857423901558
2.067597389221
1.882076859474
1.804199457169
1.887183666229
1.985606074333
1.912068605423
1.818539619446
1.766014695168
2.018988370895
1.883375883102
1.862076401711
1.761509299278
1.809939265251
2.003741979599
2.191619873047
2.175974130630
2.040264606476
1.870250105858
1.913856029510
2.090488672256
1.948913931847
1.943503975868
1.838969111443
1.933654308319
1.792456030846
1.819397568703
1.855802416801
1.872462034225
1.818166613579
1.981797575951
1.855422496796
1.992513537407
2.078380107880
2.014767646790
1.973890781403
1.912285566330
1.820173263550
1.791796445847
2.139529705048
2.051228761673
2.017070531845
1.862787127495
1.839720129967
2.018121242523
1.992036581039
2.023453950882
1.836546421051
1.768639206886
1.799370765686
1.930467128754
2.222550153732
2.042889833450
1.900426745415
1.921655297279
2.116981506348
2.037860155106
1.861169576645
1.868853807449
1.875718355179
2.095977544785
1.979395985603
1.838583230972
1.880016207695
1.960548162460
1.887563943863
1.986476659775
2.026106595993
2.103793382645
1.957033276558
1.820551276207
1.855310201645
1.824455499649
1.956977844238
1.842398643494
2.003923416138
1.876553058624
1.803949356079
1.762347102165
1.956474661827
1.883002400398
1.912409663200
1.968238949776
1.954749345779
1.808132648468
1.943500638008
2.426703691483
2.410791158676
2.340572357178
2.222049951553
2.230311155319
2.152205944061
2.241020202637
2.192431449890
2.156353950500
2.055169820786
2.034681320190
2.033276557922
2.129585981369
2.147789239883
2.031059265137
1.918586254120
1.948811531067
2.071521282196
2.163413047791
2.016224145889
1.896820068359
1.821711659431
1.870254993439
2.228913307190
2.434469699860
2.275866508484
2.182377576828
2.128183841705
2.132433414459
2.194599390030
2.202692747116
2.122804880142
2.202935934067
2.112777709961
1.971971988678
1.941597461700
1.934408426285
1.968535661697
1.997414112091
1.824992060661
1.999238014221
2.035352468491
2.232769489288
2.160805463791
2.063440799713
1.996871590614
1.918608665466
1.934517741203
1.855353593826
1.889362096786
1.933509111404
1.922501921654
1.820961117744
1.778950333595
1.932412624359
2.095443964005
2.127202033997
1.984043598175
1.890352845192
1.977080345154
1.893598556519
1.898373603821
1.819626331329
1.985112190247
1.945258855820
1.959333062172
1.918427228928
1.877798080444
1.885272622108
1.894228816032
1.854158282280
1.822631120682
1.937984824181
2.082587957382
1.926757931709
1.837399959564
1.886435031891
1.972945570946
1.952848911285
1.863872289658
1.771970152855
1.833824157715
1.998933911324
2.060590505600
1.991503357887
1.998327732086
1.890514492989
1.848537564278
1.934981465340
1.995850563049
2.069918632507
1.963208317757
1.822758555412
1.820558786392
1.892315387726
2.113152027130
2.187389850616
2.022740125656
1.889742851257
1.790141105652
1.858419656754
1.996080160141
2.157977342606
2.184062004089
2.039325714111
1.921138882637
1.871884465218
1.915302395821
2.148274660110
1.999467611313
1.915169239044
1.864280939102
1.877309083939
1.792457461357
1.884479045868
1.891336798668
1.841555595398
1.821249365807
1.990997314453
1.885324597359
1.823756098747
1.994700789452
1.991605877876
1.909322857857
1.769640684128
1.853839397430
1.811032772064
1.883181929588
1.816397905350
1.882958292961
1.845651030540
1.874022126198
1.739629387856
1.877162933350
1.981597781181
2.038656234741
2.011407852173
1.881298899651
1.808162093163
1.791396141052
1.859560370445
1.939507484436
1.955279231071
1.852901458740
1.720861911774
1.931471347809
1.973864793777
2.075080394745
2.130271196365
2.008564710617
1.884552836418
1.924833059311
1.906924724579
1.932660460472
1.778758406639
1.704900741577
1.785992622375
1.767283439636
1.922740340233
1.805158376694
1.916145443916
2.155600786209
2.120583057404
1.972709298134
1.962094306946
2.038772106171
1.954933047295
1.832677364349
1.921414136887
1.919381856918
1.859370470047
1.752221584320
1.751290798187
1.811934471130
1.854413509369
1.801722168922
1.800802469254
1.988072872162
1.832240223885
1.923748135567
1.992263793945
2.073425769806
2.054861545563
1.927882790565
1.846826076508
1.954748272896
1.856033682823
1.771314263344
1.784926772118
2.068328380585
2.155167102814
1.976594448090
1.847984313965
1.807819366455
1.999757885933
2.009859323502
1.968146443367
1.844834923744
1.782901167870
1.735460400581
1.850405335426
1.882755517960
1.857247114182
1.820642352104
1.772359967232
1.990742087364
1.828521132469
1.798409223557
1.724339365959
1.809511303902
1.839269757271
2.001262903214
1.862813472748
1.801850795746
1.930971741676
2.127565622330
2.040702819824
2.073185205460
2.113796234131
2.001056194305
1.954360365868
1.793583035469
1.708781599998
1.735619187355
2.044841766357
2.080209016800
2.138144493103
1.973640680313
1.871852993965
1.871558427811
1.844050407410
1.735302567482
1.748634338379
1.998302578926
1.958191633224
1.822397589684
1.939611911774
2.024062633514
2.011312007904
1.935892701149
2.030366420746
2.000067472458
2.112503528595
2.185022830963
2.146205902100
1.988079428673
1.894769191742
1.801249265671
1.862236142159
1.906683921814
1.999388337135
1.897907137871
1.798312544823
1.838533639908
1.860941529274
1.914778709412
1.784119009972
1.793787956238
1.980196118355
1.858573198318
1.719311237335
1.711202502251
1.819876074791
1.995131492615
2.004259586334
1.808987021446
1.776463866234
1.777316451073
1.963625669479
2.008274316788
2.044912576675
1.969055414200
1.875099301338
1.756561279297
1.763533949852
1.865747809410
1.859626412392
2.083008766174
1.987353086472
1.829039096832
1.910361409187
1.900742053986
1.816236734390
1.873175501823
1.783445715904
1.719119668007
1.857849836349
1.921738386154
2.045566082001
1.882614254951
1.897031784058
1.753757715225
1.691166043282
1.644609332085
2.054350614548
2.015716075897
2.104236841202
2.059245347977
2.019949913025
2.000558614731
1.941022872925
1.809855341911
1.822371721268
1.875595450401
1.932489633560
1.716810226440
1.805617213249
1.917975425720
2.052371025085
2.047786235809
1.809940695763
1.805006980896
1.755277752876
1.883771061897
1.912857174873
1.885758399963
1.728149056435
1.867481470108
1.779649972916
1.862224578857
1.796541571617
1.986127853394
1.929946541786
1.782740950584
1.743805766106
1.766895771027
1.892218232155
1.696744680405
1.897581458092
1.791922092438
1.904833078384
1.822103261948
1.676012158394
1.786805629730
1.932048082352
2.112086534500
1.996584653854
1.871780872345
1.854358553886
1.820500373840
1.996784090996
1.802378177643
1.707539558411
1.726794242859
1.936868906021
2.027509450912
1.884447693825
1.925124645233
2.168773889542
2.060428857803
1.844451427460
1.711716532707
1.707112669945
1.834811210632
2.059735536575
2.054963588715
1.992601871490
1.839932918549
1.748158574104
2.153770208359
2.088455200195
1.994938373566
2.030217409134
1.986976742744
1.919172286987
1.943131685257
1.858237266541
1.757396221161
1.785519838333
1.720647215843
1.906841993332
1.760330200195
1.773849725723
1.837604880333
2.133406639099
2.037631511688
2.015723705292
2.150686502457
2.113647699356
1.915019750595
1.889958024025
1.936571598053
1.949705004692
1.891247987747
1.874309778214
1.709002017975
1.798324704170
1.865944743156
1.886854529381
1.712360739708
1.802193999290
1.948671698570
1.873812675476
1.787813425064
1.758796215057
1.969910502434
1.983051776886
1.882570028305
1.701279878616
1.762897372246
1.773370265961
2.162517070770
1.987297296524
1.809824466705
1.780652999878
1.780714035034
1.944398045540
1.787581086159
1.739419698715
1.855374932289
1.769221663475
1.824220061302
1.793358922005
1.947910666466
1.965258359909
1.826024889946
1.805768489838
1.828974008560
1.813214182854
1.828433513641
1.792335152626
1.762029051781
1.791439414024
1.672147631645
1.781833648682
1.943129658699
2.126085281372
1.922057867050
1.974672555923
1.866380333900
1.783921360970
1.814906716347
1.734341621399
1.873531222343
1.882460594177
1.840465307236
1.813672542572
1.764161109924
1.773544907570
1.739645004272
2.034795284271
1.762842416763
1.776554942131
1.793320536613
1.818151116371
1.611574530602
1.744603395462
2.058589220047
2.375267744064
2.377441406250
2.354153871536
2.182354450226
2.011284589767
1.923845529556
2.107400417328
2.225982427597
2.086406707764
2.037767887115
1.968958139420
1.953330516815
1.843301296234
1.962576389313
1.966814160347
1.936330556870
2.136537313461
2.266180038452
2.036611080170
1.925860881805
1.801575660706
1.766712784767
2.053014039993
2.077527284622
2.066205739975
1.977880358696
2.075230836868
1.905409574509
1.860152959824
1.826474785805
2.046937465668
2.042994976044
1.903500676155
1.806529879570
1.821298837662
1.932270884514
1.957354187965
1.907745122910
1.792729854584
1.877007603645
1.814749956131
1.894645452499
1.715542554855
1.673384904861
1.742493987083
2.140538930893
2.136543750763
1.909452915192
1.764875769615
1.712495684624
1.715069055557
1.798222303391
1.702835202217
1.891281366348
1.747805714607
1.796756505966
1.698922753334
1.647040843964
1.639109730721
1.908419013023
1.827054858208
1.825436234474
2.215046882629
2.179911136627
1.979485273361
2.026124477386
1.964323043823
1.906695127487
1.769447326660
2.029791355133
2.238168001175
2.236836433411
2.027649641037
1.993289589882
1.992630958557
1.811335444450
1.848766207695
2.146111011505
2.228730678558
2.263687133789
2.034467935562
1.867211103439
1.786524415016
1.898857355118
1.816789865494
1.844154000282
1.776721477509
1.738976716995
1.733400106430
1.828002095222
1.818374633789
1.809677839279
1.646427154541
1.999035716057
1.933146476746
1.843432188034
1.822464466095
1.911012649536
2.025548696518
1.855834007263
1.679227709770
1.726222515106
1.795354962349
2.075292587280
1.905387997627
1.724127292633
1.715447545052
1.737254500389
1.737057685852
1.878278136253
1.879566431046
1.713885068893
1.654401540756
1.755499958992
1.872422695160
1.972427248955
2.278393745422
2.168229341507
2.339548110962
2.209893941879
2.127187728882
2.162636756897
2.167518854141
2.031875610352
1.953071236610
1.802882194519
1.876353502274
1.990442752838
2.079609155655
1.860722541809
1.747071623802
1.721101880074
2.041862249374
1.889262914658
1.799598217010
1.889201521873
2.223201274872
2.210806131363
1.967817902565
1.878270864487
1.801307678223
1.861081361771
1.979169368744
1.752042174339
1.827046275139
1.858382225037
2.034056663513
2.090290784836
2.004781246185
1.899953007698
1.745994806290
1.843586564064
1.851209282875
1.904616236687
1.704612731934
1.741825819016
1.734585642815
2.055139541626
2.031261682510
1.769549012184
1.734882593155
1.680496573448
1.842512488365
1.806209564209
1.758766412735
1.716185212135
1.781857967377
1.809514999390
1.806926846504
1.797602295876
1.673529267311
1.715135216713
1.742060542107
2.096156358719
1.910641670227
1.852704048157
1.733855009079
1.749034762383
1.841383218765
1.847939729691
1.809794068336
1.904510974884
1.719402790070
1.865389823914
1.867919921875
1.967820167542
2.134680509567
2.015242576599
1.958206892014
1.982644796371
1.954346776009
1.836543202400
1.641927003860
1.694566488266
2.205837726593
2.121715068817
1.928730607033
2.004243612289
1.878792405128
1.989849805832
1.829480290413
1.879541277885
1.812997698784
2.003676414490
1.865165948868
1.770577311516
1.942317485809
2.312160491943
2.126633882523
1.996800780296
1.939046621323
1.944041013718
1.854786157608
1.810662388802
1.739686965942
1.861434936523
1.892131567001
1.877090096474
1.696465492249
1.685031056404
1.735818624496
2.155350685120
2.035176038742
1.805580854416
1.654170036316
1.928696632385
1.763595581055
1.716506004333
1.719819426537
1.798280954361
2.036179542542
1.835121870041
1.750320792198
1.902578949928
2.033413648605
2.126345872879
2.057813644409
1.818506240845
1.852428436279
1.853137254715
2.059151887894
1.832575798035
1.763796567917
2.049874067307
1.856369853020
1.721934437752
1.722824811935
1.909055233002
2.180870056152
2.057018041611
1.851172089577
1.735871791840
1.660347223282
1.706211209297
1.928413629532
2.207657337189
1.980961799622
1.794451951981
1.720017194748
1.678672671318
1.974310755730
1.839071154594
1.774077177048
1.656279325485
1.802324533463
1.995651125908
1.896104574203
1.724578499794
1.636357545853
1.694139957428
1.966331839561
2.096263885498
1.978804349899
1.914506077766
2.084816694260
1.982181310654
2.116757392883
2.235412120819
2.044100522995
1.863942742348
1.716774940491
1.858055710793
1.926106572151
2.093676805496
1.901616811752
1.714476704597
1.740676760674
1.734751582146
2.079927682877
2.051602602005
1.966173887253
1.884907484055
1.785806417465
1.684108734131
1.935155272484
1.881986856461
1.772685527802
1.825242042542
2.056413173676
2.028496742249
1.773550629616
1.820287108421
1.688981413841
1.654596567154
1.691447138786
1.957471370697
1.814815044403
1.746025681496
1.667882680893
1.645812511444
1.871620059013
2.008816957474
2.095745563507
1.951859474182
1.801444768906
1.961866736412
1.855150461197
1.775807261467
1.633783102036
1.859553098679
1.649554610252
1.624683022499
1.672014832497
1.889834165573
1.960465550423
1.774010777473
1.823921918869
1.800588011742
1.774866223335
1.772079467773
1.723485708237
1.846174001694
1.735734820366
1.736850500107
1.840081095695
2.052073478699
2.230174541473
1.980443358421
1.951903462410
1.701400637627
1.816748023033
1.974329233170
2.211794853210
2.041800975800
1.969122767448
1.794240951538
1.732624769211
1.990322113037
1.891351222992
1.709640622139
1.645806789398
1.833819150925
2.068476438522
2.079387664795
2.046186208725
1.930117249489
1.831453084946
1.708434104919
1.610885143280
1.934405088425
1.815034747124
1.743760228157
1.666595458984
1.766430020332
1.764963388443
1.787436246872
1.701543688774
1.621863722801
1.854296445847
2.052662134171
1.897243976593
1.687398076057
1.857905864716
1.850697755814
1.999982476234
1.950920343399
1.804226398468
1.769172906876
1.738814949989
1.806452393532
1.637692213058
1.771672964096
1.650341153145
1.871472954750
1.727316856384
1.700884699821
1.634075880051
1.801944613457
1.945979118347
1.802196264267
1.665624856949
1.719423890114
1.699255943298
1.619445323944
1.685467720032
1.647735357285
1.709061741829
1.698661565781
1.811034202576
1.669446945190
1.809545993805
1.786820650101
