4.139310359955
4.118800640106
4.098838329315
4.079329490662
4.059405326843
4.039228916168
4.018113136292
3.994985103607
3.970414638519
3.935882806778
3.944869518280
3.964062213898
3.910509109497
3.877958297729
3.834688663483
3.814164400101
3.782136678696
3.898141860962
3.844698905945
3.808428049088
3.790749073029
3.772506952286
3.753319740295
3.732834815979
3.710569143295
3.686957836151
3.662682294846
3.637159824371
3.610144376755
3.583150863647
3.554830551147
3.575135707855
3.653651714325
3.634015321732
3.619464397430
3.605372905731
3.591549873352
3.577961444855
3.564541816711
3.551336050034
3.538271903992
3.525370121002
3.512612819672
3.499988794327
3.487483024597
3.475123405457
3.462881088257
3.450731754303
3.438670158386
3.426676273346
3.414720058441
3.402752399445
3.390725374222
3.378547191620
3.366209745407
3.353592872620
3.340621471405
3.327144622803
3.313005208969
3.297759532928
3.281748771667
3.263795375824
3.246275424957
3.238162994385
3.525052070618
3.270714759827
3.260473728180
3.250446796417
3.240601062775
3.230918884277
3.221385717392
3.212001323700
3.202743291855
3.193603754044
3.184578180313
3.175660133362
3.166844367981
3.158127307892
3.149505376816
3.140973567963
3.132529258728
3.124172449112
3.115902662277
3.107717275620
3.099611759186
3.091584682465
3.083633422852
3.075757741928
3.067958354950
3.060233831406
3.052582502365
3.045002698898
3.037492752075
3.030053138733
3.022679805756
3.015371084213
3.008123397827
3.000936746597
2.993808031082
2.986736059189
2.979721069336
2.972761869431
2.965849161148
2.958989620209
2.952176332474
2.945404052734
2.938666820526
2.931967735291
2.925288438797
2.918626070023
2.911945819855
2.905231237411
2.898441314697
2.891508579254
2.884342908859
2.876750946045
2.868321657181
2.858471155167
2.846884727478
2.836840867996
2.824172258377
2.797184228897
2.800552129745
2.797079324722
2.877759933472
2.830551147461
2.824097394943
2.817765474319
2.811410903931
2.804899930954
2.798135042191
2.791015625000
2.783416748047
2.775298357010
2.766869783401
2.757406711578
2.745530843735
2.728948593140
2.704177856445
2.673315048218
2.620404720306
2.762513399124
2.860530853271
2.748071193695
2.742209434509
2.737210035324
2.732573509216
2.728112459183
2.723745822906
2.719421386719
2.715114116669
2.710808038712
2.706486225128
2.702131271362
2.697732686996
2.693269729614
2.688721179962
2.684068441391
2.679243803024
2.674168348312
2.668740034103
2.662885427475
2.656397342682
2.648942470551
2.640305519104
2.630154609680
2.617803812027
2.604640007019
2.591747760773
2.579223394394
2.568869113922
2.554206609726
2.563354492188
2.554800510406
2.664924383163
2.629997491837
2.625008106232
2.620210647583
2.615447759628
2.610427379608
2.604658603668
2.597332000732
2.587276458740
2.572498798370
2.549681425095
2.520744085312
2.512938261032
2.502815008163
2.505712270737
2.490746498108
2.544517993927
2.545920372009
2.503476381302
2.471255302429
2.467664957047
2.440195560455
2.468032121658
2.428585529327
2.465637207031
2.546082973480
2.503745079041
2.477843761444
2.410626173019
2.420344591141
2.405267715454
2.545027017593
2.562973737717
2.509040832520
2.493553638458
2.473382949829
2.450417518616
2.421248435974
2.413931608200
2.397215127945
2.461976051331
2.465996026993
2.407977581024
2.358384609222
2.361077308655
2.345041990280
2.396620512009
2.418271303177
2.393289327621
2.348319292068
2.376411676407
2.380778789520
2.345366954803
2.308154821396
2.403778553009
2.464629411697
2.418362855911
2.390404939651
2.357954740524
2.346624851227
2.340138435364
2.378373146057
2.389512538910
2.309050321579
2.322557210922
2.329023838043
2.316830396652
2.331044673920
2.310143947601
2.292838096619
2.354648590088
2.412538528442
2.375078916550
2.334821701050
2.286722898483
2.270828485489
2.246429920197
2.309599399567
2.359844446182
2.303068161011
2.290689468384
2.266367435455
2.306021928787
2.330424547195
2.244919538498
2.229337453842
2.256126642227
2.218008279800
2.268074035645
2.248178720474
2.308786392212
2.377340793610
2.355827093124
2.319493293762
2.305321216583
2.240305900574
2.297325611115
2.310896158218
2.229149818420
2.202171802521
2.225930213928
2.228342294693
2.336591482162
2.299833297729
2.268427848816
2.237208604813
2.253131151199
2.272305965424
2.234333038330
2.188497066498
2.248977422714
2.272587537766
2.251470804214
2.197305917740
2.187703371048
2.172786712646
2.220192909241
2.273335933685
2.241658926010
2.176685333252
2.271018743515
2.329918861389
2.294572830200
2.256964921951
2.244304895401
2.258623123169
2.264840602875
2.266407251358
2.251878261566
2.167107582092
2.188086271286
2.221964597702
2.324600696564
2.240986347198
2.200842618942
2.157121658325
2.206174612045
2.272607088089
2.212705850601
2.151970386505
2.148719072342
2.160996198654
2.274945735931
2.268366098404
2.234428644180
2.185260057449
2.172662734985
2.187360286713
2.254973888397
2.324208021164
2.246472597122
2.150066137314
2.151232957840
2.129765987396
2.156285762787
2.251871824265
2.294465541840
2.257029294968
2.200761556625
2.172293424606
2.150714159012
2.125506639481
2.128672599792
2.280392646790
2.451398849487
2.381329298019
2.361008405685
2.340071201324
2.316215991974
2.286318540573
2.213539600372
2.185217618942
2.239684104919
2.266471862793
2.254696846008
2.212455987930
2.170161247253
2.130515336990
2.120338201523
2.116078138351
2.106234312057
2.207031726837
2.319188833237
2.335600376129
2.284537792206
2.247134923935
2.217962026596
2.212603330612
2.223366498947
2.198340892792
2.195587635040
2.194191932678
2.205549716949
2.122782945633
2.145604610443
2.145933389664
2.216451883316
2.171995162964
2.125795602798
2.139660358429
2.191202163696
2.143858909607
2.103728771210
2.144645452499
2.294895172119
2.229298353195
2.175924062729
2.117029666901
2.076013565063
2.165048599243
2.065667629242
2.058146476746
2.130937099457
2.396786212921
2.671046495438
2.402758121490
2.396464347839
2.392174005508
2.386977672577
2.379498481750
2.368278741837
2.355942964554
2.341129302979
2.326898574829
2.313216686249
2.302787542343
2.292534828186
2.284200191498
2.274939298630
2.284215450287
2.359932899475
2.295855760574
2.236756324768
2.220034360886
2.261899948120
2.384949922562
2.353543758392
2.326671123505
2.303368806839
2.288702964783
2.264491081238
2.492109060287
2.382632493973
2.369562149048
2.348083019257
2.322878360748
2.289255619049
2.253481626511
2.218395233154
2.183888435364
2.152867794037
2.186805486679
2.397867918015
2.345886468887
2.281490802765
2.292471647263
2.302243232727
2.214241743088
2.179694414139
2.186896324158
2.236315965652
2.309540748596
2.253052711487
2.180190801620
2.163968324661
2.154322862625
2.193359851837
2.257971048355
2.201636075974
2.159290075302
2.123301982880
2.147930383682
2.133583307266
2.159728288651
2.261588096619
2.219109058380
2.152207851410
2.100127458572
2.157566547394
2.173818111420
2.104215621948
2.098337650299
2.085149765015
2.155888795853
2.284473657608
2.296323299408
2.249846220016
2.221295356750
2.199532985687
2.174799442291
2.145524263382
2.115129709244
2.185751199722
2.272410869598
2.223073720932
2.117102622986
2.088345527649
2.096139192581
2.101778745651
2.206614732742
2.197841882706
2.162160634995
2.121926069260
2.160144805908
2.238495588303
2.197870731354
2.103118896484
2.080539703369
2.065661668777
2.082176923752
2.141001224518
2.240831851959
2.161816596985
2.070850849152
2.055981636047
2.112695932388
2.257396697998
2.235948085785
2.148888587952
2.131346464157
2.120371103287
2.185595035553
2.181255817413
2.178491115570
2.098314046860
2.061023712158
2.053858041763
2.049533128738
2.203898906708
2.294041156769
2.258017063141
2.152799606323
2.078644275665
2.031604766846
2.070420026779
2.128627777100
2.432879209518
2.323041915894
2.272547721863
2.216259002686
2.188497066498
2.159382581711
2.220779180527
2.394157409668
2.354317188263
2.312543869019
2.251315832138
2.184370756149
2.143583059311
2.160124063492
2.292233228683
2.265859603882
2.228119850159
2.207484722137
2.175329685211
2.155778169632
2.117997407913
2.139568090439
2.084868192673
2.118188381195
2.161330461502
2.232562303543
2.120021343231
2.070529222488
2.137609720230
2.098939657211
2.079975128174
2.135443925858
2.154091358185
2.116446256638
2.048923969269
2.124272108078
2.038958787918
2.034263610840
2.122148752213
2.175920009613
2.114525318146
2.060383319855
2.019435167313
2.114311218262
2.266465425491
2.256192445755
2.119506120682
2.085672378540
2.059798955917
2.300970554352
2.344786882401
2.258979797363
2.220613479614
2.189122915268
2.181956052780
2.174024105072
2.386110305786
2.273293972015
2.251350879669
2.207165241241
2.239622354507
2.199986696243
2.296341657639
2.179851055145
2.160485982895
2.192348241806
2.164565324783
2.190432548523
2.176858663559
2.473946332932
2.339552879333
2.278735637665
2.217003822327
2.167122364044
2.130951166153
2.107005596161
2.088411569595
2.084878683090
2.107163429260
2.198882341385
2.150798559189
2.107393264771
2.129646301270
2.161130666733
2.435777664185
2.287832260132
2.222826957703
2.166489839554
2.130044937134
2.106222391129
2.081985950470
2.063824176788
2.063201665878
2.080782651901
2.103230714798
2.107729911804
2.055959224701
2.047057628632
2.074222564697
2.169086217880
2.223519325256
2.247490406036
2.155792474747
2.117213726044
2.095504283905
2.141676187515
2.300208091736
2.361084938049
2.274383544922
2.202461957932
2.136310100555
2.175318002701
2.603865623474
2.442082643509
2.366085052490
2.342685461044
2.303616762161
2.265800237656
2.238480567932
2.206212282181
2.233739137650
2.292804241180
2.277918100357
2.235376358032
2.176410198212
2.169828176498
2.156620502472
2.183967113495
2.135045051575
2.124543905258
2.227421760559
2.293571710587
2.248957872391
2.186241626740
2.138263225555
2.186037302017
2.316671609879
2.246671438217
2.208917617798
2.195300817490
2.175306797028
2.302918195724
2.388707399368
2.364939689636
2.326120376587
2.282927751541
2.220588207245
2.154395341873
2.111388444901
2.115400552750
2.121547460556
2.164211750031
2.266436815262
2.221259355545
2.139997005463
2.091258525848
2.092250347137
2.069600105286
2.132533550262
2.161808490753
2.165392398834
2.153017759323
2.086479187012
2.052330255508
2.078889369965
2.042207717896
2.098704576492
2.112351894379
2.246975898743
2.281900882721
2.229769468307
2.187655925751
2.138687133789
2.090929985046
2.046664476395
2.056059360504
2.043979406357
2.142099857330
2.229629278183
2.123765468597
2.075623035431
2.051749706268
2.095349788666
2.201261520386
2.217529773712
2.109246253967
2.060804367065
2.125014066696
2.040956497192
2.025440454483
2.129506349564
2.060711622238
2.144366741180
2.307699918747
2.296243906021
2.210977554321
2.153768777847
2.096718788147
2.123384475708
2.167239665985
2.160485506058
2.089071273804
2.077490806580
2.093602657318
2.060625791550
2.041707515717
2.125869274139
2.042510509491
2.037296772003
2.173898220062
2.196719646454
2.113435506821
2.047227859497
2.076376676559
2.059134483337
2.205881834030
2.134540081024
2.026864528656
2.061950922012
2.150533437729
2.164138793945
2.052241325378
2.008333444595
2.068016767502
2.026250600815
2.165999174118
2.124938964844
2.044725179672
2.005127906799
1.984470248222
2.022466421127
2.161859750748
2.094039201736
2.040199279785
2.036693811417
2.011445999146
2.093798875809
2.185541629791
2.098930597305
2.024844169617
2.092955589294
2.012398958206
2.019506454468
2.062630414963
2.251244306564
2.288146257401
2.301620960236
2.228144407272
2.184215068817
2.163667440414
2.183075428009
2.207162141800
2.174423694611
2.119400024414
2.099231481552
2.095322132111
2.079678535461
2.113978862762
2.182790279388
2.207595825195
2.106128692627
2.092458486557
2.137011766434
2.203682422638
2.122283220291
2.061779260635
2.034317731857
2.047970056534
2.067009925842
2.174004554749
2.162735462189
2.110836505890
2.071368932724
2.282732486725
2.272913694382
2.249554157257
2.190827608109
2.149153947830
2.106074810028
2.060788631439
2.034281015396
2.051342248917
2.170694112778
2.104755163193
2.112828493118
2.065255403519
2.058233499527
2.064431905746
2.088487625122
2.075556516647
2.117587089539
1.987652778625
1.967654585838
1.981114506721
1.996131181717
2.187862634659
2.032420158386
1.970248103142
2.027498483658
2.264807939529
2.258818387985
2.265848159790
2.205443382263
2.190535306931
2.115748643875
2.076193332672
2.103085517883
2.135628938675
2.191781044006
2.083256244659
2.040752649307
2.012387514114
2.043576478958
2.112137317657
2.128453016281
2.045952320099
2.029002428055
2.053523063660
2.149850368500
2.216376543045
2.181188344955
2.109125614166
2.000195264816
1.990070700645
2.004718065262
2.136594533920
2.170765876770
2.082038879395
1.989162683487
1.980889081955
2.018418073654
2.122713088989
2.058504819870
1.954190015793
1.971982717514
2.199413776398
2.227489709854
2.116765499115
2.092548131943
2.144822835922
2.160105943680
2.084384679794
2.010143041611
2.011569023132
2.051376581192
2.143612146378
2.061612606049
1.969803333282
1.958225727081
2.097578048706
2.245999097824
2.208148956299
2.140632390976
2.116257667542
2.113465070724
2.121607303619
2.135712146759
2.084031581879
2.111114978790
2.155512094498
2.185724496841
2.094212055206
2.037327766418
2.009173631668
2.024047613144
2.062613725662
2.065251588821
1.999627828598
2.034036159515
2.129135131836
2.080341100693
2.052313327789
2.092677831650
1.986410975456
1.957262039185
1.988626122475
2.130890846252
2.095559358597
1.968176484108
1.930857896805
2.004347324371
2.152914524078
2.124967813492
2.010793209076
1.952259659767
1.984443664551
2.053864002228
2.217539072037
2.220350503922
2.152187347412
2.121845722198
2.016966342926
1.987849116325
1.982148766518
2.013522624969
2.033749818802
2.085665464401
2.024609327316
1.961019277573
1.984108567238
1.990746021271
2.013715505600
2.043686389923
1.920413732529
1.957067608833
2.096818923950
2.073717594147
2.011228799820
1.963513255119
1.994515299797
2.074360370636
2.138897418976
2.101738452911
2.013254880905
1.986044645309
1.968054056168
2.025514364243
2.025151491165
1.966510891914
1.980526089668
2.086635351181
1.998685121536
1.913043498993
2.035240888596
2.111075878143
2.015428543091
1.968240141869
1.965864539146
2.086690664291
2.006489515305
1.886006951332
1.920851469040
1.911044597626
2.104637622833
2.071357488632
1.922659397125
1.935444235802
2.180627584457
2.109699487686
1.994601964951
1.951316237450
2.080504179001
2.196042060852
2.250705003738
2.102580070496
2.006239652634
2.044074535370
2.093705415726
2.154389619827
2.118358373642
1.962456226349
1.982594728470
2.134884119034
2.112740039825
2.166455745697
2.286888360977
2.262713909149
2.194474697113
2.097755670547
2.045799493790
2.011375904083
2.021804332733
2.158974647522
2.106071949005
2.017169475555
1.987538099289
1.974975109100
2.111381530762
2.044710874557
1.938247919083
1.920076608658
1.942558526993
2.049240350723
2.115894317627
2.009596586227
1.933645009995
2.099858522415
2.258625030518
2.156323432922
2.047924041748
1.952298521996
1.977536559105
2.026999950409
2.020372152328
1.913353562355
1.994045853615
2.209723472595
2.135732412338
2.030759334564
2.016577959061
1.954674363136
1.954088687897
2.068152904510
2.097381114960
2.044286727905
1.960503578186
1.891126275063
1.936043500900
2.007978439331
2.051307201385
2.049150705338
1.926052093506
1.898478746414
1.981549859047
2.030493259430
2.009608268738
1.868511080742
1.895682334900
2.000753402710
2.029256105423
2.089052677155
2.166149139404
2.105112314224
2.013915300369
1.976427555084
2.056545019150
2.216828346252
2.126348257065
2.021056652069
1.975689411163
2.064232110977
2.172369718552
2.141716718674
2.027212142944
1.918982982635
1.927548527718
1.950838565826
2.006198167801
2.097482919693
2.071373462677
1.971966743469
1.929901361465
1.934864997864
2.040664672852
2.116001844406
1.993796110153
1.884002685547
1.954211592674
2.163421630859
2.137376546860
2.000720500946
2.000298500061
2.058101415634
1.916632056236
1.895460724831
2.017509460449
1.968080878258
1.887903332710
1.917319774628
1.938962936401
2.064062595367
1.983251929283
1.900418519974
1.907954573631
1.937514066696
2.066678047180
1.921048998833
1.893828630447
1.907076954842
2.055873155594
1.962380290031
1.869841575623
1.860477924347
2.010032892227
1.967263936996
1.848157048225
1.825099468231
1.872512698174
2.062552928925
2.219756841660
2.178546428680
2.057873249054
1.951775550842
1.984341621399
2.118547201157
2.034804105759
1.945963025093
1.916825652122
1.939104676247
1.859754920006
1.897426724434
1.905993461609
1.934205174446
1.916500091553
1.986412048340
1.910518527031
2.049666881561
2.113753080368
2.063169717789
1.975507855415
1.990710258484
1.886847138405
1.856464624405
2.104802370071
2.106779336929
2.073145151138
1.953910708427
1.914243698120
2.038041353226
2.128044366837
2.073252916336
1.916570186615
1.878510713577
1.872040510178
1.970752716064
2.224589824677
2.070879459381
1.954659819603
1.972802162170
2.125269651413
2.078072071075
1.926108956337
1.888639807701
1.951449632645
2.062589406967
1.975030899048
1.910325527191
1.951156735420
2.009830474854
1.945905327797
2.059664011002
2.091002941132
2.138520240784
2.011837244034
1.921611189842
1.917022466660
1.901823043823
1.934646844864
1.920529127121
2.026825666428
1.957440376282
1.858566522598
1.832405924797
1.952981233597
1.914818763733
1.931226968765
2.006107091904
1.981675624847
1.856060862541
1.980964422226
2.522056102753
2.377177476883
2.335216045380
2.243667602539
2.234753370285
2.183080196381
2.237563133240
2.199937820435
2.180575609207
2.074832677841
2.103680133820
2.062049150467
2.209635257721
2.163372755051
2.046350955963
1.982192158699
1.991456270218
2.129895210266
2.127552747726
2.034069776535
1.942735910416
1.906260013580
1.903868913651
2.326808929443
2.455032587051
2.250623703003
2.210172653198
2.132365942001
2.146437644958
2.247527360916
2.183573007584
2.127243995667
2.167193651199
2.150122165680
2.032224655151
2.004339694977
1.992493152618
2.038860082626
2.006140708923
1.936147570610
2.008963346481
2.148219585419
2.179872512817
2.144028663635
2.075313091278
2.003627300262
1.986972451210
1.967665314674
1.927504301071
1.930016517639
1.995056867599
1.949220418930
1.851066112518
1.854793667793
1.975956320763
2.160246133804
2.136048316956
2.023370742798
1.972970366478
2.007370471954
1.997392416000
1.934951543808
1.920741558075
1.986313343048
2.045589447021
2.058631420135
1.926675319672
1.975696086884
1.916098952293
1.949245095253
1.855298042297
1.882150888443
1.997923254967
2.069516658783
1.991804003716
1.909340143204
1.909192323685
2.048880815506
1.964957118034
1.905218005180
1.829182744026
1.865771651268
2.078114271164
2.084323167801
2.074394464493
2.045974493027
1.959191203117
1.927288889885
1.977689981461
2.050930976868
2.137091636658
1.993746876717
1.910136222839
1.886653900146
1.919240117073
2.248332023621
2.138546466827
1.992934226990
1.908296823502
1.864873170853
1.873420000076
2.094948530197
2.144728422165
2.141146898270
2.080602407455
1.947225689888
1.916791558266
1.971503019333
2.133838176727
2.091794490814
2.022798776627
1.957740068436
1.931280255318
1.886962652206
1.932321310043
1.961660623550
1.864483594894
1.918582558632
1.975364565849
1.895238041878
1.814618587494
2.023682832718
2.046905279160
1.922554135323
1.865749835968
1.897498369217
1.859024643898
1.919232249260
1.885437011719
1.889476180077
1.901768445969
1.901928305626
1.838894248009
1.882021188736
2.032400608063
2.121602296829
2.027666091919
1.962075710297
1.859637022018
1.831789970398
1.897993445396
2.012977361679
1.993056535721
1.878826141357
1.832204818726
1.918992042542
2.086122512817
2.083456516266
2.132042884827
2.057298421860
1.911406040192
1.962019205093
1.928101301193
1.961801648140
1.802246093750
1.799097537994
1.796942830086
1.860249757767
1.878810286522
1.827520608902
2.006532669067
2.154656648636
2.153102636337
2.013071298599
2.012778997421
2.005202770233
1.995542764664
1.911792039871
1.910593152046
1.981077909470
1.887001633644
1.805525183678
1.794085741043
1.832924485207
1.924399018288
1.791684746742
1.930550694466
1.926804780960
1.837739229202
1.937648534775
2.045152664185
2.087765455246
2.107573270798
1.957425594330
1.923818826675
1.928491711617
1.899610161781
1.814917325974
1.836714148521
2.040216922760
2.214314460754
2.074504375458
1.951364636421
1.939241409302
2.036965847015
2.072016954422
1.989371657372
1.922229766846
1.840865612030
1.789111495018
1.913539886475
1.894495487213
1.923015832901
1.853443264961
1.844146370888
1.972073793411
1.913607835770
1.828183174133
1.832889199257
1.823001384735
1.959694147110
1.968914151192
1.870633602142
1.841466188431
2.007358551025
2.076288700104
2.041599988937
2.151592493057
2.122553348541
2.038985729218
1.986625194550
1.804858922958
1.768524646759
1.763764023781
2.020487785339
2.197433233261
2.136135101318
2.033107757568
1.972655177116
1.969488501549
1.880998015404
1.809352993965
1.827873945236
2.045023441315
2.012629032135
1.893672108650
1.992748022079
2.043233394623
2.003987073898
2.062158107758
2.059170484543
2.024388313293
2.168425798416
2.197352886200
2.185594320297
2.010487318039
1.920470714569
1.865136861801
1.860584497452
2.036953926086
1.977059721947
1.894392013550
1.840661048889
1.870667695999
1.936861753464
1.923558354378
1.843924760818
1.890316724777
2.006576776505
1.912923812866
1.785514950752
1.791661024094
1.845244884491
2.039206027985
1.977000832558
1.868548750877
1.807157993317
1.865442156792
1.992275714874
2.060236692429
2.127168416977
2.012665033340
1.896334767342
1.774491667747
1.792756795883
1.869153022766
1.986151576042
2.109814167023
1.979172468185
1.901508450508
1.940556049347
1.887735486031
1.876818299294
1.880501270294
1.826519250870
1.778055548668
1.872219800949
1.968053340912
2.022069692612
1.993885278702
1.942567348480
1.800045967102
1.708984494209
1.771814703941
1.998754262924
2.037847042084
2.063569307327
2.107108354568
2.075062513351
2.106929063797
1.989977240562
1.878382563591
1.907376527786
1.939532279968
1.895386099815
1.827819108963
1.842251062393
1.937013626099
2.121073961258
2.054470300674
1.889547705650
1.813843250275
1.840750575066
1.873194575310
2.004530429840
1.966706991196
1.810077190399
1.907381534576
1.841323852539
1.880553245544
1.901394724846
1.984825611115
1.926712274551
1.850590467453
1.766341447830
1.864337563515
1.864906668663
1.795975089073
1.886593461037
1.876997470856
1.915750980377
1.873128533363
1.776685595512
1.793136596680
2.078262567520
2.106925725937
2.047173500061
1.945831775665
1.872739195824
1.903551220894
1.944482922554
1.826762437820
1.758987426758
1.786220669746
1.975937604904
1.967116355896
1.867756962776
1.979077816010
2.140976190567
2.092868804932
1.902307033539
1.788077116013
1.755638957024
1.943529963493
2.056096076965
2.163918256760
2.061595201492
1.908628106117
1.879274606705
2.100883722305
2.126607656479
2.116901159286
2.129252910614
2.008637189865
1.927996158600
1.946854591370
1.909194946289
1.842427968979
1.828704595566
1.808351635933
1.883123397827
1.897194743156
1.813908576965
1.951377153397
2.063012123108
2.085067749023
2.120011329651
2.227435588837
2.047613620758
1.867077231407
1.919884204865
1.937992215157
1.970744132996
1.956166505814
1.911293625832
1.821552515030
1.802383899689
1.974420189857
1.825648069382
1.728607058525
1.895378828049
1.984769344330
1.925898790359
1.757911205292
1.795686483383
1.968879818916
2.072144985199
1.941334009171
1.820120573044
1.785977482796
1.911353588104
2.089333772659
1.967395901680
1.864922523499
1.846887230873
1.863593816757
1.930446863174
1.821674108505
1.833771228790
1.837021112442
1.826651811600
1.809436678886
1.886645793915
1.977707862854
1.935431361198
1.893451809883
1.923919558525
1.862707376480
1.867530703545
1.843608140945
1.864079117775
1.848070859909
1.816392421722
1.758338689804
1.785265445709
2.106194019318
2.123429059982
1.966563820839
1.900351166725
1.922985076904
1.814859390259
1.835207223892
1.815937399864
1.922172307968
1.920815825462
1.905609965324
1.864525556564
1.809963464737
1.781604409218
1.881253838539
1.985876321793
1.860553145409
1.773579001427
1.932113289833
1.788475751877
1.703560709953
1.748124718666
2.137752294540
2.330127477646
2.450889348984
2.338695526123
2.171758651733
2.032154798508
1.980244755745
2.126434326172
2.217372179031
2.144771099091
2.031964778900
2.046093940735
1.929569363594
1.878066062927
2.031482934952
2.022390127182
2.003788471222
2.161900758743
2.211861610413
2.056885719299
1.956371307373
1.844469666481
1.826393485069
2.125278234482
2.143918514252
2.029248714447
2.101330280304
2.081049442291
1.955842971802
1.882135510445
1.929628133774
2.035614013672
2.062232494354
2.027544260025
1.842105627060
1.830009937286
2.058436393738
2.014294385910
1.901072978973
1.872128009796
1.900400876999
1.932080745697
1.902995944023
1.751782059669
1.741416454315
1.831863522530
2.100369691849
2.169027566910
1.952110052109
1.822673201561
1.783555030823
1.803448796272
1.800182819366
1.803719401360
1.801360130310
1.915680289268
1.840506315231
1.784080028534
1.727293252945
1.748261809349
1.916748285294
1.855745792389
1.969431996346
2.164447307587
2.186650037766
2.051599025726
2.029101848602
2.028256654739
1.875136017799
1.851760149002
2.047159910202
2.202223062515
2.337247371674
2.254609823227
2.108660936356
2.058498144150
1.891777992249
1.990835785866
2.153981447220
2.177136421204
2.212140798569
2.074761867523
1.901148438454
1.888698935509
1.901499271393
1.880251526833
1.877902626991
1.826583743095
1.822862863541
1.779099941254
1.926842212677
1.875865578651
1.825020432472
1.787221193314
1.956275463104
2.015504837036
1.905622959137
1.894147872925
1.987404108047
2.025079727173
1.930188655853
1.798941373825
1.755876541138
1.966633677483
2.022360801697
1.907773017883
1.760762453079
1.818554043770
1.775335311890
1.816453456879
1.894395828247
1.912329673767
1.779162883759
1.718357920647
1.811871767044
1.859394311905
2.031505107880
2.263663291931
2.306728363037
2.366116285324
2.280959606171
2.149379253387
2.185993194580
2.199632406235
2.155977964401
1.980040550232
1.920324563980
1.919879078865
2.055588483810
2.055546045303
1.975182533264
1.812268137932
1.867373704910
1.982511758804
1.906450271606
1.857711553574
1.969233632088
2.250128984451
2.217497348785
2.012062549591
1.929735660553
1.856818437576
1.962854385376
1.916995882988
1.845073580742
1.818550586700
2.057973623276
2.058831214905
2.028982400894
2.075818538666
1.991837739944
1.892565488815
1.858963489532
1.953342199326
1.942435860634
1.780329465866
1.774815320969
1.844031810760
2.012659788132
2.037877321243
1.871463894844
1.771009325981
1.758809089661
1.868357181549
1.870933055878
1.811758995056
1.790842771530
1.819560408592
1.846243381500
1.895112037659
1.867192864418
1.751553893089
1.746475577354
1.890612006187
2.011360406876
2.020706653595
1.864427089691
1.758317828178
1.797919392586
1.879861831665
1.879296660423
1.925576448441
1.884801506996
1.802740573883
1.853256225586
1.962457299232
2.044341802597
2.144626617432
2.071083068848
2.001092910767
2.072963237762
1.965929389000
1.821989417076
1.732727766037
1.726258754730
2.240051269531
2.191392183304
2.075841665268
2.045006036758
1.986675620079
1.971952438354
1.910906195641
1.899546265602
1.946573972702
2.013945102692
1.892355680466
1.834622621536
1.973676085472
2.249286413193
2.174328804016
2.037311553955
1.924695491791
1.980826377869
1.872801542282
1.854694604874
1.800923943520
1.881470680237
2.000270605087
1.888486504555
1.756019115448
1.734706163406
1.864078521729
2.119618415833
2.092702388763
1.869049310684
1.847757458687
1.887896895409
1.929723978043
1.761999011040
1.788251757622
1.808057546616
2.005733728409
1.857840418816
1.793862223625
1.931511759758
2.073821783066
2.188633918762
2.084901809692
1.853339076042
1.803581118584
1.926669716835
2.000397682190
1.878714203835
1.942864775658
2.044134378433
1.823365211487
1.730169534683
1.747811555862
1.983421087265
2.127162933350
2.075908660889
1.910610198975
1.797853827477
1.726195573807
1.744650363922
2.000592231750
2.137208700180
2.061414480209
1.912126779556
1.772657632828
1.818471074104
1.947006821632
1.871644735336
1.760738968849
1.750543832779
1.890198707581
2.015925884247
1.980603456497
1.771788120270
1.705792069435
1.746136784554
1.962419867516
2.051509380341
2.015947103500
2.059457302094
2.115700483322
1.983372449875
2.113208770752
2.238298416138
2.116549015045
1.890380859375
1.790877103806
1.819696187973
2.095741271973
2.081856966019
1.877483129501
1.802390098572
1.751223444939
1.843195676804
2.009750843048
2.140886068344
2.088254213333
1.987066626549
1.811127066612
1.801216602325
1.852431654930
1.924971342087
1.843735814095
1.896480798721
2.030663013458
2.051880121231
1.965839624405
1.898206353188
1.773493885994
1.705323815346
1.812266111374
1.888245344162
1.862799525261
1.883893489838
1.666864752769
1.711444497108
1.904997348785
1.978975057602
2.075637102127
2.027378320694
1.983450531960
1.921584010124
1.975302457809
1.825333356857
1.755957841873
1.837592720985
1.752468347549
1.698431253433
1.743268847466
1.865501761436
1.918445944786
1.858485341072
1.831587433815
1.856630563736
1.809901595116
1.768700122833
1.847067832947
1.924012660980
1.794303655624
1.772383809090
1.907413721085
2.132625579834
2.187466859818
1.989354848862
1.887269377708
1.802130341530
1.810464262962
2.078937292099
2.140542745590
2.037043333054
1.994760751724
1.893496513367
1.815632343292
2.034507751465
1.894545316696
1.710119366646
1.746184825897
1.837149143219
2.061332702637
2.221913337708
2.133884191513
2.004230499268
1.864105463028
1.729545354843
1.761758208275
1.858232498169
1.949742317200
1.799681663513
1.729067802429
1.820955514908
1.785747289658
1.877430200577
1.776668787003
1.698851227760
1.937556147575
2.049767255783
1.887574195862
1.808507680893
1.833290576935
2.015033006668
1.996016860008
1.930718541145
1.904439806938
1.804675221443
1.795797824860
1.852956533432
1.786526679993
1.760023593903
1.786531448364
1.847145557404
1.849175214767
1.739752650261
1.709432125092
1.804860949516
1.974035024643
1.919218540192
1.764532089233
1.764193058014
1.766987323761
1.694827795029
1.731435656548
1.724774599075
1.689464211464
1.809483051300
1.798208951950
1.759903073311
1.831419467926
1.816292285919
