0.083264633141
0.555647155812
0.626133553174
0.770816158285
0.749381698269
0.802555647156
0.805853256389
0.814921681781
0.819868095631
0.822341302556
0.825226710635
0.828112118714
0.830997526793
0.832646331410
0.834707337181
0.836768342951
0.838417147568
0.839653751031
0.839653751031
0.842126957955
0.842126957955
0.843775762572
0.846661170651
0.847485572960
0.847897774114
0.847897774114
0.849134377576
0.849958779885
0.851195383347
0.851195383347
0.851607584501
0.852019785655
0.852431986810
0.852019785655
0.854080791426
0.854492992580
0.854905193735
0.855729596043
0.855729596043
0.856141797197
0.856966199505
0.857378400660
0.856553998351
0.856141797197
0.856553998351
0.856966199505
0.857378400660
0.857378400660
0.857378400660
0.857378400660
