0.147521160822
0.431983071342
0.714631197098
0.658101571947
0.795646916566
0.749395405079
0.813482466747
0.799576783555
0.820435308343
0.821946795647
0.826178960097
0.829806529625
0.833736396614
0.837061668682
0.839177750907
0.841596130593
0.844921402660
0.847037484885
0.849153567110
0.850967351874
0.853385731560
0.854292623942
0.853990326481
0.856408706167
0.857315598549
0.858524788392
0.859431680774
0.859733978235
0.860640870617
0.861547762999
0.862152357920
0.863361547763
0.865175332527
0.865477629988
0.866384522370
0.866384522370
0.867291414752
0.868198307134
0.868198307134
0.869407496977
0.870616686820
0.871221281741
0.871825876663
0.872430471584
0.873035066505
0.872732769045
0.872732769045
0.873035066505
0.873941958888
0.873639661427
