0.095311695003
0.095826893354
0.095826893354
0.095826893354
0.098402885111
0.135497166409
0.160226687275
0.197320968573
0.216383307573
0.219474497682
0.233900051520
0.182380216383
0.115919629057
0.088098918083
0.088098918083
0.088098918083
0.088098918083
0.088098918083
0.088098918083
0.088098918083
0.088614116435
0.092220504894
0.095826893354
0.107676455435
0.120556414219
0.130345182895
0.145285935085
0.145801133436
0.146316331788
0.147861926842
0.146316331788
0.191138588357
0.183410613086
0.186501803194
0.225656877898
0.202472952087
0.222050489438
0.217413704276
0.218959299330
0.225141679547
0.165893869140
0.206594538897
0.194744976816
0.127253992787
0.162802679031
0.188047398248
0.212261720762
0.239052035033
0.210200927357
0.115919629057
0.116434827409
0.117465224111
0.121071612571
0.130345182895
0.136012364760
0.139618753220
0.149407521896
0.161257083977
0.183925811437
0.192684183411
0.172591447707
0.116950025760
0.112313240598
0.112313240598
0.119010819165
0.123132405976
0.124162802679
0.129314786193
0.143740340031
0.162802679031
0.190108191654
0.224626481195
0.193199381762
0.115919629057
0.114374034003
0.111282843895
0.110767645544
0.110767645544
0.110252447192
0.110252447192
0.109737248841
0.110767645544
0.128799587841
0.147861926842
0.150437918599
0.149922720247
0.155589902112
0.164348274086
0.164863472437
0.159711488923
0.178773827924
0.203503348789
0.224111282844
0.214837712519
0.242658423493
0.195775373519
0.135497166409
0.149922720247
0.190623390005
0.184441009789
0.219474497682
0.196805770222
0.213807315817
0.202988150438
0.120556414219
0.120556414219
0.124162802679
0.127253992787
0.129829984544
0.126738794436
0.143225141680
0.154044307058
0.158165893869
0.170015455951
0.177743431221
0.189592993302
0.165893869140
0.163833075734
0.205564142195
0.187017001546
0.191653786708
0.221020092736
0.150953116950
0.197320968573
0.220504894384
0.231839258114
0.194229778465
0.118495620814
0.122102009274
0.128284389490
0.138073158166
0.161257083977
0.204533745492
0.218959299330
0.225656877898
0.229263266358
0.227202472952
0.221020092736
0.176713034518
0.242143225142
0.221535291087
0.238536836682
0.195775373519
0.217928902628
0.132405976301
0.161772282329
0.206079340546
0.234415249871
0.227202472952
0.228232869655
0.224626481195
0.132921174652
0.162802679031
0.227202472952
0.228232869655
0.243173621844
0.225141679547
0.225656877898
0.244719216899
0.138073158166
0.201442555384
0.189592993302
0.198866563627
0.115919629057
0.115919629057
0.115919629057
0.115919629057
0.117465224111
0.120041215868
0.112313240598
0.114374034003
0.123132405976
0.162287480680
0.186501803194
0.197836166924
0.196805770222
0.185986604843
0.117980422463
0.148892323545
0.201957753735
0.164863472437
0.199896960330
0.177743431221
0.163317877383
0.192168985059
0.180834621329
0.205048943843
0.192684183411
0.139103554869
0.178258629572
0.221535291087
0.207624935600
0.203503348789
0.211746522411
0.214322514168
0.215352910871
0.209685729006
0.216898505925
0.206079340546
0.223596084493
0.208655332303
0.214322514168
0.204533745492
0.225141679547
0.241112828439
0.221020092736
0.214322514168
0.182380216383
0.243173621844
0.252447192169
0.245234415250
0.155589902112
0.118495620814
0.124162802679
0.131890777950
0.148892323545
0.168469860896
0.198351365276
0.199896960330
0.202472952087
0.203503348789
0.193714580113
0.112313240598
0.097372488408
0.110252447192
0.124162802679
0.124678001030
0.128799587841
0.156105100464
0.214837712519
0.224626481195
0.220504894384
0.216898505925
0.226172076249
0.224111282844
0.200412158681
0.205564142195
0.226172076249
0.148377125193
0.192168985059
0.256053580629
0.236991241628
0.241628026790
0.189077794951
0.252962390520
0.154044307058
0.221020092736
0.246264811953
0.240597630088
0.246780010304
0.229263266358
0.194744976816
0.130860381247
0.145285935085
0.150437918599
0.155074703761
0.170015455951
0.108191653787
0.126223596084
0.144255538382
0.176713034518
0.194229778465
0.204018547141
0.228232869655
0.213292117465
0.221020092736
0.125193199382
0.157135497166
0.134466769706
0.178258629572
0.215352910871
0.214322514168
0.211231324060
0.214322514168
0.216383307573
0.217928902628
0.216383307573
0.219474497682
0.226687274601
0.224626481195
0.216898505925
0.210716125708
0.166924265842
0.105100463679
0.177743431221
0.208655332303
0.212261720762
0.216383307573
0.217928902628
0.216898505925
0.218444100979
0.204533745492
0.230293663060
0.164863472437
0.225656877898
0.261205564142
0.151468315301
0.124162802679
0.097372488408
0.096342091705
0.096342091705
0.099433281813
0.108191653787
0.116434827409
0.130345182895
0.147861926842
0.162287480680
0.165893869140
0.170015455951
0.177743431221
0.197836166924
0.226687274601
0.233384853168
0.224111282844
0.227202472952
0.253992787223
0.230808861412
0.184441009789
0.106130860381
0.072642967543
0.090159711489
0.115919629057
0.141164348274
0.156620298815
0.163833075734
0.173106646059
0.175682637816
0.188562596600
0.195260175167
0.206594538897
0.203503348789
0.213292117465
0.197836166924
0.215868109222
0.172591447707
0.198866563627
0.128284389490
0.178258629572
0.173621844410
0.207624935600
0.217928902628
0.202988150438
0.238536836682
0.231324059763
0.221535291087
0.196805770222
0.196805770222
0.235445646574
0.234930448223
0.250901597115
0.239052035033
0.256053580629
0.220504894384
0.236991241628
0.191653786708
0.190623390005
0.218959299330
0.251931993818
0.258114374034
0.216898505925
0.200927357032
0.219474497682
0.261720762494
0.272539927872
0.268933539413
0.277176713035
0.274085522926
0.245234415250
0.207624935600
0.156105100464
0.181865018032
0.200927357032
0.195260175167
0.221020092736
0.231324059763
0.238536836682
0.234930448223
0.203503348789
0.128799587841
0.139103554869
0.148892323545
0.160741885626
0.168469860896
0.176197836167
0.177228232870
0.183410613086
0.174137042761
0.181865018032
0.193199381762
0.211746522411
0.240082431736
0.226687274601
0.233900051520
0.224626481195
0.232869654817
0.121071612571
0.153013910355
0.208655332303
0.213292117465
0.204018547141
0.227202472952
0.230293663060
0.236476043277
0.235960844925
0.231324059763
0.190108191654
0.117980422463
0.131375579598
0.169500257599
0.228748068006
0.234415249871
0.231324059763
0.225141679547
0.182380216383
0.159711488923
0.195260175167
0.216383307573
0.245749613601
0.249356002061
0.229778464709
0.226687274601
0.157650695518
0.223596084493
0.248840803709
0.231839258114
0.226172076249
0.197836166924
0.224111282844
0.251931993818
0.223596084493
0.255538382277
0.217413704276
0.203503348789
0.195260175167
0.230293663060
0.246780010304
0.275115919629
0.245234415250
0.270479134467
0.209685729006
0.222050489438
0.250901597115
0.294693456981
0.274085522926
0.272024729521
0.171561051005
0.175682637816
0.182895414735
0.236991241628
0.260690365791
0.212776919114
0.215352910871
0.227717671303
0.276146316332
0.280267903143
0.236476043277
0.255538382277
0.215352910871
0.235960844925
0.230808861412
0.242658423493
0.205048943843
0.190108191654
0.214322514168
0.239052035033
0.248840803709
0.247810407007
0.262235960845
0.203503348789
0.235960844925
0.248840803709
0.255538382277
0.271509531170
0.273055126224
0.252962390520
0.252962390520
0.178258629572
0.182895414735
0.175167439464
0.170015455951
0.260690365791
0.280267903143
0.288511076765
0.259659969088
0.223596084493
0.201957753735
0.287480680062
0.302936630603
0.300360638846
0.296239052035
0.289541473467
0.257599175683
0.192684183411
0.211231324060
0.236991241628
0.275631117980
0.268933539413
0.199381761978
0.138588356517
0.099948480165
0.145801133436
0.160226687275
0.167954662545
0.173106646059
0.178258629572
0.176713034518
0.178773827924
0.177228232870
0.178773827924
0.178773827924
0.179289026275
0.175682637816
0.178773827924
0.180319422978
0.180834621329
0.189077794951
0.204018547141
0.207624935600
0.208140133952
0.211746522411
0.212261720762
0.203503348789
0.161257083977
0.120041215868
0.124678001030
0.126223596084
0.123132405976
0.123647604328
0.122617207625
0.120041215868
0.120041215868
0.120556414219
0.117980422463
0.115919629057
0.115919629057
0.119010819165
0.120556414219
0.118495620814
0.119010819165
0.120041215868
0.122617207625
0.121586810922
0.128799587841
0.136527563112
0.148892323545
0.150953116950
0.150953116950
0.155589902112
0.157650695518
0.163833075734
0.173106646059
0.181349819681
0.183925811437
0.123132405976
0.100463678516
0.099433281813
0.099948480165
0.102009273570
0.102524471922
0.103039670273
0.106130860381
0.113343637300
0.125708397733
0.135497166409
0.139103554869
0.145285935085
0.132921174652
0.104585265327
0.069551777434
0.069551777434
0.070582174137
0.085522926327
0.111282843895
0.128799587841
0.132405976301
0.127769191139
0.130860381247
0.133436373004
0.129829984544
0.122617207625
0.106130860381
0.103039670273
0.102009273570
0.087068521381
0.045337454920
0.115404430706
0.153529108707
0.145285935085
0.130860381247
0.093766099948
0.110767645544
0.110767645544
0.114374034003
0.095826893354
0.124162802679
0.134981968058
0.156105100464
0.139618753220
0.177743431221
0.154559505410
0.146831530139
0.111798042246
0.111798042246
0.114889232354
0.124678001030
0.138073158166
0.160741885626
0.160226687275
0.149922720247
0.159711488923
0.166409067491
0.183410613086
0.147346728490
0.120556414219
0.125193199382
0.136012364760
0.154044307058
0.195775373519
0.195260175167
0.118495620814
0.120556414219
0.126223596084
0.136012364760
0.161257083977
0.175167439464
0.161772282329
0.198866563627
0.188047398248
0.128799587841
0.147346728490
0.181865018032
0.177228232870
0.186501803194
0.173106646059
0.200927357032
0.164348274086
0.123132405976
0.140133951571
0.160741885626
0.200412158681
0.206079340546
0.207109737249
0.167439464194
0.154559505410
0.205048943843
0.205048943843
0.180319422978
0.177743431221
0.180319422978
0.231839258114
0.175682637816
0.228232869655
0.202988150438
0.151468315301
0.195260175167
0.219474497682
0.190108191654
0.173106646059
0.231324059763
0.202472952087
0.123647604328
0.180319422978
0.179289026275
0.161772282329
0.192684183411
0.202472952087
0.230808861412
0.222050489438
0.226687274601
0.224626481195
0.229263266358
0.194229778465
0.116434827409
0.101494075219
0.153013910355
0.153529108707
0.170015455951
0.147861926842
0.104585265327
0.140133951571
0.121586810922
0.126223596084
0.162287480680
0.147346728490
0.148377125193
0.130860381247
0.138588356517
0.156620298815
0.169500257599
0.138073158166
0.132921174652
0.171561051005
0.154044307058
0.164863472437
0.197320968573
0.157650695518
0.143740340031
0.233384853168
0.217413704276
0.232869654817
0.229263266358
0.206594538897
0.180319422978
0.205564142195
0.138073158166
0.164348274086
0.115919629057
0.115919629057
0.115919629057
0.126223596084
0.131890777950
0.131890777950
0.121071612571
0.133951571355
0.130860381247
0.139618753220
0.149407521896
0.144255538382
0.156105100464
0.086553323029
0.116434827409
0.124162802679
0.139618753220
0.144770736734
0.159711488923
0.164863472437
0.165378670788
0.165378670788
0.168469860896
0.173106646059
0.196290571870
0.182895414735
0.198351365276
0.196805770222
0.163317877383
0.196805770222
0.175167439464
0.189077794951
0.127253992787
0.136527563112
0.163833075734
0.181865018032
0.196805770222
0.196290571870
0.171045852653
0.172076249356
0.176197836167
0.172591447707
0.179289026275
0.195260175167
0.174137042761
0.202988150438
0.169500257599
0.124678001030
0.130860381247
0.140649149923
0.146316331788
0.166924265842
0.185471406491
0.196290571870
0.173106646059
0.204018547141
0.189077794951
0.208140133952
0.185471406491
0.194229778465
0.167954662545
0.159711488923
0.194229778465
0.193199381762
0.177743431221
0.173621844410
0.198351365276
0.172076249356
0.205048943843
0.176197836167
0.198866563627
0.186501803194
0.171561051005
0.205564142195
0.181349819681
0.176713034518
0.089129314786
0.095311695003
0.088098918083
0.094796496651
0.111798042246
0.130860381247
0.136012364760
0.154559505410
0.167439464194
0.185986604843
0.157650695518
0.180834621329
0.200412158681
0.187532199897
0.194229778465
0.175682637816
0.177228232870
0.193199381762
0.189077794951
0.193199381762
0.190623390005
0.185986604843
0.177228232870
0.177228232870
0.085522926327
0.100978876868
0.140133951571
0.148892323545
0.123647604328
0.167439464194
0.173621844410
0.173106646059
0.175167439464
0.117465224111
0.176197836167
0.146831530139
0.174652241113
0.081401339516
0.129829984544
0.142709943328
0.144770736734
0.177743431221
0.178258629572
0.167954662545
0.172076249356
0.124162802679
0.150437918599
0.105615662030
0.150437918599
0.178773827924
0.180319422978
0.176197836167
0.180319422978
0.172076249356
0.177743431221
0.132921174652
0.168469860896
0.133436373004
0.121071612571
0.174137042761
0.187532199897
0.186501803194
0.138073158166
0.181865018032
0.201442555384
0.174137042761
0.179804224626
0.172591447707
0.147861926842
0.169500257599
0.110767645544
0.146316331788
0.157650695518
0.163833075734
0.154044307058
0.138588356517
0.159196290572
0.195775373519
0.204018547141
0.199381761978
0.184956208140
0.183925811437
0.186501803194
0.179289026275
0.180834621329
0.157135497166
0.179804224626
0.161772282329
0.174137042761
0.105615662030
0.115404430706
0.134466769706
0.139103554869
0.127253992787
0.147861926842
0.178258629572
0.127253992787
0.140649149923
0.121586810922
0.179289026275
0.176197836167
0.178258629572
0.127253992787
0.152498712004
0.124162802679
0.167954662545
0.171561051005
0.176197836167
0.112828438949
0.161772282329
0.187017001546
0.180834621329
0.176713034518
0.178773827924
0.178258629572
0.176713034518
0.181349819681
0.165378670788
0.181865018032
0.103039670273
0.164348274086
0.178773827924
0.170015455951
0.160226687275
0.167954662545
0.123647604328
0.143740340031
0.171561051005
0.180319422978
0.172076249356
0.180834621329
0.143740340031
0.192684183411
0.165893869140
0.194229778465
0.146316331788
0.201957753735
0.170015455951
0.192684183411
0.151983513653
0.195260175167
0.134981968058
0.184441009789
0.183925811437
0.191138588357
0.177228232870
0.187017001546
0.175167439464
0.162802679031
0.163833075734
0.200927357032
0.178258629572
0.197836166924
0.123132405976
0.171045852653
0.177228232870
0.172591447707
0.190108191654
0.200412158681
0.172591447707
0.207109737249
0.148377125193
0.209685729006
0.170530654302
0.157650695518
0.190108191654
0.179804224626
0.161772282329
0.189077794951
0.159711488923
0.184956208140
0.177743431221
0.172591447707
0.145801133436
0.206079340546
0.207624935600
0.185471406491
0.177743431221
0.194744976816
0.147346728490
0.206594538897
0.184441009789
0.205048943843
0.161257083977
0.224111282844
0.172591447707
0.173621844410
0.136012364760
0.193714580113
0.184956208140
0.173621844410
0.154559505410
0.205564142195
0.215868109222
0.198351365276
0.196290571870
0.188562596600
0.166924265842
0.201957753735
0.173106646059
0.197320968573
0.147346728490
0.157650695518
0.178773827924
0.195775373519
0.199896960330
0.181865018032
0.177228232870
0.165893869140
0.175167439464
0.153529108707
0.133951571355
0.147861926842
0.161772282329
0.176713034518
0.194744976816
0.196805770222
0.194229778465
0.195775373519
0.184441009789
0.200412158681
0.153013910355
0.070582174137
0.143225141680
0.140133951571
0.140133951571
0.140133951571
0.140133951571
0.140133951571
0.139618753220
0.136012364760
0.129829984544
0.145285935085
0.107161257084
0.154559505410
0.147861926842
0.165893869140
0.171561051005
0.167954662545
0.164863472437
0.141679546625
0.106130860381
0.090674909840
0.111798042246
0.140133951571
0.178773827924
0.171561051005
0.166409067491
0.164863472437
0.162287480680
0.131890777950
0.115919629057
0.116950025760
0.117465224111
0.117980422463
0.125708397733
0.132921174652
0.142709943328
0.160226687275
0.180834621329
0.190623390005
0.189592993302
0.192168985059
0.192684183411
0.193714580113
0.191653786708
0.192168985059
0.193714580113
0.197320968573
0.195775373519
0.196805770222
0.130345182895
0.141679546625
0.117465224111
0.124162802679
0.137042761463
0.157650695518
0.205564142195
0.207624935600
0.152498712004
0.127253992787
0.115919629057
0.115919629057
0.115919629057
0.115919629057
0.115919629057
0.115919629057
0.115919629057
0.115919629057
0.115919629057
0.115919629057
0.115919629057
0.115919629057
0.115919629057
0.115919629057
0.115919629057
0.115919629057
0.115919629057
0.116434827409
0.115919629057
0.115919629057
0.115919629057
0.115404430706
0.116434827409
0.116434827409
0.130860381247
0.140649149923
0.141164348274
0.151983513653
0.147346728490
0.152498712004
0.156105100464
0.160226687275
0.156620298815
0.159711488923
0.153529108707
0.144255538382
0.069551777434
0.069551777434
0.069551777434
0.070066975786
0.073673364245
0.076764554353
0.078825347759
0.082431736218
0.083977331273
0.087583719732
0.091190108192
0.093250901597
0.092735703246
0.093250901597
0.093250901597
0.094796496651
0.119010819165
0.125193199382
0.133436373004
0.140649149923
0.140649149923
0.139103554869
0.139103554869
0.137042761463
0.138073158166
0.138588356517
0.130345182895
0.148892323545
0.115404430706
0.167954662545
0.165893869140
0.166924265842
0.165893869140
0.163317877383
0.163317877383
0.164863472437
0.163317877383
0.162287480680
0.162802679031
0.163317877383
0.162802679031
0.163317877383
0.161772282329
0.164348274086
0.162287480680
0.162287480680
0.157650695518
0.162802679031
0.172591447707
0.182380216383
0.174652241113
0.194744976816
0.190108191654
0.124678001030
0.149407521896
0.113343637300
0.145801133436
0.158165893869
0.192168985059
0.202988150438
0.197320968573
0.195775373519
0.201442555384
0.196805770222
0.201442555384
0.193714580113
0.199896960330
0.187017001546
0.201442555384
0.165893869140
0.157135497166
0.137557959815
0.198351365276
0.201442555384
0.208140133952
0.167954662545
0.194744976816
0.177228232870
0.197320968573
0.180319422978
0.192684183411
0.162802679031
0.201957753735
0.206594538897
0.199896960330
0.187017001546
0.160226687275
0.205564142195
0.183925811437
0.155074703761
0.164863472437
0.191653786708
0.191653786708
0.189592993302
0.189077794951
0.191653786708
0.160226687275
0.163833075734
0.218444100979
0.177743431221
0.204533745492
0.193199381762
0.200927357032
0.193199381762
0.192684183411
0.138073158166
0.171561051005
0.177228232870
0.191653786708
0.193714580113
0.197320968573
0.204533745492
0.202472952087
0.200927357032
0.210200927357
0.185471406491
0.120041215868
0.190623390005
0.197836166924
0.195260175167
0.204533745492
0.178258629572
0.196805770222
0.197320968573
0.204018547141
0.201442555384
0.188562596600
0.154559505410
0.182380216383
0.179289026275
0.176197836167
0.161257083977
0.178773827924
0.163833075734
0.190623390005
0.165378670788
0.195260175167
0.168469860896
0.201957753735
0.171045852653
0.197320968573
0.194744976816
0.192684183411
0.178258629572
0.223596084493
0.205048943843
0.213807315817
0.181349819681
0.222565687790
0.179289026275
0.205564142195
0.206594538897
0.194744976816
0.179804224626
0.214322514168
0.204018547141
0.192684183411
0.176713034518
0.210200927357
0.199381761978
0.193199381762
0.164863472437
0.195775373519
0.205048943843
0.192168985059
0.197320968573
0.206594538897
0.171561051005
0.190623390005
0.203503348789
0.205048943843
0.175167439464
0.185471406491
0.194744976816
0.194229778465
0.222050489438
0.204018547141
0.169500257599
0.165378670788
0.218959299330
0.194229778465
0.181349819681
0.209170530654
0.171045852653
0.160741885626
0.200412158681
0.198351365276
0.192684183411
0.204018547141
0.171045852653
0.201442555384
0.203503348789
0.170015455951
0.188047398248
0.214322514168
0.207624935600
0.226172076249
0.174137042761
0.220504894384
0.206079340546
0.177228232870
0.179289026275
0.214322514168
0.198351365276
0.193714580113
0.172591447707
0.207109737249
0.198866563627
0.197320968573
0.165893869140
0.200927357032
0.214322514168
0.218444100979
0.162287480680
0.168469860896
0.202472952087
0.194229778465
0.176713034518
0.218959299330
0.168985059248
0.183925811437
0.186501803194
0.212776919114
0.214837712519
0.192168985059
0.160741885626
0.156620298815
0.156105100464
0.164348274086
0.145285935085
0.200927357032
0.212776919114
0.207109737249
0.187532199897
0.230808861412
0.168469860896
0.158681092221
0.213292117465
0.177743431221
0.172076249356
0.191653786708
0.188562596600
0.202472952087
0.166409067491
0.174652241113
0.198866563627
0.211746522411
0.178258629572
0.205048943843
0.191138588357
0.166924265842
0.168985059248
0.200927357032
0.178258629572
0.200412158681
0.214322514168
0.199381761978
0.173106646059
0.185986604843
0.188047398248
0.210200927357
0.197836166924
0.201957753735
0.176713034518
0.170015455951
0.154559505410
0.211231324060
0.224626481195
0.199896960330
0.194744976816
0.226687274601
0.151983513653
0.131375579598
0.143740340031
0.150437918599
0.156620298815
0.171045852653
0.194229778465
0.184441009789
0.188562596600
0.182895414735
0.191653786708
0.179289026275
0.142709943328
0.232869654817
0.183410613086
0.206594538897
0.202988150438
0.200412158681
0.205564142195
0.201957753735
0.180319422978
0.188047398248
0.205048943843
0.205564142195
0.183410613086
0.220504894384
0.211231324060
0.187017001546
0.138073158166
0.153013910355
0.214837712519
0.214322514168
0.235445646574
0.195260175167
0.217928902628
0.162802679031
0.143225141680
0.177743431221
0.208655332303
0.190623390005
0.204018547141
0.197320968573
0.207109737249
0.193714580113
0.216898505925
0.151468315301
0.124678001030
0.160226687275
0.160741885626
0.175167439464
0.199896960330
0.178773827924
0.130345182895
0.189592993302
0.213807315817
0.184956208140
0.198866563627
0.165893869140
0.148892323545
0.202472952087
0.225656877898
0.214837712519
0.192684183411
0.201442555384
0.200412158681
0.184441009789
0.212776919114
0.144255538382
0.128284389490
0.188562596600
0.202472952087
0.208140133952
0.208655332303
0.214837712519
0.188047398248
0.189077794951
0.197836166924
0.189592993302
0.207109737249
0.157650695518
0.133951571355
0.133951571355
0.178258629572
0.200927357032
0.220504894384
0.225656877898
0.194744976816
0.194229778465
0.189077794951
0.197320968573
0.150437918599
0.121586810922
0.158681092221
0.161257083977
0.167439464194
0.133436373004
0.144770736734
0.112313240598
0.094281298300
0.094281298300
0.094796496651
0.095826893354
0.096857290057
0.097372488408
0.099948480165
0.105100463679
0.112828438949
0.121071612571
0.133951571355
0.145285935085
0.157135497166
0.171045852653
0.180834621329
0.178258629572
0.183410613086
0.181865018032
0.186501803194
0.185986604843
0.188562596600
0.178258629572
0.147861926842
0.158165893869
0.172076249356
0.168985059248
0.170015455951
0.170530654302
0.173106646059
0.166924265842
0.170530654302
0.164863472437
0.161257083977
0.163833075734
0.153529108707
0.168469860896
0.171561051005
0.171561051005
0.171561051005
0.170530654302
0.104585265327
0.176713034518
0.173621844410
0.173106646059
0.173106646059
0.172076249356
0.163317877383
0.160741885626
0.070066975786
0.071612570840
0.093250901597
0.125708397733
0.138588356517
0.144770736734
0.148892323545
0.139103554869
0.140649149923
0.138588356517
0.138073158166
0.139103554869
0.135497166409
0.133951571355
0.104070066976
0.145285935085
0.134466769706
0.145801133436
0.128799587841
0.104585265327
0.181865018032
0.143225141680
0.174137042761
0.170530654302
0.204018547141
0.155074703761
0.138588356517
0.208655332303
0.231839258114
0.172076249356
0.174652241113
0.176713034518
0.174652241113
0.176713034518
0.207624935600
0.167954662545
0.166409067491
0.196290571870
0.148377125193
0.151983513653
0.154044307058
0.205048943843
0.180834621329
0.178773827924
0.178258629572
0.179804224626
0.177743431221
0.185471406491
0.182895414735
0.202472952087
0.172591447707
0.208655332303
0.166409067491
0.171045852653
0.224626481195
0.180834621329
0.173621844410
0.213292117465
0.196805770222
0.198866563627
0.170530654302
0.202988150438
0.201957753735
0.182380216383
0.166924265842
0.192684183411
0.200927357032
0.206079340546
0.177743431221
0.213292117465
0.171561051005
0.167439464194
0.227717671303
0.182380216383
0.174652241113
0.222565687790
0.179804224626
0.180319422978
0.186501803194
0.192684183411
0.193199381762
0.198866563627
0.185986604843
0.217928902628
0.162287480680
0.151983513653
0.197320968573
0.221020092736
0.194229778465
0.201442555384
0.187017001546
0.229778464709
0.181349819681
0.195775373519
0.179804224626
0.180319422978
0.218959299330
0.208655332303
0.185986604843
0.223080886141
0.178773827924
0.179289026275
0.198866563627
0.202988150438
0.198866563627
0.232354456466
0.190108191654
0.227202472952
0.166409067491
0.155589902112
0.204533745492
0.210200927357
0.181865018032
0.239052035033
0.182895414735
0.223080886141
0.174137042761
0.181349819681
0.226172076249
0.212776919114
0.191653786708
0.236476043277
0.175682637816
0.179804224626
0.213292117465
0.208140133952
0.184441009789
0.235960844925
0.178258629572
0.197836166924
0.191138588357
0.215352910871
0.179804224626
0.202472952087
0.187017001546
0.228232869655
0.205048943843
0.198866563627
0.191653786708
0.221535291087
0.204533745492
0.212261720762
0.187017001546
0.214837712519
0.206594538897
0.204533745492
0.188562596600
0.236991241628
0.200927357032
0.200927357032
0.185986604843
0.226687274601
0.205048943843
0.206079340546
0.189077794951
0.227202472952
0.206594538897
0.195260175167
0.181349819681
0.224111282844
0.222050489438
0.223080886141
0.176713034518
0.195775373519
0.232354456466
0.214322514168
0.182380216383
0.204018547141
0.249871200412
0.212776919114
0.179804224626
0.179289026275
0.235960844925
0.208655332303
0.193714580113
0.232354456466
0.194229778465
0.180319422978
0.167439464194
0.228748068006
0.226172076249
0.229778464709
0.189077794951
0.190623390005
0.180319422978
0.220504894384
0.215352910871
0.204533745492
0.183410613086
0.224626481195
0.224626481195
0.200927357032
0.187532199897
0.221020092736
0.216383307573
0.198866563627
0.178258629572
0.230293663060
0.229263266358
0.224111282844
0.181865018032
0.202988150438
0.201442555384
0.225656877898
0.206079340546
0.230293663060
0.233384853168
0.205564142195
0.202472952087
0.218959299330
0.228748068006
0.232354456466
0.204533745492
0.224111282844
0.233900051520
0.232354456466
0.223596084493
0.221535291087
0.236476043277
0.191653786708
0.208655332303
0.222050489438
0.206594538897
0.258114374034
0.243173621844
0.218444100979
0.199381761978
0.205564142195
0.253992787223
0.241112828439
0.231839258114
0.230808861412
0.228232869655
0.228748068006
0.201442555384
0.167954662545
0.181349819681
0.213807315817
0.218959299330
0.226687274601
0.227202472952
0.204018547141
0.221535291087
0.230293663060
0.197836166924
0.168985059248
0.201442555384
0.219989696033
0.242143225142
0.237506439979
0.229778464709
0.242658423493
0.216383307573
0.187532199897
0.265327150953
0.256053580629
0.236991241628
0.234930448223
0.194744976816
0.219474497682
0.241112828439
0.247295208655
0.241112828439
0.250901597115
0.256568778980
0.220504894384
0.194744976816
0.260175167439
0.168985059248
0.112313240598
0.166924265842
0.187532199897
0.174137042761
0.198351365276
0.147861926842
0.120041215868
0.133951571355
0.157650695518
0.181349819681
0.189592993302
0.177743431221
0.167439464194
0.174652241113
0.217928902628
0.130860381247
0.116434827409
0.111798042246
0.142194744977
0.181349819681
0.258114374034
0.251931993818
0.243688820196
0.246780010304
0.240082431736
0.236476043277
0.155589902112
0.146316331788
0.155074703761
0.204533745492
0.213807315817
0.215352910871
0.240082431736
0.249871200412
0.253477588872
0.266872746007
0.251416795466
0.212776919114
0.181349819681
0.140133951571
0.199381761978
0.214837712519
0.228232869655
0.223596084493
0.215352910871
0.222565687790
0.159711488923
0.173106646059
0.211746522411
0.205048943843
0.230293663060
0.242658423493
0.261205564142
0.257083977331
0.258114374034
0.239567233385
0.223080886141
0.246264811953
0.261720762494
0.246780010304
0.239052035033
0.233900051520
0.255023183926
0.258114374034
0.252447192169
0.238536836682
0.266357547656
0.236991241628
0.213292117465
0.242658423493
0.226687274601
0.223080886141
0.245234415250
0.262751159196
0.240597630088
0.219989696033
0.202988150438
0.220504894384
0.231324059763
0.230293663060
0.236991241628
0.230808861412
0.174137042761
0.185986604843
0.221020092736
0.219474497682
0.192684183411
0.226687274601
0.267387944359
0.264811952602
0.245749613601
0.252447192169
0.246264811953
0.229263266358
0.217413704276
0.268418341061
0.260690365791
0.280267903143
0.251931993818
0.226687274601
0.260690365791
0.242143225142
0.197320968573
0.215868109222
0.209170530654
0.193199381762
0.184441009789
0.178773827924
0.143740340031
0.176197836167
0.199381761978
0.229778464709
0.221020092736
0.265842349304
0.230808861412
0.209170530654
0.235445646574
0.239567233385
0.247810407007
0.243173621844
0.264296754250
0.278207109737
0.247295208655
0.192168985059
0.240082431736
0.216898505925
0.243688820196
0.248840803709
0.267387944359
0.263781555899
0.233900051520
0.230293663060
0.261205564142
0.266872746007
0.221020092736
0.181865018032
0.164348274086
0.113858835652
0.165893869140
0.239052035033
0.249356002061
0.247810407007
0.251931993818
0.267903142710
0.240597630088
0.211231324060
0.235445646574
0.255023183926
0.236476043277
0.272024729521
0.232869654817
0.225141679547
0.231839258114
0.234930448223
0.267903142710
0.268933539413
0.270994332818
0.245749613601
0.211746522411
0.251931993818
0.278207109737
0.269448737764
0.250386398764
0.191138588357
0.142194744977
0.150953116950
0.247295208655
0.277176713035
0.291087068521
0.280783101494
0.286965481710
0.264811952602
0.225141679547
0.273055126224
0.229778464709
0.183410613086
0.240597630088
0.241628026790
0.276661514683
0.273055126224
0.290571870170
0.253992787223
0.195260175167
0.166924265842
0.136012364760
0.195260175167
0.203503348789
0.220504894384
0.213807315817
0.210716125708
0.204533745492
0.228232869655
0.251931993818
0.251416795466
0.283874291602
0.269963936115
0.246264811953
0.260175167439
0.245749613601
0.256568778980
0.274085522926
0.260690365791
0.242143225142
0.214837712519
0.207109737249
0.219474497682
0.246264811953
0.236476043277
0.240597630088
0.286450283359
0.271509531170
0.256053580629
0.218444100979
0.237506439979
0.243688820196
