0.119377889870
0.116435477091
0.116855821774
0.115594787726
0.114754098361
0.115174443043
0.113493064313
0.113493064313
0.112652374947
0.112652374947
0.112652374947
0.112652374947
0.112652374947
0.112652374947
0.112652374947
0.112652374947
0.112652374947
0.112652374947
0.112652374947
0.112652374947
0.112652374947
0.112652374947
0.113072719630
0.112652374947
0.113913408995
0.113493064313
0.115174443043
0.116015132409
0.116015132409
0.117276166456
0.120638923918
0.121059268600
0.121479613283
0.124842370744
0.124422026061
0.121479613283
0.119798234552
0.119377889870
0.116855821774
0.116855821774
0.114754098361
0.114754098361
0.114754098361
0.115174443043
0.117696511139
0.121479613283
0.122320302648
0.124422026061
0.125683060109
0.126944094157
0.127784783522
0.127364438840
0.128625472888
0.131567885666
0.129045817570
0.131147540984
0.133249264397
0.134089953762
0.137873055906
0.139554434636
0.141235813367
0.144598570828
0.147961328289
0.148381672972
0.147961328289
0.147961328289
0.150063051702
0.153846153846
0.154266498529
0.156788566625
0.154686843211
0.155527532577
0.158049600673
0.161412358134
0.162253047499
0.166456494325
0.168558217739
0.171500630517
0.174443043296
0.178226145439
0.180748213535
0.184531315679
0.186212694409
0.189575451871
0.192938209332
0.194199243380
0.197562000841
0.198402690206
0.202185792350
0.202185792350
0.205548549811
0.203026481715
0.201765447667
0.199663724254
0.200924758302
0.202606137032
0.204287515763
0.207229928541
0.207650273224
0.209751996637
0.210592686003
0.209751996637
0.209751996637
0.211013030685
0.212694409416
0.214796132829
0.216897856242
0.216897856242
0.218158890290
0.218999579655
0.218579234973
0.219840269021
0.220680958386
0.220680958386
0.223203026482
0.222362337116
0.224043715847
0.223203026482
0.225304749895
0.227406473308
0.228667507356
0.229087852039
0.229928541404
0.232870954182
0.232870954182
0.234972677596
0.237494745691
0.240437158470
0.240016813787
0.242959226566
0.245901639344
0.247162673392
0.247162673392
0.249264396805
0.250105086171
0.251366120219
0.251366120219
0.253467843632
0.253467843632
0.253467843632
0.256410256410
0.257250945776
0.261034047919
0.255569567045
0.248423707440
0.200924758302
0.154266498529
0.177805800757
0.223203026482
0.245901639344
0.256410256410
0.266078184111
0.267759562842
0.266918873476
0.266078184111
0.262715426650
0.258511979823
0.254728877680
0.256830601093
0.256830601093
0.260193358554
0.264817150063
0.267759562842
0.268600252207
0.270281630937
0.276166456494
0.275325767129
0.279108869273
0.279949558638
0.280369903321
0.279108869273
0.280790248003
0.282891971417
0.280790248003
0.279529213955
0.279108869273
0.280369903321
0.282471626734
0.283312316099
0.286254728878
0.288776796974
0.287515762926
0.289197141656
0.290458175704
0.291719209752
0.292980243800
0.294661622530
0.291298865069
0.298024379992
0.273644388398
0.229087852039
0.192517864649
0.220680958386
0.245901639344
0.258932324506
0.274905422446
0.279949558638
0.275746111812
0.273224043716
0.273224043716
0.278268179908
0.279108869273
0.282051282051
0.279949558638
0.282891971417
0.283312316099
0.285414039512
0.288356452291
0.292980243800
0.296343001261
0.297604035309
0.300546448087
0.305590584279
0.304749894914
0.307692307692
0.308953341740
0.308953341740
0.304749894914
0.305170239596
0.305170239596
0.302227826818
0.303488860866
0.304329550231
0.308112652375
0.307692307692
0.308112652375
0.310634720471
0.310634720471
0.311055065153
0.313577133249
0.314838167297
0.314838167297
0.316519546028
0.315678856662
0.316099201345
0.316939890710
0.317780580076
0.319041614124
0.319882303489
0.319461958806
0.320722992854
0.319882303489
0.324085750315
0.318621269441
0.325346784363
0.315678856662
0.295502311896
0.206389239176
0.212274064733
0.212694409416
0.263976460698
0.255989911728
0.262715426650
0.280790248003
0.298444724674
0.300546448087
0.303068516183
0.302648171501
0.305170239596
0.305170239596
0.301387137453
0.298865069357
0.296763345944
0.292980243800
0.291719209752
0.295502311896
0.304329550231
0.313156788567
0.319461958806
0.320302648172
0.319882303489
0.321563682219
0.322824716267
0.324506094998
0.324506094998
0.325767129046
0.327868852459
0.329970575872
0.333753678016
0.335014712064
0.333753678016
0.337957124842
0.340058848256
0.341319882303
0.342160571669
0.341740226986
0.342160571669
0.344682639765
0.345943673813
0.344682639765
0.344682639765
0.346364018495
0.345943673813
0.346784363178
0.347625052543
0.346784363178
0.347625052543
0.349726775956
0.348886086591
0.349306431274
0.351408154687
0.353089533417
0.355611601513
0.359394703657
0.360235393022
0.339218158890
0.334174022699
0.263556116015
0.313156788567
0.325767129046
0.366540563262
0.365699873897
0.358974358974
0.354350567465
0.351408154687
0.354350567465
0.355191256831
0.356031946196
0.354350567465
0.355191256831
0.360235393022
0.363598150483
0.365279529214
0.367381252627
0.365279529214
0.365699873897
0.367801597310
0.367381252627
0.372845733501
0.375367801597
0.375367801597
0.375788146280
0.377049180328
0.379571248424
0.380832282472
0.381672971837
0.382934005885
0.383354350567
0.383774695250
0.382093316520
0.384615384615
0.379991593106
0.380832282472
0.372845733501
0.331231609920
0.291298865069
0.265657839428
0.313997477932
0.378730559058
0.388398486759
0.388818831442
0.384195039933
0.378730559058
0.373686422867
0.374527112232
0.374527112232
0.374947456915
0.373686422867
0.374527112232
0.373266078184
0.375788146280
0.379571248424
0.382934005885
0.384615384615
0.385456073981
0.390500210172
0.388818831442
0.393442622951
0.393442622951
0.395964691047
0.394703656999
0.395544346364
0.395124001681
0.394283312316
0.393442622951
0.391761244220
0.393442622951
0.395964691047
0.395124001681
0.397225725095
0.396805380412
0.396385035729
0.397225725095
0.398907103825
0.396805380412
0.401008827238
0.398066414460
0.398066414460
0.370323665406
0.358133669609
0.322404371585
0.381252627154
0.397646069777
0.402269861286
0.411097099622
0.403951240017
0.401008827238
0.401008827238
0.400168137873
0.402269861286
0.400588482556
0.401849516604
0.401429171921
0.399327448508
0.401849516604
0.404371584699
0.408575031526
0.409415720891
0.410676754939
0.410676754939
0.412358133670
0.412778478352
0.411517444304
0.411937788987
0.412778478352
0.413198823035
0.414039512400
0.416141235813
0.417402269861
0.419924337957
0.423707440101
0.421605716688
0.427910886927
0.420344682640
0.430012610340
0.415720891131
0.434216057167
0.404371584699
0.414459857083
0.321984026902
0.361076082388
0.362757461118
0.398907103825
0.422446406053
0.422026061370
0.426229508197
0.428751576293
0.423287095418
0.421185372005
0.419503993274
0.419503993274
0.420344682640
0.419083648592
0.416561580496
0.418663303909
0.419924337957
0.422866750736
0.424968474149
0.425388818831
0.428331231610
0.431693989071
0.433375367802
0.433795712484
0.434216057167
0.436317780580
0.436738125263
0.435897435897
0.435897435897
0.437999159311
0.437158469945
0.439680538041
0.437999159311
0.440100882724
0.436738125263
0.430853299706
0.430432955023
0.390500210172
0.329970575872
0.369903320723
0.356872635561
0.404371584699
0.406052963430
0.432955023119
0.436317780580
0.439680538041
0.438839848676
0.435477091215
0.433795712484
0.432114333754
0.436317780580
0.435056746532
0.435477091215
0.435897435897
0.438839848676
0.440100882724
0.439680538041
0.440521227406
0.441782261454
0.443043295502
0.444724674233
0.447667087011
0.448507776377
0.447246742329
0.451870533838
0.451029844472
0.454812946616
0.449768810425
0.456914670029
0.420344682640
0.383354350567
0.332492643968
0.422866750736
0.417822614544
0.453972257251
0.456073980664
0.445985708281
0.441361916772
0.444304329550
0.442622950820
0.440941572089
0.443883984868
0.443043295502
0.445985708281
0.448928121059
0.448507776377
0.447246742329
0.450609499790
0.452290878520
0.453551912568
0.455653635982
0.456073980664
0.461118116856
0.461538461538
0.460697772173
0.459436738125
0.459016393443
0.459016393443
0.460277427491
0.457755359395
0.462379150904
0.433795712484
0.398066414460
0.343421605717
0.408575031526
0.430432955023
0.417402269861
0.422866750736
0.445145018916
0.451870533838
0.456494325347
0.460277427491
0.463219840269
0.465741908365
0.464060529634
0.462379150904
0.462799495586
0.464901219000
0.461538461538
0.459016393443
0.461958806221
0.464060529634
0.463219840269
0.463640184952
0.467002942413
0.469104665826
0.468263976461
0.472047078604
0.472467423287
0.474148802018
0.470365699874
0.472887767970
0.469104665826
0.472887767970
0.454392601934
0.459016393443
0.367801597310
0.377049180328
0.337536780160
0.431693989071
0.486338797814
0.477511559479
0.480033627575
0.467843631778
0.464480874317
0.462799495586
0.463219840269
0.463219840269
0.461538461538
0.464901219000
0.466162253047
0.471206389239
0.474148802018
0.471626733922
0.473308112652
0.475409836066
0.475830180748
0.474989491383
0.476670870113
0.475409836066
0.480874316940
0.467423287095
0.484657419084
0.411517444304
0.385876418663
0.350147120639
0.453131567886
0.441782261454
0.467423287095
0.469104665826
0.476670870113
0.478772593527
0.470786044557
0.469945355191
0.472887767970
0.475409836066
0.475830180748
0.480453972257
0.482976040353
0.481715006305
0.477931904161
0.477511559479
0.476670870113
0.476250525431
0.477091214796
0.479613282892
0.479613282892
0.481715006305
0.481715006305
0.483396385036
0.482555695670
0.486759142497
0.483816729718
0.493905002102
0.459857082808
0.396805380412
0.364859184531
0.421185372005
0.415720891131
0.433375367802
0.473728457335
0.480033627575
0.488860865910
0.486338797814
0.490542244641
0.489701555275
0.488020176545
0.485077763766
0.487179487179
0.491803278689
0.490962589323
0.492643968054
0.493905002102
0.487179487179
0.485077763766
0.484657419084
0.485918453132
0.485918453132
0.489701555275
0.490962589323
0.490962589323
0.494745691467
0.493905002102
0.494325346784
0.493064312736
0.496006725515
0.492223623371
0.500210172341
0.489701555275
0.497688104245
0.448507776377
0.398066414460
0.353930222783
0.409415720891
0.444724674233
0.501471206389
0.506935687264
0.500630517024
0.494325346784
0.488860865910
0.485077763766
0.486338797814
0.488020176545
0.487179487179
0.486338797814
0.487599831862
0.492643968054
0.492643968054
0.489701555275
0.490542244641
0.491803278689
0.493064312736
0.493484657419
0.495166036150
0.496006725515
0.498528793611
0.499789827659
0.499369482976
0.498949138293
0.503993274485
0.499789827659
0.515342580916
0.463640184952
0.459857082808
0.350567465322
0.443883984868
0.458596048760
0.467002942413
0.474148802018
0.487179487179
0.496427070198
0.505674653216
0.511139134090
0.506935687264
0.505254308533
0.503572929802
0.506094997898
0.505674653216
0.506935687264
0.508196721311
0.505674653216
0.506515342581
0.503572929802
0.503572929802
0.504413619168
0.506935687264
0.506515342581
0.507356031946
0.505254308533
0.511559478773
0.501891551072
0.513661202186
0.467423287095
0.403951240017
0.303068516183
0.323665405633
0.392601933586
0.417402269861
0.466162253047
0.478772593527
0.473308112652
0.471206389239
0.466582597730
0.469104665826
0.478772593527
0.489281210593
0.494745691467
0.491803278689
0.492223623371
0.490542244641
0.490542244641
0.491382934006
0.491382934006
0.498528793611
0.500630517024
0.503152585120
0.508196721311
0.506935687264
0.508617065994
0.509037410677
0.512820512821
0.516183270282
0.514922236234
0.516183270282
0.517444304330
0.518705338377
0.517864649012
0.522068095839
0.508617065994
0.528793610761
0.448928121059
0.420344682640
0.367381252627
0.473308112652
0.492223623371
0.510298444725
0.525010508617
0.521647751156
0.524590163934
0.521647751156
0.514922236234
0.514081546868
0.515762925599
0.518705338377
0.521227406473
0.521227406473
0.522908785204
0.522908785204
0.522908785204
0.522908785204
0.521227406473
0.522068095839
0.520807061791
0.522488440521
0.524590163934
0.525010508617
0.525430853300
0.526691887348
0.525851197982
0.526691887348
0.530474989491
0.532156368222
0.532997057587
0.527952921396
0.524590163934
0.476670870113
0.381252627154
0.435897435897
0.410676754939
0.503572929802
0.513240857503
0.515762925599
0.520386717108
0.522488440521
0.525010508617
0.523329129887
0.520386717108
0.523329129887
0.526271542665
0.527952921396
0.529213955443
0.526271542665
0.525010508617
0.529213955443
0.528793610761
0.531315678857
0.531315678857
0.530895334174
0.531315678857
0.534258091635
0.538461538462
0.540983606557
0.542664985288
0.543505674653
0.542664985288
0.545607398066
0.540563261875
0.546448087432
0.538461538462
0.546868432114
0.484237074401
0.448928121059
0.366540563262
0.463219840269
0.463640184952
0.528793610761
0.544766708701
0.542664985288
0.542664985288
0.537620849096
0.535519125683
0.532997057587
0.532576712905
0.536359815048
0.537620849096
0.539722572509
0.541824295923
0.538461538462
0.540983606557
0.546027742749
0.547709121480
0.546448087432
0.548129466162
0.544766708701
0.556536359815
0.537200504414
0.561160151324
0.488860865910
0.460697772173
0.362337116435
0.463640184952
0.517023959647
0.524169819252
0.539302227827
0.546868432114
0.543926019336
0.540142917192
0.542664985288
0.544346364018
0.544346364018
0.545607398066
0.549390500210
0.548549810845
0.549810844893
0.547288776797
0.547709121480
0.544346364018
0.548970155528
0.551071878941
0.554434636402
0.522908785204
0.478352248844
0.442202606137
0.454392601934
0.536359815048
0.511139134090
0.535939470366
0.546868432114
0.554434636402
0.556116015132
0.556536359815
0.556956704498
0.555275325767
0.557797393863
0.560319461959
0.557797393863
0.558638083228
0.555275325767
0.555695670450
0.558638083228
0.561580496007
0.560739806641
0.560319461959
0.560739806641
0.560739806641
0.561580496007
0.560319461959
0.564943253468
0.562000840689
0.559899117276
0.530054644809
0.475830180748
0.494745691467
0.508617065994
0.555695670450
0.543926019336
0.566204287516
0.560319461959
0.573350147121
0.554854981084
0.568306010929
0.553173602354
0.574611181169
0.542664985288
0.571668768390
0.521647751156
0.551492223623
0.488020176545
0.556116015132
0.528373266078
0.577133249264
0.552332912989
0.577973938630
0.562841530055
0.575872215216
0.565363598150
0.572929802438
0.564102564103
0.563682219420
0.534258091635
0.529213955443
0.531736023539
0.552332912989
0.556536359815
0.564102564103
0.572929802438
0.567885666246
0.586380832282
0.570407734342
0.589323245061
0.572929802438
0.591004623792
0.570407734342
0.591004623792
0.564522908785
0.590584279109
0.544766708701
0.582597730139
0.523329129887
0.575451870534
0.510718789407
0.575031525851
0.528373266078
0.530895334174
0.521647751156
0.566204287516
0.569567044977
0.579655317360
0.585119798235
0.579655317360
0.586380832282
0.585119798235
0.587641866330
0.580916351408
0.582597730139
0.573350147121
0.579234972678
0.530054644809
0.556956704498
0.512400168138
0.551492223623
0.546448087432
0.541403951240
0.557377049180
0.551071878941
0.581336696091
0.572929802438
0.593947036570
0.584279108869
0.595208070618
0.591424968474
0.591004623792
0.586380832282
0.585119798235
0.577553593947
0.569146700294
0.545607398066
0.545187053384
0.532156368222
0.547709121480
0.559478772594
0.576712904582
0.587641866330
0.579655317360
0.593106347205
0.578394283312
0.591845313157
0.580496006726
0.584699453552
0.574190836486
0.581757040773
0.576712904582
0.571668768390
0.576712904582
0.543505674653
0.565783942833
0.522488440521
0.569987389660
0.560319461959
0.599411517444
0.580916351408
0.604875998319
0.590163934426
0.604035308953
0.588902900378
0.605296343001
0.584699453552
0.607818411097
0.577133249264
0.598570828079
0.551071878941
0.557377049180
0.493905002102
0.522488440521
0.517444304330
0.571248423707
0.574611181169
0.596889449348
0.596469104666
0.597309794031
0.598150483396
0.596469104666
0.600252206810
0.600672551492
0.602774274905
0.604455653636
0.606137032367
0.607818411097
0.606977721732
0.606977721732
0.606137032367
0.606977721732
0.602774274905
0.594367381253
0.532997057587
0.467002942413
0.433795712484
0.467423287095
0.496847414880
0.585960487600
0.593947036570
0.605296343001
0.604875998319
0.596048759983
0.591424968474
0.592686002522
0.596048759983
0.596469104666
0.601092896175
0.600252206810
0.596469104666
0.596469104666
0.593947036570
0.595208070618
0.595208070618
0.600672551492
0.601092896175
0.602353930223
0.605716687684
0.609920134510
0.612862547289
0.609920134510
0.611601513241
0.607818411097
0.606977721732
0.591004623792
0.540983606557
0.464901219000
0.437999159311
0.560319461959
0.509037410677
0.585960487600
0.598150483396
0.604455653636
0.603614964271
0.601092896175
0.599411517444
0.602353930223
0.600672551492
0.605716687684
0.604875998319
0.604875998319
0.604455653636
0.606977721732
0.605296343001
0.607818411097
0.575451870534
0.557377049180
0.454392601934
0.481715006305
0.532997057587
0.561580496007
0.568726355612
0.598570828079
0.593106347205
0.599831862127
0.602774274905
0.601513240858
0.598570828079
0.605716687684
0.608659100462
0.609499789828
0.608659100462
0.609920134510
0.610760823876
0.618747372846
0.611181168558
0.617906683480
0.607398066414
0.616225304750
0.594787725935
0.608238755780
0.485077763766
0.527952921396
0.490962589323
0.612021857923
0.607818411097
0.612021857923
0.621689785624
0.610760823876
0.613703236654
0.612442202606
0.612862547289
0.610340479193
0.612862547289
0.615804960067
0.622110130307
0.620008406894
0.619167717528
0.620849096259
0.622950819672
0.623791509037
0.622530474989
0.621269440942
0.622110130307
0.606137032367
0.562421185372
0.439680538041
0.337116435477
0.425809163514
0.411097099622
0.532576712905
0.582597730139
0.594367381253
0.596469104666
0.592686002522
0.587641866330
0.583858764187
0.586380832282
0.589743589744
0.593526691887
0.598570828079
0.599411517444
0.604035308953
0.603194619588
0.602774274905
0.608238755780
0.605296343001
0.606557377049
0.609499789828
0.613703236654
0.613703236654
0.617486338798
0.622950819672
0.620849096259
0.620008406894
0.619588062211
0.610340479193
0.556956704498
0.450189155107
0.530474989491
0.523749474569
0.580496006726
0.596469104666
0.611601513241
0.614543926019
0.612021857923
0.608238755780
0.608238755780
0.610340479193
0.615804960067
0.618747372846
0.622110130307
0.621269440942
0.621689785624
0.622530474989
0.624632198403
0.625052543085
0.624632198403
0.625052543085
0.627154266499
0.629676334594
0.630517023960
0.630937368642
0.630937368642
0.632198402690
0.625052543085
0.615804960067
0.526691887348
0.518705338377
0.511979823455
0.624632198403
0.615384615385
0.621689785624
0.624211853720
0.626313577133
0.627994955864
0.627574611181
0.628835645229
0.628835645229
0.626733921816
0.631778058008
0.630517023960
0.624632198403
0.614123581337
0.608238755780
0.579655317360
0.588482555696
0.607818411097
0.619588062211
0.635561160151
0.624211853720
0.625472887768
0.595208070618
0.602353930223
0.552332912989
0.633039092055
0.607818411097
0.638923917612
0.628835645229
0.638503572930
0.632198402690
0.636401849517
0.628835645229
0.640184951660
0.616645649433
0.634720470786
0.574190836486
0.577553593947
0.524590163934
0.593106347205
0.607818411097
0.650273224044
0.645649432535
0.646910466583
0.640184951660
0.647330811265
0.643968053804
0.646069777217
0.646910466583
0.646490121900
0.641866330391
0.645649432535
0.641445985708
0.644388398487
0.633459436738
0.616225304750
0.581336696091
0.539302227827
0.588482555696
0.622110130307
0.642707019756
0.641445985708
0.635140815469
0.641025641026
0.637242538882
0.641025641026
0.636822194199
0.642286675074
0.630937368642
0.638503572930
0.618747372846
0.619588062211
0.590584279109
0.599411517444
0.606557377049
0.640184951660
0.619167717528
0.646069777217
0.620428751576
0.639764606978
0.618327028163
0.620428751576
0.601933585540
0.617486338798
0.613703236654
0.639344262295
0.635981504834
0.647751155948
0.637242538882
0.650693568726
0.629676334594
0.638503572930
0.602774274905
0.625472887768
0.585540142917
0.630937368642
0.611601513241
0.651534258092
0.633039092055
0.646069777217
0.638083228247
0.644808743169
0.638083228247
0.638503572930
0.631357713325
0.636822194199
0.612021857923
0.631778058008
0.609499789828
0.637242538882
0.620428751576
0.650693568726
0.641025641026
0.650693568726
0.643968053804
0.634720470786
0.621689785624
0.609079445145
0.598991172762
0.605296343001
0.638503572930
0.636822194199
0.666246321984
0.651534258092
0.657839428331
0.649852879361
0.658680117697
0.638923917612
0.655737704918
0.604035308953
0.630517023960
0.565783942833
0.645649432535
0.610760823876
0.661622530475
0.646069777217
0.646910466583
0.638503572930
0.612021857923
0.596469104666
0.565783942833
0.588902900378
0.632618747373
0.645649432535
0.649852879361
0.651534258092
0.657839428331
0.654897015553
0.657839428331
0.653635981505
0.657419083649
0.649852879361
0.647751155948
0.618327028163
0.590584279109
0.553173602354
0.590584279109
0.639764606978
0.635561160151
0.652374947457
0.645229087852
0.652374947457
0.646910466583
0.651954602774
0.654056326187
0.651954602774
0.654897015553
0.644388398487
0.651534258092
0.633459436738
0.643547709121
0.617486338798
0.634300126103
0.580496006726
0.611181168558
0.554854981084
0.646069777217
0.635140815469
0.666666666667
0.659520807062
0.666666666667
0.660361496427
0.668348045397
0.660781841110
0.669609079445
0.655737704918
0.666666666667
0.646069777217
0.653635981505
0.621689785624
0.641866330391
0.622530474989
0.639764606978
0.630937368642
0.637662883565
0.634300126103
0.630517023960
0.641866330391
0.636822194199
0.655317360235
0.651534258092
0.668348045397
0.662463219840
0.668348045397
0.663724253888
0.661622530475
0.658680117697
0.656578394283
0.636822194199
0.629255989912
0.580496006726
0.598570828079
0.620849096259
0.669609079445
0.662463219840
0.670449768810
0.659941151744
0.660781841110
0.640184951660
0.638083228247
0.609920134510
0.620008406894
0.636401849517
0.670870113493
0.658259773014
0.674653215637
0.660361496427
0.674232870954
0.662042875158
0.664564943253
0.653635981505
0.640184951660
0.631778058008
0.587221521648
0.626733921816
0.563682219420
0.648591845313
0.609920134510
0.669188734763
0.647330811265
0.676754939050
0.668768390080
0.675073560319
0.674232870954
0.678436317781
0.679277007146
0.682639764607
0.675073560319
0.678856662463
0.674232870954
0.675493905002
0.660781841110
0.647751155948
0.593526691887
0.546448087432
0.583018074821
0.659100462379
0.668768390080
0.675493905002
0.676334594367
0.680117696511
0.675493905002
0.680117696511
0.678436317781
0.682639764607
0.674653215637
0.677595628415
0.664985287936
0.665825977301
0.617065994115
0.612021857923
0.541403951240
0.635981504834
0.615384615385
0.659941151744
0.645229087852
0.688104245481
0.674232870954
0.683480453972
0.679697351828
0.682219419924
0.680958385876
0.685582177385
0.681378730559
0.685582177385
0.680538041194
0.683480453972
0.660781841110
0.622530474989
0.528373266078
0.556956704498
0.528793610761
0.605716687684
0.643968053804
0.631778058008
0.671290458176
0.673392181589
0.668768390080
0.663724253888
0.665405632619
0.671290458176
0.679277007146
0.679277007146
0.680958385876
0.678856662463
0.680538041194
0.680117696511
0.684321143338
0.685161832703
0.685161832703
0.685582177385
0.685161832703
0.686002522068
0.688104245481
0.690205968894
0.688524590164
0.690626313577
0.681378730559
0.667087011349
0.604455653636
0.508196721311
0.531736023539
0.486338797814
0.555695670450
0.630937368642
0.645229087852
0.664985287936
0.662463219840
0.663724253888
0.663724253888
0.662883564523
0.664144598571
0.671710802858
0.668348045397
0.673392181589
0.676334594367
0.676754939050
0.677595628415
0.677175283733
0.679277007146
0.679277007146
0.681378730559
0.684741488020
0.679277007146
0.685582177385
0.667507356032
0.656998738966
0.551071878941
0.565783942833
0.548970155528
0.554854981084
0.615384615385
0.651534258092
0.678436317781
0.680958385876
0.683060109290
0.681378730559
0.677595628415
0.678856662463
0.680538041194
0.683060109290
0.686002522068
0.686002522068
0.686843211433
0.690626313577
0.692728036990
0.691046658260
0.694409415721
0.691467002942
0.694409415721
0.678856662463
0.679697351828
0.594367381253
0.565783942833
0.500210172341
0.589743589744
0.626313577133
0.683900798655
0.683480453972
0.674653215637
0.673392181589
0.673392181589
0.677595628415
0.682639764607
0.684741488020
0.680538041194
0.684321143338
0.687683900799
0.687263556116
0.692307692308
0.696511139134
0.696090794451
0.689365279529
0.680117696511
0.644808743169
0.567885666246
0.553593947037
0.643968053804
0.593526691887
0.682639764607
0.685582177385
0.692728036990
0.688944934847
0.690626313577
0.688944934847
0.692307692308
0.691887347625
0.692307692308
0.696931483817
0.699033207230
0.700294241278
0.702816309374
0.696511139134
0.699453551913
0.684741488020
0.682219419924
0.579655317360
0.570407734342
0.549810844893
0.647330811265
0.681799075242
0.697351828499
0.695250105086
0.687263556116
0.686843211433
0.690626313577
0.696090794451
0.699033207230
0.699453551913
0.701555275326
0.705338377470
0.707019756200
0.709541824296
0.709121479613
0.707860445565
0.710382513661
0.707860445565
0.713324926440
0.704077343422
0.695670449769
0.649432534678
0.562841530055
0.550651534258
0.558638083228
0.678436317781
0.654897015553
0.685161832703
0.690205968894
0.689785624212
0.682639764607
0.688104245481
0.691887347625
0.693148381673
0.691467002942
0.693148381673
0.692728036990
0.697351828499
0.697772173182
0.696511139134
0.699033207230
0.698612862547
0.697772173182
0.702395964691
0.701555275326
0.698192517865
0.682219419924
0.596469104666
0.543926019336
0.580075662043
0.552753257671
0.648591845313
0.696090794451
0.686422866751
0.696090794451
0.692728036990
0.694829760404
0.692307692308
0.694829760404
0.695670449769
0.700294241278
0.702816309374
0.705758722152
0.705338377470
0.704918032787
0.704918032787
0.705338377470
0.707440100883
0.708280790248
0.707440100883
0.712904581757
0.704077343422
0.715846994536
0.680958385876
0.677595628415
0.474148802018
0.456914670029
0.379571248424
0.495166036150
0.554014291719
0.583438419504
0.575451870534
0.581336696091
0.585540142917
0.585540142917
0.595208070618
0.609499789828
0.615804960067
0.620849096259
0.621269440942
0.625472887768
0.630096679277
0.638083228247
0.644808743169
0.651113913409
0.656158049601
0.660361496427
0.664985287936
0.667507356032
0.668768390080
0.666666666667
0.671710802858
0.673392181589
0.680538041194
0.681378730559
0.686422866751
0.669188734763
0.620428751576
0.487599831862
0.437158469945
0.622530474989
0.660781841110
0.680117696511
0.678436317781
0.676334594367
0.669609079445
0.672971836906
0.680958385876
0.682639764607
0.683480453972
0.685582177385
0.691887347625
0.692728036990
0.692728036990
0.695670449769
0.696511139134
0.699033207230
0.701134930643
0.700714585960
0.703656998739
0.705338377470
0.705338377470
0.707440100883
0.708701134931
0.709121479613
0.703656998739
0.710382513661
0.700294241278
0.688524590164
0.610760823876
0.587641866330
0.586380832282
0.645229087852
0.702395964691
0.701975620008
0.709541824296
0.708280790248
0.708280790248
0.706599411517
0.707440100883
0.709541824296
0.707860445565
0.710382513661
0.714165615805
0.715846994536
0.718369062631
0.720050441362
0.717528373266
0.718369062631
0.715426649853
0.702395964691
0.693989071038
0.547288776797
0.524590163934
0.468684321143
0.630937368642
0.640605296343
0.684321143338
0.701134930643
0.702816309374
0.701555275326
0.701134930643
0.699033207230
0.696511139134
0.702395964691
0.703656998739
0.702816309374
0.702395964691
0.705338377470
0.706179066835
0.707860445565
0.709962168979
0.709962168979
0.712904581757
0.713324926440
0.717528373266
0.717528373266
0.719209751997
0.720891130727
0.725094577554
0.725094577554
0.722572509458
0.708280790248
0.660781841110
0.543505674653
0.497267759563
0.585960487600
0.630517023960
0.695250105086
0.697772173182
0.709121479613
0.707440100883
0.709121479613
0.712904581757
0.711223203026
0.710802858344
0.710802858344
0.709541824296
0.709121479613
0.711223203026
0.714165615805
0.718369062631
0.717528373266
0.722152164775
0.725935266919
0.727196300967
0.728877679697
0.730138713745
0.732240437158
0.733501471206
0.733921815889
0.733501471206
0.736443883985
0.729298024380
0.719630096679
0.683900798655
0.629255989912
0.553173602354
0.606137032367
0.684321143338
0.670449768810
0.719630096679
0.723833543506
0.727616645649
0.724674232871
0.722152164775
0.721311475410
0.720891130727
0.721311475410
0.723833543506
0.727196300967
0.728457335015
0.728036990332
0.732240437158
0.733501471206
0.734762505254
0.735603194620
0.737704918033
0.737704918033
0.729718369063
0.706179066835
0.661622530475
0.533837746953
0.564102564103
0.627994955864
0.680538041194
0.737704918033
0.728457335015
0.727616645649
0.726775956284
0.730559058428
0.726775956284
0.727196300967
0.730979403111
0.729298024380
0.731820092476
0.729718369063
0.734762505254
0.737284573350
0.738125262715
0.738965952081
0.739806641446
0.742749054224
0.741067675494
0.742749054224
0.745271122320
0.746111811686
0.748633879781
0.745271122320
0.746111811686
0.736443883985
0.713324926440
0.677595628415
0.564522908785
0.599831862127
0.503152585120
0.575451870534
0.709962168979
0.717528373266
0.723413198823
0.733081126524
0.728877679697
0.731399747793
0.728457335015
0.726775956284
0.725094577554
0.733081126524
0.734762505254
0.736864228668
0.738545607398
0.741908364859
0.745271122320
0.746952501051
0.742749054224
0.745271122320
0.738125262715
0.711643547709
0.659520807062
0.582597730139
0.660361496427
0.658680117697
0.717108028583
0.684741488020
0.725094577554
0.726775956284
0.751576292560
0.739806641446
0.751576292560
0.744850777638
0.749894913829
0.746532156368
0.749474569147
0.746952501051
0.747793190416
0.751996637243
0.738125262715
0.738545607398
0.682639764607
0.659520807062
0.620008406894
0.701134930643
0.720470786045
0.708280790248
0.756620428752
0.745271122320
0.759562841530
0.748213535099
0.756200084069
0.744010088272
0.752416981925
0.744430432955
0.755779739386
0.736864228668
0.752416981925
0.688524590164
0.696931483817
0.592265657839
0.680958385876
0.707019756200
0.758301807482
0.749894913829
0.759983186213
0.757881462799
0.761244220261
0.760403530895
0.761664564943
0.761244220261
0.763345943674
0.762505254309
0.759142496847
0.739806641446
