0.099270664506
0.099675850891
0.100486223663
0.103322528363
0.105348460292
0.105753646677
0.106158833063
0.106158833063
0.106564019449
0.106564019449
0.106564019449
0.106564019449
0.106564019449
0.106564019449
0.106564019449
0.106564019449
0.106564019449
0.106564019449
0.106564019449
0.106969205835
0.106969205835
0.107779578606
0.107374392220
0.108995137763
0.109805510535
0.112641815235
0.117504051864
0.120340356564
0.125607779579
0.128849270665
0.134927066451
0.140194489465
0.143030794165
0.143841166937
0.150729335494
0.154781199352
0.157212317666
0.156807131280
0.155591572123
0.155186385737
0.154781199352
0.156807131280
0.158427876823
0.159643435981
0.161669367909
0.162074554295
0.164100486224
0.165316045381
0.163290113452
0.166936790924
0.169367909238
0.170178282010
0.169773095624
0.170583468395
0.171393841167
0.175445705024
0.175850891410
0.178687196110
0.183144246353
0.188411669368
0.193273905997
0.194894651540
0.199351701783
0.203403565640
0.203808752026
0.203808752026
0.205024311183
0.205834683955
0.206239870340
0.208265802269
0.208670988655
0.209886547812
0.209886547812
0.211102106969
0.210696920583
0.211102106969
0.215559157212
0.216369529984
0.218395461912
0.219205834684
0.223257698541
0.223257698541
0.220826580227
0.219611021070
0.223662884927
0.225688816856
0.226499189627
0.228930307942
0.230145867099
0.230956239870
0.231361426256
0.230551053485
0.231361426256
0.233387358185
0.233387358185
0.232576985413
0.233792544571
0.235818476499
0.235818476499
0.236223662885
0.237439222042
0.238654781199
0.237844408428
0.239465153971
0.239465153971
0.239870340357
0.241896272285
0.243111831442
0.243922204214
0.244327390600
0.245137763371
0.245948136143
0.247163695300
0.247974068071
0.249189627229
0.251215559157
0.252025931929
0.253646677472
0.256888168558
0.256482982172
0.255672609400
0.256888168558
0.258103727715
0.258103727715
0.257293354943
0.258914100486
0.256888168558
0.256482982172
0.257293354943
0.256077795786
0.256482982172
0.258103727715
0.259319286872
0.261750405186
0.262560777958
0.263776337115
0.266207455429
0.267423014587
0.267017828201
0.267017828201
0.271069692058
0.265397082658
0.270259319287
0.264586709887
0.273905996759
0.194489465154
0.171393841167
0.188816855754
0.254862236629
0.259319286872
0.258508914100
0.273905996759
0.277552674230
0.277552674230
0.278363047002
0.276742301459
0.278768233387
0.275931928687
0.273905996759
0.275931928687
0.275121555916
0.277552674230
0.278768233387
0.280388978930
0.283225283630
0.286061588331
0.286466774716
0.290518638574
0.288897893031
0.288087520259
0.288492706645
0.291329011345
0.289708265802
0.292139384117
0.292949756888
0.296191247974
0.296596434360
0.298217179903
0.301053484603
0.303484602917
0.308752025932
0.310372771475
0.313209076175
0.312398703404
0.313209076175
0.311993517018
0.313614262561
0.316855753647
0.303079416532
0.286871961102
0.217990275527
0.212722852512
0.223257698541
0.266207455429
0.307536466775
0.313614262561
0.309562398703
0.299837925446
0.297001620746
0.295380875203
0.301053484603
0.305105348460
0.309157212318
0.314829821718
0.321312803890
0.323743922204
0.329821717990
0.333468395462
0.335899513776
0.334683954619
0.333063209076
0.334278768233
0.337115072934
0.334683954619
0.335494327391
0.333468395462
0.332658022690
0.331847649919
0.331847649919
0.333468395462
0.331847649919
0.333468395462
0.335089141005
0.334278768233
0.335494327391
0.336709886548
0.337925445705
0.337520259319
0.336709886548
0.337115072934
0.337520259319
0.336304700162
0.336709886548
0.336304700162
0.337925445705
0.338735818476
0.340356564019
0.341166936791
0.340356564019
0.340761750405
0.339141004862
0.340356564019
0.343598055105
0.341166936791
0.339951377634
0.335089141005
0.299027552674
0.230145867099
0.201782820097
0.207455429498
0.279578606159
0.298217179903
0.315235008104
0.321312803890
0.320097244733
0.302674230146
0.298217179903
0.295380875203
0.296596434360
0.298622366288
0.306726094003
0.307941653160
0.313209076175
0.316855753647
0.318071312804
0.329416531605
0.343192868720
0.346029173420
0.348865478120
0.353322528363
0.352917341977
0.354132901135
0.353322528363
0.354132901135
0.354132901135
0.351296596434
0.349675850891
0.350486223663
0.351296596434
0.351701782820
0.353322528363
0.353727714749
0.354538087520
0.357779578606
0.360615883306
0.360615883306
0.360615883306
0.360615883306
0.358995137763
0.358589951378
0.359400324149
0.360210696921
0.361831442464
0.365883306321
0.366693679092
0.366693679092
0.366288492707
0.367504051864
0.367909238250
0.370745542950
0.369935170178
0.369124797407
0.373581847650
0.377633711507
0.386952998379
0.371150729335
0.349675850891
0.315640194489
0.333468395462
0.319286871961
0.350891410049
0.361021069692
0.375202593193
0.378038897893
0.384521880065
0.388978930308
0.388573743922
0.389384116694
0.390194489465
0.391004862237
0.389384116694
0.388978930308
0.389384116694
0.388573743922
0.387358184765
0.386142625608
0.386547811994
0.389384116694
0.388573743922
0.391004862237
0.392625607780
0.393435980551
0.394246353323
0.397082658023
0.398298217180
0.399513776337
0.397893030794
0.398703403566
0.397893030794
0.395867098865
0.402755267423
0.396272285251
0.399108589951
0.379254457050
0.362641815235
0.254457050243
0.303484602917
0.338735818476
0.397893030794
0.401944894652
0.402755267423
0.410048622366
0.399513776337
0.396677471637
0.394246353323
0.390599675851
0.391004862237
0.392220421394
0.393030794165
0.391004862237
0.394651539708
0.399513776337
0.403565640194
0.408833063209
0.407617504052
0.410048622366
0.412479740681
0.411669367909
0.410048622366
0.410048622366
0.409643435981
0.411264181524
0.411669367909
0.413290113452
0.415316045381
0.416531604538
0.420178282010
0.421393841167
0.425040518639
0.425040518639
0.425445705024
0.427066450567
0.428282009724
0.427471636953
0.426256077796
0.427471636953
0.421393841167
0.422204213938
0.398298217180
0.376418152350
0.339951377634
0.382090761750
0.414100486224
0.414910858995
0.422204213938
0.427066450567
0.428282009724
0.428687196110
0.431928687196
0.430307941653
0.429497568882
0.428282009724
0.424635332253
0.426256077796
0.425850891410
0.425445705024
0.427876823339
0.428282009724
0.433549432739
0.432739059968
0.436385737439
0.438816855754
0.440842787682
0.440032414911
0.440437601297
0.439627228525
0.439627228525
0.440437601297
0.440842787682
0.441247974068
0.439627228525
0.442463533225
0.440842787682
0.445705024311
0.439222042139
0.446920583468
0.431523500810
0.439222042139
0.392625607780
0.360210696921
0.312803889789
0.410048622366
0.420178282010
0.429092382496
0.442868719611
0.446920583468
0.445299837925
0.443273905997
0.443273905997
0.442868719611
0.438006482982
0.441247974068
0.443273905997
0.445299837925
0.447325769854
0.447325769854
0.447325769854
0.448136142626
0.449756888169
0.447730956240
0.446110210697
0.448136142626
0.450567260940
0.450972447326
0.451782820097
0.451377633712
0.452998379254
0.454619124797
0.455429497569
0.456239870340
0.454213938412
0.457455429498
0.453808752026
0.456239870340
0.446515397083
0.442058346840
0.391004862237
0.351296596434
0.331847649919
0.404781199352
0.414505672609
0.453808752026
0.452188006483
0.457860615883
0.460291734198
0.456239870340
0.453403565640
0.448136142626
0.450972447326
0.450162074554
0.451782820097
0.453808752026
0.460291734198
0.460291734198
0.463533225284
0.463533225284
0.465964343598
0.464343598055
0.463938411669
0.462317666126
0.462722852512
0.464343598055
0.468395461912
0.467585089141
0.471636952998
0.469611021070
0.472447325770
0.458265802269
0.454619124797
0.356158833063
0.348055105348
0.399513776337
0.423419773096
0.446110210697
0.465153970827
0.467585089141
0.465153970827
0.467179902755
0.463533225284
0.459886547812
0.459886547812
0.462317666126
0.466774716370
0.466774716370
0.471231766613
0.471636952998
0.472447325770
0.473662884927
0.474473257699
0.474878444084
0.472852512156
0.471231766613
0.471231766613
0.470421393841
0.470826580227
0.468800648298
0.470421393841
0.469205834684
0.475283630470
0.472447325770
0.454619124797
0.398703403566
0.357779578606
0.376823338736
0.450162074554
0.469205834684
0.475688816856
0.478930307942
0.475283630470
0.475283630470
0.467990275527
0.464343598055
0.459481361426
0.459076175041
0.462722852512
0.463128038898
0.465964343598
0.472852512156
0.475688816856
0.476499189627
0.481766612642
0.485413290113
0.487439222042
0.487034035656
0.486628849271
0.482171799028
0.480956239870
0.483792544571
0.483792544571
0.485413290113
0.482171799028
0.485818476499
0.476094003241
0.490680713128
0.439627228525
0.403565640194
0.337925445705
0.393841166937
0.432333873582
0.467990275527
0.482982171799
0.497568881686
0.498379254457
0.499189627229
0.490680713128
0.488654781199
0.483792544571
0.484602917342
0.485818476499
0.486223662885
0.485818476499
0.489870340357
0.487844408428
0.492301458671
0.491896272285
0.495137763371
0.494327390600
0.497974068071
0.492706645057
0.497568881686
0.486628849271
0.480956239870
0.451782820097
0.325769854133
0.394246353323
0.422204213938
0.486223662885
0.493111831442
0.494732576985
0.495542949757
0.497974068071
0.494327390600
0.492706645057
0.491896272285
0.489465153971
0.488249594814
0.491896272285
0.491896272285
0.496758508914
0.498379254457
0.496353322528
0.497568881686
0.497163695300
0.500000000000
0.501620745543
0.501620745543
0.502025931929
0.501620745543
0.503646677472
0.505267423015
0.504051863857
0.507293354943
0.497974068071
0.473257698541
0.382090761750
0.371150729335
0.381280388979
0.455834683955
0.474473257699
0.515802269044
0.525121555916
0.521069692058
0.514991896272
0.508508914100
0.499594813614
0.497163695300
0.495137763371
0.493111831442
0.496758508914
0.502025931929
0.508508914100
0.512965964344
0.516612641815
0.520259319287
0.521880064830
0.525526742301
0.523500810373
0.521474878444
0.520664505673
0.520664505673
0.520259319287
0.519448946515
0.520259319287
0.520664505673
0.523905996759
0.522285251216
0.520664505673
0.519043760130
0.505672609400
0.472852512156
0.346434359806
0.384927066451
0.386142625608
0.486628849271
0.521880064830
0.527957860616
0.519854132901
0.511750405186
0.504457050243
0.502025931929
0.495542949757
0.497974068071
0.502025931929
0.503646677472
0.510129659643
0.514586709887
0.519448946515
0.523095623987
0.524311183144
0.523500810373
0.525931928687
0.525121555916
0.529173419773
0.525121555916
0.524311183144
0.522285251216
0.520259319287
0.523500810373
0.521069692058
0.525931928687
0.521474878444
0.506482982172
0.400729335494
0.401539708266
0.365478119935
0.481766612642
0.504862236629
0.521880064830
0.529173419773
0.528363047002
0.526337115073
0.524311183144
0.521474878444
0.516612641815
0.514181523501
0.514181523501
0.515802269044
0.518638573744
0.522285251216
0.521880064830
0.524311183144
0.525931928687
0.528363047002
0.527957860616
0.528363047002
0.529578606159
0.529983792545
0.532414910859
0.534846029173
0.532820097245
0.514991896272
0.483387358185
0.373581847650
0.322933549433
0.288087520259
0.469205834684
0.473257698541
0.514181523501
0.520259319287
0.512155591572
0.503241491086
0.500000000000
0.500810372771
0.504457050243
0.502025931929
0.501215559157
0.500810372771
0.503646677472
0.504862236629
0.508103727715
0.516207455429
0.524311183144
0.529578606159
0.532820097245
0.532009724473
0.530794165316
0.530794165316
0.528768233387
0.528363047002
0.528768233387
0.528768233387
0.529983792545
0.528768233387
0.532009724473
0.538492706645
0.535251215559
0.537277147488
0.536466774716
0.516207455429
0.483387358185
0.362641815235
0.403160453809
0.473662884927
0.506888168558
0.537682333874
0.553079416532
0.547001620746
0.547811993517
0.540923824959
0.539708265802
0.534035656402
0.534035656402
0.534846029173
0.536466774716
0.539303079417
0.539303079417
0.540923824959
0.541329011345
0.544165316045
0.547406807131
0.548622366288
0.551053484603
0.553484602917
0.552674230146
0.553079416532
0.554294975689
0.554294975689
0.554700162075
0.555510534846
0.557941653160
0.553889789303
0.551458670989
0.555105348460
0.539708265802
0.477309562399
0.369529983793
0.365883306321
0.482171799028
0.500405186386
0.544975688817
0.555105348460
0.561183144246
0.559967585089
0.548217179903
0.543354943274
0.536061588331
0.533225283630
0.531604538088
0.531199351702
0.532009724473
0.536871961102
0.542139384117
0.547001620746
0.551053484603
0.555915721232
0.558346839546
0.559967585089
0.560372771475
0.559562398703
0.558752025932
0.558346839546
0.559562398703
0.561993517018
0.563614262561
0.561183144246
0.565235008104
0.562398703404
0.561183144246
0.536466774716
0.516612641815
0.382090761750
0.403160453809
0.453808752026
0.509724473258
0.555510534846
0.572528363047
0.568071312804
0.566450567261
0.565235008104
0.558752025932
0.549027552674
0.547811993517
0.546596434360
0.547811993517
0.550243111831
0.555105348460
0.557536466775
0.559562398703
0.560777957861
0.565235008104
0.569286871961
0.566045380875
0.565235008104
0.565235008104
0.564019448947
0.555105348460
0.526337115073
0.382901134522
0.404376012966
0.420178282010
0.549837925446
0.560372771475
0.566450567261
0.569692058347
0.568476499190
0.566045380875
0.557536466775
0.558346839546
0.556726094003
0.556726094003
0.556320907618
0.562398703404
0.565640194489
0.570502431118
0.571717990276
0.571312803890
0.570502431118
0.573743922204
0.561183144246
0.547406807131
0.462317666126
0.454213938412
0.425850891410
0.523905996759
0.564424635332
0.566450567261
0.563614262561
0.567666126418
0.566045380875
0.562803889789
0.562398703404
0.561588330632
0.562398703404
0.566045380875
0.568071312804
0.569692058347
0.574959481361
0.576985413290
0.579821717990
0.581847649919
0.580632090762
0.578200972447
0.576985413290
0.576580226904
0.576175040519
0.579416531605
0.579416531605
0.570502431118
0.568071312804
0.541329011345
0.463128038898
0.500405186386
0.522690437601
0.559157212318
0.579821717990
0.580226904376
0.580226904376
0.579821717990
0.577390599676
0.574554294976
0.577795786062
0.566855753647
0.581037277147
0.553484602917
0.564424635332
0.513776337115
0.529578606159
0.520259319287
0.571312803890
0.559562398703
0.591572123177
0.573338735818
0.589141004862
0.574959481361
0.583873581848
0.568476499190
0.578200972447
0.541329011345
0.570502431118
0.487844408428
0.558346839546
0.531199351702
0.580226904376
0.569286871961
0.589546191248
0.581037277147
0.586709886548
0.581442463533
0.584683954619
0.579821717990
0.585899513776
0.584278768233
0.586304700162
0.582252836305
0.582252836305
0.581847649919
0.568881685575
0.571312803890
0.551458670989
0.561993517018
0.547001620746
0.542139384117
0.514991896272
0.511750405186
0.562398703404
0.591572123177
0.596434359806
0.592787682334
0.594813614263
0.588330632091
0.590356564019
0.590356564019
0.587925445705
0.587520259319
0.592382495948
0.574149108590
0.567260940032
0.540113452188
0.533225283630
0.549027552674
0.515397082658
0.575769854133
0.523905996759
0.600486223663
0.566855753647
0.600081037277
0.580632090762
0.598055105348
0.581037277147
0.597649918963
0.584683954619
0.594408427877
0.584683954619
0.588330632091
0.562398703404
0.562398703404
0.517828200972
0.545380875203
0.527957860616
0.576985413290
0.585899513776
0.593598055105
0.598865478120
0.594813614263
0.599675850891
0.594003241491
0.596839546191
0.587925445705
0.588330632091
0.588330632091
0.586709886548
0.597649918963
0.557536466775
0.581037277147
0.508508914100
0.576175040519
0.513371150729
0.594408427877
0.582252836305
0.610210696921
0.593192868720
0.604538087520
0.594003241491
0.604132901135
0.599675850891
0.602917341977
0.601701782820
0.605348460292
0.603322528363
0.587115072934
0.536061588331
0.522690437601
0.506888168558
0.521474878444
0.571717990276
0.585089141005
0.606564019449
0.604538087520
0.606158833063
0.604132901135
0.600891410049
0.598460291734
0.600081037277
0.603727714749
0.606969205835
0.607779578606
0.606969205835
0.604943273906
0.605348460292
0.604538087520
0.604943273906
0.617098865478
0.574554294976
0.576580226904
0.425040518639
0.467179902755
0.483387358185
0.481361426256
0.606564019449
0.607374392220
0.604943273906
0.598055105348
0.598865478120
0.598865478120
0.599675850891
0.599675850891
0.607779578606
0.609805510535
0.610210696921
0.615883306321
0.618314424635
0.615072933549
0.615478119935
0.613047001621
0.610615883306
0.615478119935
0.614667747164
0.616693679092
0.615883306321
0.616288492707
0.617909238250
0.621150729335
0.617909238250
0.622366288493
0.598055105348
0.536871961102
0.447325769854
0.431928687196
0.514586709887
0.571717990276
0.580632090762
0.616693679092
0.609400324149
0.608184764992
0.606158833063
0.607779578606
0.602512155592
0.606564019449
0.610210696921
0.611021069692
0.613047001621
0.615478119935
0.612236628849
0.618719611021
0.600891410049
0.621961102107
0.531199351702
0.520664505673
0.457455429498
0.545786061588
0.572123176661
0.550648298217
0.591572123177
0.609400324149
0.600486223663
0.604538087520
0.608184764992
0.607779578606
0.606564019449
0.609805510535
0.611831442464
0.616288492707
0.619529983793
0.620745542950
0.619935170178
0.621961102107
0.617909238250
0.627228525122
0.611831442464
0.628444084279
0.561588330632
0.571717990276
0.442868719611
0.567260940032
0.576580226904
0.629254457050
0.621150729335
0.629254457050
0.623987034036
0.623987034036
0.621555915721
0.622771474878
0.623581847650
0.625202593193
0.626823338736
0.628849270665
0.630470016207
0.634116693679
0.630064829822
0.636547811994
0.633306320908
0.638573743922
0.630875202593
0.632495948136
0.615883306321
0.561588330632
0.415721231767
0.356564019449
0.393030794165
0.470016207455
0.596029173420
0.608995137763
0.610615883306
0.599270664506
0.581442463533
0.575769854133
0.569692058347
0.572528363047
0.578200972447
0.587115072934
0.593598055105
0.601296596434
0.607374392220
0.613452188006
0.616693679092
0.617098865478
0.618314424635
0.621555915721
0.623176661264
0.624392220421
0.626823338736
0.628038897893
0.627633711507
0.626012965964
0.630875202593
0.624797406807
0.638168557536
0.530388978930
0.477309562399
0.523905996759
0.522285251216
0.606969205835
0.619124797407
0.635737439222
0.630064829822
0.628849270665
0.624797406807
0.624392220421
0.627633711507
0.629659643436
0.633306320908
0.634116693679
0.633711507293
0.636952998379
0.637358184765
0.639789303079
0.640599675851
0.639384116694
0.643841166937
0.645056726094
0.645461912480
0.644651539708
0.644246353323
0.646677471637
0.645867098865
0.638978930308
0.617098865478
0.546191247974
0.468395461912
0.502431118314
0.602106969206
0.625202593193
0.622771474878
0.636142625608
0.629659643436
0.639384116694
0.632090761750
0.641410048622
0.632090761750
0.644246353323
0.631280388979
0.644651539708
0.619529983793
0.647082658023
0.568881685575
0.630470016207
0.545786061588
0.628444084279
0.631685575365
0.638573743922
0.639789303079
0.626012965964
0.633711507293
0.575364667747
0.591572123177
0.598865478120
0.642220421394
0.637763371151
0.644651539708
0.646272285251
0.644651539708
0.651134521880
0.646677471637
0.649513776337
0.637763371151
0.638168557536
0.596434359806
0.567260940032
0.538087520259
0.575364667747
0.634927066451
0.652350081037
0.648703403566
0.647893030794
0.645867098865
0.647893030794
0.643841166937
0.647893030794
0.645461912480
0.649513776337
0.650324149109
0.658022690438
0.649108589951
0.660048622366
0.631280388979
0.655996758509
0.561993517018
0.590761750405
0.583873581848
0.628038897893
0.668962722853
0.646677471637
0.660048622366
0.647487844408
0.651539708266
0.649513776337
0.654781199352
0.650729335494
0.658833063209
0.650324149109
0.655186385737
0.606969205835
0.639789303079
0.558346839546
0.646677471637
0.615478119935
0.655186385737
0.645461912480
0.650729335494
0.647082658023
0.642220421394
0.629254457050
0.631685575365
0.626418152350
0.641004862237
0.649513776337
0.663695299838
0.652755267423
0.669773095624
0.646272285251
0.666126418152
0.624797406807
0.643841166937
0.596029173420
0.627633711507
0.600891410049
0.645461912480
0.642625607780
0.647487844408
0.666531604538
0.649108589951
0.668557536467
0.643841166937
0.669367909238
0.629254457050
0.664100486224
0.604538087520
0.655996758509
0.600486223663
0.663290113452
0.631280388979
0.672204213938
0.645056726094
0.665721231767
0.641410048622
0.647082658023
0.632901134522
0.623987034036
0.610615883306
0.626823338736
0.649918962723
0.662074554295
0.662479740681
0.668557536467
0.661264181524
0.671799027553
0.656401944895
0.673014586710
0.624797406807
0.661264181524
0.569286871961
0.632901134522
0.594408427877
0.655996758509
0.662479740681
0.663695299838
0.663290113452
0.649918962723
0.640194489465
0.587925445705
0.596434359806
0.579821717990
0.657617504052
0.667341977310
0.675850891410
0.671393841167
0.667341977310
0.669367909238
0.666126418152
0.669367909238
0.668557536467
0.666126418152
0.661264181524
0.628444084279
0.611021069692
0.540518638574
0.591166936791
0.649918962723
0.628038897893
0.679497568882
0.634116693679
0.678282009724
0.646677471637
0.681928687196
0.645461912480
0.680713128039
0.641004862237
0.674635332253
0.636547811994
0.664100486224
0.634116693679
0.651539708266
0.631685575365
0.601296596434
0.608995137763
0.536871961102
0.635737439222
0.669367909238
0.666126418152
0.669773095624
0.668152350081
0.675040518639
0.667747163695
0.677066450567
0.666531604538
0.680307941653
0.660858995138
0.680713128039
0.637358184765
0.662479740681
0.625607779579
0.653970826580
0.635332252836
0.652755267423
0.653565640194
0.625202593193
0.661264181524
0.618719611021
0.675850891410
0.655996758509
0.686385737439
0.672609400324
0.682739059968
0.682333873582
0.678687196110
0.686790923825
0.671799027553
0.681928687196
0.640599675851
0.638573743922
0.556726094003
0.625202593193
0.626418152350
0.688816855754
0.674230145867
0.688411669368
0.670178282010
0.679497568882
0.653160453809
0.641815235008
0.630064829822
0.627633711507
0.650729335494
0.682333873582
0.666531604538
0.685575364668
0.677471636953
0.688411669368
0.679092382496
0.686385737439
0.666126418152
0.678687196110
0.615478119935
0.648298217180
0.574959481361
0.629659643436
0.594813614263
0.667747163695
0.648298217180
0.687601296596
0.682739059968
0.689627228525
0.683144246353
0.687601296596
0.682333873582
0.685980551053
0.684764991896
0.689627228525
0.685980551053
0.689222042139
0.680307941653
0.688816855754
0.638573743922
0.632901134522
0.530388978930
0.590356564019
0.658833063209
0.684764991896
0.692058346840
0.689627228525
0.691653160454
0.689627228525
0.690437601297
0.693679092382
0.694894651540
0.698946515397
0.688411669368
0.699351701783
0.663290113452
0.665721231767
0.586304700162
0.594003241491
0.622366288493
0.636547811994
0.664100486224
0.667341977310
0.691653160454
0.690032414911
0.696110210697
0.694894651540
0.699756888169
0.695705024311
0.702188006483
0.697325769854
0.700567260940
0.690842787682
0.696515397083
0.651944894652
0.632090761750
0.493922204214
0.475688816856
0.616288492707
0.585899513776
0.603322528363
0.667341977310
0.685575364668
0.681523500810
0.680307941653
0.677471636953
0.682333873582
0.682739059968
0.683144246353
0.684764991896
0.683549432739
0.688411669368
0.686385737439
0.688411669368
0.690437601297
0.692058346840
0.694489465154
0.696920583468
0.699351701783
0.699351701783
0.699351701783
0.701782820097
0.699756888169
0.702188006483
0.690437601297
0.689627228525
0.602106969206
0.540113452188
0.480145867099
0.575769854133
0.623581847650
0.665721231767
0.667341977310
0.670583468395
0.674230145867
0.674635332253
0.678282009724
0.682739059968
0.679092382496
0.679902755267
0.680713128039
0.680713128039
0.678282009724
0.679092382496
0.680713128039
0.684764991896
0.687196110211
0.688816855754
0.696515397083
0.698541329011
0.703403565640
0.690842787682
0.705834683955
0.621961102107
0.615883306321
0.545786061588
0.534035656402
0.596434359806
0.612236628849
0.657212317666
0.693679092382
0.696920583468
0.698136142626
0.693679092382
0.693273905997
0.695705024311
0.695705024311
0.694894651540
0.694894651540
0.696110210697
0.700162074554
0.700162074554
0.702188006483
0.703808752026
0.702188006483
0.705024311183
0.706239870340
0.700162074554
0.678282009724
0.610615883306
0.510940032415
0.543760129660
0.575769854133
0.652755267423
0.697325769854
0.694489465154
0.694489465154
0.686790923825
0.684359805511
0.682739059968
0.688816855754
0.692058346840
0.696515397083
0.697325769854
0.699351701783
0.697325769854
0.698136142626
0.699351701783
0.703403565640
0.689222042139
0.708265802269
0.623987034036
0.619529983793
0.562398703404
0.596029173420
0.665721231767
0.693273905997
0.690842787682
0.699756888169
0.707050243112
0.707455429498
0.709481361426
0.713533225284
0.711102106969
0.715153970827
0.715153970827
0.716774716370
0.716774716370
0.717990275527
0.713938411669
0.717179902755
0.697325769854
0.692868719611
0.572528363047
0.554294975689
0.555915721232
0.655591572123
0.676256077796
0.703808752026
0.702188006483
0.706239870340
0.709076175041
0.714343598055
0.711912479741
0.713128038898
0.712722852512
0.713128038898
0.715153970827
0.717179902755
0.715964343598
0.715153970827
0.715559157212
0.713533225284
0.715964343598
0.715964343598
0.727714748784
0.698541329011
0.699756888169
0.523095623987
0.602512155592
0.573338735818
0.659238249595
0.653970826580
0.693679092382
0.696515397083
0.699351701783
0.699351701783
0.702188006483
0.711507293355
0.715153970827
0.712317666126
0.715964343598
0.715964343598
0.714748784441
0.715153970827
0.713128038898
0.712722852512
0.715964343598
0.711912479741
0.719611021070
0.711912479741
0.717585089141
0.672204213938
0.637358184765
0.516612641815
0.581037277147
0.630470016207
0.664505672609
0.708670988655
0.709076175041
0.708265802269
0.709076175041
0.710696920583
0.711912479741
0.713533225284
0.713533225284
0.720016207455
0.718395461912
0.717179902755
0.715964343598
0.715559157212
0.714748784441
0.715964343598
0.717585089141
0.719611021070
0.724878444084
0.725283630470
0.727309562399
0.722852512156
0.716369529984
0.647487844408
0.549837925446
0.434764991896
0.300243111831
0.453403565640
0.538897893031
0.574149108590
0.563614262561
0.571312803890
0.577390599676
0.581442463533
0.588735818476
0.606969205835
0.622771474878
0.638978930308
0.647082658023
0.651134521880
0.653970826580
0.652755267423
0.653160453809
0.658833063209
0.662884927066
0.667341977310
0.668152350081
0.671393841167
0.679497568882
0.681118314425
0.683549432739
0.686790923825
0.697325769854
0.690032414911
0.705834683955
0.662074554295
0.642625607780
0.437196110211
0.440842787682
0.630470016207
0.666531604538
0.679092382496
0.682333873582
0.684764991896
0.688816855754
0.690437601297
0.691247974068
0.694084278768
0.695705024311
0.699351701783
0.700567260940
0.704213938412
0.704213938412
0.707860615883
0.709076175041
0.710696920583
0.715153970827
0.715964343598
0.718395461912
0.721231766613
0.723257698541
0.723257698541
0.721231766613
0.720826580227
0.721636952998
0.725688816856
0.704619124797
0.700567260940
0.584683954619
0.551863857374
0.535656401945
0.666936790924
0.705429497569
0.717585089141
0.723662884927
0.722852512156
0.726094003241
0.724473257699
0.721231766613
0.721231766613
0.722447325770
0.725283630470
0.727309562399
0.728930307942
0.728525121556
0.728119935170
0.724878444084
0.722447325770
0.721636952998
0.712317666126
0.697325769854
0.591166936791
0.480956239870
0.544165316045
0.558752025932
0.685575364668
0.712317666126
0.717179902755
0.707860615883
0.704213938412
0.705024311183
0.702593192869
0.703808752026
0.706645056726
0.711102106969
0.716774716370
0.715153970827
0.719611021070
0.720826580227
0.718395461912
0.716369529984
0.719611021070
0.722447325770
0.724878444084
0.726499189627
0.726499189627
0.728930307942
0.732982171799
0.733792544571
0.733792544571
0.728930307942
0.722042139384
0.653565640194
0.575769854133
0.476499189627
0.576175040519
0.666936790924
0.703808752026
0.720826580227
0.720826580227
0.716774716370
0.720421393841
0.718800648298
0.721231766613
0.723662884927
0.723662884927
0.724473257699
0.726904376013
0.726499189627
0.725688816856
0.727714748784
0.728525121556
0.730145867099
0.732576985413
0.735008103728
0.737439222042
0.738249594814
0.739465153971
0.742706645057
0.741896272285
0.747163695300
0.739059967585
0.747163695300
0.712722852512
0.721636952998
0.600891410049
0.596434359806
0.604538087520
0.679497568882
0.695299837925
0.732576985413
0.735008103728
0.735008103728
0.732982171799
0.734197730956
0.732576985413
0.735818476499
0.737439222042
0.737844408428
0.740680713128
0.739465153971
0.741085899514
0.739465153971
0.742301458671
0.741896272285
0.743111831442
0.741491085900
0.751215559157
0.738249594814
0.747163695300
0.612236628849
0.597244732577
0.525931928687
0.623987034036
0.691653160454
0.733792544571
0.740275526742
0.743517017828
0.742706645057
0.739465153971
0.741896272285
0.745948136143
0.749594813614
0.749189627229
0.750810372771
0.748379254457
0.747163695300
0.747568881686
0.745948136143
0.747568881686
0.747974068071
0.752836304700
0.755267423015
0.755267423015
0.754457050243
0.757293354943
0.754862236629
0.758508914100
0.750405186386
0.758103727715
0.713128038898
0.686790923825
0.574554294976
0.524716369530
0.595623987034
0.625202593193
0.717990275527
0.721636952998
0.718800648298
0.737439222042
0.740275526742
0.736223662885
0.735818476499
0.739465153971
0.740680713128
0.745542949757
0.747568881686
0.747568881686
0.742706645057
0.743517017828
0.741896272285
0.743517017828
0.741491085900
0.751215559157
0.743111831442
0.735818476499
0.677066450567
0.580632090762
0.702593192869
0.657617504052
0.697730956240
0.698136142626
0.729335494327
0.742301458671
0.758914100486
0.759319286872
0.760534846029
0.759319286872
0.762560777958
0.759319286872
0.764181523501
0.762560777958
0.769448946515
0.757698541329
0.756482982172
0.737844408428
0.722852512156
0.636952998379
0.658833063209
0.711507293355
0.688411669368
0.738654781199
0.752431118314
0.750810372771
0.756888168558
0.758914100486
0.763776337115
0.760534846029
0.762965964344
0.762560777958
0.758914100486
0.752025931929
0.737439222042
0.719205834684
0.644246353323
0.641410048622
0.613047001621
0.733387358185
0.764586709887
0.751215559157
0.770259319287
0.759319286872
0.767017828201
0.764586709887
0.767017828201
0.766612641815
0.768233387358
0.762155591572
0.766612641815
0.749189627229
