0.123726346434
0.124211547792
0.127122755944
0.130033964095
0.131974769529
0.131974769529
0.132945172246
0.132459970888
0.131974769529
0.131974769529
0.131974769529
0.131974769529
0.131974769529
0.131974769529
0.131974769529
0.131974769529
0.131974769529
0.131974769529
0.131974769529
0.131974769529
0.131974769529
0.131489568171
0.132459970888
0.132945172246
0.132945172246
0.135856380398
0.139737991266
0.147501213003
0.152353226589
0.156720038816
0.159631246967
0.162542455119
0.163512857836
0.164968461912
0.166424065987
0.169820475497
0.170790878214
0.171276079573
0.171761280932
0.177098495876
0.179524502669
0.185346918971
0.189713731198
0.193595342067
0.192624939350
0.195536147501
0.203784570597
0.207180980107
0.209606986900
0.211547792334
0.215429403202
0.218340611354
0.217370208637
0.220766618147
0.223192624939
0.227559437166
0.227074235808
0.225133430374
0.224163027656
0.225618631732
0.227074235808
0.226103833091
0.233381853469
0.234837457545
0.237748665696
0.235322658903
0.233381853469
0.231926249393
0.232896652111
0.232411450752
0.231926249393
0.232896652111
0.233867054828
0.235807860262
0.236778262979
0.238233867055
0.239689471131
0.240659873848
0.241145075206
0.243085880640
0.242600679282
0.241145075206
0.242115477923
0.245511887433
0.245997088792
0.247452692868
0.245026686075
0.247452692868
0.248423095585
0.246482290150
0.249393498302
0.255701115963
0.255701115963
0.255701115963
0.254730713246
0.255215914605
0.254245511887
0.254730713246
0.255215914605
0.255701115963
0.256671518680
0.256671518680
0.256671518680
0.256186317322
0.257641921397
0.257641921397
0.261523532266
0.262008733624
0.262008733624
0.262979136342
0.262493934983
0.262979136342
0.263949539059
0.263949539059
0.264434740417
0.266860747210
0.267831149927
0.268801552644
0.270257156720
0.272683163513
0.273168364871
0.273653566230
0.275109170306
0.277049975740
0.278020378457
0.278990781174
0.283357593401
0.285783600194
0.285298398836
0.286754002911
0.289180009704
0.289180009704
0.289665211063
0.289665211063
0.292091217855
0.293546821931
0.294032023290
0.294517224648
0.295972828724
0.293061620573
0.295487627365
0.295002426007
0.301310043668
0.290150412421
0.287239204270
0.234837457545
0.179039301310
0.215914604561
0.277535177098
0.290150412421
0.294517224648
0.298884036875
0.294032023290
0.289665211063
0.297428432800
0.302765647744
0.305676855895
0.304221251820
0.303250849102
0.304706453178
0.306647258612
0.306162057254
0.311984473557
0.313925278991
0.316351285784
0.316836487142
0.319262493935
0.322173702086
0.322173702086
0.325084910238
0.326540514313
0.327025715672
0.330422125182
0.330422125182
0.330907326541
0.330422125182
0.331392527899
0.332848131975
0.331877729258
0.333333333333
0.332848131975
0.334788937409
0.338670548278
0.341096555070
0.339640950995
0.340126152353
0.337214944202
0.336729742843
0.334788937409
0.307617661329
0.249878699660
0.222222222222
0.266860747210
0.298884036875
0.311984473557
0.322658903445
0.329451722465
0.330422125182
0.333818534692
0.334303736050
0.334788937409
0.336729742843
0.337700145560
0.340611353712
0.343522561863
0.342552159146
0.347889374090
0.349830179525
0.350800582242
0.352741387676
0.355167394469
0.359534206696
0.360989810771
0.360989810771
0.357593401262
0.353711790393
0.352256186317
0.352741387676
0.351285783600
0.349344978166
0.350800582242
0.352256186317
0.354682193110
0.357108199903
0.358563803979
0.360504609413
0.361475012130
0.361960213489
0.363901018923
0.364386220281
0.365356622999
0.365841824357
0.367782629791
0.368753032508
0.368267831150
0.368753032508
0.370208636584
0.370693837943
0.370693837943
0.374575448811
0.377001455604
0.380397865114
0.378457059680
0.378942261038
0.377971858321
0.373119844736
0.323629306162
0.235322658903
0.185832120330
0.274623968947
0.275109170306
0.275594371664
0.303736050461
0.327025715672
0.347404172732
0.345463367297
0.345463367297
0.347404172732
0.344978165939
0.346918971373
0.346918971373
0.346433770015
0.341581756429
0.344978165939
0.349830179525
0.355652595827
0.362445414847
0.372634643377
0.374090247453
0.377971858321
0.380397865114
0.382338670548
0.382338670548
0.381368267831
0.379912663755
0.386705482775
0.384279475983
0.382823871907
0.384764677341
0.387675885492
0.391557496361
0.395439107230
0.393983503154
0.398350315381
0.399805919457
0.401261523532
0.404172731684
0.405143134401
0.405143134401
0.407083939835
0.407569141194
0.409995147986
0.412906356138
0.414361960213
0.415332362931
0.416302765648
0.418728772441
0.420669577875
0.420669577875
0.420669577875
0.421639980592
0.422125181951
0.418728772441
0.423095584668
0.402231926249
0.429403202329
0.323144104803
0.367782629791
0.271712760796
0.412421154779
0.407083939835
0.404657933042
0.406598738476
0.404657933042
0.405628335759
0.405143134401
0.403687530325
0.406598738476
0.409024745269
0.408539543911
0.406598738476
0.407569141194
0.410965550704
0.411450752062
0.411935953421
0.413391557496
0.414361960213
0.416787967006
0.418243571082
0.417758369723
0.419699175158
0.419213973799
0.418243571082
0.419699175158
0.419699175158
0.420184376516
0.420669577875
0.424065987385
0.425036390102
0.428918000970
0.426006792819
0.426491994178
0.427947598253
0.409509946628
0.388161086851
0.270257156720
0.316351285784
0.358078602620
0.420184376516
0.422125181951
0.421639980592
0.414847161572
0.418728772441
0.423095584668
0.422125181951
0.421639980592
0.419213973799
0.421639980592
0.421639980592
0.420184376516
0.424065987385
0.423580786026
0.426491994178
0.432314410480
0.431344007763
0.430373605046
0.429403202329
0.433284813197
0.433284813197
0.435710819990
0.437166424066
0.439107229500
0.439592430859
0.443474041727
0.444444444444
0.443959243086
0.443959243086
0.443959243086
0.447840853954
0.446385249879
0.446385249879
0.447355652596
0.448811256672
0.444929645803
0.452692867540
0.435710819990
0.461911693353
0.409509946628
0.440077632217
0.348859776807
0.394468704512
0.379427462397
0.438622028142
0.448326055313
0.443959243086
0.446385249879
0.448811256672
0.445900048520
0.445900048520
0.444444444444
0.444444444444
0.446870451237
0.449296458030
0.449296458030
0.454148471616
0.456574478409
0.457544881126
0.457059679767
0.454148471616
0.457544881126
0.459970887918
0.461911693353
0.462396894711
0.462882096070
0.461911693353
0.463367297428
0.464337700146
0.463367297428
0.463852498787
0.464337700146
0.464822901504
0.465308102863
0.465308102863
0.467734109656
0.464337700146
0.472586123241
0.461426491994
0.455604075691
0.426006792819
0.407569141194
0.360989810771
0.421639980592
0.439592430859
0.462396894711
0.461911693353
0.466763706938
0.461426491994
0.465793304221
0.464337700146
0.465308102863
0.467248908297
0.466763706938
0.468704512373
0.470645317807
0.471615720524
0.473071324600
0.472100921883
0.474526928675
0.474041727317
0.474526928675
0.474526928675
0.473556525958
0.476952935468
0.477438136827
0.480349344978
0.479378942261
0.478408539544
0.479378942261
0.481319747695
0.479378942261
0.480349344978
0.480349344978
0.481804949054
0.478893740902
0.481804949054
0.456089277050
0.447840853954
0.360989810771
0.381853469190
0.438136826783
0.419699175158
0.440562833576
0.467248908297
0.468704512373
0.477438136827
0.479378942261
0.483745754488
0.486656962639
0.485201358564
0.484230955847
0.481804949054
0.480834546337
0.481804949054
0.478408539544
0.478893740902
0.482290150412
0.480349344978
0.482290150412
0.482290150412
0.484716157205
0.487627365357
0.488112566715
0.488112566715
0.491023774867
0.491994177584
0.495875788452
0.484716157205
0.503153808831
0.449296458030
0.439592430859
0.324599708879
0.430373605046
0.483260553130
0.484230955847
0.496360989811
0.479378942261
0.479864143620
0.482290150412
0.487627365357
0.491023774867
0.488112566715
0.490538573508
0.492964580301
0.492479378942
0.492964580301
0.495390587094
0.493934983018
0.494420184377
0.499272197962
0.500242600679
0.500727802038
0.505094614265
0.505579815623
0.505579815623
0.503639010189
0.502668607472
0.503153808831
0.506550218341
0.503639010189
0.497331392528
0.489568170791
0.407569141194
0.406113537118
0.392042697720
0.489082969432
0.457544881126
0.477923338185
0.490538573508
0.493934983018
0.501213003396
0.504609412906
0.504124211548
0.497816593886
0.499757399321
0.500727802038
0.503153808831
0.505094614265
0.505579815623
0.508976225133
0.510431829209
0.512857836002
0.513828238719
0.514798641436
0.512857836002
0.513343037361
0.512372634643
0.515769044153
0.516254245512
0.514798641436
0.519165453663
0.519165453663
0.516254245512
0.524502668607
0.493449781659
0.494420184377
0.416787967006
0.386705482775
0.427462396895
0.472100921883
0.521106259098
0.511402231926
0.505579815623
0.509946627851
0.502668607472
0.504124211548
0.507520621058
0.510917030568
0.510917030568
0.512857836002
0.510431829209
0.513828238719
0.514798641436
0.519650655022
0.521106259098
0.520621057739
0.519165453663
0.521106259098
0.522076661815
0.524017467249
0.524987869966
0.524987869966
0.507035419699
0.490538573508
0.341581756429
0.437651625425
0.487142163998
0.490053372149
0.512372634643
0.521106259098
0.524017467249
0.521106259098
0.521106259098
0.517224648229
0.524017467249
0.528384279476
0.526928675400
0.528869480835
0.530325084910
0.527413876759
0.525958272683
0.528869480835
0.529839883552
0.531295487627
0.532265890344
0.532265890344
0.532751091703
0.534206695779
0.537117903930
0.537117903930
0.538573508006
0.543910722950
0.538088306647
0.538573508006
0.488112566715
0.452692867540
0.389131489568
0.459485686560
0.437166424066
0.478893740902
0.498301795245
0.518680252305
0.524017467249
0.527413876759
0.530325084910
0.524987869966
0.524987869966
0.524017467249
0.525958272683
0.527899078117
0.528869480835
0.532751091703
0.539543910723
0.539058709364
0.539058709364
0.535662299854
0.535662299854
0.537603105289
0.540514313440
0.541969917516
0.544395924309
0.545366327026
0.546821931101
0.548277535177
0.546336729743
0.546336729743
0.547307132460
0.546336729743
0.542940320233
0.555555555556
0.472586123241
0.443474041727
0.365356622999
0.359049005337
0.524502668607
0.556525958273
0.556040756914
0.545851528384
0.537603105289
0.535177098496
0.534691897137
0.540999514799
0.540999514799
0.542455118874
0.542940320233
0.544881125667
0.542940320233
0.548277535177
0.546336729743
0.546336729743
0.550218340611
0.553129548763
0.556040756914
0.558951965066
0.559922367783
0.560407569141
0.560892770500
0.562348374575
0.559922367783
0.559922367783
0.562348374575
0.556040756914
0.534691897137
0.448326055313
0.436196021349
0.441533236293
0.507520621058
0.526928675400
0.542940320233
0.555070354197
0.555555555556
0.548762736536
0.547307132460
0.545366327026
0.545851528384
0.549733139253
0.553129548763
0.554585152838
0.558951965066
0.562833575934
0.561377971858
0.560892770500
0.560407569141
0.561377971858
0.563803978651
0.567200388161
0.565744784085
0.568655992237
0.567685589520
0.570111596312
0.568170790878
0.557496360990
0.523047064532
0.436681222707
0.358563803979
0.297428432800
0.487142163998
0.510917030568
0.535662299854
0.524987869966
0.516739446870
0.518680252305
0.519650655022
0.517709849588
0.524502668607
0.533721494420
0.541484716157
0.547792333819
0.550703541970
0.558951965066
0.563803978651
0.561863173217
0.561377971858
0.562833575934
0.562833575934
0.563318777293
0.565259582727
0.566715186803
0.569626394954
0.573022804464
0.573022804464
0.574478408540
0.574478408540
0.575448811257
0.573993207181
0.575448811257
0.572537603105
0.573508005822
0.560892770500
0.569141193595
0.490053372149
0.417758369723
0.405628335759
0.459970887918
0.557981562348
0.543425521591
0.574478408540
0.568655992237
0.566229985444
0.569141193595
0.566715186803
0.563318777293
0.565259582727
0.565744784085
0.566229985444
0.572052401747
0.575448811257
0.575448811257
0.578360019408
0.576904415332
0.576904415332
0.580786026201
0.579815623484
0.583212032994
0.584667637069
0.585152838428
0.585152838428
0.586123241145
0.584182435711
0.589519650655
0.586608442504
0.589034449296
0.580300824842
0.593886462882
0.559437166424
0.544881125667
0.366812227074
0.466763706938
0.461426491994
0.569141193595
0.579330422125
0.573508005822
0.577874818049
0.583212032994
0.581756428918
0.580300824842
0.577389616691
0.579330422125
0.583697234352
0.587093643862
0.592430858806
0.590975254731
0.593886462882
0.594371664241
0.592916060165
0.595827268316
0.594371664241
0.596312469675
0.599223677826
0.600194080543
0.600679281902
0.602620087336
0.602620087336
0.602134885978
0.600194080543
0.602134885978
0.598253275109
0.608442503639
0.587093643862
0.608927704998
0.511402231926
0.508491023775
0.370693837943
0.500727802038
0.534691897137
0.560407569141
0.592430858806
0.608442503639
0.600194080543
0.587578845221
0.586608442504
0.590975254731
0.590975254731
0.593401261524
0.591460456089
0.593401261524
0.593886462882
0.597768073751
0.598738476468
0.597768073751
0.597768073751
0.601649684619
0.599223677826
0.602620087336
0.601649684619
0.604075691412
0.595827268316
0.561377971858
0.434740417273
0.435710819990
0.427462396895
0.562348374575
0.587093643862
0.592430858806
0.598738476468
0.595827268316
0.598738476468
0.594856865599
0.595342066958
0.596312469675
0.597768073751
0.596797671033
0.598738476468
0.601164483261
0.602134885978
0.604075691412
0.605531295488
0.604075691412
0.610868510432
0.594371664241
0.594856865599
0.490538573508
0.525473071325
0.442988840369
0.578360019408
0.585638039787
0.614264919942
0.616205725376
0.608927704998
0.612324114508
0.613294517225
0.609898107715
0.607957302280
0.608927704998
0.614750121300
0.617661329452
0.617176128093
0.619116933527
0.620087336245
0.618631732169
0.617661329452
0.618631732169
0.618146530810
0.619116933527
0.616690926735
0.619116933527
0.618631732169
0.620087336245
0.622028141679
0.607472100922
0.590490053372
0.489568170791
0.530325084910
0.537603105289
0.591460456089
0.615235322659
0.616690926735
0.612809315866
0.633187772926
0.608442503639
0.635613779719
0.602134885978
0.630761766133
0.586608442504
0.628820960699
0.554099951480
0.604075691412
0.501698204755
0.605046094129
0.560407569141
0.627850557982
0.607472100922
0.626880155264
0.621057738962
0.618146530810
0.624939349830
0.615720524017
0.625424551189
0.594371664241
0.602620087336
0.541484716157
0.608442503639
0.584667637069
0.618631732169
0.610868510432
0.628335759340
0.624454148472
0.628820960699
0.630761766133
0.628335759340
0.629791363416
0.631732168850
0.632702571567
0.630276564774
0.633187772926
0.622513343037
0.627850557982
0.606986899563
0.617661329452
0.585638039787
0.600194080543
0.597282872392
0.573993207181
0.584667637069
0.531780688986
0.626394953906
0.621057738962
0.637554585153
0.639495390587
0.633187772926
0.647258612324
0.628820960699
0.649684619117
0.619116933527
0.646288209607
0.614750121300
0.636098981077
0.557496360990
0.601649684619
0.523047064532
0.583212032994
0.576904415332
0.586123241145
0.614264919942
0.604560892770
0.630761766133
0.635128578360
0.632217370209
0.642891800097
0.632217370209
0.641921397380
0.629791363416
0.644832605531
0.620087336245
0.640465793304
0.597768073751
0.621057738962
0.553129548763
0.606501698205
0.556040756914
0.625424551189
0.617176128093
0.639980591946
0.647743813683
0.630761766133
0.649199417758
0.631246967492
0.652110625910
0.622998544396
0.653081028627
0.609412906356
0.650169820475
0.593886462882
0.637554585153
0.557981562348
0.612809315866
0.549247937894
0.607472100922
0.615720524017
0.645803008248
0.646773410966
0.646773410966
0.646288209607
0.647258612324
0.640950994663
0.651625424551
0.640950994663
0.648229015041
0.634158175643
0.640465793304
0.602620087336
0.585638039787
0.517224648229
0.543910722950
0.544881125667
0.608442503639
0.630276564774
0.630276564774
0.658418243571
0.650169820475
0.654051431344
0.649199417758
0.650169820475
0.650169820475
0.652595827268
0.654051431344
0.655021834061
0.655992236778
0.655992236778
0.656477438137
0.657447840854
0.658418243571
0.653566229985
0.639980591946
0.588549247938
0.503153808831
0.474041727317
0.486171761281
0.535177098496
0.633672974284
0.658418243571
0.651140223193
0.648229015041
0.651140223193
0.648229015041
0.647258612324
0.649684619117
0.648714216400
0.651140223193
0.650169820475
0.649199417758
0.652110625910
0.652110625910
0.650655021834
0.650655021834
0.653081028627
0.655507035420
0.655507035420
0.656477438137
0.656477438137
0.655992236778
0.659873847647
0.659388646288
0.664725861232
0.639495390587
0.662785055798
0.509461426492
0.568170790878
0.375060650170
0.566229985444
0.573993207181
0.640950994663
0.652110625910
0.644832605531
0.651140223193
0.644832605531
0.648714216400
0.651140223193
0.655021834061
0.657933042213
0.659388646288
0.659873847647
0.658903444930
0.657447840854
0.658903444930
0.644347404173
0.648229015041
0.564289180010
0.551673944687
0.446870451237
0.590490053372
0.606016496846
0.631246967492
0.648714216400
0.655021834061
0.658903444930
0.655507035420
0.659873847647
0.656962639495
0.657447840854
0.656962639495
0.661814653081
0.661329451722
0.658418243571
0.661814653081
0.665211062591
0.664725861232
0.666181465308
0.661814653081
0.662785055798
0.644347404173
0.636584182436
0.550703541970
0.513343037361
0.578360019408
0.647258612324
0.641921397380
0.655992236778
0.664725861232
0.669577874818
0.667637069384
0.670063076177
0.669577874818
0.670063076177
0.670063076177
0.669577874818
0.673459485687
0.670548277535
0.670548277535
0.671518680252
0.670063076177
0.671033478894
0.667637069384
0.672974284328
0.662299854440
0.654536632703
0.577389616691
0.483745754488
0.388161086851
0.406598738476
0.504609412906
0.603105288695
0.654536632703
0.662785055798
0.664725861232
0.655992236778
0.653566229985
0.653566229985
0.649199417758
0.653081028627
0.652110625910
0.655507035420
0.659388646288
0.663270257157
0.662299854440
0.663270257157
0.663755458515
0.661814653081
0.665211062591
0.664725861232
0.668122270742
0.670063076177
0.672489082969
0.672003881611
0.677341096555
0.670063076177
0.676370693838
0.651625424551
0.618146530810
0.458030082484
0.535662299854
0.590975254731
0.611353711790
0.662299854440
0.674429888404
0.682193110141
0.683163512858
0.674429888404
0.674915089762
0.671518680252
0.668607472101
0.668122270742
0.669092673459
0.671033478894
0.674915089762
0.677341096555
0.678311499272
0.680252304706
0.681707908782
0.684133915575
0.684133915575
0.684133915575
0.683648714216
0.685104318292
0.678796700631
0.690926734595
0.666181465308
0.680252304706
0.531295487627
0.571567200388
0.475012130034
0.655992236778
0.679281901989
0.674429888404
0.675885492479
0.673944687045
0.679767103348
0.685104318292
0.678311499272
0.681222707424
0.674429888404
0.677341096555
0.672003881611
0.668607472101
0.658418243571
0.644347404173
0.620572537603
0.623483745754
0.644832605531
0.678796700631
0.687045123726
0.677826297914
0.674429888404
0.640950994663
0.639495390587
0.590490053372
0.648229015041
0.675885492479
0.681707908782
0.684619116934
0.689471130519
0.682193110141
0.690926734595
0.677341096555
0.686074721009
0.664240659874
0.671033478894
0.624939349830
0.617661329452
0.554099951480
0.621542940320
0.663270257157
0.698204754973
0.694323144105
0.696749150898
0.696263949539
0.697719553615
0.697719553615
0.696749150898
0.695778748180
0.692867540029
0.692867540029
0.696263949539
0.694808345463
0.688015526443
0.686559922368
0.667151868025
0.643862202814
0.550218340611
0.622513343037
0.667637069384
0.691897137312
0.701601164483
0.694808345463
0.702086365842
0.694808345463
0.698689956332
0.695778748180
0.697719553615
0.693837942746
0.691411935953
0.686074721009
0.666666666667
0.663755458515
0.620572537603
0.671518680252
0.668607472101
0.698689956332
0.671033478894
0.706938379427
0.654051431344
0.697234352256
0.630276564774
0.687045123726
0.627365356623
0.690441533236
0.669092673459
0.693837942746
0.694808345463
0.693837942746
0.693352741388
0.681222707424
0.696749150898
0.642406598738
0.677341096555
0.621542940320
0.678311499272
0.661329451722
0.698689956332
0.685589519651
0.702571567200
0.693352741388
0.697719553615
0.692867540029
0.692382338671
0.687045123726
0.687045123726
0.674915089762
0.670548277535
0.668122270742
0.674429888404
0.686074721009
0.694808345463
0.704997573993
0.694323144105
0.697234352256
0.670548277535
0.677826297914
0.626880155264
0.651625424551
0.633187772926
0.696263949539
0.684619116934
0.716642406599
0.708879184862
0.713245997089
0.706453178069
0.708879184862
0.700630761766
0.693837942746
0.677341096555
0.647743813683
0.650169820475
0.656477438137
0.690441533236
0.688015526443
0.710334788937
0.682193110141
0.700630761766
0.647743813683
0.657447840854
0.577389616691
0.630276564774
0.677341096555
0.701601164483
0.712275594372
0.701601164483
0.714216399806
0.704027171276
0.717127607957
0.700630761766
0.713731198447
0.693352741388
0.722464822902
0.641436196021
0.692867540029
0.538088306647
0.689471130519
0.651625424551
0.697234352256
0.702571567200
0.700145560408
0.703056768559
0.702086365842
0.703541969918
0.703056768559
0.699175157690
0.704027171276
0.694808345463
0.698204754973
0.671033478894
0.684619116934
0.666181465308
0.665211062591
0.641921397380
0.631246967492
0.612809315866
0.669577874818
0.707423580786
0.717127607957
0.712760795730
0.719553614750
0.716157205240
0.721009218826
0.707908782145
0.715672003882
0.706938379427
0.715672003882
0.696263949539
0.705967976710
0.652110625910
0.693837942746
0.643862202814
0.699175157690
0.660359049005
0.698204754973
0.659388646288
0.688985929161
0.678796700631
0.702086365842
0.713245997089
0.717612809316
0.722464822902
0.724405628336
0.721494420184
0.724890829694
0.713245997089
0.720524017467
0.697234352256
0.709364386220
0.635128578360
0.665696263950
0.577874818049
0.707423580786
0.704027171276
0.731683648714
0.722950024260
0.726831635129
0.709364386220
0.716642406599
0.668122270742
0.678311499272
0.647258612324
0.692382338671
0.724405628336
0.717127607957
0.732654051431
0.718098010674
0.738961669093
0.715186802523
0.734109655507
0.703541969918
0.725861232411
0.651625424551
0.695293546822
0.610383309073
0.662785055798
0.679281901989
0.673944687045
0.722464822902
0.712275594372
0.736050460941
0.721979621543
0.731683648714
0.726346433770
0.731198447356
0.727802037846
0.731683648714
0.731198447356
0.731683648714
0.726831635129
0.733139252790
0.714701601164
0.699660359049
0.624454148472
0.579330422125
0.613779718583
0.692382338671
0.734109655507
0.732168850073
0.726346433770
0.731198447356
0.724405628336
0.729257641921
0.728287239204
0.728772440563
0.733139252790
0.733139252790
0.721494420184
0.725376031053
0.650655021834
0.679767103348
0.556525958273
0.674429888404
0.681707908782
0.718583212033
0.718098010674
0.748180494905
0.734109655507
0.745269286754
0.738961669093
0.745269286754
0.744298884037
0.746724890830
0.741387675885
0.746239689471
0.734109655507
0.750606501698
0.701115963125
0.703056768559
0.506550218341
0.622998544396
0.609412906356
0.647258612324
0.634643377001
0.703056768559
0.727316836487
0.727802037846
0.724890829694
0.720038816109
0.720524017467
0.723920426977
0.726831635129
0.723920426977
0.724890829694
0.730228044639
0.735565259583
0.737991266376
0.738476467734
0.739446870451
0.741872877244
0.742843279961
0.745269286754
0.745269286754
0.742843279961
0.746724890830
0.742358078603
0.747695293547
0.734594856866
0.725376031053
0.630761766133
0.561863173217
0.476467734110
0.623968947113
0.655992236778
0.709364386220
0.716157205240
0.711305191655
0.709364386220
0.714216399806
0.718098010674
0.718583212033
0.715672003882
0.714216399806
0.715672003882
0.718098010674
0.720524017467
0.722950024260
0.725861232411
0.727802037846
0.730713245997
0.731683648714
0.734109655507
0.737020863658
0.733139252790
0.745269286754
0.719068413392
0.707908782145
0.555555555556
0.629306162057
0.550218340611
0.608442503639
0.649684619117
0.705482775352
0.736050460941
0.733139252790
0.735565259583
0.735080058224
0.736050460941
0.735565259583
0.731683648714
0.735565259583
0.743328481320
0.746239689471
0.745754488113
0.747210092188
0.743328481320
0.748180494905
0.746724890830
0.752547307132
0.746239689471
0.749150897623
0.708879184862
0.681707908782
0.509946627851
0.612809315866
0.653566229985
0.668607472101
0.726346433770
0.736535662300
0.736535662300
0.735080058224
0.726831635129
0.727802037846
0.732168850073
0.737020863658
0.743328481320
0.746724890830
0.745269286754
0.750121300340
0.749150897623
0.751091703057
0.748665696264
0.748180494905
0.734109655507
0.707423580786
0.590004852014
0.615235322659
0.644347404173
0.673944687045
0.747695293547
0.741387675885
0.758369723435
0.753032508491
0.755458515284
0.752547307132
0.754488112567
0.756914119360
0.757884522077
0.759340126152
0.756428918001
0.756914119360
0.758854924794
0.757399320718
0.762736535662
0.737506065017
0.747695293547
0.591460456089
0.662299854440
0.543910722950
0.687530325085
0.741387675885
0.748665696264
0.753032508491
0.749636098981
0.751576904415
0.751576904415
0.751576904415
0.754973313925
0.754002911208
0.754488112567
0.759825327511
0.762251334304
0.761766132945
0.762736535662
0.762736535662
0.764192139738
0.761766132945
0.766618146531
0.754488112567
0.752547307132
0.691897137312
0.612324114508
0.531780688986
0.518195050946
0.706453178069
0.732168850073
0.751576904415
0.747210092188
0.739932071810
0.737991266376
0.737020863658
0.740417273168
0.743813682678
0.744298884037
0.746239689471
0.748665696264
0.749150897623
0.752547307132
0.754973313925
0.754488112567
0.754002911208
0.753517709850
0.756428918001
0.753032508491
0.755943716642
0.719068413392
0.657447840854
0.537603105289
0.614264919942
0.638524987870
0.725861232411
0.735565259583
0.740417273168
0.754002911208
0.753032508491
0.751576904415
0.751576904415
0.750606501698
0.749636098981
0.754002911208
0.755943716642
0.759825327511
0.759825327511
0.760310528869
0.760795730228
0.760795730228
0.762251334304
0.766132945172
0.767103347889
0.771470160116
0.765647743814
0.763706938379
0.737506065017
0.695778748180
0.552159146046
0.425521591460
0.388161086851
0.502183406114
0.590975254731
0.631732168850
0.638524987870
0.656477438137
0.651625424551
0.655992236778
0.651625424551
0.654536632703
0.667151868025
0.667151868025
0.674915089762
0.680737506065
0.686074721009
0.690926734595
0.696749150898
0.704027171276
0.706453178069
0.713731198447
0.716642406599
0.719068413392
0.721494420184
0.724890829694
0.727316836487
0.727802037846
0.726831635129
0.734594856866
0.717612809316
0.733624454148
0.620572537603
0.577874818049
0.350800582242
0.655021834061
0.717612809316
0.739932071810
0.745754488113
0.739446870451
0.735565259583
0.736050460941
0.734594856866
0.732654051431
0.737506065017
0.737991266376
0.740902474527
0.742843279961
0.744784085395
0.745754488113
0.749636098981
0.751576904415
0.754973313925
0.754002911208
0.756428918001
0.759825327511
0.760795730228
0.758854924794
0.760310528869
0.760310528869
0.757399320718
0.756914119360
0.743813682678
0.745754488113
0.620087336245
0.622028141679
0.552159146046
0.711305191655
0.767588549248
0.762736535662
0.760310528869
0.761766132945
0.758854924794
0.759825327511
0.761280931587
0.761280931587
0.759825327511
0.762736535662
0.763221737021
0.767588549248
0.767588549248
0.770984958758
0.767103347889
0.774381368268
0.765162542455
0.770014556041
0.716157205240
0.659873847647
0.471130519165
0.570596797671
0.641921397380
0.681707908782
0.738476467734
0.759340126152
0.766618146531
0.757399320718
0.751576904415
0.753032508491
0.753517709850
0.754973313925
0.761766132945
0.762251334304
0.762251334304
0.762251334304
0.765647743814
0.767588549248
0.767588549248
0.768073750607
0.767588549248
0.767103347889
0.770014556041
0.772440562834
0.772925764192
0.773896166909
0.774381368268
0.776322173702
0.763221737021
0.772440562834
0.704997573993
0.643377001456
0.489568170791
0.639495390587
0.697719553615
0.753517709850
0.765647743814
0.768558951965
0.767103347889
0.763706938379
0.762251334304
0.766618146531
0.768558951965
0.769529354682
0.770014556041
0.772925764192
0.772925764192
0.772925764192
0.772440562834
0.774381368268
0.774866569626
0.776807375061
0.778262979136
0.777292576419
0.779718583212
0.781659388646
0.784085395439
0.783600194081
0.782144590005
0.780203784571
0.781659388646
0.763221737021
0.757884522077
0.630761766133
0.641436196021
0.575448811257
0.711790393013
0.724890829694
0.771955361475
0.779233381853
0.774866569626
0.776807375061
0.778748180495
0.776322173702
0.777292576419
0.778748180495
0.779718583212
0.783600194081
0.785540999515
0.785055798156
0.786511402232
0.782629791363
0.787481804949
0.786996603590
0.788452207666
0.781174187288
0.794759825328
0.742358078603
0.724890829694
0.499757399321
0.592916060165
0.695778748180
0.750121300340
0.774381368268
0.782144590005
0.785540999515
0.788452207666
0.783600194081
0.786511402232
0.786511402232
0.789422610383
0.788937409025
0.790878214459
0.790393013100
0.790393013100
0.784570596798
0.786996603590
0.788937409025
0.788937409025
0.787481804949
0.788937409025
0.787481804949
0.789907811742
0.791848617176
0.791848617176
0.790878214459
0.788452207666
0.786996603590
0.750606501698
0.748180494905
0.605046094129
0.626394953906
0.638524987870
0.622998544396
0.750606501698
0.762736535662
0.781659388646
0.790878214459
0.786511402232
0.784570596798
0.785055798156
0.783600194081
0.782629791363
0.780203784571
0.781659388646
0.786511402232
0.788452207666
0.789422610383
0.790393013100
0.786511402232
0.795730228045
0.786996603590
0.798641436196
0.743813682678
0.747210092188
0.557496360990
0.722950024260
0.729742843280
0.746724890830
0.782144590005
0.745269286754
0.793304221252
0.780203784571
0.806404657933
0.796700630762
0.801067442989
0.802523047065
0.802037845706
0.799126637555
0.801067442989
0.797185832120
0.803008248423
0.784570596798
0.792819019893
0.713731198447
0.693352741388
0.588549247938
0.757884522077
0.758369723435
0.764677341097
0.787967006308
0.801552644347
0.801552644347
0.798156234837
0.795730228045
0.800582241630
0.797671033479
0.805919456574
0.796700630762
0.800097040272
0.771955361475
0.764677341097
0.675400291121
0.681222707424
0.654536632703
0.777777777778
0.797671033479
0.802523047065
0.803493449782
0.802037845706
0.801552644347
0.809801067443
0.807375060650
0.811741872877
0.806404657933
0.813197476953
0.797671033479
0.812227074236
