2.373796463013
1.808436036110
1.456324934959
1.228935122490
1.146494626999
1.002192378044
0.983151972294
0.915554046631
0.893077313900
0.862752199173
0.841188371181
0.821728885174
0.805078387260
0.790463864803
0.777549207211
0.766041040421
0.755713939667
0.746388792992
0.737921476364
0.730194807053
0.723111808300
0.716592431068
0.710569500923
0.704985618591
0.699792683125
0.694948911667
0.690418601036
0.686170339584
0.682176768780
0.678414523602
0.674862086773
0.671500921249
0.668314635754
0.665288567543
0.662409245968
0.659665107727
0.657045245171
0.654540121555
0.652141213417
0.649840295315
0.647630214691
0.645504832268
0.643457829952
0.641484022141
0.639578223228
0.637735962868
0.635953247547
0.634226202965
0.632551193237
0.630925118923
0.629344880581
0.627808392048
0.626312494278
0.624855160713
0.623434305191
0.622047901154
0.620694279671
0.619371831417
0.618078768253
0.616814076900
0.615576148033
0.614363789558
0.613176167011
0.612011909485
0.610870122910
0.609750151634
0.608650803566
0.607571482658
0.606511354446
0.605469882488
0.604446053505
0.603439748287
0.602449893951
0.601476430893
0.600518405437
0.599575400352
0.598647296429
0.597733318806
0.596832990646
0.595946133137
0.595072329044
0.594211697578
0.593367099762
0.592538177967
0.591724276543
0.590924918652
0.590139687061
0.589367866516
0.588609158993
0.587862968445
0.587129116058
0.586407184601
0.585696578026
0.584997236729
0.584308505058
0.583630084991
0.582961916924
0.582303702831
0.581654965878
0.581015467644
