2.519821166992
1.544347047806
1.227429866791
0.995040237904
0.896639347076
0.808525741100
0.765870571136
0.722316622734
0.697111427784
0.673085093498
0.654165446758
0.637688457966
0.623482942581
0.611039161682
0.600045084953
0.590251922607
0.581466615200
0.573536276817
0.566337525845
0.559770464897
0.553752541542
0.548215508461
0.543101668358
0.538362741470
0.533957242966
0.529849529266
0.526009440422
0.522409915924
0.519028007984
0.515843272209
0.512837707996
0.509995520115
0.507302641869
0.504746437073
0.502315521240
0.499999940395
0.497790455818
0.495678693056
0.493657439947
0.491719871759
0.489859849215
0.488071560860
0.486350178719
0.484690845013
0.483089476824
0.481542050838
0.480044841766
0.478595048189
0.477189123631
0.475824773312
0.474499166012
0.473210304976
0.471955746412
0.470733672380
0.469542324543
0.468380153179
0.467245399952
0.466136813164
0.465053081512
0.463993161917
0.462955713272
0.461939781904
0.460944473743
0.459968954325
0.459012389183
0.458073943853
0.457152903080
0.456248760223
0.455360859632
0.454488366842
0.453631073236
0.452788174152
0.451959401369
0.451144129038
0.450342088938
0.449552804232
0.448775857687
0.448010861874
0.447257488966
0.446515470743
0.445784270763
0.445064276457
0.444358199835
0.443665564060
0.442985594273
0.442317962646
0.441662281752
0.441017895937
0.440384507179
0.439761757851
0.439149409533
0.438546925783
0.437954157591
0.437370628119
0.436796188354
0.436230510473
0.435673385859
0.435124486685
0.434583604336
0.434050649405
