2.525504350662
1.601096749306
1.329353570938
1.040300846100
0.988712549210
0.861751854420
0.833674490452
0.782417893410
0.756869494915
0.731296479702
0.711283862591
0.693896055222
0.678936243057
0.665856659412
0.654320001602
0.644058585167
0.634864926338
0.626575231552
0.619058251381
0.612207114697
0.605934262276
0.600166857243
0.594844639301
0.589915752411
0.585336744785
0.581070244312
0.577083945274
0.573349893093
0.569843709469
0.566543996334
0.563432097435
0.560491025448
0.557706296444
0.555064678192
0.552554190159
0.550164222717
0.547885656357
0.545709431171
0.543627977371
0.541634082794
0.539721369743
0.537884056568
0.536116719246
0.534414529800
0.532772779465
0.531187653542
0.529655396938
0.528172671795
0.526736021042
0.525342643261
0.523989856243
0.522675275803
0.521396875381
0.520152211189
0.518939495087
0.517757177353
0.516603291035
0.515476644039
0.514375805855
0.513299345970
0.512246072292
0.511215269566
0.510205507278
0.509216070175
0.508246064186
0.507294654846
0.506361067295
0.505444765091
0.504544794559
0.503660798073
0.502791941166
0.501937985420
0.501098155975
0.500272095203
0.499459385872
0.498659640551
0.497872203588
0.497096955776
0.496333450079
0.495581179857
0.494840055704
0.494110047817
0.493393957615
0.492691278458
0.492001682520
0.491324514151
0.490659177303
0.490005582571
0.489363253117
0.488731503487
0.488110363483
0.487499266863
0.486897975206
0.486306101084
0.485723346472
0.485149562359
0.484584361315
0.484027445316
0.483478724957
0.482937902212
