2.532891511917
1.691167116165
1.303896427155
1.105672240257
0.977416455746
0.886820137501
0.845211029053
0.796077668667
0.770429968834
0.744185924530
0.724009633064
0.706302106380
0.691095173359
0.677787661552
0.666046857834
0.655601918697
0.646242499352
0.637803137302
0.630150198936
0.623175621033
0.616790771484
0.610921561718
0.605506181717
0.600492715836
0.595836699009
0.591499745846
0.587449431419
0.583657026291
0.580097675323
0.576749682426
0.573593676090
0.570612728596
0.567791879177
0.565117597580
0.562577366829
0.560160756111
0.557858049870
0.555660068989
0.553559005260
0.551547586918
0.549619257450
0.547767817974
0.545987904072
0.544274389744
0.542622625828
0.541028559208
0.539488315582
0.537998139858
0.536554932594
0.535155594349
0.533797442913
0.532478153706
0.531195163727
0.529946267605
0.528729975224
0.527543962002
0.526386857033
0.525257170200
0.524153292179
0.523074150085
0.522018313408
0.520985066891
0.519972920418
0.518981158733
0.518009006977
0.517055511475
0.516119956970
0.515201628208
0.514299869537
0.513414204121
0.512543678284
0.511688172817
0.510846853256
0.510019540787
0.509205639362
0.508404612541
0.507616102695
0.506839871407
0.506075263023
0.505322396755
0.504580497742
0.503849804401
0.503133654594
0.502431094646
0.501741766930
0.501065194607
0.500400722027
0.499747782946
0.499106377363
0.498475730419
0.497855663300
0.497245669365
0.496645718813
0.496055245399
0.495473980904
0.494901686907
0.494338154793
0.493782937527
0.493236094713
0.492697030306
