0.050755939525
0.050215982721
0.050215982721
0.050215982721
0.057235421166
0.105831533477
0.153347732181
0.198704103672
0.218142548596
0.244060475162
0.221382289417
0.122030237581
0.149028077754
0.170626349892
0.235421166307
0.265658747300
0.223542116631
0.244600431965
0.122030237581
0.103671706263
0.133369330454
0.149028077754
0.147408207343
0.140928725702
0.138228941685
0.167926565875
0.156047516199
0.171706263499
0.171166306695
0.184125269978
0.204103671706
0.186285097192
0.160907127430
0.140928725702
0.139848812095
0.139848812095
0.140928725702
0.140928725702
0.140928725702
0.141468682505
0.139848812095
0.141468682505
0.142548596112
0.140388768898
0.138768898488
0.134449244060
0.133909287257
0.127969762419
0.122030237581
0.102591792657
0.097192224622
0.092332613391
0.085313174946
0.079913606911
0.078833693305
0.075053995680
0.073974082073
0.079913606911
0.082073434125
0.097732181425
0.111231101512
0.136609071274
0.150107991361
0.177645788337
0.140388768898
0.063174946004
0.063174946004
0.063174946004
0.063174946004
0.063174946004
0.063174946004
0.063174946004
0.063174946004
0.063174946004
0.063174946004
0.063714902808
0.085853131749
0.116090712743
0.129589632829
0.125809935205
0.126889848812
0.128509719222
0.129049676026
0.129589632829
0.131209503240
0.135529157667
0.136069114471
0.137149028078
0.139848812095
0.139848812095
0.149028077754
0.156047516199
0.163066954644
0.164686825054
0.168466522678
0.170086393089
0.174406047516
0.177105831533
0.175485961123
0.173866090713
0.172786177106
0.174946004320
0.177105831533
0.177645788337
0.179805615551
0.179805615551
0.181425485961
0.190604751620
0.199784017279
0.201943844492
0.201943844492
0.201403887689
0.195464362851
0.191684665227
0.189524838013
0.183045356371
0.174406047516
0.184125269978
0.206263498920
0.232181425486
0.239200863931
0.262958963283
0.252699784017
0.242440604752
0.232181425486
0.122030237581
0.122570194384
0.122570194384
0.122570194384
0.122570194384
0.124190064795
0.126889848812
0.126889848812
0.132289416847
0.138228941685
0.171706263499
0.230021598272
0.253239740821
0.250539956803
0.248920086393
0.254859611231
0.244600431965
0.122030237581
0.079373650108
0.092872570194
0.103131749460
0.109071274298
0.109071274298
0.109611231102
0.111771058315
0.113930885529
0.115550755940
0.115550755940
0.117710583153
0.118790496760
0.120410367171
0.124190064795
0.126349892009
0.131749460043
0.133909287257
0.136609071274
0.139308855292
0.140928725702
0.140388768898
0.133909287257
0.132829373650
0.128509719222
0.126349892009
0.131209503240
0.204103671706
0.211123110151
0.211123110151
0.249460043197
0.218142548596
0.233261339093
0.122570194384
0.123110151188
0.123110151188
0.124190064795
0.124730021598
0.124730021598
0.125809935205
0.130669546436
0.140388768898
0.155507559395
0.176025917927
0.229481641469
0.249460043197
0.243520518359
0.251079913607
0.244600431965
0.133369330454
0.161987041037
0.196004319654
0.254859611231
0.232181425486
0.247840172786
0.213822894168
0.231641468683
0.152807775378
0.254859611231
0.259719222462
0.250000000000
0.246220302376
0.169546436285
0.240280777538
0.125269978402
0.156047516199
0.184665226782
0.186285097192
0.180345572354
0.252699784017
0.262419006479
0.260799136069
0.250539956803
0.145788336933
0.181965442765
0.177645788337
0.258099352052
0.180345572354
0.240280777538
0.162526997840
0.173326133909
0.253779697624
0.267818574514
0.187904967603
0.246760259179
0.253779697624
0.259719222462
0.152807775378
0.188444924406
0.193844492441
0.193304535637
0.227321814255
0.284017278618
0.286177105832
0.197624190065
0.254319654428
0.282937365011
0.194384449244
0.284017278618
0.213282937365
0.265118790497
0.219762419006
0.277537796976
0.157667386609
0.191684665227
0.194384449244
0.214902807775
0.261879049676
0.277537796976
0.278617710583
0.170086393089
0.205723542117
0.303455723542
0.289416846652
0.282937365011
0.225161987041
0.275377969762
0.273758099352
0.278617710583
0.250539956803
0.285097192225
0.213822894168
0.246220302376
0.161987041037
0.188984881210
0.241900647948
0.252699784017
0.278077753780
0.286177105832
0.225701943844
0.300215982721
0.285097192225
0.290496760259
0.213282937365
0.238120950324
0.184125269978
0.171706263499
0.233261339093
0.260259179266
0.234341252700
0.278617710583
0.283477321814
0.302375809935
0.224622030238
0.230561555076
0.313714902808
0.306155507559
0.302915766739
0.315334773218
0.226241900648
0.265118790497
0.241360691145
0.293736501080
0.171706263499
0.158747300216
0.158207343413
0.233801295896
0.223002159827
0.226241900648
0.242440604752
0.216522678186
0.283477321814
0.271598272138
0.268358531317
0.190064794816
0.278077753780
0.284017278618
0.282397408207
0.284017278618
0.214902807775
0.270518358531
0.282397408207
0.308315334773
0.231641468683
0.285097192225
0.223002159827
0.233801295896
0.254859611231
0.301295896328
0.248380129590
0.280777537797
0.190604751620
0.307235421166
0.319654427646
0.300215982721
0.320734341253
0.269438444924
0.292116630670
0.167926565875
0.178725701944
0.240820734341
0.252699784017
0.286717062635
0.301295896328
0.286717062635
0.294816414687
0.129049676026
0.125269978402
0.178725701944
0.242440604752
0.288336933045
0.305615550756
0.294276457883
0.303455723542
0.203563714903
0.219222462203
0.213282937365
0.247300215983
0.284557235421
0.319114470842
0.305615550756
0.318034557235
0.286177105832
0.305615550756
0.178185745140
0.106911447084
0.157667386609
0.150647948164
0.186285097192
0.168466522678
0.227321814255
0.243520518359
0.227321814255
0.239740820734
0.255399568035
0.289416846652
0.270518358531
0.281317494600
0.230021598272
0.261879049676
0.280777537797
0.283477321814
0.257019438445
0.312095032397
0.280777537797
0.311555075594
0.184665226782
0.239200863931
0.238120950324
0.319654427646
0.258639308855
0.286177105832
0.300215982721
0.304535637149
0.279697624190
0.227321814255
0.200323974082
0.102591792657
0.102051835853
0.102591792657
0.100971922246
0.102051835853
0.108531317495
0.107991360691
0.119870410367
0.113930885529
0.116630669546
0.113930885529
0.135529157667
0.142008639309
0.150647948164
0.147408207343
0.163606911447
0.182505399568
0.166846652268
0.193304535637
0.156587473002
0.129049676026
0.179805615551
0.176565874730
0.183045356371
0.187365010799
0.196004319654
0.174406047516
0.155507559395
0.146328293737
0.184125269978
0.206803455724
0.209503239741
0.231101511879
0.226241900648
0.231101511879
0.234881209503
0.235961123110
0.153347732181
0.144708423326
0.193844492441
0.203023758099
0.163066954644
0.219762419006
0.190604751620
0.261339092873
0.245680345572
0.166846652268
0.232721382289
0.248920086393
0.193304535637
0.259179265659
0.257019438445
0.207343412527
0.229481641469
0.192764578834
0.265658747300
0.257019438445
0.258099352052
0.259719222462
0.200863930886
0.241900647948
0.241900647948
0.265118790497
0.200863930886
0.238660907127
0.274298056156
0.231641468683
0.273218142549
0.202483801296
0.201403887689
0.135529157667
0.200863930886
0.192224622030
0.197624190065
0.207883369330
0.218682505400
0.269978401728
0.250000000000
0.188444924406
0.225701943844
0.265118790497
0.270518358531
0.271058315335
0.235421166307
0.234341252700
0.198164146868
0.202483801296
0.255399568035
0.178185745140
0.207343412527
0.238120950324
0.282397408207
0.275377969762
0.279157667387
0.271598272138
0.230561555076
0.227861771058
0.219762419006
0.271058315335
0.307235421166
0.199784017279
0.190064794816
0.237041036717
0.279157667387
0.274298056156
0.279697624190
0.235961123110
0.209503239741
0.205183585313
0.278617710583
0.275377969762
0.266198704104
0.265658747300
0.241900647948
0.154967602592
0.209503239741
0.271598272138
0.280777537797
0.282937365011
0.274298056156
0.232181425486
0.192224622030
0.176565874730
0.182505399568
0.180885529158
0.188984881210
0.207883369330
0.161447084233
0.086933045356
0.218142548596
0.235421166307
0.238660907127
0.253779697624
0.200323974082
0.255399568035
0.157667386609
0.174406047516
0.268898488121
0.285637149028
0.284557235421
0.255399568035
0.273758099352
0.225161987041
0.260799136069
0.226781857451
0.258099352052
0.242440604752
0.256479481641
0.221382289417
0.255399568035
0.275917926566
0.241900647948
0.252159827214
0.237580993521
0.305615550756
0.229481641469
0.264578833693
0.296976241901
0.235961123110
0.280777537797
0.259179265659
0.201403887689
0.276457883369
0.298056155508
0.244060475162
0.193304535637
0.235961123110
0.260259179266
0.266738660907
0.300215982721
0.200323974082
0.202483801296
0.242980561555
0.255939524838
0.262958963283
0.258639308855
0.274298056156
0.214362850972
0.147948164147
0.224082073434
0.234881209503
0.257019438445
0.242980561555
0.238120950324
0.255939524838
0.269438444924
0.251619870410
0.259179265659
0.249460043197
0.221922246220
0.159287257019
0.211663066955
0.218142548596
0.245140388769
0.261339092873
0.270518358531
0.276997840173
0.279697624190
0.271058315335
0.271598272138
0.235961123110
0.214902807775
0.234341252700
0.266738660907
0.227321814255
0.182505399568
0.198704103672
0.209503239741
0.230561555076
0.247300215983
0.260799136069
0.281857451404
0.279157667387
0.285097192225
0.259719222462
0.258099352052
0.249460043197
0.239200863931
0.286177105832
0.212203023758
0.240280777538
0.154427645788
0.193304535637
0.199784017279
0.257559395248
0.240820734341
0.254319654428
0.190064794816
0.134449244060
0.224622030238
0.199784017279
0.271058315335
0.219222462203
0.192224622030
0.165766738661
0.198164146868
0.211663066955
0.231641468683
0.215442764579
0.224082073434
0.203023758099
0.239740820734
0.132289416847
0.113390928726
0.201403887689
0.176565874730
0.247300215983
0.213282937365
0.271598272138
0.287796976242
0.228941684665
0.266738660907
0.170086393089
0.139848812095
0.160367170626
0.191144708423
0.165766738661
0.210583153348
0.269438444924
0.282397408207
0.280777537797
0.286717062635
0.272678185745
0.167926565875
0.140388768898
0.152267818575
0.150107991361
0.153887688985
0.163606911447
0.207883369330
0.193304535637
0.271058315335
0.239200863931
0.183045356371
0.221382289417
0.276457883369
0.252159827214
0.269438444924
0.219222462203
0.252699784017
0.190604751620
0.157127429806
0.281857451404
0.281857451404
0.204103671706
0.282937365011
0.196544276458
0.270518358531
0.194924406048
0.205723542117
0.130129589633
0.231641468683
0.248380129590
0.269978401728
0.273758099352
0.268898488121
0.269978401728
0.268898488121
0.224082073434
0.189524838013
0.257559395248
0.257019438445
0.257019438445
0.254319654428
0.234341252700
0.219762419006
0.268358531317
0.224082073434
0.280237580994
0.292116630670
0.220842332613
0.298056155508
0.265118790497
0.227321814255
0.197084233261
0.216522678186
0.289956803456
0.302375809935
0.280777537797
0.308315334773
0.211663066955
0.231101511879
0.259719222462
0.300215982721
0.234881209503
0.293196544276
0.262419006479
0.264578833693
0.281317494600
0.276457883369
0.269438444924
0.273758099352
0.193304535637
0.209503239741
0.316414686825
0.273758099352
0.192764578834
0.311015118790
0.258099352052
0.286717062635
0.243520518359
0.252159827214
0.279157667387
0.287796976242
0.298056155508
0.258639308855
0.270518358531
0.307775377970
0.238660907127
0.298596112311
0.309935205184
0.286177105832
0.273218142549
0.313174946004
0.226241900648
0.292656587473
0.298056155508
0.272678185745
0.237041036717
0.300755939525
0.252159827214
0.292116630670
0.231101511879
0.268898488121
0.276997840173
0.231101511879
0.163066954644
0.233261339093
0.269978401728
0.288876889849
0.306155507559
0.307775377970
0.266738660907
0.269978401728
0.311015118790
0.301295896328
0.306155507559
0.294816414687
0.289956803456
0.239200863931
0.252699784017
0.248380129590
0.295356371490
0.224082073434
0.243520518359
0.221922246220
0.303995680346
0.296976241901
0.301295896328
0.264038876890
0.252699784017
0.237041036717
0.253239740821
0.281857451404
0.223002159827
0.168466522678
0.210583153348
0.219762419006
0.232181425486
0.299136069114
0.318574514039
0.341792656587
0.294276457883
0.291036717063
0.251619870410
0.286177105832
0.313174946004
0.314254859611
0.274838012959
0.300755939525
0.228401727862
0.281857451404
0.339092872570
0.333153347732
0.351511879050
0.233801295896
0.259719222462
0.212203023758
0.278617710583
0.303455723542
0.233261339093
0.249460043197
0.287257019438
0.262958963283
0.292656587473
0.313714902808
0.312634989201
0.307235421166
0.224622030238
0.222462203024
0.312095032397
0.325053995680
0.321814254860
0.319654427646
0.261339092873
0.227861771058
0.286717062635
0.323434125270
0.235421166307
0.283477321814
0.280777537797
0.201403887689
0.232721382289
0.268358531317
0.315334773218
0.312095032397
0.293196544276
0.247840172786
0.339632829374
0.342332613391
0.342332613391
0.275917926566
0.251619870410
0.321274298056
0.355831533477
0.304535637149
0.256479481641
0.208963282937
0.289956803456
0.320734341253
0.252699784017
0.266198704104
0.314794816415
0.327753779698
0.307775377970
0.318034557235
0.260259179266
0.301835853132
0.337473002160
0.327213822894
0.220302375810
0.235421166307
0.284017278618
0.307235421166
0.304535637149
0.321814254860
0.280777537797
0.301295896328
0.311015118790
0.295896328294
0.273218142549
0.272678185745
0.279697624190
0.369330453564
0.335853131749
0.352051835853
0.280777537797
0.291576673866
0.347732181425
0.303995680346
0.287796976242
0.300755939525
0.221382289417
0.293196544276
0.267818574514
0.308855291577
0.306695464363
0.309935205184
0.309935205184
0.363390928726
0.352051835853
0.314794816415
0.275917926566
0.286177105832
0.341792656587
0.325593952484
0.343412526998
0.190604751620
0.240820734341
0.172246220302
0.226241900648
0.296976241901
0.318574514039
0.366630669546
0.343952483801
0.370950323974
0.304535637149
0.300215982721
0.359071274298
0.353131749460
0.327213822894
0.335313174946
0.233261339093
0.307235421166
0.342872570194
0.319114470842
0.330453563715
0.281317494600
0.340172786177
0.303995680346
0.345032397408
0.254859611231
0.253239740821
0.237580993521
0.292656587473
0.374730021598
0.373650107991
0.306695464363
0.335313174946
0.368790496760
0.345572354212
0.332613390929
0.346112311015
0.377969762419
0.333693304536
0.305615550756
0.328833693305
0.345032397408
0.317494600432
0.303995680346
0.278617710583
0.325053995680
0.382829373650
0.334773218143
0.349352051836
0.265658747300
0.355831533477
0.348812095032
0.292116630670
0.318034557235
0.347732181425
0.331533477322
0.330993520518
0.210583153348
0.198164146868
0.261339092873
0.220302375810
0.257559395248
0.231101511879
0.260259179266
0.269438444924
0.312634989201
0.295356371490
0.273218142549
0.277537796976
0.273758099352
0.264578833693
0.199784017279
0.253779697624
0.279157667387
0.299136069114
0.327213822894
0.329913606911
0.308315334773
0.318034557235
0.275377969762
0.334233261339
0.318034557235
0.291036717063
0.341792656587
0.381209503240
0.388228941685
0.360691144708
0.331533477322
0.292116630670
0.330993520518
0.361231101512
0.306155507559
0.261879049676
0.331533477322
0.352591792657
0.346112311015
0.382289416847
0.239200863931
0.334773218143
0.364470842333
0.338552915767
0.257019438445
0.350971922246
0.359071274298
0.338012958963
0.343412526998
0.370950323974
0.356371490281
0.361231101512
0.333693304536
0.355291576674
0.391468682505
0.335853131749
0.330993520518
0.264578833693
0.247300215983
0.350431965443
0.357451403888
0.356371490281
0.356911447084
0.349352051836
0.404427645788
0.372570194384
0.333153347732
0.318034557235
0.289416846652
0.307235421166
0.352051835853
0.333693304536
0.339092872570
0.329373650108
0.272678185745
0.337473002160
0.376349892009
0.384989200864
0.320194384449
0.319654427646
0.285097192225
0.344492440605
0.375269978402
0.399028077754
0.332613390929
0.357451403888
0.306155507559
0.297516198704
0.355291576674
0.333693304536
0.389848812095
0.279697624190
0.315874730022
0.387149028078
0.381749460043
0.397948164147
0.312634989201
0.313714902808
0.359071274298
0.335853131749
0.345572354212
0.374190064795
0.365010799136
0.326133909287
0.342872570194
0.343952483801
0.403347732181
0.311015118790
0.343412526998
0.365550755940
0.402267818575
0.355831533477
0.369330453564
0.348272138229
0.349352051836
0.393628509719
0.367710583153
0.308315334773
0.355291576674
0.410367170626
0.386069114471
0.349892008639
0.318574514039
0.334773218143
0.404967602592
0.391468682505
0.372030237581
0.255939524838
0.248380129590
0.358531317495
0.376349892009
0.405507559395
0.288336933045
0.341792656587
0.367170626350
0.352591792657
0.375269978402
0.377429805616
0.417386609071
0.332073434125
0.395788336933
0.362311015119
0.385529157667
0.377429805616
0.320734341253
0.306695464363
0.333693304536
0.359071274298
0.320194384449
0.401187904968
0.353671706263
0.311555075594
0.309935205184
0.360151187905
0.375269978402
0.354211663067
0.345032397408
0.279697624190
0.366630669546
0.401187904968
0.418466522678
0.427105831533
0.346112311015
0.256479481641
0.345572354212
0.363930885529
0.384449244060
0.315874730022
0.380129589633
0.356911447084
0.402267818575
0.314794816415
0.334233261339
0.382829373650
0.384449244060
0.392008639309
0.354751619870
0.389308855292
0.348272138229
0.350971922246
0.303455723542
0.372570194384
0.388228941685
0.379049676026
0.358531317495
0.351511879050
0.342872570194
0.366090712743
0.348272138229
0.424946004320
0.369330453564
0.396328293737
0.300215982721
0.374190064795
0.352051835853
0.383369330454
0.428725701944
0.353671706263
0.268898488121
0.164146868251
0.250539956803
0.297516198704
0.313714902808
0.329913606911
0.316954643629
0.253779697624
0.321274298056
0.343952483801
0.360691144708
0.332073434125
0.319654427646
0.314254859611
0.364470842333
0.392548596112
0.355291576674
0.250000000000
0.302375809935
0.360151187905
0.404967602592
0.402807775378
0.412526997840
0.271598272138
0.159287257019
0.213822894168
0.285097192225
0.286177105832
0.325053995680
0.184125269978
0.232181425486
0.234881209503
0.257559395248
0.352051835853
0.373110151188
0.388228941685
0.343952483801
0.365010799136
0.338552915767
0.393628509719
0.340712742981
0.271058315335
0.279697624190
0.354751619870
0.349352051836
0.375269978402
0.348272138229
0.368250539957
0.376349892009
0.391468682505
0.320734341253
0.363930885529
0.382289416847
0.420086393089
0.353671706263
0.297516198704
0.328833693305
0.365010799136
0.350971922246
0.352051835853
0.310475161987
0.410367170626
0.386069114471
0.347192224622
0.330993520518
0.364470842333
0.379589632829
0.357991360691
0.386069114471
0.353131749460
0.386609071274
0.407127429806
0.376889848812
0.346112311015
0.406047516199
0.407667386609
0.396328293737
0.279697624190
0.379049676026
0.432505399568
0.422246220302
0.406047516199
0.322354211663
0.303995680346
0.369330453564
0.345572354212
0.362850971922
0.380669546436
0.331533477322
0.325593952484
0.330453563715
0.406047516199
0.399568034557
0.403887688985
0.408207343413
0.260259179266
0.286717062635
0.361771058315
0.395248380130
0.410907127430
0.396328293737
0.321274298056
0.269438444924
0.327213822894
0.314794816415
0.368250539957
0.370950323974
0.381749460043
0.311015118790
0.343952483801
0.424406047516
0.331533477322
0.420086393089
0.386069114471
0.412526997840
0.372570194384
0.423326133909
0.386609071274
0.357451403888
0.365550755940
0.379589632829
0.372570194384
0.360151187905
0.402807775378
0.417926565875
0.392548596112
0.399028077754
0.394168466523
0.398488120950
0.403887688985
0.340172786177
0.437904967603
0.401727861771
0.399028077754
0.315334773218
0.293736501080
0.348812095032
0.399568034557
0.404967602592
0.415766738661
0.393628509719
0.323434125270
0.419006479482
0.450323974082
0.446544276458
0.354751619870
0.338012958963
0.301835853132
0.330453563715
0.289416846652
0.333693304536
0.391468682505
0.387149028078
0.326133909287
0.423866090713
0.447624190065
0.419546436285
0.429805615551
0.370410367171
0.409287257019
0.397408207343
0.318574514039
0.291576673866
0.323974082073
0.286717062635
0.343952483801
0.382829373650
0.380129589633
0.407667386609
0.316414686825
0.402267818575
0.423866090713
0.448164146868
0.406587473002
0.370950323974
0.407127429806
0.365010799136
0.351511879050
0.389308855292
0.407667386609
0.393088552916
0.304535637149
0.320734341253
0.399568034557
0.355291576674
0.394168466523
0.354211663067
0.423866090713
0.431425485961
0.355831533477
0.318034557235
0.355831533477
0.381749460043
0.398488120950
0.346652267819
0.276457883369
0.368250539957
0.393628509719
0.442764578834
0.433585313175
0.400647948164
0.407127429806
0.332613390929
0.419006479482
0.418466522678
0.365010799136
0.419546436285
0.393088552916
0.439524838013
0.396868250540
0.351511879050
0.387149028078
0.434665226782
0.423326133909
0.389308855292
0.274838012959
0.313714902808
0.320734341253
0.342332613391
0.406047516199
0.366090712743
0.420626349892
0.457343412527
0.424406047516
0.339092872570
0.281857451404
0.271058315335
0.414686825054
0.421706263499
0.349892008639
0.416306695464
0.438444924406
0.426025917927
0.386609071274
0.349892008639
0.424946004320
0.381209503240
0.372030237581
0.420086393089
0.330453563715
0.303455723542
0.362311015119
0.324514038877
0.298596112311
0.320734341253
0.395788336933
0.416846652268
0.419546436285
0.411447084233
0.336933045356
0.348812095032
0.383909287257
0.395248380130
0.420086393089
0.354751619870
0.386069114471
0.400647948164
0.381209503240
0.369870410367
0.403347732181
0.466522678186
0.446544276458
0.427105831533
0.339092872570
0.373110151188
0.368250539957
0.419546436285
0.410907127430
0.359071274298
0.374730021598
0.385529157667
0.349352051836
0.375269978402
0.421166306695
0.417926565875
0.431965442765
0.375809935205
0.325053995680
0.344492440605
0.409287257019
0.366090712743
0.387149028078
0.393088552916
0.418466522678
0.436285097192
0.473002159827
0.373650107991
0.417386609071
0.372030237581
0.350431965443
0.379049676026
0.418466522678
0.461663066955
0.458963282937
0.370950323974
0.295896328294
0.346112311015
0.305075593952
0.324514038877
0.352591792657
0.447084233261
0.451403887689
0.374730021598
0.396868250540
0.371490280778
0.447624190065
0.447624190065
0.394168466523
0.332613390929
0.339092872570
0.409827213823
0.433585313175
0.450323974082
0.394708423326
0.387149028078
0.425485961123
0.421166306695
0.417926565875
0.380129589633
0.451403887689
0.416306695464
0.370410367171
0.388228941685
0.431965442765
0.450323974082
0.397408207343
0.413066954644
0.427105831533
0.437904967603
0.404967602592
0.413606911447
0.446004319654
0.464902807775
0.443304535637
0.352051835853
0.300755939525
0.360151187905
0.394708423326
0.420626349892
0.390388768898
0.396328293737
0.446544276458
0.461663066955
0.433045356371
0.401187904968
0.310475161987
0.347192224622
0.414146868251
0.346112311015
0.387149028078
0.448164146868
0.471922246220
0.460043196544
0.388768898488
0.366090712743
0.291576673866
0.341252699784
0.429805615551
0.441684665227
0.354211663067
0.313174946004
0.364470842333
0.356911447084
0.345572354212
0.354751619870
0.408207343413
0.425485961123
0.430885529158
0.437904967603
0.430885529158
0.397948164147
0.423326133909
0.460043196544
0.367170626350
0.365010799136
0.387688984881
0.375269978402
0.339632829374
0.314794816415
0.364470842333
0.353131749460
0.405507559395
0.389308855292
0.374190064795
0.389848812095
0.467062634989
0.426025917927
0.347192224622
0.379049676026
0.468682505400
0.423326133909
0.380129589633
0.355831533477
0.409827213823
0.423326133909
0.354211663067
0.358531317495
0.446004319654
0.461663066955
0.456803455724
0.426025917927
0.347192224622
0.333153347732
0.403887688985
0.438444924406
0.442224622030
0.410367170626
0.449784017279
0.442224622030
0.449244060475
0.406587473002
0.444924406048
0.383369330454
0.365550755940
0.397408207343
0.424946004320
0.421706263499
0.428725701944
0.446544276458
0.426565874730
0.408747300216
0.431425485961
0.471382289417
0.465442764579
0.441144708423
0.359071274298
0.359071274298
0.377429805616
0.367710583153
0.386069114471
0.413066954644
0.423326133909
0.442224622030
0.388228941685
0.399028077754
0.469222462203
0.422786177106
0.428725701944
0.460043196544
0.411447084233
0.378509719222
0.427645788337
0.467602591793
0.362311015119
0.473002159827
0.485961123110
0.477321814255
0.384449244060
0.257019438445
0.261339092873
0.245140388769
0.387688984881
0.413066954644
0.414146868251
0.341792656587
0.308855291577
0.347192224622
0.372570194384
0.320734341253
0.371490280778
0.411987041037
0.410367170626
0.368250539957
0.404427645788
0.305075593952
0.314254859611
0.410367170626
0.467062634989
0.477321814255
0.463282937365
0.345032397408
0.339092872570
0.340172786177
0.297516198704
0.401187904968
0.449784017279
0.466522678186
0.410367170626
0.370410367171
0.355291576674
0.398488120950
0.432505399568
0.442224622030
0.368790496760
0.398488120950
0.381749460043
0.445464362851
0.397408207343
0.412526997840
0.446004319654
0.487041036717
0.485421166307
0.437365010799
0.373650107991
0.276997840173
0.346652267819
0.453563714903
0.467062634989
0.469762419006
0.433585313175
0.458963282937
0.409287257019
0.436285097192
0.463282937365
0.451943844492
0.511339092873
0.456803455724
0.393088552916
0.408747300216
0.386609071274
0.353671706263
0.325053995680
0.410907127430
0.430885529158
0.388228941685
0.405507559395
0.458963282937
0.374730021598
0.281317494600
0.286177105832
0.381209503240
0.309935205184
0.327213822894
0.462742980562
0.426565874730
0.321814254860
0.315874730022
0.260259179266
0.367710583153
0.423326133909
0.422786177106
0.424406047516
0.405507559395
0.470302375810
0.444384449244
0.459503239741
0.429805615551
0.411447084233
0.389848812095
0.468142548596
0.457883369330
0.387688984881
0.359071274298
0.411447084233
0.415766738661
0.376889848812
0.397408207343
0.468142548596
0.479481641469
0.477861771058
0.404427645788
0.360151187905
0.417926565875
0.456263498920
0.444384449244
0.490280777538
0.399568034557
0.452483801296
0.404427645788
0.451403887689
0.486501079914
0.411987041037
0.406047516199
0.370410367171
0.234341252700
0.259719222462
0.320194384449
0.281857451404
0.298056155508
0.318034557235
0.318574514039
0.281317494600
0.373650107991
0.430345572354
0.407667386609
0.345032397408
0.403347732181
0.435205183585
0.449244060475
0.440064794816
0.356371490281
0.374730021598
0.472462203024
0.408747300216
0.280237580994
0.319654427646
0.382289416847
0.426565874730
0.457343412527
0.400107991361
0.420626349892
0.474622030238
0.449244060475
0.370950323974
0.329913606911
0.362311015119
0.326673866091
0.384989200864
0.443304535637
0.461123110151
0.411447084233
0.453023758099
0.449244060475
0.450323974082
0.465982721382
0.360151187905
0.329373650108
0.446544276458
0.473542116631
0.451943844492
0.454103671706
0.408207343413
0.476781857451
0.470842332613
0.440604751620
0.430885529158
0.433045356371
0.447624190065
0.479481641469
0.476781857451
0.424946004320
0.403347732181
0.363930885529
0.421706263499
0.448164146868
0.436285097192
0.460583153348
0.451943844492
0.390388768898
0.456803455724
0.498380129590
0.400647948164
0.431965442765
0.370410367171
0.315334773218
0.433585313175
0.427645788337
0.354211663067
0.374730021598
0.431965442765
0.482181425486
0.474082073434
0.328293736501
0.358531317495
0.403887688985
0.411987041037
0.395248380130
0.421166306695
0.408747300216
0.417926565875
0.404427645788
0.379049676026
0.414686825054
0.435205183585
0.394168466523
0.277537796976
0.370950323974
0.375809935205
0.408747300216
0.416846652268
0.424946004320
0.453023758099
0.428185745140
0.465982721382
0.371490280778
0.426565874730
0.447624190065
0.482721382289
0.431965442765
0.346112311015
0.357991360691
0.467602591793
0.454103671706
0.446544276458
0.424946004320
0.462203023758
0.474082073434
0.408207343413
0.404967602592
0.435205183585
0.437365010799
0.393628509719
0.349352051836
0.340712742981
0.378509719222
0.406587473002
0.416846652268
0.377429805616
0.382289416847
0.445464362851
0.405507559395
0.379049676026
0.421166306695
0.467062634989
0.440064794816
0.426565874730
0.341252699784
0.279157667387
0.386609071274
0.463282937365
0.479481641469
0.481101511879
0.412526997840
0.330993520518
0.448704103672
0.489740820734
0.492440604752
0.450863930886
0.440064794816
0.397948164147
0.457343412527
0.476241900648
0.479481641469
0.368790496760
0.422246220302
0.490280777538
0.492440604752
0.504319654428
0.386609071274
0.369330453564
0.446004319654
0.365010799136
0.358531317495
0.410367170626
0.356371490281
0.232721382289
0.369870410367
0.463822894168
0.467602591793
0.446544276458
0.363930885529
0.338012958963
0.441144708423
0.480021598272
0.490820734341
0.455183585313
0.403347732181
0.407667386609
0.414146868251
0.467602591793
0.510259179266
0.497840172786
0.387688984881
0.379589632829
0.478941684665
0.448164146868
0.346112311015
0.339092872570
0.423866090713
0.432505399568
0.466522678186
0.508639308855
0.455183585313
0.423866090713
0.419006479482
0.479481641469
0.496220302376
0.501619870410
0.421166306695
0.393088552916
0.340712742981
0.422246220302
0.447624190065
0.393088552916
0.397948164147
0.490280777538
0.491900647948
0.451943844492
0.486501079914
0.508099352052
0.478941684665
0.410367170626
0.407127429806
0.430885529158
0.454103671706
0.482181425486
0.383909287257
0.469762419006
0.440064794816
0.427105831533
0.478941684665
0.473002159827
0.411987041037
0.379049676026
0.351511879050
0.376349892009
0.393628509719
0.458423326134
0.475161987041
0.315334773218
0.356911447084
0.412526997840
0.418466522678
0.506479481641
0.472462203024
0.406587473002
0.439524838013
0.487580993521
0.470842332613
0.446004319654
0.366630669546
0.359071274298
0.414146868251
0.361771058315
0.453023758099
0.483261339093
0.494600431965
0.419546436285
0.408207343413
0.487580993521
0.503239740821
0.464902807775
0.439524838013
0.439524838013
0.491360691145
0.514578833693
0.436825053996
0.376349892009
0.472462203024
0.489740820734
0.461663066955
0.375269978402
0.347732181425
0.428185745140
0.446544276458
0.467602591793
0.450323974082
0.442224622030
0.501619870410
0.491900647948
0.464362850972
0.470842332613
0.450323974082
0.488660907127
0.516198704104
0.426025917927
0.395788336933
0.476241900648
0.519978401728
0.463282937365
0.494060475162
0.499460043197
0.503239740821
0.490820734341
0.501619870410
0.491360691145
0.477321814255
0.462203023758
0.474082073434
0.394708423326
