0.080374753452
0.085305719921
0.085305719921
0.085798816568
0.095660749507
0.135108481262
0.169625246548
0.246548323471
0.239151873767
0.282051282051
0.188362919132
0.225838264300
0.129684418146
0.171104536489
0.203648915187
0.257889546351
0.297337278107
0.232248520710
0.225838264300
0.054240631164
0.079881656805
0.107001972387
0.113905325444
0.114398422091
0.116863905325
0.242110453649
0.247534516765
0.262327416174
0.257889546351
0.278106508876
0.259861932939
0.232248520710
0.081360946746
0.067554240631
0.068540433925
0.068540433925
0.068540433925
0.070019723866
0.068540433925
0.068540433925
0.068047337278
0.067554240631
0.067554240631
0.068540433925
0.071992110454
0.073471400394
0.075443786982
0.080867850099
0.085798816568
0.088264299803
0.090729783037
0.097140039448
0.100591715976
0.106508875740
0.108481262327
0.107495069034
0.110453648915
0.111439842209
0.120808678501
0.127712031558
0.127218934911
0.136094674556
0.131163708087
0.168639053254
0.070019723866
0.092702169625
0.092702169625
0.092702169625
0.092702169625
0.092702169625
0.092702169625
0.092702169625
0.092702169625
0.092702169625
0.092702169625
0.091715976331
0.100098619329
0.092209072978
0.080867850099
0.093195266272
0.096153846154
0.101084812623
0.106508875740
0.112919132150
0.120315581854
0.124753451677
0.135108481262
0.141518737673
0.146449704142
0.149901380671
0.166173570020
0.181459566075
0.194280078895
0.202662721893
0.209072978304
0.213510848126
0.218441814596
0.221893491124
0.223372781065
0.226824457594
0.231755424063
0.234714003945
0.235207100592
0.236193293886
0.240631163708
0.245069033531
0.254930966469
0.264792899408
0.272189349112
0.276627218935
0.284516765286
0.288954635108
0.284516765286
0.286489151874
0.290433925049
0.290927021696
0.283530571992
0.272189349112
0.276134122288
0.264299802761
0.227810650888
0.266272189349
0.246548323471
0.286982248521
0.251972386588
0.225838264300
0.225345167653
0.225345167653
0.225345167653
0.225345167653
0.224358974359
0.222386587771
0.223865877712
0.221893491124
0.226331360947
0.242110453649
0.272189349112
0.275147928994
0.271203155819
0.263313609467
0.303747534517
0.250493096647
0.225838264300
0.076429980276
0.072978303748
0.077909270217
0.079388560158
0.081854043393
0.084319526627
0.086291913215
0.088264299803
0.090236686391
0.091715976331
0.097140039448
0.101084812623
0.102564102564
0.106508875740
0.110453648915
0.114398422091
0.120315581854
0.126725838264
0.136094674556
0.141518737673
0.142998027613
0.143491124260
0.143491124260
0.141518737673
0.142998027613
0.130177514793
0.103057199211
0.107495069034
0.108481262327
0.233727810651
0.261341222880
0.211538461538
0.225838264300
0.225838264300
0.225838264300
0.225345167653
0.225345167653
0.224358974359
0.225838264300
0.230769230769
0.241617357002
0.263313609467
0.289940828402
0.251972386588
0.261341222880
0.256410256410
0.282051282051
0.251479289941
0.243589743590
0.281558185404
0.306213017751
0.265285996055
0.273668639053
0.260848126233
0.294378698225
0.247534516765
0.244082840237
0.274161735700
0.277120315582
0.297830374753
0.270216962525
0.291420118343
0.234714003945
0.225838264300
0.252465483235
0.287475345168
0.294378698225
0.302761341223
0.315088757396
0.273668639053
0.323471400394
0.265779092702
0.254930966469
0.305226824458
0.300295857988
0.277613412229
0.294378698225
0.242110453649
0.283037475345
0.289447731755
0.272189349112
0.285996055227
0.294378698225
0.282544378698
0.313609467456
0.250986193294
0.254930966469
0.224852071006
0.273175542406
0.279092702170
0.289940828402
0.266272189349
0.295364891519
0.277120315582
0.301775147929
0.295857988166
0.300295857988
0.292406311637
0.305719921105
0.295364891519
0.317061143984
0.279092702170
0.253944773176
0.274654832347
0.285502958580
0.302761341223
0.301775147929
0.314102564103
0.281558185404
0.259368836292
0.196745562130
0.292899408284
0.294871794872
0.307199211045
0.269230769231
0.294871794872
0.304240631164
0.296351084813
0.309171597633
0.279092702170
0.296351084813
0.217948717949
0.246055226824
0.239151873767
0.306213017751
0.323471400394
0.299309664694
0.303747534517
0.273668639053
0.292406311637
0.317554240631
0.285009861933
0.300788954635
0.122287968442
0.239151873767
0.269723865878
0.301775147929
0.294378698225
0.285502958580
0.287968441815
0.314102564103
0.277613412229
0.284023668639
0.187869822485
0.302268244576
0.318540433925
0.315581854043
0.313609467456
0.289940828402
0.256903353057
0.313609467456
0.250986193294
0.261834319527
0.142998027613
0.151380670611
0.149408284024
0.158284023669
0.130670611440
0.160749506903
0.132642998028
0.285502958580
0.304240631164
0.290927021696
0.265285996055
0.300295857988
0.310650887574
0.309664694280
0.303254437870
0.283530571992
0.287475345168
0.328402366864
0.309171597633
0.309664694280
0.248520710059
0.279585798817
0.183925049310
0.166666666667
0.299802761341
0.312623274162
0.316568047337
0.253944773176
0.270710059172
0.307199211045
0.337278106509
0.311143984221
0.333826429980
0.250493096647
0.253944773176
0.183431952663
0.184911242604
0.178007889546
0.206114398422
0.311143984221
0.334812623274
0.292406311637
0.230769230769
0.071005917160
0.098126232742
0.153353057199
0.238658777120
0.280571992110
0.317061143984
0.302761341223
0.280571992110
0.128205128205
0.274161735700
0.313116370809
0.321992110454
0.336291913215
0.333333333333
0.336291913215
0.335798816568
0.279092702170
0.263806706114
0.125246548323
0.146942800789
0.164694280079
0.166173570020
0.177514792899
0.134122287968
0.177514792899
0.139546351085
0.196745562130
0.261341222880
0.294871794872
0.323471400394
0.300788954635
0.284516765286
0.253451676529
0.302268244576
0.328402366864
0.308678500986
0.318540433925
0.312130177515
0.289940828402
0.264299802761
0.199704142012
0.226824457594
0.274161735700
0.333333333333
0.291420118343
0.322978303748
0.358974358974
0.299309664694
0.270710059172
0.102564102564
0.053747534517
0.053747534517
0.052761341223
0.057199211045
0.063116370809
0.074457593688
0.084319526627
0.097140039448
0.106015779093
0.111439842209
0.122781065089
0.149901380671
0.167652859961
0.169625246548
0.185897435897
0.224358974359
0.168145956607
0.201676528600
0.259861932939
0.238165680473
0.227810650888
0.191321499014
0.146449704142
0.142011834320
0.164201183432
0.211538461538
0.174063116371
0.241124260355
0.109960552268
0.151380670611
0.185897435897
0.204142011834
0.225345167653
0.278599605523
0.284023668639
0.302761341223
0.277613412229
0.236686390533
0.097140039448
0.133629191321
0.146942800789
0.150887573964
0.240631163708
0.257889546351
0.288461538462
0.267258382643
0.240138067061
0.272682445759
0.295857988166
0.291913214990
0.302268244576
0.259368836292
0.283530571992
0.246055226824
0.283530571992
0.299309664694
0.299309664694
0.290433925049
0.262820512821
0.278599605523
0.188856015779
0.266765285996
0.291420118343
0.299802761341
0.267258382643
0.283037475345
0.311637080868
0.275641025641
0.304240631164
0.119822485207
0.176528599606
0.282051282051
0.296844181460
0.304733727811
0.307692307692
0.315088757396
0.326429980276
0.230769230769
0.241124260355
0.130670611440
0.262327416174
0.322485207101
0.214990138067
0.327909270217
0.129191321499
0.277120315582
0.291913214990
0.332840236686
0.240631163708
0.259861932939
0.170118343195
0.267258382643
0.306213017751
0.317554240631
0.303254437870
0.297337278107
0.156804733728
0.170611439842
0.308185404339
0.331854043393
0.252465483235
0.181459566075
0.168145956607
0.257889546351
0.265779092702
0.303254437870
0.146449704142
0.201676528600
0.168145956607
0.302761341223
0.329388560158
0.273175542406
0.319033530572
0.232741617357
0.218441814596
0.124753451677
0.227317554241
0.306213017751
0.310157790927
0.271203155819
0.198717948718
0.133629191321
0.220907297830
0.250000000000
0.286489151874
0.299309664694
0.303747534517
0.215483234714
0.124753451677
0.117850098619
0.129684418146
0.188856015779
0.298323471400
0.326923076923
0.285009861933
0.167159763314
0.183925049310
0.282544378698
0.263806706114
0.292406311637
0.194773175542
0.314595660750
0.206607495069
0.301282051282
0.240138067061
0.299309664694
0.204635108481
0.203648915187
0.286489151874
0.197731755424
0.291913214990
0.324950690335
0.225345167653
0.209566074951
0.300788954635
0.321005917160
0.185404339250
0.339250493097
0.265779092702
0.305719921105
0.224358974359
0.222386587771
0.307692307692
0.369822485207
0.209072978304
0.176528599606
0.210552268245
0.343195266272
0.358974358974
0.329881656805
0.288461538462
0.185897435897
0.225838264300
0.273175542406
0.288954635108
0.242110453649
0.291913214990
0.130670611440
0.125739644970
0.151873767258
0.257396449704
0.189349112426
0.278106508876
0.150394477318
0.186390532544
0.282544378698
0.174556213018
0.284023668639
0.182445759369
0.204635108481
0.115877712032
0.147928994083
0.156311637081
0.185897435897
0.275641025641
0.291420118343
0.284023668639
0.306213017751
0.236686390533
0.299802761341
0.167159763314
0.161242603550
0.229289940828
0.228303747535
0.259368836292
0.111932938856
0.169625246548
0.185897435897
0.205621301775
0.306706114398
0.300295857988
0.300295857988
0.278599605523
0.308678500986
0.209566074951
0.302761341223
0.205128205128
0.290433925049
0.296351084813
0.252465483235
0.201676528600
0.207100591716
0.149408284024
0.183431952663
0.285996055227
0.303254437870
0.211045364892
0.276134122288
0.123767258383
0.179980276134
0.194773175542
0.191814595661
0.246055226824
0.195759368836
0.096646942801
0.129191321499
0.127712031558
0.152366863905
0.167652859961
0.172583826430
0.177021696252
0.156804733728
0.135601577909
0.132149901381
0.161735700197
0.159763313609
0.205128205128
0.294378698225
0.272682445759
0.319033530572
0.320019723866
0.168145956607
0.270216962525
0.190335305720
0.213510848126
0.300788954635
0.268244575937
0.239151873767
0.280078895464
0.285502958580
0.285502958580
0.305719921105
0.259368836292
0.260848126233
0.150887573964
0.171597633136
0.187869822485
0.198224852071
0.186883629191
0.189842209073
0.317554240631
0.313609467456
0.289447731755
0.270710059172
0.268244575937
0.327909270217
0.316568047337
0.311143984221
0.322978303748
0.214497041420
0.296844181460
0.174556213018
0.262327416174
0.325936883629
0.321992110454
0.316074950690
0.320019723866
0.248520710059
0.315088757396
0.153353057199
0.120808678501
0.280571992110
0.311637080868
0.339743589744
0.343195266272
0.332347140039
0.345660749507
0.299802761341
0.291420118343
0.162721893491
0.293392504931
0.284516765286
0.323964497041
0.213510848126
0.302268244576
0.177021696252
0.219428007890
0.235700197239
0.312623274162
0.341715976331
0.309664694280
0.293392504931
0.343195266272
0.177021696252
0.197238658777
0.132642998028
0.288954635108
0.330374753452
0.345660749507
0.323471400394
0.311637080868
0.204142011834
0.265779092702
0.293392504931
0.326923076923
0.214003944773
0.354536489152
0.183431952663
0.346646942801
0.270216962525
0.320019723866
0.200197238659
0.263313609467
0.319526627219
0.318540433925
0.327909270217
0.155325443787
0.285009861933
0.340729783037
0.226824457594
0.318540433925
0.170118343195
0.228303747535
0.332347140039
0.318540433925
0.270710059172
0.286982248521
0.211538461538
0.284023668639
0.373767258383
0.347140039448
0.289447731755
0.292899408284
0.207593688363
0.321005917160
0.254437869822
0.374260355030
0.204142011834
0.234714003945
0.248027613412
0.320512820513
0.250493096647
0.324950690335
0.251972386588
0.344181459566
0.226824457594
0.134615384615
0.158284023669
0.297337278107
0.298323471400
0.303747534517
0.293885601578
0.297830374753
0.192307692308
0.313609467456
0.324950690335
0.318047337278
0.317061143984
0.293885601578
0.312130177515
0.191321499014
0.203155818540
0.280078895464
0.273175542406
0.157790927022
0.299802761341
0.341715976331
0.325936883629
0.314102564103
0.317554240631
0.207100591716
0.265285996055
0.195266272189
0.332840236686
0.164201183432
0.188362919132
0.286982248521
0.318540433925
0.324950690335
0.367357001972
0.349112426036
0.361439842209
0.267258382643
0.239644970414
0.357988165680
0.264299802761
0.331854043393
0.281065088757
0.359960552268
0.225345167653
0.321992110454
0.209072978304
0.338757396450
0.368836291913
0.324950690335
0.293392504931
0.191814595661
0.293885601578
0.333333333333
0.290927021696
0.213017751479
0.267258382643
0.257889546351
0.298323471400
0.239644970414
0.325443786982
0.346153846154
0.312623274162
0.287968441815
0.198224852071
0.319526627219
0.347140039448
0.318047337278
0.333826429980
0.227810650888
0.206114398422
0.348126232742
0.353550295858
0.216469428008
0.292899408284
0.204142011834
0.216962524655
0.300295857988
0.350098619329
0.314102564103
0.371301775148
0.239151873767
0.219921104536
0.321499013807
0.366370808679
0.341715976331
0.321992110454
0.198717948718
0.313116370809
0.385108481262
0.302761341223
0.202662721893
0.144970414201
0.217948717949
0.295857988166
0.314595660750
0.255424063116
0.310157790927
0.314595660750
0.372287968442
0.275147928994
0.338757396450
0.281065088757
0.324457593688
0.349112426036
0.274161735700
0.171597633136
0.307199211045
0.319526627219
0.318540433925
0.329881656805
0.323964497041
0.313609467456
0.355029585799
0.263313609467
0.326923076923
0.214003944773
0.232741617357
0.356015779093
0.352564102564
0.346646942801
0.327416173570
0.299309664694
0.345660749507
0.271203155819
0.349112426036
0.251479289941
0.277120315582
0.209072978304
0.352564102564
0.306213017751
0.302761341223
0.266272189349
0.347140039448
0.382149901381
0.322485207101
0.348126232742
0.203648915187
0.299309664694
0.349605522682
0.380177514793
0.309664694280
0.271696252465
0.219428007890
0.115384615385
0.225345167653
0.290433925049
0.340236686391
0.376232741617
0.373274161736
0.373767258383
0.354536489152
0.269230769231
0.356508875740
0.308678500986
0.384615384615
0.295364891519
0.327416173570
0.295857988166
0.364891518738
0.293885601578
0.345660749507
0.219428007890
0.273175542406
0.308678500986
0.339250493097
0.315581854043
0.249013806706
0.194280078895
0.358481262327
0.392998027613
0.355522682446
0.362426035503
0.314102564103
0.358974358974
0.337278106509
0.335798816568
0.323471400394
0.401380670611
0.271203155819
0.366370808679
0.374260355030
0.381163708087
0.386587771203
0.317061143984
0.381656804734
0.356015779093
0.417652859961
0.330867850099
0.382149901381
0.223865877712
0.344674556213
0.318047337278
0.313609467456
0.264792899408
0.280571992110
0.381163708087
0.253944773176
0.308185404339
0.304733727811
0.299309664694
0.273668639053
0.288954635108
0.303254437870
0.284023668639
0.333826429980
0.399408284024
0.299309664694
0.341222879684
0.254437869822
0.199704142012
0.271203155819
0.271696252465
0.313116370809
0.344181459566
0.342209072978
0.383136094675
0.301775147929
0.365384615385
0.257889546351
0.262327416174
0.287475345168
0.332840236686
0.236193293886
0.369329388560
0.393491124260
0.392011834320
0.365384615385
0.333826429980
0.318047337278
0.320512820513
0.365877712032
0.270710059172
0.284516765286
0.323471400394
0.344181459566
0.359467455621
0.343688362919
0.309171597633
0.313116370809
0.347140039448
0.395463510848
0.251972386588
0.352564102564
0.402859960552
0.273175542406
0.302761341223
0.359960552268
0.360946745562
0.277613412229
0.271203155819
0.327416173570
0.384615384615
0.367357001972
0.322978303748
0.297337278107
0.374753451677
0.358481262327
0.396942800789
0.309171597633
0.339743589744
0.398422090730
0.410749506903
0.345167652860
0.375739644970
0.280571992110
0.351577909270
0.288461538462
0.286489151874
0.359960552268
0.340236686391
0.350591715976
0.215483234714
0.240138067061
0.405325443787
0.365877712032
0.357495069034
0.282544378698
0.336291913215
0.373274161736
0.417652859961
0.366863905325
0.380670611440
0.289447731755
0.247534516765
0.390039447732
0.290433925049
0.349605522682
0.365877712032
0.321005917160
0.307692307692
0.366370808679
0.398422090730
0.374260355030
0.316074950690
0.336291913215
0.391518737673
0.325443786982
0.361932938856
0.392504930966
0.362919132150
0.365384615385
0.322485207101
0.405818540434
0.350591715976
0.402366863905
0.245069033531
0.434418145957
0.368836291913
0.390532544379
0.348619329389
0.321992110454
0.412228796844
0.379684418146
0.378698224852
0.332347140039
0.386094674556
0.377218934911
0.426528599606
0.300788954635
0.403353057199
0.366863905325
0.401873767258
0.432445759369
0.285502958580
0.226331360947
0.232741617357
0.404339250493
0.430473372781
0.400887573964
0.342209072978
0.379191321499
0.339250493097
0.430473372781
0.340236686391
0.396449704142
0.362426035503
0.367850098619
0.351084812623
0.404832347140
0.349112426036
0.422090729783
0.309664694280
0.324950690335
0.420118343195
0.306213017751
0.367357001972
0.365877712032
0.411242603550
0.240138067061
0.365877712032
0.383629191321
0.395956607495
0.357495069034
0.313609467456
0.266272189349
0.307692307692
0.359960552268
0.428007889546
0.434418145957
0.348126232742
0.273668639053
0.385108481262
0.398915187377
0.399901380671
0.336291913215
0.319033530572
0.438856015779
0.364891518738
0.422090729783
0.241124260355
0.318540433925
0.426528599606
0.340236686391
0.407297830375
0.378205128205
0.305719921105
0.385108481262
0.350098619329
0.404832347140
0.440828402367
0.403846153846
0.442307692308
0.330374753452
0.402366863905
0.382642998028
0.358481262327
0.423570019724
0.419132149901
0.389053254438
0.317061143984
0.363905325444
0.374753451677
0.374753451677
0.443293885602
0.319033530572
0.308678500986
0.218934911243
0.262327416174
0.318047337278
0.336785009862
0.354043392505
0.300788954635
0.326923076923
0.359960552268
0.354043392505
0.375739644970
0.362919132150
0.287475345168
0.344674556213
0.350098619329
0.424063116371
0.325936883629
0.343195266272
0.260848126233
0.340236686391
0.369822485207
0.412721893491
0.377712031558
0.322485207101
0.153846153846
0.183925049310
0.235207100592
0.279092702170
0.258382642998
0.310650887574
0.183925049310
0.242110453649
0.233234714004
0.380177514793
0.424063116371
0.349605522682
0.389546351085
0.304733727811
0.328402366864
0.419625246548
0.270216962525
0.392998027613
0.261341222880
0.305719921105
0.357001972387
0.345660749507
0.341715976331
0.355029585799
0.398422090730
0.378205128205
0.385601577909
0.351084812623
0.345660749507
0.464990138067
0.288954635108
0.393491124260
0.320512820513
0.379684418146
0.415187376726
0.365877712032
0.399901380671
0.400394477318
0.427514792899
0.329388560158
0.340729783037
0.345660749507
0.377218934911
0.422583826430
0.336785009862
0.394970414201
0.369822485207
0.424063116371
0.359467455621
0.348126232742
0.381656804734
0.461045364892
0.346646942801
0.392504930966
0.381163708087
0.391025641026
0.439842209073
0.392998027613
0.334319526627
0.327416173570
0.404339250493
0.406804733728
0.417159763314
0.430473372781
0.372781065089
0.370808678501
0.347140039448
0.420118343195
0.429487179487
0.446745562130
0.380177514793
0.394477317554
0.213017751479
0.290433925049
0.349605522682
0.442307692308
0.373274161736
0.381656804734
0.255917159763
0.304733727811
0.364891518738
0.362426035503
0.374260355030
0.407790927022
0.302761341223
0.351084812623
0.431459566075
0.365384615385
0.430966469428
0.372781065089
0.421104536489
0.327416173570
0.426035502959
0.429980276134
0.323964497041
0.408777120316
0.421597633136
0.352564102564
0.401380670611
0.372781065089
0.426528599606
0.426035502959
0.397435897436
0.408777120316
0.398422090730
0.379684418146
0.411735700197
0.431459566075
0.432938856016
0.422583826430
0.318047337278
0.386587771203
0.377712031558
0.402859960552
0.426528599606
0.444280078895
0.394477317554
0.339250493097
0.395956607495
0.436390532544
0.479783037475
0.278106508876
0.417159763314
0.364398422091
0.289447731755
0.405325443787
0.374260355030
0.432938856016
0.315088757396
0.379191321499
0.435897435897
0.464990138067
0.404339250493
0.457100591716
0.348619329389
0.436390532544
0.368343195266
0.342702169625
0.401380670611
0.391025641026
0.405325443787
0.342702169625
0.384615384615
0.425542406312
0.377712031558
0.394477317554
0.385108481262
0.438856015779
0.438856015779
0.431952662722
0.387573964497
0.371301775148
0.464003944773
0.283037475345
0.437869822485
0.390039447732
0.375246548323
0.384122287968
0.280571992110
0.355029585799
0.443786982249
0.324950690335
0.435897435897
0.438856015779
0.428007889546
0.368343195266
0.318540433925
0.383629191321
0.429487179487
0.410256410256
0.376725838264
0.284023668639
0.314102564103
0.445266272189
0.445759368836
0.454142011834
0.408777120316
0.410256410256
0.395956607495
0.398915187377
0.446745562130
0.315581854043
0.461045364892
0.407297830375
0.484714003945
0.370315581854
0.429487179487
0.364398422091
0.405325443787
0.479783037475
0.322978303748
0.264299802761
0.373274161736
0.325443786982
0.322978303748
0.361932938856
0.417652859961
0.437376725838
0.473865877712
0.447731755424
0.311637080868
0.362426035503
0.217948717949
0.436883629191
0.421104536489
0.436883629191
0.447731755424
0.453155818540
0.434911242604
0.395956607495
0.404832347140
0.446745562130
0.433431952663
0.369822485207
0.387573964497
0.422090729783
0.287475345168
0.346646942801
0.385601577909
0.350098619329
0.339743589744
0.438362919132
0.448224852071
0.471400394477
0.381656804734
0.444773175542
0.289447731755
0.332840236686
0.390532544379
0.413708086785
0.368836291913
0.438856015779
0.408777120316
0.461538461538
0.333333333333
0.469921104536
0.486686390533
0.453648915187
0.400887573964
0.446745562130
0.300295857988
0.437376725838
0.391518737673
0.454142011834
0.294871794872
0.367850098619
0.390532544379
0.427021696252
0.442307692308
0.457593688363
0.458086785010
0.410749506903
0.441814595661
0.365384615385
0.292406311637
0.386094674556
0.417652859961
0.354043392505
0.479783037475
0.398915187377
0.461538461538
0.463017751479
0.396449704142
0.386094674556
0.372781065089
0.439842209073
0.346646942801
0.461538461538
0.477317554241
0.468441814596
0.398915187377
0.278599605523
0.264299802761
0.354536489152
0.352564102564
0.340236686391
0.441814595661
0.441814595661
0.441814595661
0.365384615385
0.372781065089
0.493096646943
0.415187376726
0.422090729783
0.343688362919
0.395463510848
0.459072978304
0.437376725838
0.467455621302
0.387573964497
0.363905325444
0.418145956607
0.451183431953
0.445759368836
0.384615384615
0.433431952663
0.443293885602
0.390532544379
0.368836291913
0.493589743590
0.413708086785
0.486686390533
0.341222879684
0.478796844181
0.412721893491
0.450197238659
0.397435897436
0.454635108481
0.499013806706
0.448717948718
0.395956607495
0.340236686391
0.392504930966
0.467455621302
0.449704142012
0.488165680473
0.345660749507
0.467948717949
0.456114398422
0.500986193294
0.329881656805
0.305226824458
0.364398422091
0.423570019724
0.343195266272
0.353057199211
0.430966469428
0.482741617357
0.426528599606
0.457100591716
0.247041420118
0.316568047337
0.381163708087
0.459072978304
0.473865877712
0.329881656805
0.349112426036
0.434911242604
0.367357001972
0.411242603550
0.449704142012
0.404832347140
0.465976331361
0.433925049310
0.476824457594
0.440335305720
0.426035502959
0.458086785010
0.455128205128
0.455128205128
0.309664694280
0.338757396450
0.411242603550
0.291420118343
0.278106508876
0.337771203156
0.431952662722
0.388067061144
0.397928994083
0.430966469428
0.399408284024
0.495069033531
0.382149901381
0.444773175542
0.317554240631
0.458579881657
0.452662721893
0.378698224852
0.476824457594
0.452169625247
0.487672583826
0.360453648915
0.435897435897
0.456114398422
0.490631163708
0.465483234714
0.427514792899
0.334812623274
0.319526627219
0.437869822485
0.445266272189
0.467455621302
0.366863905325
0.482248520710
0.462524654832
0.432445759369
0.451183431953
0.458579881657
0.396942800789
0.409270216963
0.369329388560
0.467948717949
0.432445759369
0.446252465483
0.466469428008
0.397435897436
0.451676528600
0.465483234714
0.470414201183
0.524654832347
0.392504930966
0.464497041420
0.298816568047
0.379684418146
0.350098619329
0.460059171598
0.423570019724
0.431952662722
0.487179487179
0.394970414201
0.414694280079
0.460059171598
0.466962524655
0.397928994083
0.460552268245
0.453155818540
0.348619329389
0.509861932939
0.431459566075
0.463017751479
0.441321499014
0.504930966469
0.480276134122
0.385108481262
0.297337278107
0.247041420118
0.214003944773
0.351577909270
0.390039447732
0.444773175542
0.312130177515
0.327909270217
0.379684418146
0.344181459566
0.407297830375
0.330867850099
0.442800788955
0.322978303748
0.421104536489
0.429980276134
0.348619329389
0.292406311637
0.410256410256
0.441814595661
0.479783037475
0.474852071006
0.370315581854
0.315581854043
0.294378698225
0.386587771203
0.380670611440
0.428994082840
0.443786982249
0.445266272189
0.338264299803
0.353550295858
0.430473372781
0.497041420118
0.392998027613
0.439349112426
0.345660749507
0.332347140039
0.427021696252
0.372287968442
0.454142011834
0.435404339250
0.464497041420
0.501479289941
0.418639053254
0.403353057199
0.381163708087
0.414694280079
0.454635108481
0.476824457594
0.467455621302
0.442307692308
0.504930966469
0.359467455621
0.503944773176
0.399408284024
0.477317554241
0.527120315582
0.487179487179
0.433925049310
0.424063116371
0.446745562130
0.248027613412
0.343688362919
0.463017751479
0.397435897436
0.435897435897
0.392998027613
0.456607495069
0.398422090730
0.295857988166
0.339250493097
0.428007889546
0.407297830375
0.401380670611
0.484220907298
0.405325443787
0.363905325444
0.243096646943
0.233234714004
0.399408284024
0.441321499014
0.494575936884
0.407297830375
0.471893491124
0.468441814596
0.454142011834
0.482741617357
0.462524654832
0.443293885602
0.369822485207
0.462031558185
0.501972386588
0.364891518738
0.382642998028
0.486686390533
0.424063116371
0.456607495069
0.357001972387
0.481755424063
0.512327416174
0.474358974359
0.465976331361
0.296844181460
0.461538461538
0.453155818540
0.484714003945
0.452662721893
0.472879684418
0.400394477318
0.454635108481
0.463510848126
0.515285996055
0.408284023669
0.412228796844
0.427021696252
0.315581854043
0.266765285996
0.209072978304
0.356508875740
0.300295857988
0.273668639053
0.376725838264
0.424063116371
0.374753451677
0.488165680473
0.362919132150
0.425049309665
0.362426035503
0.477317554241
0.442800788955
0.510848126233
0.328402366864
0.440335305720
0.484220907298
0.438362919132
0.308185404339
0.400394477318
0.438362919132
0.452169625247
0.471400394477
0.428500986193
0.393984220907
0.510355029586
0.416173570020
0.470414201183
0.303254437870
0.282544378698
0.345660749507
0.424556213018
0.469428007890
0.445266272189
0.405818540434
0.444773175542
0.489644970414
0.485700197239
0.449211045365
0.389053254438
0.389053254438
0.474852071006
0.459566074951
0.494575936884
0.448717948718
0.457593688363
0.493589743590
0.498520710059
0.443293885602
0.469921104536
0.438856015779
0.478303747535
0.471400394477
0.514299802761
0.415680473373
0.391025641026
0.449704142012
0.364398422091
0.414694280079
0.451183431953
0.447731755424
0.457100591716
0.461045364892
0.440335305720
0.506410256410
0.411242603550
0.431952662722
0.405325443787
0.306213017751
0.419132149901
0.411735700197
0.419625246548
0.353550295858
0.413214990138
0.480276134122
0.507889546351
0.322485207101
0.395956607495
0.478796844181
0.419625246548
0.468934911243
0.431952662722
0.475345167653
0.457100591716
0.446745562130
0.423076923077
0.462031558185
0.474358974359
0.461538461538
0.304733727811
0.377712031558
0.426528599606
0.431459566075
0.438362919132
0.426035502959
0.489644970414
0.487672583826
0.453155818540
0.466962524655
0.378205128205
0.447238658777
0.521203155819
0.438362919132
0.341715976331
0.397928994083
0.465483234714
0.512327416174
0.418145956607
0.462031558185
0.499013806706
0.477317554241
0.458579881657
0.312623274162
0.429980276134
0.444280078895
0.413708086785
0.389053254438
0.354043392505
0.411242603550
0.476331360947
0.424556213018
0.449211045365
0.404339250493
0.427021696252
0.486193293886
0.290927021696
0.460552268245
0.486686390533
0.484220907298
0.400887573964
0.370808678501
0.407790927022
0.474852071006
0.499013806706
0.509861932939
0.495562130178
0.400394477318
0.314102564103
0.456114398422
0.507889546351
0.497534516765
0.515779092702
0.339743589744
0.387080867850
0.407297830375
0.502958579882
0.459072978304
0.353057199211
0.476331360947
0.506410256410
0.535502958580
0.474358974359
0.441814595661
0.375739644970
0.426528599606
0.439842209073
0.312623274162
0.334812623274
0.336785009862
0.264792899408
0.373274161736
0.417652859961
0.498520710059
0.394477317554
0.402366863905
0.403846153846
0.452662721893
0.491617357002
0.469921104536
0.498027613412
0.355029585799
0.428007889546
0.462031558185
0.403846153846
0.476331360947
0.493096646943
0.370315581854
0.428007889546
0.500000000000
0.450690335306
0.401380670611
0.377712031558
0.471893491124
0.452169625247
0.499013806706
0.505917159763
0.494082840237
0.402859960552
0.386094674556
0.510355029586
0.515285996055
0.537475345168
0.409763313609
0.431952662722
0.390039447732
0.439842209073
0.482248520710
0.322485207101
0.488658777120
0.501479289941
0.536982248521
0.410256410256
0.533037475345
0.512327416174
0.475345167653
0.426528599606
0.324457593688
0.460059171598
0.471400394477
0.434418145957
0.432938856016
0.490138067061
0.478796844181
0.459566074951
0.503451676529
0.492110453649
0.430473372781
0.403846153846
0.313609467456
0.426528599606
0.345660749507
0.503944773176
0.460552268245
0.368836291913
0.341222879684
0.368836291913
0.419625246548
0.509861932939
0.482248520710
0.401873767258
0.486193293886
0.524654832347
0.503944773176
0.480276134122
0.347633136095
0.432938856016
0.386094674556
0.437376725838
0.459566074951
0.512820512821
0.521203155819
0.413708086785
0.429980276134
0.479783037475
0.513806706114
0.467455621302
0.488165680473
0.435404339250
0.514299802761
0.519230769231
0.465976331361
0.333333333333
0.464003944773
0.516272189349
0.418639053254
0.476331360947
0.295857988166
0.352071005917
0.456114398422
0.464003944773
0.492110453649
0.458086785010
0.514299802761
0.482741617357
0.471400394477
0.457100591716
0.490138067061
0.505917159763
0.520710059172
0.482248520710
0.392998027613
0.535009861933
0.496055226824
0.498520710059
0.471400394477
0.523175542406
0.492110453649
0.533037475345
0.490631163708
0.508382642998
0.456607495069
0.501972386588
0.446745562130
0.429487179487
