0.139094650206
0.151851851852
0.151851851852
0.152263374486
0.154320987654
0.170781893004
0.174074074074
0.177777777778
0.153497942387
0.171604938272
0.118106995885
0.088888888889
0.097530864198
0.138683127572
0.186008230453
0.190123456790
0.169958847737
0.197942386831
0.088888888889
0.040329218107
0.067489711934
0.096707818930
0.107407407407
0.108230452675
0.111111111111
0.130864197531
0.111111111111
0.120164609053
0.121399176955
0.151028806584
0.146502057613
0.185185185185
0.097942386831
0.141975308642
0.146090534979
0.146913580247
0.144855967078
0.145267489712
0.143621399177
0.144444444444
0.145267489712
0.144032921811
0.141975308642
0.144032921811
0.145679012346
0.148559670782
0.152263374486
0.160493827160
0.165843621399
0.168312757202
0.168312757202
0.169547325103
0.171193415638
0.172016460905
0.170781893004
0.168724279835
0.171604938272
0.169547325103
0.174897119342
0.188477366255
0.192181069959
0.205349794239
0.206172839506
0.208230452675
0.147736625514
0.130452674897
0.130452674897
0.130452674897
0.130452674897
0.130452674897
0.130452674897
0.130452674897
0.130452674897
0.130452674897
0.130452674897
0.130452674897
0.123868312757
0.093827160494
0.069547325103
0.061728395062
0.062139917695
0.064197530864
0.063786008230
0.064197530864
0.065020576132
0.065020576132
0.067078189300
0.069547325103
0.073251028807
0.076954732510
0.083127572016
0.088477366255
0.093004115226
0.095473251029
0.099588477366
0.101646090535
0.101646090535
0.103703703704
0.108641975309
0.111111111111
0.111111111111
0.113168724280
0.117695473251
0.120987654321
0.124279835391
0.128806584362
0.134567901235
0.138271604938
0.146913580247
0.152263374486
0.155144032922
0.157613168724
0.156378600823
0.154732510288
0.155144032922
0.155144032922
0.147325102881
0.151028806584
0.151028806584
0.157201646091
0.134567901235
0.177777777778
0.172427983539
0.170370370370
0.195884773663
0.088888888889
0.088888888889
0.088477366255
0.088888888889
0.088888888889
0.088065843621
0.089300411523
0.089711934156
0.090534979424
0.094650205761
0.116460905350
0.146913580247
0.164609053498
0.162139917695
0.155144032922
0.176543209877
0.151028806584
0.088888888889
0.055144032922
0.054320987654
0.054732510288
0.055967078189
0.054732510288
0.054732510288
0.057201646091
0.059259259259
0.062962962963
0.065432098765
0.069958847737
0.072839506173
0.074485596708
0.076954732510
0.081069958848
0.083950617284
0.088065843621
0.091769547325
0.095473251029
0.100000000000
0.098765432099
0.101234567901
0.097530864198
0.099176954733
0.100823045267
0.102057613169
0.102880658436
0.106172839506
0.116872427984
0.146090534979
0.187654320988
0.130864197531
0.088477366255
0.088477366255
0.088888888889
0.089300411523
0.088888888889
0.091769547325
0.097119341564
0.114403292181
0.139094650206
0.167489711934
0.186008230453
0.206584362140
0.151440329218
0.162962962963
0.162962962963
0.141975308642
0.114814814815
0.148971193416
0.194650205761
0.150617283951
0.210288065844
0.148148148148
0.194650205761
0.202057613169
0.117283950617
0.158436213992
0.155967078189
0.185596707819
0.164609053498
0.155555555556
0.200000000000
0.088888888889
0.123868312757
0.147325102881
0.153909465021
0.155967078189
0.183539094650
0.202469135802
0.192592592593
0.167078189300
0.130864197531
0.169958847737
0.196707818930
0.162962962963
0.158024691358
0.172427983539
0.136213991770
0.165020576132
0.181069958848
0.197942386831
0.151440329218
0.170781893004
0.189711934156
0.161316872428
0.122633744856
0.139506172840
0.157201646091
0.181069958848
0.201646090535
0.167078189300
0.201646090535
0.149794238683
0.197119341564
0.200823045267
0.166666666667
0.204115226337
0.165020576132
0.185185185185
0.201646090535
0.213580246914
0.125102880658
0.163786008230
0.162139917695
0.191769547325
0.195473251029
0.222222222222
0.192181069959
0.144032921811
0.186008230453
0.209053497942
0.202469135802
0.231275720165
0.151440329218
0.185596707819
0.243621399177
0.179012345679
0.241563786008
0.167901234568
0.197530864198
0.210288065844
0.128395061728
0.161728395062
0.181893004115
0.188888888889
0.189711934156
0.201646090535
0.175720164609
0.240329218107
0.245267489712
0.187242798354
0.204526748971
0.143621399177
0.156790123457
0.183127572016
0.216049382716
0.231687242798
0.164197530864
0.182304526749
0.232098765432
0.245267489712
0.187242798354
0.191769547325
0.225102880658
0.230452674897
0.223868312757
0.246090534979
0.174897119342
0.203292181070
0.232921810700
0.178189300412
0.161728395062
0.166666666667
0.160082304527
0.178189300412
0.181481481481
0.144444444444
0.148559670782
0.159670781893
0.238271604938
0.184773662551
0.248148148148
0.144032921811
0.207407407407
0.217695473251
0.238271604938
0.245679012346
0.174897119342
0.219341563786
0.256378600823
0.227983539095
0.234156378601
0.153909465021
0.190946502058
0.213991769547
0.193827160494
0.241975308642
0.213168724280
0.241975308642
0.143621399177
0.219753086420
0.246090534979
0.252263374486
0.236213991770
0.246090534979
0.166666666667
0.158847736626
0.201646090535
0.200823045267
0.204115226337
0.219753086420
0.252674897119
0.232098765432
0.264609053498
0.091358024691
0.060493827160
0.096296296296
0.141152263374
0.174897119342
0.194238683128
0.209876543210
0.200823045267
0.191358024691
0.174897119342
0.167489711934
0.209876543210
0.222633744856
0.264197530864
0.260493827160
0.266255144033
0.256378600823
0.214403292181
0.170370370370
0.157613168724
0.162962962963
0.165432098765
0.180658436214
0.178189300412
0.177366255144
0.204115226337
0.158024691358
0.214814814815
0.202057613169
0.254320987654
0.218930041152
0.252674897119
0.197942386831
0.236625514403
0.247325102881
0.276543209877
0.195884773663
0.241975308642
0.263786008230
0.274897119342
0.149794238683
0.173662551440
0.188477366255
0.212757201646
0.285596707819
0.172427983539
0.264609053498
0.268724279835
0.284362139918
0.139094650206
0.094238683128
0.038683127572
0.038683127572
0.040740740741
0.042386831276
0.046502057613
0.089300411523
0.125925925926
0.134979423868
0.147736625514
0.143621399177
0.140329218107
0.125514403292
0.133744855967
0.132510288066
0.144032921811
0.109465020576
0.161316872428
0.173662551440
0.182716049383
0.179012345679
0.094238683128
0.130864197531
0.134567901235
0.134567901235
0.148971193416
0.155967078189
0.155144032922
0.115637860082
0.111522633745
0.138683127572
0.151028806584
0.148559670782
0.152674897119
0.215226337449
0.230041152263
0.227160493827
0.231275720165
0.118930041152
0.145267489712
0.179423868313
0.200823045267
0.155144032922
0.211934156379
0.227983539095
0.209053497942
0.225925925926
0.121399176955
0.159670781893
0.199176954733
0.238683127572
0.229218106996
0.238683127572
0.163374485597
0.208641975309
0.231275720165
0.241975308642
0.231687242798
0.229629629630
0.255967078189
0.156378600823
0.170370370370
0.206172839506
0.244855967078
0.229218106996
0.208641975309
0.250205761317
0.219341563786
0.250205761317
0.210699588477
0.176954732510
0.129629629630
0.178189300412
0.172427983539
0.174485596708
0.180246913580
0.215226337449
0.238271604938
0.228806584362
0.132098765432
0.125514403292
0.211934156379
0.249382716049
0.237860082305
0.227160493827
0.192592592593
0.186008230453
0.219753086420
0.216460905350
0.234979423868
0.187242798354
0.203703703704
0.240329218107
0.260082304527
0.235390946502
0.279423868313
0.219753086420
0.169958847737
0.216049382716
0.267901234568
0.241975308642
0.243209876543
0.162551440329
0.138271604938
0.219341563786
0.246502057613
0.205761316872
0.218518518519
0.220987654321
0.213991769547
0.257613168724
0.267901234568
0.292592592593
0.262962962963
0.280246913580
0.134979423868
0.137448559671
0.190946502058
0.230041152263
0.295061728395
0.254732510288
0.272427983539
0.185185185185
0.132098765432
0.165020576132
0.183950617284
0.202057613169
0.225925925926
0.220987654321
0.135802469136
0.141975308642
0.170781893004
0.214403292181
0.238271604938
0.221399176955
0.223868312757
0.204526748971
0.156378600823
0.183127572016
0.203292181070
0.214403292181
0.230864197531
0.246913580247
0.244032921811
0.258847736626
0.258436213992
0.204115226337
0.241563786008
0.241975308642
0.275308641975
0.239506172840
0.251851851852
0.251851851852
0.283127572016
0.220164609053
0.282304526749
0.275720164609
0.218518518519
0.257613168724
0.332098765432
0.198765432099
0.259259259259
0.271193415638
0.285185185185
0.313168724280
0.286419753086
0.201234567901
0.132510288066
0.251851851852
0.276543209877
0.254732510288
0.248559670782
0.142386831276
0.216460905350
0.228806584362
0.237448559671
0.247325102881
0.244855967078
0.200000000000
0.120576131687
0.183539094650
0.206995884774
0.239506172840
0.219753086420
0.226748971193
0.250617283951
0.239917695473
0.247736625514
0.233744855967
0.255555555556
0.262139917695
0.174897119342
0.201646090535
0.214814814815
0.226337448560
0.238271604938
0.249794238683
0.261728395062
0.269958847737
0.274897119342
0.249382716049
0.233333333333
0.222633744856
0.254732510288
0.251851851852
0.255967078189
0.186008230453
0.177366255144
0.196296296296
0.203292181070
0.231687242798
0.264609053498
0.286008230453
0.298353909465
0.276954732510
0.278189300412
0.271193415638
0.283950617284
0.287654320988
0.288477366255
0.292592592593
0.244444444444
0.223868312757
0.219753086420
0.246502057613
0.249794238683
0.249382716049
0.265843621399
0.216872427984
0.192592592593
0.231275720165
0.260905349794
0.238683127572
0.287654320988
0.172016460905
0.104526748971
0.148148148148
0.144855967078
0.158024691358
0.209876543210
0.201646090535
0.229629629630
0.161316872428
0.177366255144
0.167489711934
0.208641975309
0.212757201646
0.159259259259
0.243621399177
0.166666666667
0.253086419753
0.256790123457
0.186419753086
0.183539094650
0.213580246914
0.224691358025
0.237860082305
0.238271604938
0.137037037037
0.171604938272
0.167901234568
0.173662551440
0.209465020576
0.198353909465
0.148971193416
0.146913580247
0.169958847737
0.192592592593
0.204526748971
0.208641975309
0.205761316872
0.249794238683
0.227160493827
0.244444444444
0.146502057613
0.178600823045
0.224691358025
0.254732510288
0.250617283951
0.260493827160
0.220164609053
0.217695473251
0.220164609053
0.198765432099
0.244855967078
0.259670781893
0.243209876543
0.255144032922
0.227983539095
0.228806584362
0.236213991770
0.123868312757
0.179423868313
0.204115226337
0.230864197531
0.239094650206
0.281893004115
0.267078189300
0.263786008230
0.232921810700
0.189711934156
0.238683127572
0.260082304527
0.257201646091
0.253086419753
0.214814814815
0.213168724280
0.263374485597
0.272839506173
0.202880658436
0.283539094650
0.264609053498
0.195473251029
0.256378600823
0.252674897119
0.185185185185
0.125925925926
0.200823045267
0.218930041152
0.261728395062
0.262962962963
0.231275720165
0.244032921811
0.253909465021
0.255555555556
0.254320987654
0.232510288066
0.284773662551
0.192181069959
0.277777777778
0.303292181070
0.217283950617
0.219341563786
0.244444444444
0.252674897119
0.262139917695
0.313168724280
0.180658436214
0.204526748971
0.287242798354
0.290123456790
0.232098765432
0.212345679012
0.255555555556
0.300823045267
0.235802469136
0.295884773663
0.188888888889
0.235390946502
0.276131687243
0.322633744856
0.296296296296
0.317283950617
0.180246913580
0.255967078189
0.281069958848
0.293415637860
0.298353909465
0.258024691358
0.238683127572
0.250617283951
0.283539094650
0.245267489712
0.279423868313
0.313168724280
0.260493827160
0.274074074074
0.158436213992
0.150617283951
0.234979423868
0.250205761317
0.248148148148
0.251851851852
0.223045267490
0.200411522634
0.229218106996
0.266255144033
0.261728395062
0.263786008230
0.274074074074
0.204526748971
0.204115226337
0.235802469136
0.260082304527
0.241563786008
0.217695473251
0.182716049383
0.268724279835
0.271604938272
0.270781893004
0.260082304527
0.255967078189
0.204938271605
0.244855967078
0.269958847737
0.231687242798
0.176543209877
0.182716049383
0.195884773663
0.232921810700
0.260905349794
0.265432098765
0.295473251029
0.313580246914
0.261316872428
0.236625514403
0.268312757202
0.235390946502
0.322222222222
0.241563786008
0.247325102881
0.247736625514
0.244855967078
0.313991769547
0.320576131687
0.303292181070
0.311934156379
0.189711934156
0.267078189300
0.302880658436
0.304526748971
0.287242798354
0.173251028807
0.187654320988
0.233744855967
0.218930041152
0.243621399177
0.288888888889
0.264197530864
0.261316872428
0.271604938272
0.260493827160
0.293415637860
0.327160493827
0.308230452675
0.267901234568
0.251028806584
0.328806584362
0.289711934156
0.296296296296
0.220987654321
0.221399176955
0.230452674897
0.290123456790
0.330041152263
0.345267489712
0.302057613169
0.298353909465
0.227160493827
0.294238683128
0.340329218107
0.304938271605
0.317283950617
0.222633744856
0.296707818930
0.341975308642
0.324691358025
0.241152263374
0.229218106996
0.237860082305
0.288888888889
0.247736625514
0.296296296296
0.265432098765
0.313168724280
0.309876543210
0.320164609053
0.225925925926
0.325102880658
0.333744855967
0.329218106996
0.297530864198
0.198353909465
0.253086419753
0.243621399177
0.282304526749
0.278600823045
0.274074074074
0.261316872428
0.272427983539
0.276543209877
0.244032921811
0.266255144033
0.246913580247
0.301234567901
0.290123456790
0.319341563786
0.253086419753
0.287654320988
0.279835390947
0.315637860082
0.224691358025
0.275308641975
0.304938271605
0.198765432099
0.330864197531
0.331687242798
0.290534979424
0.323868312757
0.241152263374
0.296707818930
0.330864197531
0.307407407407
0.267078189300
0.210699588477
0.269547325103
0.327160493827
0.280658436214
0.293415637860
0.188065843621
0.198765432099
0.289711934156
0.312345679012
0.314403292181
0.346090534979
0.311934156379
0.357613168724
0.303703703704
0.325102880658
0.297942386831
0.325925925926
0.310699588477
0.298765432099
0.289300411523
0.300823045267
0.357201646091
0.335390946502
0.267901234568
0.301234567901
0.277777777778
0.324279835391
0.321810699588
0.276131687243
0.316872427984
0.249382716049
0.343621399177
0.334156378601
0.353086419753
0.275308641975
0.326748971193
0.312345679012
0.365432098765
0.258436213992
0.307818930041
0.353497942387
0.324691358025
0.274485596708
0.356378600823
0.360493827160
0.369547325103
0.260493827160
0.291358024691
0.381481481481
0.390123456790
0.356790123457
0.313991769547
0.280658436214
0.353497942387
0.354320987654
0.216460905350
0.274485596708
0.286008230453
0.353086419753
0.253497942387
0.276954732510
0.188065843621
0.257201646091
0.268724279835
0.263786008230
0.322222222222
0.237037037037
0.286831275720
0.370370370370
0.340329218107
0.315226337449
0.320576131687
0.231275720165
0.295473251029
0.224279835391
0.300823045267
0.319341563786
0.334567901235
0.320164609053
0.357613168724
0.254732510288
0.308641975309
0.347736625514
0.320576131687
0.364197530864
0.252674897119
0.315637860082
0.346913580247
0.375720164609
0.344032921811
0.345267489712
0.255555555556
0.328395061728
0.367489711934
0.332510288066
0.208230452675
0.244032921811
0.255967078189
0.369547325103
0.339917695473
0.307407407407
0.331687242798
0.330041152263
0.381069958848
0.205349794239
0.295884773663
0.353909465021
0.359670781893
0.338271604938
0.387654320988
0.297119341564
0.305349794239
0.330452674897
0.309876543210
0.392181069959
0.304938271605
0.297119341564
0.290123456790
0.292592592593
0.383127572016
0.389300411523
0.332098765432
0.353909465021
0.344444444444
0.386008230453
0.353086419753
0.331275720165
0.308641975309
0.350205761317
0.229629629630
0.280658436214
0.311111111111
0.360082304527
0.316049382716
0.283950617284
0.258847736626
0.346502057613
0.367078189300
0.283950617284
0.325514403292
0.294650205761
0.332098765432
0.386008230453
0.357201646091
0.349382716049
0.344032921811
0.220164609053
0.297530864198
0.365843621399
0.371193415638
0.367489711934
0.313580246914
0.261728395062
0.344855967078
0.392181069959
0.388477366255
0.261728395062
0.282304526749
0.340740740741
0.379423868313
0.307818930041
0.374485596708
0.373662551440
0.331687242798
0.344855967078
0.382716049383
0.346913580247
0.349382716049
0.270370370370
0.350617283951
0.366255144033
0.354320987654
0.379423868313
0.276131687243
0.408641975309
0.370781893004
0.401234567901
0.282716049383
0.336625514403
0.381069958848
0.413580246914
0.281069958848
0.320987654321
0.391358024691
0.406995884774
0.379012345679
0.334979423868
0.314403292181
0.252263374486
0.338683127572
0.369547325103
0.400411522634
0.304115226337
0.331275720165
0.340329218107
0.391769547325
0.346090534979
0.394650205761
0.352263374486
0.367078189300
0.337448559671
0.400823045267
0.284773662551
0.408230452675
0.297119341564
0.300000000000
0.308230452675
0.353909465021
0.360905349794
0.334567901235
0.406172839506
0.220987654321
0.317283950617
0.355967078189
0.367489711934
0.395061728395
0.320164609053
0.315226337449
0.326337448560
0.371604938272
0.406172839506
0.393004115226
0.393827160494
0.203703703704
0.323868312757
0.383127572016
0.388477366255
0.285185185185
0.312757201646
0.399176954733
0.371193415638
0.363374485597
0.297119341564
0.328395061728
0.376954732510
0.357613168724
0.352263374486
0.374485596708
0.276543209877
0.375720164609
0.334156378601
0.369958847737
0.415226337449
0.378600823045
0.393827160494
0.347736625514
0.403703703704
0.318518518519
0.358024691358
0.400823045267
0.415637860082
0.325514403292
0.362551440329
0.368312757202
0.363786008230
0.289300411523
0.398353909465
0.344444444444
0.298353909465
0.181893004115
0.247325102881
0.272427983539
0.285596707819
0.299588477366
0.292592592593
0.258436213992
0.304115226337
0.302880658436
0.318106995885
0.332510288066
0.320576131687
0.293004115226
0.342798353909
0.388477366255
0.368312757202
0.318930041152
0.243209876543
0.316049382716
0.351851851852
0.360905349794
0.387654320988
0.254320987654
0.211111111111
0.190946502058
0.237860082305
0.259259259259
0.254732510288
0.204526748971
0.239506172840
0.296296296296
0.245679012346
0.336213991770
0.359670781893
0.371193415638
0.356790123457
0.339917695473
0.314814814815
0.383950617284
0.293004115226
0.338683127572
0.283127572016
0.340329218107
0.356790123457
0.348971193416
0.348148148148
0.381893004115
0.370370370370
0.384362139918
0.327983539095
0.375308641975
0.375308641975
0.414403292181
0.317695473251
0.354732510288
0.342386831276
0.372016460905
0.393827160494
0.342798353909
0.359259259259
0.372016460905
0.418106995885
0.313168724280
0.386831275720
0.293004115226
0.406584362140
0.345679012346
0.381069958848
0.335802469136
0.411934156379
0.371604938272
0.400411522634
0.287654320988
0.351851851852
0.402057613169
0.395473251029
0.331275720165
0.339917695473
0.358024691358
0.404115226337
0.411111111111
0.301646090535
0.363374485597
0.350617283951
0.362551440329
0.392181069959
0.409053497942
0.358024691358
0.372016460905
0.288477366255
0.407818930041
0.415637860082
0.418106995885
0.379835390947
0.285596707819
0.264197530864
0.341563786008
0.395061728395
0.412345679012
0.400000000000
0.299176954733
0.316872427984
0.262962962963
0.276131687243
0.359670781893
0.358847736626
0.401234567901
0.267489711934
0.377366255144
0.365843621399
0.375720164609
0.353909465021
0.386419753086
0.375308641975
0.360082304527
0.431275720165
0.393415637860
0.358436213992
0.355144032922
0.436213991770
0.305761316872
0.372839506173
0.404938271605
0.412757201646
0.383950617284
0.415226337449
0.349382716049
0.406584362140
0.362551440329
0.424691358025
0.367489711934
0.396707818930
0.398353909465
0.306584362140
0.313580246914
0.325514403292
0.374897119342
0.402469135802
0.439917695473
0.359259259259
0.365843621399
0.351440329218
0.392592592593
0.419341563786
0.346913580247
0.387242798354
0.333333333333
0.354320987654
0.344855967078
0.418106995885
0.355555555556
0.397942386831
0.341975308642
0.433744855967
0.441563786008
0.426337448560
0.425514403292
0.369135802469
0.442386831276
0.337448559671
0.329629629630
0.333744855967
0.361316872428
0.351851851852
0.355967078189
0.390123456790
0.378600823045
0.376543209877
0.351028806584
0.400411522634
0.433744855967
0.430864197531
0.396707818930
0.381893004115
0.409876543210
0.371604938272
0.328806584362
0.421399176955
0.360082304527
0.393415637860
0.316049382716
0.322633744856
0.351028806584
0.401646090535
0.357613168724
0.413168724280
0.423456790123
0.435390946502
0.309876543210
0.312345679012
0.353909465021
0.376543209877
0.385596707819
0.337037037037
0.333333333333
0.334567901235
0.427572016461
0.434156378601
0.446913580247
0.363786008230
0.382304526749
0.397119341564
0.373251028807
0.447736625514
0.311522633745
0.407407407407
0.414403292181
0.448559670782
0.390123456790
0.366666666667
0.364609053498
0.386008230453
0.437037037037
0.372016460905
0.332921810700
0.353497942387
0.368724279835
0.297942386831
0.331687242798
0.353497942387
0.433333333333
0.428806584362
0.449794238683
0.279012345679
0.340329218107
0.276954732510
0.388477366255
0.395061728395
0.381069958848
0.415637860082
0.433333333333
0.426748971193
0.369958847737
0.372016460905
0.397530864198
0.402880658436
0.331687242798
0.357613168724
0.338271604938
0.319341563786
0.331275720165
0.364197530864
0.276543209877
0.283127572016
0.382716049383
0.416872427984
0.422633744856
0.396296296296
0.358847736626
0.367489711934
0.356378600823
0.437037037037
0.397119341564
0.392592592593
0.373662551440
0.367078189300
0.435802469136
0.301234567901
0.427572016461
0.462139917695
0.444444444444
0.415226337449
0.361316872428
0.313580246914
0.432921810700
0.426337448560
0.375720164609
0.383127572016
0.302057613169
0.328806584362
0.367489711934
0.413168724280
0.437037037037
0.456790123457
0.373251028807
0.436213991770
0.281893004115
0.375720164609
0.402469135802
0.409053497942
0.369135802469
0.435802469136
0.394238683128
0.460082304527
0.426748971193
0.409876543210
0.353497942387
0.338683127572
0.345267489712
0.355967078189
0.438271604938
0.459670781893
0.453909465021
0.348559670782
0.342386831276
0.284362139918
0.375720164609
0.361316872428
0.385596707819
0.370370370370
0.411111111111
0.404938271605
0.393827160494
0.365020576132
0.464609053498
0.402880658436
0.421810699588
0.293004115226
0.337860082305
0.407818930041
0.427160493827
0.441975308642
0.409053497942
0.379012345679
0.336213991770
0.430041152263
0.369135802469
0.403703703704
0.402880658436
0.388888888889
0.400000000000
0.345679012346
0.423868312757
0.424279835391
0.460905349794
0.364197530864
0.476543209877
0.380658436214
0.451028806584
0.369958847737
0.453497942387
0.455967078189
0.450205761317
0.336625514403
0.339094650206
0.369135802469
0.436625514403
0.419753086420
0.439506172840
0.358436213992
0.456378600823
0.444032921811
0.445679012346
0.361316872428
0.398765432099
0.392592592593
0.441975308642
0.296707818930
0.338271604938
0.392181069959
0.420164609053
0.445267489712
0.390534979424
0.348971193416
0.311522633745
0.336213991770
0.384773662551
0.435802469136
0.300823045267
0.372839506173
0.386008230453
0.343621399177
0.410699588477
0.413168724280
0.431687242798
0.439094650206
0.402880658436
0.454320987654
0.425925925926
0.386831275720
0.438271604938
0.424279835391
0.407818930041
0.316460905350
0.335390946502
0.322222222222
0.293004115226
0.368724279835
0.396707818930
0.422633744856
0.367489711934
0.399176954733
0.382304526749
0.362962962963
0.447325102881
0.425102880658
0.355555555556
0.390534979424
0.459259259259
0.416049382716
0.390123456790
0.391358024691
0.455144032922
0.442386831276
0.321810699588
0.379012345679
0.456378600823
0.478600823045
0.455144032922
0.439506172840
0.285185185185
0.367078189300
0.429218106996
0.413991769547
0.460493827160
0.349382716049
0.453497942387
0.433744855967
0.400411522634
0.442798353909
0.405761316872
0.382304526749
0.371193415638
0.355967078189
0.451440329218
0.367489711934
0.447325102881
0.434567901235
0.464197530864
0.384362139918
0.439917695473
0.422222222222
0.471604938272
0.403292181070
0.423045267490
0.350617283951
0.393415637860
0.402880658436
0.446502057613
0.464197530864
0.390123456790
0.465843621399
0.380246913580
0.439094650206
0.388888888889
0.427983539095
0.435390946502
0.465020576132
0.436213991770
0.366666666667
0.447325102881
0.436625514403
0.438683127572
0.445267489712
0.493004115226
0.434567901235
0.432510288066
0.225102880658
0.222633744856
0.210288065844
0.339506172840
0.356378600823
0.384362139918
0.291358024691
0.276131687243
0.265432098765
0.296296296296
0.285596707819
0.370781893004
0.437448559671
0.349794238683
0.422222222222
0.395884773663
0.375308641975
0.227572016461
0.362962962963
0.398765432099
0.433333333333
0.431275720165
0.339917695473
0.373662551440
0.340329218107
0.374485596708
0.398353909465
0.413168724280
0.434156378601
0.372427983539
0.391358024691
0.291358024691
0.341152263374
0.479835390947
0.420987654321
0.419753086420
0.390534979424
0.404938271605
0.465432098765
0.375720164609
0.467901234568
0.400823045267
0.479012345679
0.468312757202
0.449794238683
0.364609053498
0.331687242798
0.398353909465
0.446090534979
0.476954732510
0.443621399177
0.442386831276
0.441152263374
0.399588477366
0.457613168724
0.430864197531
0.441975308642
0.504115226337
0.445679012346
0.406172839506
0.383950617284
0.425925925926
0.269958847737
0.333333333333
0.358436213992
0.383539094650
0.367489711934
0.363786008230
0.396707818930
0.376131687243
0.244444444444
0.298353909465
0.318930041152
0.340329218107
0.350205761317
0.452674897119
0.403292181070
0.362139917695
0.347736625514
0.231687242798
0.397530864198
0.422633744856
0.458024691358
0.399588477366
0.458436213992
0.429218106996
0.464197530864
0.425925925926
0.481893004115
0.328806584362
0.449794238683
0.437448559671
0.473251028807
0.366666666667
0.384362139918
0.435802469136
0.416049382716
0.414814814815
0.365432098765
0.429629629630
0.461728395062
0.485185185185
0.368312757202
0.352263374486
0.447736625514
0.444855967078
0.488477366255
0.438683127572
0.461316872428
0.372016460905
0.393004115226
0.458024691358
0.476954732510
0.421399176955
0.372016460905
0.441563786008
0.272016460905
0.323456790123
0.214814814815
0.311522633745
0.338683127572
0.292181069959
0.342798353909
0.327160493827
0.426337448560
0.443209876543
0.405349794239
0.384362139918
0.325514403292
0.406995884774
0.437860082305
0.451851851852
0.333333333333
0.438683127572
0.443621399177
0.447736625514
0.241152263374
0.347325102881
0.395473251029
0.452263374486
0.441975308642
0.397119341564
0.377777777778
0.462962962963
0.447736625514
0.381069958848
0.363786008230
0.319753086420
0.431275720165
0.409465020576
0.455967078189
0.454732510288
0.433333333333
0.379423868313
0.469958847737
0.477777777778
0.423456790123
0.387654320988
0.326748971193
0.410288065844
0.458024691358
0.492592592593
0.416049382716
0.480658436214
0.450617283951
0.458847736626
0.402880658436
0.474074074074
0.382716049383
0.460493827160
0.470370370370
0.477366255144
0.422633744856
0.368724279835
0.355144032922
0.432510288066
0.448148148148
0.472427983539
0.409465020576
0.441975308642
0.430041152263
0.402880658436
0.486419753086
0.409465020576
0.474074074074
0.363786008230
0.353497942387
0.347736625514
0.392592592593
0.357613168724
0.393827160494
0.442798353909
0.490123456790
0.512345679012
0.257201646091
0.372016460905
0.449794238683
0.438271604938
0.425925925926
0.419341563786
0.453909465021
0.401234567901
0.453497942387
0.347325102881
0.474897119342
0.458024691358
0.449382716049
0.258024691358
0.359670781893
0.406172839506
0.450205761317
0.413580246914
0.426748971193
0.468724279835
0.469135802469
0.426337448560
0.364609053498
0.444855967078
0.482716049383
0.476954732510
0.465843621399
0.281893004115
0.395061728395
0.470781893004
0.468724279835
0.408641975309
0.421399176955
0.493004115226
0.456378600823
0.465432098765
0.335390946502
0.424279835391
0.432098765432
0.460082304527
0.299588477366
0.316049382716
0.379012345679
0.445267489712
0.430864197531
0.448559670782
0.358436213992
0.433333333333
0.416049382716
0.291769547325
0.486419753086
0.471193415638
0.473251028807
0.376131687243
0.350205761317
0.351028806584
0.420164609053
0.471604938272
0.502057613169
0.472839506173
0.451440329218
0.279835390947
0.396296296296
0.424279835391
0.486008230453
0.474074074074
0.382304526749
0.451440329218
0.439506172840
0.513168724280
0.416460905350
0.437860082305
0.433744855967
0.469958847737
0.497942386831
0.440329218107
0.441152263374
0.353909465021
0.413991769547
0.382716049383
0.331687242798
0.376543209877
0.406995884774
0.286831275720
0.358847736626
0.418930041152
0.461316872428
0.445679012346
0.365843621399
0.376954732510
0.444444444444
0.477366255144
0.451851851852
0.472016460905
0.341563786008
0.384362139918
0.348148148148
0.397119341564
0.461316872428
0.446502057613
0.393004115226
0.429629629630
0.484362139918
0.397530864198
0.400823045267
0.302880658436
0.415637860082
0.397530864198
0.508230452675
0.491769547325
0.486419753086
0.394650205761
0.428806584362
0.446502057613
0.519341563786
0.497942386831
0.427160493827
0.418106995885
0.307407407407
0.446090534979
0.395061728395
0.381893004115
0.419341563786
0.460493827160
0.505349794239
0.393004115226
0.511522633745
0.492592592593
0.460905349794
0.426337448560
0.372016460905
0.478189300412
0.418518518519
0.454320987654
0.434567901235
0.449794238683
0.430041152263
0.471193415638
0.454320987654
0.485185185185
0.394238683128
0.392592592593
0.270781893004
0.376954732510
0.392181069959
0.457613168724
0.416049382716
0.367078189300
0.327572016461
0.338271604938
0.341975308642
0.465020576132
0.461316872428
0.423456790123
0.460082304527
0.502469135802
0.461728395062
0.479012345679
0.300411522634
0.372427983539
0.411522633745
0.440740740741
0.479835390947
0.500823045267
0.504938271605
0.398353909465
0.413168724280
0.490534979424
0.488477366255
0.426337448560
0.481481481481
0.365843621399
0.509465020576
0.497942386831
0.455144032922
0.356790123457
0.441563786008
0.445267489712
0.446502057613
0.367489711934
0.367901234568
0.372016460905
0.481481481481
0.454320987654
0.498765432099
0.400411522634
0.497530864198
0.474897119342
0.448971193416
0.443621399177
0.462139917695
0.520576131687
0.468724279835
0.481893004115
0.337860082305
0.447736625514
0.497942386831
0.465432098765
0.484773662551
0.472839506173
0.509053497942
0.462139917695
0.502469135802
0.424279835391
0.465432098765
0.483539094650
0.435390946502
0.429629629630
