0.119377889870
0.116855821774
0.117276166456
0.115594787726
0.113913408995
0.114333753678
0.113493064313
0.112652374947
0.112652374947
0.112652374947
0.112652374947
0.112652374947
0.112652374947
0.112652374947
0.112652374947
0.112652374947
0.112652374947
0.112652374947
0.112652374947
0.112652374947
0.112652374947
0.112652374947
0.112652374947
0.113072719630
0.112652374947
0.114333753678
0.113493064313
0.114333753678
0.115594787726
0.116015132409
0.116435477091
0.115594787726
0.113913408995
0.113913408995
0.115594787726
0.115594787726
0.120218579235
0.122320302648
0.121899957966
0.124001681379
0.120218579235
0.123160992013
0.124842370744
0.129886506936
0.131567885666
0.136191677175
0.134510298445
0.136191677175
0.134930643127
0.136612021858
0.137873055906
0.136191677175
0.136612021858
0.135771332493
0.134510298445
0.133249264397
0.130727196301
0.128625472888
0.130727196301
0.130727196301
0.132408575032
0.132408575032
0.132828919714
0.133249264397
0.133669609079
0.134510298445
0.136191677175
0.137873055906
0.137873055906
0.139554434636
0.141235813367
0.145018915511
0.150903741068
0.151324085750
0.152585119798
0.153005464481
0.155527532577
0.156368221942
0.158469945355
0.160571668768
0.164775115595
0.168558217739
0.167717528373
0.168978562421
0.172761664565
0.175283732661
0.176965111391
0.181168558218
0.184951660361
0.185372005044
0.185372005044
0.187894073140
0.190416141236
0.189995796553
0.192517864649
0.195039932745
0.197562000841
0.195460277427
0.195880622110
0.194619588062
0.195460277427
0.196721311475
0.196300966793
0.197562000841
0.197982345523
0.198823034889
0.198823034889
0.200924758302
0.201765447667
0.201765447667
0.203867171080
0.204287515763
0.204287515763
0.205128205128
0.206389239176
0.207229928541
0.208070617907
0.207650273224
0.208911307272
0.212694409416
0.213955443464
0.214375788146
0.216057166877
0.216057166877
0.215216477512
0.217738545607
0.216897856242
0.216477511559
0.216477511559
0.215216477512
0.215636822194
0.215636822194
0.217318200925
0.216477511559
0.216897856242
0.217318200925
0.221941992434
0.224884405212
0.224043715847
0.226565783943
0.229928541404
0.229928541404
0.231189575452
0.231189575452
0.232870954182
0.233291298865
0.236233711644
0.241277847835
0.244640605296
0.245481294662
0.246742328710
0.248423707440
0.249264396805
0.250525430853
0.250525430853
0.252206809584
0.249264396805
0.258091635141
0.248423707440
0.248003362757
0.170659941152
0.159310634720
0.234131988230
0.232030264817
0.239176124422
0.237494745691
0.239176124422
0.241698192518
0.245481294662
0.247583018075
0.251786464901
0.254728877680
0.258932324506
0.259773013871
0.261454392602
0.266498528794
0.268179907524
0.270281630937
0.273224043716
0.277847835225
0.280790248003
0.282471626734
0.282471626734
0.280369903321
0.283732660782
0.278268179908
0.274485077764
0.273644388398
0.275325767129
0.275746111812
0.276586801177
0.276586801177
0.276166456494
0.277427490542
0.281630937369
0.284153005464
0.288356452291
0.287095418243
0.288356452291
0.288776796974
0.290037831021
0.290458175704
0.292139554435
0.292139554435
0.293400588483
0.297183690626
0.293820933165
0.279108869273
0.240016813787
0.201765447667
0.257671290458
0.279949558638
0.270281630937
0.277427490542
0.276166456494
0.281210592686
0.285414039512
0.284993694830
0.287515762926
0.287515762926
0.287936107608
0.289617486339
0.295922656578
0.302227826818
0.304749894914
0.308112652375
0.310214375788
0.314417822615
0.312316099201
0.312736443884
0.312316099201
0.313577133249
0.313156788567
0.314417822615
0.314838167297
0.313577133249
0.311895754519
0.312316099201
0.313156788567
0.314417822615
0.313997477932
0.314417822615
0.315258511980
0.318200924758
0.316939890710
0.319041614124
0.318200924758
0.311475409836
0.310634720471
0.265657839428
0.235813366961
0.255149222362
0.287936107608
0.292139554435
0.302227826818
0.303909205549
0.303488860866
0.305590584279
0.306010928962
0.309373686423
0.315258511980
0.313156788567
0.316519546028
0.318621269441
0.321984026902
0.325767129046
0.329550231190
0.330811265237
0.334174022699
0.336696090794
0.334174022699
0.333333333333
0.332492643968
0.331231609920
0.331651954603
0.332072299285
0.332912988651
0.332912988651
0.335855401429
0.337116435477
0.337116435477
0.337957124842
0.339638503573
0.337957124842
0.338797814208
0.333333333333
0.343001261034
0.322824716267
0.309794031106
0.251786464901
0.265657839428
0.296763345944
0.313997477932
0.313997477932
0.319041614124
0.322824716267
0.328709541824
0.330811265237
0.328709541824
0.329129886507
0.329970575872
0.330390920555
0.332912988651
0.337116435477
0.338377469525
0.342580916351
0.343001261034
0.345102984447
0.346784363178
0.348465741908
0.349306431274
0.350147120639
0.350987810004
0.351828499369
0.352248844052
0.353089533417
0.354770912148
0.354770912148
0.357292980244
0.356872635561
0.357713324926
0.358974358974
0.358133669609
0.357292980244
0.359815048340
0.361916771753
0.365279529214
0.364859184531
0.367801597310
0.369482976040
0.369903320723
0.371164354771
0.373686422867
0.370744010088
0.370323665406
0.373266078184
0.371584699454
0.359394703657
0.351408154687
0.324926439681
0.323245060950
0.354770912148
0.362337116435
0.379991593106
0.374947456915
0.379150903741
0.374947456915
0.373266078184
0.375788146280
0.378310214376
0.379991593106
0.379571248424
0.381672971837
0.385456073981
0.386296763346
0.388398486759
0.392181588903
0.390920554855
0.390079865490
0.385876418663
0.384195039933
0.364438839849
0.362757461118
0.316519546028
0.364018495166
0.392601933586
0.390920554855
0.387978142077
0.384615384615
0.386717108029
0.385876418663
0.386717108029
0.387978142077
0.387557797394
0.392181588903
0.390079865490
0.395964691047
0.394283312316
0.395964691047
0.399327448508
0.382093316520
0.388818831442
0.358133669609
0.371164354771
0.369062631358
0.393022278268
0.405212274065
0.403530895334
0.408154686843
0.401429171921
0.405632618747
0.403110550652
0.404371584699
0.408995376208
0.407313997478
0.403951240017
0.401008827238
0.379571248424
0.372005044136
0.379150903741
0.390500210172
0.408154686843
0.408995376208
0.414459857083
0.409415720891
0.409415720891
0.406473308113
0.410256410256
0.406893652795
0.411097099622
0.412358133670
0.416561580496
0.414039512400
0.419083648592
0.406473308113
0.425388818831
0.385456073981
0.408575031526
0.361496427070
0.398486759142
0.402690205969
0.409415720891
0.418242959227
0.407734342161
0.421185372005
0.407313997478
0.419083648592
0.405632618747
0.418663303909
0.401429171921
0.414880201765
0.382934005885
0.403951240017
0.392601933586
0.412778478352
0.420765027322
0.419503993274
0.426229508197
0.416981925179
0.430853299706
0.416981925179
0.428751576293
0.417822614544
0.427070197562
0.415720891131
0.421605716688
0.403110550652
0.402269861286
0.390920554855
0.392601933586
0.413198823035
0.415300546448
0.432955023119
0.428751576293
0.435477091215
0.429171920975
0.431693989071
0.422446406053
0.436738125263
0.404371584699
0.418242959227
0.372845733501
0.414459857083
0.421605716688
0.430853299706
0.433795712484
0.425809163514
0.431693989071
0.424548129466
0.426229508197
0.426649852879
0.431273644388
0.428331231610
0.438419503993
0.426649852879
0.440941572089
0.419083648592
0.444724674233
0.404791929382
0.444304329550
0.410676754939
0.449768810425
0.427910886927
0.444304329550
0.433375367802
0.438839848676
0.424548129466
0.433375367802
0.421185372005
0.431273644388
0.428751576293
0.441782261454
0.432955023119
0.445565363598
0.432114333754
0.447246742329
0.429592265658
0.437578814628
0.417822614544
0.430853299706
0.420765027322
0.424548129466
0.435056746532
0.433375367802
0.445565363598
0.439680538041
0.452290878520
0.444724674233
0.452290878520
0.445565363598
0.450609499790
0.438419503993
0.448928121059
0.429592265658
0.439680538041
0.422446406053
0.439260193359
0.420765027322
0.443463640185
0.427070197562
0.434636401850
0.431273644388
0.456073980664
0.438419503993
0.453972257251
0.441361916772
0.455233291299
0.440100882724
0.459436738125
0.435056746532
0.453972257251
0.421605716688
0.440941572089
0.432955023119
0.447667087011
0.443463640185
0.437158469945
0.444304329550
0.436317780580
0.450189155107
0.439260193359
0.456073980664
0.448928121059
0.462799495586
0.455233291299
0.460277427491
0.461538461538
0.452711223203
0.455233291299
0.420344682640
0.434636401850
0.433795712484
0.459016393443
0.456494325347
0.462799495586
0.456073980664
0.460277427491
0.456914670029
0.458596048760
0.450189155107
0.458175704077
0.433375367802
0.447246742329
0.427910886927
0.460697772173
0.452290878520
0.457755359395
0.459857082808
0.459436738125
0.461958806221
0.461958806221
0.461958806221
0.457335014712
0.467423287095
0.450609499790
0.467002942413
0.431273644388
0.472887767970
0.424548129466
0.473728457335
0.442622950820
0.472047078604
0.459436738125
0.471626733922
0.464901219000
0.465741908365
0.467843631778
0.461958806221
0.467843631778
0.459857082808
0.463219840269
0.454812946616
0.475409836066
0.464060529634
0.475830180748
0.469104665826
0.475409836066
0.456073980664
0.467423287095
0.429171920975
0.448928121059
0.434636401850
0.472467423287
0.467843631778
0.477931904161
0.471206389239
0.480453972257
0.472887767970
0.484657419084
0.462799495586
0.482135350988
0.430853299706
0.469525010509
0.414459857083
0.481715006305
0.464901219000
0.467843631778
0.473308112652
0.467423287095
0.468263976461
0.465321563682
0.462379150904
0.460277427491
0.463219840269
0.465741908365
0.471626733922
0.468263976461
0.472887767970
0.474989491383
0.474148802018
0.480874316940
0.478352248844
0.484657419084
0.481294661623
0.488440521227
0.477511559479
0.488860865910
0.477511559479
0.484237074401
0.479613282892
0.472047078604
0.472467423287
0.451450189155
0.476670870113
0.472047078604
0.495166036150
0.469525010509
0.494745691467
0.464480874317
0.481715006305
0.452290878520
0.461538461538
0.454812946616
0.475830180748
0.486338797814
0.489281210593
0.496006725515
0.483816729718
0.499369482976
0.482135350988
0.498949138293
0.469945355191
0.488860865910
0.459436738125
0.489701555275
0.470365699874
0.492643968054
0.484657419084
0.486759142497
0.467843631778
0.469525010509
0.465321563682
0.482555695670
0.488860865910
0.493905002102
0.496847414880
0.488860865910
0.502732240437
0.483396385036
0.510718789407
0.469525010509
0.510718789407
0.442202606137
0.488860865910
0.447246742329
0.489701555275
0.482135350988
0.500210172341
0.494325346784
0.506935687264
0.484657419084
0.497688104245
0.474569146700
0.477931904161
0.465321563682
0.480874316940
0.488020176545
0.501050861707
0.501891551072
0.508617065994
0.501891551072
0.500210172341
0.499789827659
0.493484657419
0.485077763766
0.467002942413
0.480874316940
0.500630517024
0.505254308533
0.501050861707
0.503572929802
0.498949138293
0.502311895755
0.496427070198
0.493064312736
0.486338797814
0.482555695670
0.494325346784
0.500210172341
0.502311895755
0.511559478773
0.511559478773
0.512400168138
0.515342580916
0.501050861707
0.510718789407
0.465741908365
0.484237074401
0.435897435897
0.481715006305
0.493905002102
0.493484657419
0.484237074401
0.509878100042
0.482976040353
0.519966372425
0.488860865910
0.525010508617
0.490121899958
0.525430853300
0.487599831862
0.522908785204
0.485077763766
0.524169819252
0.494325346784
0.500210172341
0.486759142497
0.473728457335
0.503993274485
0.488020176545
0.518284993695
0.505674653216
0.527952921396
0.505254308533
0.525430853300
0.494325346784
0.513240857503
0.474148802018
0.500210172341
0.492223623371
0.508196721311
0.519125683060
0.503572929802
0.504833963850
0.475830180748
0.485077763766
0.482976040353
0.506935687264
0.499369482976
0.516183270282
0.521227406473
0.514501891551
0.527112232030
0.502732240437
0.519546027743
0.465321563682
0.501050861707
0.488020176545
0.523329129887
0.514501891551
0.525430853300
0.523329129887
0.527952921396
0.525010508617
0.520386717108
0.526691887348
0.517444304330
0.514501891551
0.485498108449
0.517023959647
0.495586380832
0.527532576713
0.493064312736
0.532576712905
0.498528793611
0.540563261875
0.512820512821
0.538461538462
0.513661202186
0.538041193779
0.494325346784
0.528793610761
0.476250525431
0.523749474569
0.507776376629
0.512820512821
0.530895334174
0.507776376629
0.529213955443
0.514922236234
0.527112232030
0.525010508617
0.523329129887
0.515762925599
0.491382934006
0.517444304330
0.475409836066
0.531736023539
0.487599831862
0.526271542665
0.497688104245
0.516183270282
0.522068095839
0.515762925599
0.535519125683
0.514501891551
0.535098781000
0.504833963850
0.511139134090
0.494745691467
0.527952921396
0.514501891551
0.544346364018
0.521647751156
0.543505674653
0.525851197982
0.542244640605
0.514501891551
0.537620849096
0.493484657419
0.535519125683
0.503572929802
0.543085329971
0.532156368222
0.532997057587
0.529634300126
0.514501891551
0.518705338377
0.499789827659
0.527952921396
0.524590163934
0.536359815048
0.542664985288
0.531315678857
0.553173602354
0.526271542665
0.540563261875
0.476670870113
0.509457755359
0.505254308533
0.545607398066
0.540563261875
0.534678436318
0.545187053384
0.537620849096
0.543505674653
0.523749474569
0.535098781000
0.508196721311
0.513661202186
0.518705338377
0.524590163934
0.535939470366
0.515342580916
0.538881883144
0.536780159731
0.540563261875
0.540563261875
0.539302227827
0.545607398066
0.545607398066
0.538461538462
0.535098781000
0.517444304330
0.533837746953
0.501050861707
0.553593947037
0.482555695670
0.541824295923
0.532156368222
0.552332912989
0.542664985288
0.543926019336
0.543926019336
0.538461538462
0.543085329971
0.538881883144
0.546027742749
0.547288776797
0.553593947037
0.545607398066
0.546868432114
0.534258091635
0.525010508617
0.521227406473
0.531315678857
0.554434636402
0.559478772594
0.555275325767
0.552332912989
0.557797393863
0.537200504414
0.518284993695
0.474569146700
0.505254308533
0.532576712905
0.470786044557
0.555275325767
0.533837746953
0.556536359815
0.544766708701
0.557377049180
0.548970155528
0.561160151324
0.550651534258
0.555695670450
0.535098781000
0.537620849096
0.530895334174
0.540142917192
0.546027742749
0.559058427911
0.567465321564
0.553173602354
0.571248423707
0.544346364018
0.564943253468
0.509457755359
0.549390500210
0.482135350988
0.559899117276
0.548549810845
0.566624632198
0.563261874737
0.558638083228
0.560319461959
0.554854981084
0.548129466162
0.517023959647
0.513661202186
0.525851197982
0.561160151324
0.561160151324
0.557377049180
0.567044976881
0.554854981084
0.568306010929
0.552753257671
0.553173602354
0.529213955443
0.513661202186
0.542664985288
0.529634300126
0.569146700294
0.556116015132
0.578394283312
0.562841530055
0.575031525851
0.560319461959
0.566624632198
0.551912568306
0.534258091635
0.537200504414
0.530054644809
0.541824295923
0.557377049180
0.545607398066
0.561160151324
0.572089113073
0.566204287516
0.583018074821
0.550231189575
0.581757040773
0.527112232030
0.569987389660
0.519966372425
0.583018074821
0.540142917192
0.572509457755
0.564102564103
0.550651534258
0.567465321564
0.549810844893
0.552332912989
0.555275325767
0.540563261875
0.569987389660
0.550651534258
0.586380832282
0.561160151324
0.591004623792
0.562841530055
0.585960487600
0.548549810845
0.570407734342
0.535098781000
0.571248423707
0.570828079025
0.581336696091
0.582597730139
0.579655317360
0.588062211013
0.569567044977
0.570828079025
0.538881883144
0.552332912989
0.551492223623
0.579234972678
0.545607398066
0.583018074821
0.570828079025
0.568306010929
0.589323245061
0.551071878941
0.571668768390
0.545187053384
0.577973938630
0.586801176965
0.577553593947
0.577973938630
0.549390500210
0.573770491803
0.542664985288
0.592265657839
0.555275325767
0.586380832282
0.551492223623
0.573770491803
0.534678436318
0.563682219420
0.556956704498
0.591845313157
0.590584279109
0.595628415301
0.591845313157
0.580075662043
0.573350147121
0.529634300126
0.537620849096
0.549390500210
0.576712904582
0.570828079025
0.579234972678
0.558638083228
0.585119798235
0.569567044977
0.598150483396
0.582597730139
0.602774274905
0.580496006726
0.600252206810
0.559058427911
0.576712904582
0.531736023539
0.551912568306
0.570828079025
0.552753257671
0.597309794031
0.551071878941
0.602774274905
0.557797393863
0.609920134510
0.575872215216
0.608238755780
0.582597730139
0.610340479193
0.571668768390
0.597730138714
0.554854981084
0.580916351408
0.554854981084
0.577553593947
0.580916351408
0.596889449348
0.586380832282
0.596048759983
0.589743589744
0.595628415301
0.571668768390
0.579234972678
0.552332912989
0.575031525851
0.582177385456
0.592265657839
0.594367381253
0.593106347205
0.600252206810
0.588482555696
0.598570828079
0.575031525851
0.578394283312
0.564943253468
0.589323245061
0.585960487600
0.605296343001
0.559899117276
0.594367381253
0.525851197982
0.606557377049
0.553593947037
0.624211853720
0.593106347205
0.610760823876
0.603194619588
0.611181168558
0.604035308953
0.606977721732
0.589323245061
0.558217738546
0.549810844893
0.525851197982
0.609499789828
0.619588062211
0.606557377049
0.616645649433
0.601933585540
0.619167717528
0.598150483396
0.601092896175
0.566624632198
0.561580496007
0.568726355612
0.572509457755
0.583018074821
0.602353930223
0.590163934426
0.612021857923
0.595628415301
0.614964270702
0.593947036570
0.596889449348
0.584279108869
0.563682219420
0.554854981084
0.576712904582
0.597309794031
0.601933585540
0.604035308953
0.597309794031
0.609079445145
0.590163934426
0.616225304750
0.583438419504
0.604875998319
0.560319461959
0.596889449348
0.577553593947
0.609499789828
0.601513240858
0.624632198403
0.604035308953
0.625052543085
0.592265657839
0.610340479193
0.542244640605
0.585960487600
0.558217738546
0.612021857923
0.617065994115
0.628835645229
0.628835645229
0.626313577133
0.627994955864
0.624211853720
0.626733921816
0.601092896175
0.608659100462
0.560319461959
0.601513240858
0.620428751576
0.614123581337
0.620428751576
0.622950819672
0.624632198403
0.631357713325
0.618747372846
0.635981504834
0.608659100462
0.630937368642
0.593106347205
0.604875998319
0.574611181169
0.531736023539
0.564522908785
0.566624632198
0.581757040773
0.605716687684
0.624632198403
0.617065994115
0.627154266499
0.627994955864
0.632198402690
0.625893232451
0.641025641026
0.598570828079
0.605296343001
0.500630517024
0.570828079025
0.576712904582
0.579655317360
0.609079445145
0.624632198403
0.630096679277
0.625472887768
0.628835645229
0.627154266499
0.631357713325
0.625052543085
0.620428751576
0.594367381253
0.598991172762
0.575872215216
0.613282891971
0.588062211013
0.628415300546
0.588902900378
0.619167717528
0.595628415301
0.635981504834
0.624211853720
0.645229087852
0.632198402690
0.647751155948
0.616645649433
0.612021857923
0.587641866330
0.591424968474
0.612862547289
0.644388398487
0.619588062211
0.633459436738
0.602353930223
0.616645649433
0.604035308953
0.641025641026
0.620008406894
0.643547709121
0.612442202606
0.631778058008
0.583438419504
0.620008406894
0.606557377049
0.643127364439
0.626733921816
0.640605296343
0.638923917612
0.616645649433
0.634300126103
0.590163934426
0.637662883565
0.618747372846
0.648171500631
0.625893232451
0.638923917612
0.616645649433
0.606977721732
0.609499789828
0.614964270702
0.644808743169
0.641866330391
0.650693568726
0.628835645229
0.639764606978
0.598570828079
0.624632198403
0.604035308953
0.637662883565
0.633039092055
0.659520807062
0.629255989912
0.652795292140
0.608238755780
0.645229087852
0.597730138714
0.659941151744
0.620008406894
0.658259773014
0.606557377049
0.631357713325
0.616225304750
0.611601513241
0.662463219840
0.639344262295
0.665405632619
0.634300126103
0.657419083649
0.604875998319
0.623791509037
0.595208070618
0.633879781421
0.638503572930
0.657419083649
0.643547709121
0.653635981505
0.617906683480
0.624632198403
0.585960487600
0.622110130307
0.603194619588
0.654476670870
0.651113913409
0.652795292140
0.655737704918
0.657419083649
0.646069777217
0.653635981505
0.632618747373
0.643968053804
0.614543926019
0.622950819672
0.626313577133
0.611181168558
0.636822194199
0.630937368642
0.652795292140
0.626313577133
0.668348045397
0.622530474989
0.671290458176
0.640184951660
0.672131147541
0.642286675074
0.659941151744
0.625893232451
0.610340479193
0.591424968474
0.625472887768
0.656578394283
0.664144598571
0.656998738966
0.672551492224
0.664144598571
0.672551492224
0.648591845313
0.659520807062
0.631357713325
0.627994955864
0.647330811265
0.609920134510
0.661622530475
0.581757040773
0.676754939050
0.662463219840
0.682219419924
0.675914249685
0.685161832703
0.672971836906
0.674232870954
0.654476670870
0.629255989912
0.611601513241
0.552753257671
0.613282891971
0.595208070618
0.636401849517
0.661202185792
0.677175283733
0.667927700715
0.676754939050
0.678436317781
0.689785624212
0.667507356032
0.687683900799
0.604035308953
0.635140815469
0.552753257671
0.610760823876
0.601933585540
0.636401849517
0.670449768810
0.668348045397
0.678436317781
0.667087011349
0.673812526272
0.649852879361
0.638083228247
0.604035308953
0.613703236654
0.637662883565
0.665825977301
0.679697351828
0.658680117697
0.668348045397
0.638503572930
0.652374947457
0.617486338798
0.650693568726
0.659941151744
0.684321143338
0.690205968894
0.673392181589
0.693568726356
0.601933585540
0.604035308953
0.510718789407
0.668348045397
0.686843211433
0.672551492224
0.683480453972
0.677595628415
0.690626313577
0.673812526272
0.694409415721
0.656158049601
0.642707019756
0.555275325767
0.603614964271
0.671290458176
0.661202185792
0.696511139134
0.667927700715
0.698612862547
0.655317360235
0.691467002942
0.617065994115
0.663724253888
0.616225304750
0.669609079445
0.684741488020
0.670870113493
0.701975620008
0.674232870954
0.698612862547
0.673812526272
0.685582177385
0.656578394283
0.638923917612
0.656578394283
0.615804960067
0.696931483817
0.648591845313
0.696511139134
0.657839428331
0.685161832703
0.639764606978
0.661202185792
0.633879781421
0.664564943253
0.680117696511
0.698612862547
0.703236654056
0.673812526272
0.669609079445
0.610760823876
0.639764606978
0.659100462379
0.693989071038
0.697772173182
0.686422866751
0.698192517865
0.663724253888
0.679697351828
0.635981504834
0.659520807062
0.638083228247
0.672971836906
0.678436317781
0.683060109290
0.694829760404
0.682219419924
0.698612862547
0.680958385876
0.683480453972
0.659100462379
0.650693568726
0.644388398487
0.670029424128
0.688944934847
0.715426649853
0.711643547709
0.713745271122
0.704077343422
0.706179066835
0.668348045397
0.650273224044
0.602353930223
0.639344262295
0.628415300546
0.714585960488
0.670449768810
0.724253888188
0.673812526272
0.709121479613
0.643968053804
0.682219419924
0.632198402690
0.668348045397
0.696931483817
0.691046658260
0.724674232871
0.645649432535
0.707860445565
0.586380832282
0.693568726356
0.679697351828
0.713324926440
0.715006305170
0.709121479613
0.714585960488
0.688524590164
0.681378730559
0.640184951660
0.657419083649
0.670029424128
0.688944934847
0.714165615805
0.712904581757
0.698192517865
0.710382513661
0.684741488020
0.697351828499
0.667507356032
0.704497688104
0.696090794451
0.715006305170
0.705758722152
0.652795292140
0.651113913409
0.612442202606
0.699033207230
0.717108028583
0.710802858344
0.720050441362
0.685161832703
0.685161832703
0.641025641026
0.661622530475
0.665405632619
0.704918032787
0.701134930643
0.712063892392
0.698192517865
0.707019756200
0.662042875158
0.691467002942
0.670449768810
0.704918032787
0.707440100883
0.709962168979
0.704918032787
0.668768390080
0.681799075242
0.598991172762
0.698612862547
0.669609079445
0.720470786045
0.733081126524
0.728036990332
0.737704918033
0.717528373266
0.744010088272
0.664985287936
0.692728036990
0.519125683060
0.657419083649
0.665825977301
0.705758722152
0.715846994536
0.736443883985
0.731820092476
0.743169398907
0.732240437158
0.744430432955
0.728457335015
0.737704918033
0.691887347625
0.657839428331
0.665405632619
0.589323245061
0.676754939050
0.706599411517
0.722152164775
0.744850777638
0.726355611602
0.741488020177
0.723413198823
0.730979403111
0.672551492224
0.664564943253
0.595208070618
0.674232870954
0.720891130727
0.712484237074
0.711643547709
0.704077343422
0.693148381673
0.714585960488
0.707860445565
0.722572509458
0.724253888188
0.713324926440
0.698192517865
0.640184951660
0.668768390080
0.688944934847
0.751155947877
0.741067675494
0.751576292560
0.729298024380
0.726355611602
0.688104245481
0.669188734763
0.653215636822
0.674232870954
0.730559058428
0.715846994536
0.757881462799
0.723833543506
0.759983186213
0.709541824296
0.741488020177
0.682219419924
0.698612862547
0.693148381673
0.707019756200
0.732660781841
0.708701134931
0.721731820092
0.688524590164
0.721311475410
0.742749054224
0.728457335015
0.745271122320
0.707860445565
0.695670449769
0.672131147541
0.684741488020
0.735603194620
0.741908364859
0.757461118117
0.716267339218
0.739386296763
0.671710802858
0.708701134931
0.686843211433
0.732240437158
0.762084909626
0.749474569147
0.763766288356
0.733921815889
0.745271122320
0.697772173182
0.701975620008
0.698612862547
0.702395964691
0.707019756200
0.709962168979
0.693989071038
0.721311475410
0.741488020177
0.740647330811
0.754518705338
0.719630096679
0.716267339218
0.640605296343
0.694409415721
0.660781841110
0.763766288356
0.745691467003
0.773013871375
0.756620428752
0.782681799075
0.746111811686
0.774274905422
0.662883564523
0.656998738966
0.687683900799
0.652795292140
0.716267339218
0.764606977722
0.756620428752
0.772593526692
0.764186633039
0.778478352249
0.765447667087
0.788566624632
0.751155947877
0.759562841530
0.636401849517
0.676334594367
0.542244640605
0.562421185372
0.640605296343
0.725935266919
0.754518705338
0.749474569147
0.749474569147
0.754939050021
0.760823875578
0.764186633039
0.765868011770
0.767969735183
0.769651113913
0.772593526692
0.773013871375
0.779739386297
0.772173182009
0.718369062631
0.652374947457
0.527952921396
0.646490121900
0.612862547289
0.711223203026
0.752416981925
0.750315258512
0.748213535099
0.751576292560
0.755359394704
0.762084909626
0.765868011770
0.773013871375
0.773434216057
0.775956284153
0.765027322404
0.773013871375
0.676334594367
0.507356031946
0.532576712905
0.469525010509
0.557377049180
0.688944934847
0.725514922236
0.707860445565
0.695670449769
0.700294241278
0.705758722152
0.711643547709
0.717948717949
0.720470786045
0.729298024380
0.734342160572
0.741067675494
0.743589743590
0.742328709542
0.755779739386
0.741488020177
0.760823875578
0.665405632619
0.554014291719
0.529634300126
0.551492223623
0.595208070618
0.646490121900
0.675493905002
0.684741488020
0.681799075242
0.683480453972
0.688524590164
0.692307692308
0.698612862547
0.706599411517
0.712484237074
0.718789407314
0.725094577554
0.727616645649
0.733921815889
0.740226986129
0.742328709542
0.727616645649
0.664985287936
0.469525010509
0.522908785204
0.558217738546
0.602353930223
0.647330811265
0.635981504834
0.644808743169
0.659100462379
0.667087011349
0.674232870954
0.679277007146
0.683060109290
0.685161832703
0.688104245481
0.695670449769
0.701134930643
0.706599411517
0.712484237074
0.718369062631
0.726775956284
0.726775956284
0.741067675494
0.723833543506
0.749474569147
0.684321143338
0.722152164775
0.535098781000
0.613282891971
0.590163934426
0.617065994115
0.717108028583
0.737284573350
0.746952501051
0.744010088272
0.745691467003
0.744430432955
0.744430432955
0.749474569147
0.751996637243
0.755359394704
0.764186633039
0.761664564943
0.772593526692
0.770912147961
0.766708701135
0.718369062631
0.630096679277
0.583438419504
0.585540142917
0.657419083649
0.718369062631
0.747372845734
0.745691467003
0.748633879781
0.751155947877
0.752416981925
0.755359394704
0.758301807482
0.763766288356
0.767969735183
0.771752837327
0.774274905422
0.776376628836
0.779319041614
0.784783522488
0.784363177806
0.771752837327
0.740647330811
0.593947036570
0.610340479193
0.531315678857
0.588062211013
0.716687683901
0.731399747793
0.715846994536
0.717108028583
0.734762505254
0.736864228668
0.742328709542
0.750735603195
0.752837326608
0.758301807482
0.758722152165
0.765027322404
0.772173182009
0.775115594788
0.775956284153
0.781420765027
0.780159730979
0.779319041614
0.781000420345
0.730979403111
0.638503572930
0.575031525851
0.554434636402
0.648591845313
0.731820092476
0.740647330811
0.749474569147
0.754098360656
0.752837326608
0.761244220261
0.769230769231
0.766288356452
0.766288356452
0.767549390500
0.775115594788
0.774274905422
0.780580075662
0.785203867171
0.788146279950
0.791509037411
0.793610760824
0.798654897016
0.804119377890
0.796973518285
0.777637662884
0.702395964691
0.485918453132
0.508196721311
0.556536359815
0.680958385876
0.688524590164
0.674232870954
0.668348045397
0.681799075242
0.696931483817
0.704918032787
0.707440100883
0.718369062631
0.723833543506
0.729718369063
0.733501471206
0.739806641446
0.745691467003
0.752416981925
0.740647330811
0.755359394704
0.683480453972
0.536359815048
0.557377049180
0.575872215216
0.665405632619
0.707860445565
0.716687683901
0.702395964691
0.712063892392
0.717528373266
0.716687683901
0.727616645649
0.733921815889
0.741908364859
0.742328709542
0.741488020177
0.747372845734
0.752416981925
0.753678015973
0.757881462799
0.758722152165
0.768810424548
0.763345943674
0.766708701135
0.720470786045
0.685582177385
0.582597730139
0.499789827659
0.617906683480
0.684321143338
0.736443883985
0.710382513661
0.729718369063
0.741067675494
0.748633879781
0.750315258512
0.749054224464
0.752837326608
0.759983186213
0.764186633039
0.770071458596
0.775535939470
0.777217318201
0.780580075662
0.784363177806
0.789407313997
0.788566624632
0.801176965111
0.792349726776
0.795292139554
0.742749054224
0.668348045397
0.433795712484
0.462379150904
0.440521227406
0.415720891131
0.501471206389
0.518705338377
0.527532576713
0.535519125683
0.543926019336
0.559899117276
0.576292559899
0.582177385456
0.596469104666
0.597730138714
0.607818411097
0.616225304750
0.626313577133
0.638923917612
0.648591845313
0.665405632619
0.669188734763
0.677175283733
0.674653215637
0.692728036990
0.679697351828
0.702395964691
0.659941151744
0.679697351828
0.641025641026
0.696931483817
0.696511139134
0.725514922236
0.723833543506
0.741908364859
0.726355611602
0.744010088272
0.718369062631
0.732240437158
0.666246321984
0.685161832703
