0.052576782926
0.051535658511
0.052056220718
0.052576782926
0.053097345133
0.054138469547
0.054138469547
0.054659031754
0.054659031754
0.054659031754
0.054659031754
0.054659031754
0.054659031754
0.054659031754
0.054659031754
0.054659031754
0.054659031754
0.054659031754
0.054659031754
0.054659031754
0.055179593961
0.055179593961
0.055179593961
0.056741280583
0.057261842790
0.058823529412
0.059864653826
0.061426340448
0.062467464862
0.067152524727
0.073919833420
0.077563768870
0.082248828735
0.085892764185
0.088495575221
0.098386257158
0.100468505986
0.108797501301
0.109318063509
0.117126496616
0.120770432067
0.122852680895
0.129099427382
0.129619989589
0.132222800625
0.134305049453
0.133263925039
0.135866736075
0.138990109318
0.138990109318
0.138990109318
0.137948984904
0.134825611661
0.135866736075
0.136907860489
0.136387298282
0.135866736075
0.133263925039
0.135346173868
0.135346173868
0.135866736075
0.136907860489
0.138469547111
0.139510671525
0.140551795940
0.138469547111
0.142634044768
0.149401353462
0.156689224362
0.165018219677
0.174908901614
0.184799583550
0.186881832379
0.190005205622
0.192087454451
0.195731389901
0.196251952108
0.196772514315
0.196772514315
0.198334200937
0.198854763144
0.200937011973
0.200937011973
0.203019260802
0.205622071838
0.206142634045
0.206663196252
0.208745445081
0.208745445081
0.210307131702
0.210827693909
0.210827693909
0.212389380531
0.213430504945
0.216033315981
0.217595002603
0.218636127017
0.218115564810
0.216553878188
0.213951067153
0.213951067153
0.216033315981
0.216033315981
0.215512753774
0.217595002603
0.218636127017
0.217595002603
0.217595002603
0.219156689224
0.219677251432
0.219677251432
0.218636127017
0.220197813639
0.221238938053
0.223841749089
0.224882873503
0.224882873503
0.224882873503
0.225923997918
0.228006246746
0.229567933368
0.232170744404
0.234252993233
0.234773555440
0.234773555440
0.237376366476
0.238938053097
0.238938053097
0.239458615305
0.239979177512
0.240499739719
0.242581988548
0.243623112962
0.243102550755
0.242581988548
0.242581988548
0.244143675169
0.245705361791
0.245184799584
0.246746486205
0.247267048412
0.247787610619
0.249869859448
0.251431546070
0.252993232691
0.254554919313
0.256637168142
0.256116605934
0.257157730349
0.255596043727
0.255596043727
0.257678292556
0.259239979178
0.258719416970
0.260281103592
0.262363352421
0.260801665799
0.267048412285
0.241540864133
0.247787610619
0.143675169183
0.207183758459
0.219156689224
0.211348256117
0.212909942738
0.223841749089
0.229567933368
0.241020301926
0.245184799584
0.250390421655
0.249349297241
0.248308172827
0.248828735034
0.252993232691
0.251431546070
0.253513794898
0.255596043727
0.261322228006
0.266007287871
0.271212909943
0.274336283186
0.280583029672
0.279541905258
0.276939094222
0.273815720979
0.271733472150
0.268089536700
0.263925039042
0.262363352421
0.262363352421
0.259760541385
0.258719416970
0.260281103592
0.262883914628
0.264966163457
0.269130661114
0.275897969807
0.276418532015
0.278500780843
0.281624154086
0.280062467465
0.281624154086
0.284226965122
0.285268089537
0.289432587194
0.289432587194
0.286309213951
0.263404476835
0.225923997918
0.224882873503
0.242061426340
0.288391462780
0.278500780843
0.271733472150
0.269130661114
0.264966163457
0.265486725664
0.268089536700
0.268610098907
0.272774596564
0.279021343050
0.285788651744
0.289953149401
0.293076522644
0.297761582509
0.296720458095
0.297761582509
0.299843831338
0.299323269131
0.297761582509
0.296199895888
0.296720458095
0.296199895888
0.297761582509
0.296720458095
0.294638209266
0.296720458095
0.295158771473
0.299843831338
0.300884955752
0.302967204581
0.305049453410
0.308693388860
0.306090577824
0.314940135346
0.310255075482
0.316501821968
0.310775637689
0.318584070796
0.258719416970
0.223321186882
0.293076522644
0.289953149401
0.285268089537
0.272774596564
0.273815720979
0.276939094222
0.282144716294
0.287350338365
0.298802706923
0.301926080167
0.306611140031
0.315460697553
0.317022384175
0.320666319625
0.321186881832
0.323269130661
0.323269130661
0.320666319625
0.323269130661
0.324310255075
0.324830817283
0.322748568454
0.322748568454
0.323789692868
0.327954190526
0.330036439355
0.331598125976
0.333159812598
0.335242061426
0.337324310255
0.340968245705
0.346173867777
0.344091618948
0.348256116606
0.346173867777
0.346694429984
0.326392503904
0.326913066111
0.258719416970
0.268610098907
0.332639250390
0.347214992192
0.327433628319
0.308693388860
0.302446642374
0.313899010932
0.320145757418
0.325871941697
0.335242061426
0.341488807913
0.346173867777
0.349297241020
0.352420614263
0.356585111921
0.359187922957
0.359708485164
0.362311296200
0.364393545029
0.368037480479
0.364393545029
0.364393545029
0.366475793857
0.365955231650
0.367516918272
0.369599167100
0.368037480479
0.369078604893
0.371681415929
0.374284226965
0.372722540344
0.372201978136
0.376366475794
0.376887038001
0.379489849037
0.381572097866
0.382092660073
0.382613222280
0.385216033316
0.388859968766
0.389380530973
0.390942217595
0.389901093181
0.389901093181
0.395106715252
0.384695471109
0.395627277460
0.373763664758
0.387298282145
0.324830817283
0.348256116606
0.383654346694
0.343050494534
0.382613222280
0.378448724623
0.387818844352
0.389901093181
0.390942217595
0.391462779802
0.396668401874
0.399271212910
0.400832899531
0.404476834982
0.407600208225
0.409161894846
0.411244143675
0.410203019261
0.415408641333
0.404997397189
0.417490890161
0.380010411244
0.413326392504
0.324830817283
0.382092660073
0.336803748048
0.400832899531
0.387818844352
0.395106715252
0.394065590838
0.400832899531
0.399791775117
0.400312337324
0.403956272775
0.408641332639
0.406038521603
0.409682457054
0.412285268090
0.409682457054
0.407600208225
0.407079646018
0.400312337324
0.402394586153
0.375845913587
0.389901093181
0.390421655388
0.402394586153
0.417490890161
0.409682457054
0.418011452369
0.416449765747
0.428422696512
0.418011452369
0.427381572098
0.413326392504
0.429984383134
0.400312337324
0.438313378449
0.355543987507
0.420093701197
0.339927121291
0.436231129620
0.400832899531
0.416449765747
0.416449765747
0.413326392504
0.415408641333
0.414367516918
0.415929203540
0.415408641333
0.418532014576
0.419573138990
0.421655387819
0.422696512233
0.423217074440
0.424258198855
0.420093701197
0.407079646018
0.413846954711
0.395627277460
0.424258198855
0.411244143675
0.422696512233
0.419052576783
0.418532014576
0.432066631963
0.417490890161
0.432066631963
0.411244143675
0.439875065070
0.403435710567
0.441957313899
0.374804789172
0.434669442998
0.372201978136
0.446121811556
0.408120770432
0.441957313899
0.419573138990
0.431546069755
0.424778761062
0.425299323269
0.428422696512
0.428943258719
0.429463820927
0.432066631963
0.433107756377
0.423217074440
0.424258198855
0.397709526288
0.417490890161
0.421655387819
0.434669442998
0.444039562728
0.437272254034
0.445601249349
0.436751691827
0.449245184800
0.425819885476
0.449765747007
0.395106715252
0.441957313899
0.330557001562
0.443519000521
0.397188964081
0.449245184800
0.433628318584
0.438313378449
0.433628318584
0.431025507548
0.429463820927
0.432066631963
0.438833940656
0.435710567413
0.439354502863
0.444039562728
0.445080687142
0.446121811556
0.427902134305
0.435190005206
0.429463820927
0.432066631963
0.449245184800
0.431025507548
0.446642373764
0.428943258719
0.453930244664
0.416449765747
0.458094742322
0.406559083811
0.461738677772
0.413846954711
0.463300364394
0.425819885476
0.464862051015
0.431025507548
0.454971369079
0.431025507548
0.443519000521
0.424778761062
0.446121811556
0.434148880791
0.457053617907
0.450806871421
0.455491931286
0.453409682457
0.462259239979
0.455491931286
0.454450806871
0.455491931286
0.453409682457
0.453930244664
0.452368558043
0.449245184800
0.451327433628
0.441436751692
0.437792816242
0.449765747007
0.407079646018
0.468505986465
0.398230088496
0.453930244664
0.425819885476
0.459135866736
0.448724622592
0.456533055700
0.453409682457
0.460176991150
0.460697553358
0.454450806871
0.453930244664
0.450806871421
0.439354502863
0.446642373764
0.429463820927
0.456012493493
0.447683498178
0.464341488808
0.455491931286
0.467985424258
0.456533055700
0.474752732952
0.463300364394
0.474752732952
0.467985424258
0.480999479438
0.461218115565
0.480999479438
0.441957313899
0.465382613222
0.405517959396
0.456533055700
0.410203019261
0.488807912546
0.458615304529
0.471629359708
0.470067673087
0.466423737637
0.467985424258
0.461738677772
0.471108797501
0.449765747007
0.466944299844
0.424258198855
0.459135866736
0.441957313899
0.464862051015
0.474232170744
0.477355543988
0.477355543988
0.474752732952
0.477355543988
0.473191046330
0.466423737637
0.480478917231
0.460697553358
0.478396668402
0.440916189485
0.475273295159
0.431025507548
0.476834981780
0.454971369079
0.483081728267
0.469026548673
0.482040603852
0.477876106195
0.478917230609
0.475273295159
0.479958355023
0.469547110880
0.474232170744
0.456533055700
0.478917230609
0.471108797501
0.485163977095
0.482561166059
0.487246225924
0.480999479438
0.484643414888
0.453930244664
0.471629359708
0.418532014576
0.474752732952
0.476314419573
0.492451847996
0.490890161374
0.494013534617
0.495054659032
0.486205101510
0.490890161374
0.471108797501
0.492972410203
0.430504945341
0.460697553358
0.416970327954
0.478396668402
0.483602290474
0.496616345653
0.485163977095
0.487766788131
0.483081728267
0.484122852681
0.467985424258
0.487766788131
0.467464862051
0.480999479438
0.476314419573
0.492972410203
0.490890161374
0.485163977095
0.489849036960
0.488287350338
0.484643414888
0.492972410203
0.495575221239
0.491931285789
0.497657470068
0.488287350338
0.501301405518
0.485684539302
0.502863092140
0.463820926601
0.494013534617
0.428422696512
0.499739718896
0.473191046330
0.504424778761
0.487766788131
0.492451847996
0.489328474753
0.480478917231
0.477355543988
0.466423737637
0.475273295159
0.475793857366
0.494534096825
0.504945340968
0.501301405518
0.504945340968
0.505465903175
0.503383654347
0.502342529932
0.491410723581
0.492451847996
0.472149921916
0.505986465383
0.492451847996
0.506507027590
0.494013534617
0.505465903175
0.478917230609
0.488287350338
0.471108797501
0.512753774076
0.506507027590
0.522123893805
0.512233211869
0.515356585112
0.512233211869
0.506507027590
0.513274336283
0.489328474753
0.490890161374
0.446121811556
0.474752732952
0.450286309214
0.521082769391
0.491931285789
0.513274336283
0.503904216554
0.499219156689
0.509109838626
0.489328474753
0.506507027590
0.456012493493
0.497136907860
0.472149921916
0.534096824571
0.509109838626
0.527329515877
0.511712649662
0.513274336283
0.508589276419
0.502863092140
0.503904216554
0.484122852681
0.477876106195
0.492451847996
0.511712649662
0.514836022905
0.530452889120
0.512753774076
0.525247267048
0.507027589797
0.519521082769
0.499219156689
0.511712649662
0.499739718896
0.513274336283
0.514836022905
0.531494013535
0.530452889120
0.530452889120
0.526808953670
0.527329515877
0.524726704841
0.509630400833
0.512233211869
0.491410723581
0.479958355023
0.531494013535
0.466423737637
0.517438833941
0.477876106195
0.520562207184
0.507027589797
0.528370640292
0.527329515877
0.522644456012
0.533576262363
0.517959396148
0.531494013535
0.495575221239
0.534617386778
0.494534096825
0.541905257678
0.496616345653
0.513794898490
0.471108797501
0.497657470068
0.511192087454
0.528891202499
0.524206142634
0.533576262363
0.521082769391
0.543987506507
0.498178032275
0.527329515877
0.451847995836
0.514836022905
0.473711608537
0.534617386778
0.537740760021
0.514836022905
0.521603331598
0.470588235294
0.500780843311
0.487766788131
0.502342529932
0.522644456012
0.533576262363
0.542425819885
0.536699635606
0.548152004164
0.527850078084
0.519000520562
0.491931285789
0.495054659032
0.516918271733
0.537740760021
0.531494013535
0.534096824571
0.532535137949
0.531494013535
0.536179073399
0.527850078084
0.532535137949
0.506507027590
0.518479958355
0.482040603852
0.529932326913
0.517438833941
0.526288391463
0.527329515877
0.527329515877
0.537740760021
0.535137948985
0.551795939615
0.533576262363
0.552837064029
0.520041644977
0.555439875065
0.495575221239
0.549713690786
0.504424778761
0.538261322228
0.532535137949
0.535658511192
0.546069755336
0.525767829256
0.548672566372
0.517438833941
0.549193128579
0.508068714211
0.542425819885
0.474752732952
0.523165018220
0.508589276419
0.536179073399
0.528891202499
0.527329515877
0.507548152004
0.535658511192
0.527850078084
0.558563248308
0.549713690786
0.553878188444
0.547110879750
0.520041644977
0.520041644977
0.493492972410
0.557522123894
0.513794898490
0.569495054659
0.538781884435
0.567412805830
0.546069755336
0.564289432587
0.534096824571
0.548672566372
0.509109838626
0.536179073399
0.517438833941
0.550234252993
0.554919312858
0.552316501822
0.551275377408
0.545028630921
0.535658511192
0.523165018220
0.549713690786
0.549713690786
0.570536179073
0.552837064029
0.569495054659
0.537740760021
0.563248308173
0.501821967725
0.530973451327
0.456012493493
0.555439875065
0.581988547631
0.543466944300
0.571056741281
0.540343571057
0.564289432587
0.542425819885
0.560124934930
0.532014575742
0.534096824571
0.515877147319
0.521082769391
0.576262363352
0.532014575742
0.570536179073
0.539823008850
0.562207183758
0.553878188444
0.558563248308
0.564289432587
0.553357626236
0.577303487767
0.537220197814
0.574180114524
0.499219156689
0.571577303488
0.520562207184
0.562207183758
0.524726704841
0.537220197814
0.550234252993
0.590838105154
0.550234252993
0.574180114524
0.539302446642
0.579385736596
0.540864133264
0.575741801145
0.547631441957
0.579906298803
0.567933368037
0.564289432587
0.571577303488
0.532535137949
0.552837064029
0.502342529932
0.585111920875
0.562727745966
0.590838105154
0.573138990109
0.573659552317
0.568453930245
0.542946382093
0.529411764706
0.463300364394
0.510671525247
0.558563248308
0.536699635606
0.576262363352
0.549713690786
0.572097865695
0.556480999479
0.577303487767
0.573659552317
0.580947423217
0.577824049974
0.574700676731
0.563768870380
0.557001561687
0.541905257678
0.565330557002
0.565330557002
0.582509109839
0.587714731910
0.575221238938
0.588235294118
0.567933368037
0.584070796460
0.539302446642
0.545549193129
0.501301405518
0.583550234253
0.568974492452
0.596043727225
0.571056741281
0.591358667361
0.573659552317
0.588755856325
0.549713690786
0.562207183758
0.498178032275
0.563768870380
0.597084851640
0.585111920875
0.594482040604
0.574700676731
0.589276418532
0.567933368037
0.592399791775
0.541905257678
0.557522123894
0.493492972410
0.549193128579
0.538261322228
0.575741801145
0.587714731910
0.588235294118
0.595002602811
0.587714731910
0.592399791775
0.578865174388
0.579906298803
0.571056741281
0.545549193129
0.600208224883
0.547110879750
0.610619469027
0.516918271733
0.612181155648
0.574180114524
0.613742842270
0.586673607496
0.602290473712
0.577824049974
0.591358667361
0.580947423217
0.575221238938
0.599167100469
0.570536179073
0.601249349297
0.562727745966
0.595002602811
0.562207183758
0.590317542946
0.548152004164
0.571056741281
0.554919312858
0.572618427902
0.573138990109
0.596043727225
0.587194169703
0.606975533576
0.592399791775
0.608016657991
0.569495054659
0.581467985424
0.549193128579
0.596043727225
0.584070796460
0.615304528891
0.595002602811
0.614783966684
0.586153045289
0.605934409162
0.554398750651
0.591879229568
0.521082769391
0.597084851640
0.573138990109
0.557522123894
0.602811035919
0.560124934930
0.624674648621
0.563768870380
0.617907339927
0.558042686101
0.604372722540
0.588235294118
0.602811035919
0.611660593441
0.582509109839
0.608016657991
0.551795939615
0.609578344612
0.586153045289
0.599687662676
0.608537220198
0.577303487767
0.599167100469
0.537740760021
0.597605413847
0.571056741281
0.633524206143
0.613222280062
0.618948464341
0.614263404477
0.615304528891
0.584070796460
0.561686621551
0.541384695471
0.602290473712
0.617907339927
0.584070796460
0.617907339927
0.562727745966
0.615825091098
0.591358667361
0.626236335242
0.610619469027
0.617386777720
0.615825091098
0.608537220198
0.607496095783
0.560124934930
0.571056741281
0.552316501822
0.588235294118
0.605934409162
0.598125976054
0.614263404477
0.601249349297
0.630400832900
0.608016657991
0.631441957314
0.621551275377
0.620510150963
0.630921395107
0.598646538261
0.614783966684
0.530452889120
0.615304528891
0.534096824571
0.637168141593
0.597084851640
0.621551275377
0.609578344612
0.610619469027
0.623633524206
0.601769911504
0.626236335242
0.560645497137
0.608016657991
0.547110879750
0.615825091098
0.623112961999
0.622592399792
0.622071837585
0.609578344612
0.624154086413
0.601769911504
0.591879229568
0.578344612181
0.567933368037
0.618427902134
0.606975533576
0.622592399792
0.588235294118
0.590317542946
0.568453930245
0.613742842270
0.618948464341
0.642373763665
0.631962519521
0.633003643935
0.630921395107
0.640812077043
0.630921395107
0.635085892764
0.622071837585
0.592399791775
0.562207183758
0.573659552317
0.636127017179
0.636127017179
0.638209266007
0.635606454971
0.638209266007
0.633524206143
0.618948464341
0.626756897449
0.560124934930
0.598125976054
0.557522123894
0.603331598126
0.616345653306
0.621030713170
0.626756897449
0.618427902134
0.641332639250
0.612701717855
0.656428943259
0.586673607496
0.663196251952
0.517438833941
0.651223321187
0.523165018220
0.642894325872
0.640291514836
0.617386777720
0.647579385737
0.614263404477
0.646017699115
0.613222280062
0.634044768350
0.579906298803
0.605934409162
0.603852160333
0.606975533576
0.648099947944
0.625715773035
0.648099947944
0.630400832900
0.640291514836
0.617907339927
0.617907339927
0.581988547631
0.580426861010
0.626236335242
0.659552316502
0.637168141593
0.657990629880
0.638729828214
0.659031754295
0.636127017179
0.660593440916
0.622592399792
0.651743883394
0.580947423217
0.606454971369
0.602290473712
0.649661634565
0.627277459656
0.649141072358
0.645497136908
0.656949505466
0.649141072358
0.652785007808
0.647058823529
0.651743883394
0.638729828214
0.657990629880
0.611140031234
0.633524206143
0.536699635606
0.563768870380
0.625195210828
0.601769911504
0.633524206143
0.659031754295
0.653305570016
0.660072878709
0.651743883394
0.661634565331
0.659031754295
0.653305570016
0.636127017179
0.608016657991
0.519000520562
0.599687662676
0.571056741281
0.609578344612
0.667881311817
0.620510150963
0.659552316502
0.640812077043
0.667360749610
0.639770952629
0.672045809474
0.626236335242
0.675689744925
0.595523165018
0.652785007808
0.576262363352
0.647058823529
0.661114003123
0.618948464341
0.669442998438
0.597605413847
0.673086933889
0.631962519521
0.670484122853
0.662675689745
0.667881311817
0.673607496096
0.627277459656
0.646538261322
0.572097865695
0.657470067673
0.633524206143
0.652785007808
0.661114003123
0.621030713170
0.653826132223
0.600728787090
0.652264445601
0.652264445601
0.654867256637
0.672045809474
0.637168141593
0.659552316502
0.595002602811
0.644976574701
0.624154086413
0.668401874024
0.652264445601
0.667360749610
0.656428943259
0.640291514836
0.635606454971
0.617386777720
0.646017699115
0.667881311817
0.672045809474
0.671004685060
0.664757938574
0.660593440916
0.638209266007
0.637168141593
0.651743883394
0.683498178032
0.678292555960
0.686100989068
0.660593440916
0.671004685060
0.627277459656
0.649661634565
0.633524206143
0.671525247267
0.671525247267
0.675169182717
0.670484122853
0.667360749610
0.663716814159
0.652785007808
0.664757938574
0.647579385737
0.689744924518
0.632483081728
0.690265486726
0.584591358667
0.685580426861
0.568974492452
0.703279541905
0.661114003123
0.686621551275
0.672566371681
0.669442998438
0.652264445601
0.600208224883
0.648099947944
0.631441957314
0.675689744925
0.680895366996
0.661634565331
0.683498178032
0.636647579386
0.664757938574
0.608016657991
0.645497136908
0.650182196773
0.663716814159
0.690786048933
0.660593440916
0.690265486726
0.680374804789
0.679854242582
0.671525247267
0.653305570016
0.673607496096
0.634565330557
0.667881311817
0.644456012493
0.663716814159
0.662675689745
0.667881311817
0.696512233212
0.662675689745
0.703279541905
0.650702758980
0.703279541905
0.661634565331
0.705882352941
0.672566371681
0.687142113483
0.667881311817
0.634044768350
0.642373763665
0.648620510151
0.690265486726
0.683498178032
0.689744924518
0.699635606455
0.692868297762
0.703279541905
0.667881311817
0.709526288391
0.623112961999
0.708485163977
0.604893284748
0.701197293077
0.613222280062
0.671004685060
0.655387818844
0.703279541905
0.709526288391
0.701717855284
0.714211348256
0.703279541905
0.713690786049
0.682977615825
0.678813118168
0.639770952629
0.575221238938
0.618948464341
0.626756897449
0.687662675690
0.675169182717
0.718375845914
0.699115044248
0.711087975013
0.709005726184
0.711608537220
0.710046850599
0.687142113483
0.663196251952
0.592920353982
0.589276418532
0.667360749610
0.570536179073
0.705361790734
0.710046850599
0.703800104112
0.716814159292
0.701197293077
0.718375845914
0.669963560645
0.681936491411
0.601769911504
0.670484122853
0.667360749610
0.701717855284
0.722540343571
0.684018740239
0.717334721499
0.658511192087
0.697032795419
0.624674648621
0.695471108798
0.682977615825
0.720458094742
0.714211348256
0.708485163977
0.711087975013
0.622071837585
0.606454971369
0.529932326913
0.689744924518
0.718896408121
0.733992712129
0.707964601770
0.719937532535
0.714211348256
0.720978656950
0.705882352941
0.726184279021
0.618427902134
0.667360749610
0.544508068714
0.717855283706
0.702238417491
0.709526288391
0.724622592400
0.706923477356
0.720458094742
0.678813118168
0.690265486726
0.630400832900
0.686100989068
0.640291514836
0.730348776679
0.686621551275
0.734513274336
0.700676730869
0.727745965643
0.700676730869
0.701197293077
0.687662675690
0.646017699115
0.685580426861
0.648099947944
0.730348776679
0.691827173347
0.729828214472
0.704841228527
0.723060905778
0.707444039563
0.693388859969
0.692347735554
0.689224362311
0.730348776679
0.745965642894
0.722540343571
0.742842269651
0.651223321187
0.701197293077
0.595523165018
0.719416970328
0.724102030193
0.727745965643
0.719937532535
0.733472149922
0.705361790734
0.715773034878
0.673086933889
0.701197293077
0.663716814159
0.709526288391
0.702758979698
0.727225403436
0.702238417491
0.729828214472
0.690265486726
0.740760020822
0.662155127538
0.728266527850
0.629880270692
0.719416970328
0.672045809474
0.710567412806
0.747527329516
0.740239458615
0.751691827173
0.723581467985
0.752732951588
0.691827173347
0.707964601770
0.601769911504
0.685059864654
0.704841228527
0.704320666320
0.740239458615
0.735033836543
0.731910463300
0.723581467985
0.711087975013
0.704320666320
0.696512233212
0.706402915148
0.731389901093
0.746486205102
0.731910463300
0.711087975013
0.695991671005
0.618948464341
0.723581467985
0.684539302447
0.758979698074
0.749609578345
0.747527329516
0.747006767309
0.703800104112
0.729828214472
0.631441957314
0.727745965643
0.647058823529
0.762623633524
0.739198334201
0.758459135867
0.731910463300
0.745965642894
0.719416970328
0.727225403436
0.710046850599
0.737636647579
0.736595523165
0.756897449245
0.742321707444
0.692347735554
0.685059864654
0.614263404477
0.729307652264
0.765226444560
0.761061946903
0.753774076002
0.749609578345
0.694950546590
0.723581467985
0.635606454971
0.731910463300
0.681936491411
0.754294638209
0.727745965643
0.741280583030
0.726704841229
0.711087975013
0.705361790734
0.714731910463
0.728266527850
0.751171264966
0.757938573660
0.745965642894
0.740239458615
0.682977615825
0.714731910463
0.672045809474
0.761061946903
0.742842269651
0.767829255596
0.770952628839
0.773555439875
0.767308693389
0.768349817803
0.715773034878
0.710046850599
0.513794898490
0.675689744925
0.679333680375
0.757418011452
0.737636647579
0.782925559604
0.770432066632
0.791775117126
0.775117126497
0.785528370640
0.768870380010
0.770432066632
0.727225403436
0.691306611140
0.638729828214
0.681415929204
0.661114003123
0.687662675690
0.784487246226
0.764185320146
0.777199375325
0.764705882353
0.769390942218
0.758459135867
0.720978656950
0.694950546590
0.657990629880
0.717334721499
0.738677771994
0.758979698074
0.742321707444
0.739198334201
0.726184279021
0.751171264966
0.737636647579
0.777719937533
0.745965642894
0.782404997397
0.683498178032
0.763144195731
0.644976574701
0.803227485685
0.773555439875
0.802186361270
0.769390942218
0.788131181676
0.732951587715
0.763664757939
0.656949505466
0.733472149922
0.691306611140
0.788131181676
0.758459135867
0.788651743883
0.764185320146
0.795419052577
0.752212389381
0.781363872983
0.692868297762
0.754294638209
0.678292555960
0.767829255596
0.736595523165
0.761582509110
0.724622592400
0.744924518480
0.749089016137
0.784487246226
0.790213430505
0.782925559604
0.764705882353
0.743883394066
0.707444039563
0.743883394066
0.728266527850
0.811035918792
0.776158250911
0.799062988027
0.743362831858
0.738677771994
0.705882352941
0.719416970328
0.737116085372
0.792295679334
0.794898490370
0.805309734513
0.782404997397
0.798542425820
0.728787090057
0.788651743883
0.705882352941
0.806350858928
0.709526288391
0.809994794378
0.679854242582
0.800624674649
0.738677771994
0.806350858928
0.762103071317
0.774076002082
0.703279541905
0.686100989068
0.672566371681
0.710567412806
0.767829255596
0.787090057262
0.801665799063
0.796460176991
0.813118167621
0.793857365955
0.796460176991
0.676730869339
0.667360749610
0.678292555960
0.726184279021
0.753774076002
0.774076002082
0.817282665279
0.810515356585
0.817282665279
0.819885476314
0.822488287350
0.812077043207
0.812597605414
0.755856324831
0.707444039563
0.665799062988
0.600728787090
0.651223321187
0.669442998438
0.743362831858
0.792295679334
0.789172306091
0.794898490370
0.792295679334
0.794898490370
0.799583550234
0.807391983342
0.811556480999
0.813638729828
0.817803227486
0.823008849558
0.817803227486
0.832899531494
0.722019781364
0.747527329516
0.480999479438
0.598125976054
0.674648620510
0.747006767309
0.789692868298
0.796980739198
0.782925559604
0.778761061947
0.782404997397
0.791775117126
0.794377928162
0.804789172306
0.804268610099
0.812597605414
0.802706923477
0.809994794378
0.694950546590
0.580947423217
0.498178032275
0.594482040604
0.663196251952
0.729828214472
0.771993753254
0.749609578345
0.738157209787
0.736074960958
0.747006767309
0.757418011452
0.766267568974
0.769911504425
0.775637688704
0.781363872983
0.792295679334
0.796980739198
0.802706923477
0.810515356585
0.809994794378
0.794898490370
0.731389901093
0.533576262363
0.535658511192
0.597084851640
0.646017699115
0.660072878709
0.691827173347
0.711608537220
0.714211348256
0.710046850599
0.708485163977
0.715773034878
0.726704841229
0.733992712129
0.748568453930
0.753774076002
0.761582509110
0.763664757939
0.769911504425
0.773034877668
0.773034877668
0.764705882353
0.664757938574
0.496095783446
0.523685580427
0.486725663717
0.610619469027
0.668401874024
0.680895366996
0.689744924518
0.698073919833
0.702238417491
0.704841228527
0.709526288391
0.713170223842
0.719416970328
0.733472149922
0.739718896408
0.738677771994
0.742321707444
0.746486205102
0.750130140552
0.755335762624
0.752732951588
0.765747006767
0.766267568974
0.767829255596
0.728266527850
0.734513274336
0.549193128579
0.617386777720
0.640291514836
0.691827173347
0.748568453930
0.764185320146
0.796460176991
0.787090057262
0.784487246226
0.787090057262
0.791775117126
0.798021863613
0.797501301406
0.797501301406
0.799583550234
0.802186361270
0.803227485685
0.805830296720
0.793857365955
0.780843310776
0.670484122853
0.646538261322
0.615825091098
0.661114003123
0.761582509110
0.766267568974
0.789692868298
0.789692868298
0.795939614784
0.794377928162
0.794898490370
0.796460176991
0.799062988027
0.803227485685
0.804789172306
0.814679854243
0.818323789693
0.820406038522
0.835502342530
0.812597605414
0.831858407080
0.683498178032
0.711087975013
0.484122852681
0.564809994794
0.527850078084
0.688183237897
0.782404997397
0.775117126497
0.782925559604
0.784487246226
0.775637688704
0.767829255596
0.771993753254
0.781884435190
0.791775117126
0.798542425820
0.806350858928
0.805309734513
0.813638729828
0.819364914107
0.819364914107
0.818323789693
0.827693909422
0.812077043207
0.766788131182
0.682457053618
0.562207183758
0.597605413847
0.676730869339
0.735033836543
0.778761061947
0.781884435190
0.789692868298
0.797501301406
0.802186361270
0.806350858928
0.806871421135
0.808433107756
0.814159292035
0.825091098386
0.826652785008
0.832378969287
0.831337844872
0.831337844872
0.834461218116
0.841228526809
0.841749089016
0.838625715773
0.840187402395
0.811556480999
0.739198334201
0.470067673087
0.555960437272
0.570536179073
0.700676730869
0.729828214472
0.717855283706
0.708485163977
0.714211348256
0.728266527850
0.742321707444
0.743883394066
0.752732951588
0.753253513795
0.755856324831
0.756376887038
0.765747006767
0.774596564289
0.777719937533
0.785007808433
0.786048932847
0.716814159292
0.586153045289
0.552316501822
0.595523165018
0.649661634565
0.718375845914
0.737116085372
0.736595523165
0.741280583030
0.747527329516
0.755335762624
0.760541384695
0.765747006767
0.776158250911
0.786569495055
0.790733992712
0.795419052577
0.797501301406
0.799062988027
0.804789172306
0.810515356585
0.812597605414
0.817803227486
0.807391983342
0.813638729828
0.672045809474
0.694429984383
0.545549193129
0.547110879750
0.714731910463
0.793336803748
0.764705882353
0.774076002082
0.787090057262
0.786048932847
0.789692868298
0.798542425820
0.804268610099
0.806350858928
0.806350858928
0.814159292035
0.814159292035
0.820926600729
0.823008849558
0.827693909422
0.830817282665
0.831337844872
0.840187402395
0.828735033837
0.834981780323
0.738677771994
0.741801145237
0.412805830297
0.421134825612
0.539823008850
0.485684539302
0.491410723581
0.514315460698
0.526808953670
0.532014575742
0.542946382093
0.567412805830
0.585111920875
0.612701717855
0.625715773035
0.641853201458
0.644976574701
0.652785007808
0.660593440916
0.666319625195
0.674648620510
0.685059864654
0.694429984383
0.706402915148
0.701717855284
0.726184279021
0.703800104112
0.730869338886
0.684539302447
0.709526288391
0.667360749610
0.743883394066
0.712129099427
0.762103071317
0.757938573660
0.771473191046
0.768870380010
0.769390942218
0.756897449245
0.751171264966
0.700156168662
0.698073919833
