0.065529622980
0.065529622980
0.070017953321
0.078994614004
0.106822262118
0.125673249551
0.145421903052
0.156193895871
0.161579892280
0.160682226212
0.155296229803
0.149012567325
0.149012567325
0.142728904847
0.139138240575
0.129263913824
0.125673249551
0.129263913824
0.124775583483
0.122082585278
0.118491921005
0.114901256732
0.116696588869
0.119389587074
0.121184919210
0.120287253142
0.119389587074
0.120287253142
0.120287253142
0.117594254937
0.118491921005
0.120287253142
0.122082585278
0.128366247756
0.137342908438
0.140933572711
0.150807899461
0.161579892280
0.169658886894
0.178635547576
0.184919210054
0.189407540395
0.192100538600
0.200179533214
0.204667863555
0.200179533214
0.202872531418
0.202872531418
0.203770197487
0.204667863555
0.211849192101
0.212746858169
0.219030520646
0.171454219031
0.110412926391
0.270197486535
0.222621184919
0.178635547576
0.188509874327
0.215439856373
0.213644524237
0.221723518851
0.223518850987
0.225314183124
0.230700179533
0.235188509874
0.238779174147
0.239676840215
0.241472172352
0.241472172352
0.244165170557
0.244165170557
0.241472172352
0.243267504488
0.224416517056
0.140035906643
0.123877917415
0.274685816876
0.294434470377
0.253141831239
0.236983842011
0.242369838420
0.246858168761
0.247755834829
0.244165170557
0.246858168761
0.246858168761
0.245062836625
0.248653500898
0.252244165171
0.252244165171
0.252244165171
0.255834829443
0.260323159785
0.256732495512
0.266606822262
0.244165170557
0.220825852783
0.127468581688
0.180430879713
