0.057868020305
0.058883248731
0.068020304569
0.094416243655
0.130964467005
0.159390862944
0.181725888325
0.184771573604
0.183756345178
0.171573604061
0.162436548223
0.144162436548
0.136040609137
0.128934010152
0.131979695431
0.126903553299
0.125888324873
0.124873096447
0.126903553299
0.120812182741
0.120812182741
0.118781725888
0.116751269036
0.116751269036
0.118781725888
0.118781725888
0.118781725888
0.122842639594
0.123857868020
0.123857868020
0.123857868020
0.121827411168
0.119796954315
0.125888324873
0.127918781726
0.135025380711
0.147208121827
0.161421319797
0.169543147208
0.186802030457
0.196954314721
0.200000000000
0.206091370558
0.211167512690
0.213197969543
0.213197969543
0.215228426396
0.218274111675
0.226395939086
0.229441624365
0.231472081218
0.230456852792
0.227411167513
0.191878172589
0.081218274112
0.175634517766
0.191878172589
0.195939086294
0.222335025381
0.233502538071
0.247715736041
0.247715736041
0.249746192893
0.248730964467
0.249746192893
0.252791878173
0.253807106599
0.259898477157
0.265989847716
0.264974619289
0.262944162437
0.269035532995
0.267005076142
0.270050761421
0.249746192893
0.102538071066
0.169543147208
0.278172588832
0.265989847716
0.272081218274
0.267005076142
0.273096446701
0.268020304569
0.272081218274
0.277157360406
0.284263959391
0.282233502538
0.284263959391
0.287309644670
0.283248730964
0.281218274112
0.281218274112
0.284263959391
0.287309644670
0.293401015228
0.293401015228
0.292385786802
0.221319796954
0.180710659898
0.157360406091
