0.067005076142
0.067005076142
0.061928934010
0.060913705584
0.069035532995
0.079187817259
0.098477157360
0.125888324873
0.148223350254
0.157360406091
0.165482233503
0.170558375635
0.184771573604
0.197969543147
0.209137055838
0.213197969543
0.214213197970
0.217258883249
0.217258883249
0.216243654822
0.219289340102
0.220304568528
0.220304568528
0.219289340102
0.222335025381
0.220304568528
0.219289340102
0.220304568528
0.221319796954
0.221319796954
0.219289340102
0.220304568528
0.218274111675
0.223350253807
0.227411167513
0.233502538071
0.238578680203
0.239593908629
0.245685279188
0.243654822335
0.244670050761
0.242639593909
0.240609137056
0.248730964467
0.248730964467
0.247715736041
0.245685279188
0.251776649746
0.253807106599
0.253807106599
0.262944162437
0.243654822335
0.258883248731
0.188832487310
0.023350253807
0.203045685279
0.258883248731
0.268020304569
0.284263959391
0.286294416244
0.280203045685
0.279187817259
0.270050761421
0.269035532995
0.265989847716
0.265989847716
0.270050761421
0.272081218274
0.271065989848
0.274111675127
0.278172588832
0.272081218274
0.274111675127
0.273096446701
0.250761421320
0.038578680203
0.237563451777
0.268020304569
0.285279187817
0.281218274112
0.276142131980
0.274111675127
0.271065989848
0.274111675127
0.272081218274
0.268020304569
0.263959390863
0.260913705584
0.260913705584
0.268020304569
0.268020304569
0.273096446701
0.275126903553
0.277157360406
0.280203045685
0.279187817259
0.270050761421
0.215228426396
0.182741116751
0.128934010152
