0.097510373444
0.094398340249
0.095435684647
0.096473029046
0.109958506224
0.129668049793
0.142116182573
0.159751037344
0.156639004149
0.151452282158
0.153526970954
0.153526970954
0.156639004149
0.149377593361
0.159751037344
0.161825726141
0.156639004149
0.157676348548
0.154564315353
0.151452282158
0.154564315353
0.155601659751
0.154564315353
0.153526970954
0.153526970954
0.151452282158
0.155601659751
0.155601659751
0.157676348548
0.156639004149
0.157676348548
0.155601659751
0.159751037344
0.167012448133
0.173236514523
0.187759336100
0.183609958506
0.193983402490
0.212655601660
0.214730290456
0.219917012448
0.226141078838
0.231327800830
0.237551867220
0.241701244813
0.242738589212
0.236514522822
0.239626556017
0.243775933610
0.241701244813
0.243775933610
0.240663900415
0.238589211618
0.205394190871
0.112033195021
0.192946058091
0.217842323651
0.219917012448
0.231327800830
0.240663900415
0.246887966805
0.242738589212
0.251037344398
0.244813278008
0.246887966805
0.250000000000
0.255186721992
0.257261410788
0.256224066390
0.254149377593
0.253112033195
0.254149377593
0.262448132780
0.252074688797
0.260373443983
0.128630705394
0.157676348548
0.230290456432
0.254149377593
0.271784232365
0.262448132780
0.258298755187
0.257261410788
0.260373443983
0.264522821577
0.268672199170
0.269709543568
0.273858921162
0.270746887967
0.271784232365
0.269709543568
0.273858921162
0.272821576763
0.274896265560
0.281120331950
0.273858921162
0.285269709544
0.221991701245
0.147302904564
0.169087136929
