0.047670639220
0.052004333694
0.059588299025
0.074756229686
0.107258938245
0.132177681473
0.150595882990
0.166847237270
0.163596966414
0.179848320693
0.190682556880
0.191765980498
0.187432286024
0.185265438787
0.183098591549
0.178764897075
0.178764897075
0.176598049837
0.176598049837
0.177681473456
0.180931744312
0.179848320693
0.180931744312
0.179848320693
0.182015167931
0.183098591549
0.183098591549
0.184182015168
0.183098591549
0.182015167931
0.186348862405
0.182015167931
0.183098591549
0.185265438787
0.190682556880
0.197183098592
0.213434452871
0.226435536295
0.235102925244
0.239436619718
0.253521126761
0.252437703142
0.247020585049
0.241603466956
0.236186348862
0.234019501625
0.239436619718
0.240520043337
0.235102925244
0.232936078007
0.237269772481
0.251354279523
0.208017334778
0.239436619718
0.075839653304
0.179848320693
0.187432286024
0.161430119177
0.189599133261
0.206933911159
0.225352112676
0.240520043337
0.237269772481
0.238353196100
0.238353196100
0.242686890574
0.250270855905
0.255687973998
0.263271939328
0.264355362947
0.271939328277
0.276273022752
0.277356446371
0.278439869989
0.281690140845
0.094257854821
0.222101841820
0.269772481040
0.264355362947
0.269772481040
0.277356446371
0.286023835320
0.288190682557
0.287107258938
0.290357529794
0.293607800650
0.295774647887
0.295774647887
0.293607800650
0.302275189599
0.303358613218
0.304442036836
0.303358613218
0.301191765980
0.297941495125
0.305525460455
0.303358613218
0.213434452871
0.212351029252
0.136511375948
