4.138298034668
4.101334571838
4.062673568726
4.021655082703
3.975206136703
3.914697647095
3.830329418182
4.264332771301
3.928047418594
3.896111488342
3.864442110062
3.833612442017
3.803515195847
3.773997783661
3.744991302490
3.716559886932
3.688442707062
3.660917520523
3.633838653564
3.605991840363
3.583483219147
3.549753189087
3.529368400574
3.490818738937
3.485096693039
3.432755947113
3.453137874603
3.429546117783
3.403691768646
3.378664016724
3.352576732635
3.321849346161
3.273859500885
3.301616907120
3.295342922211
3.265094757080
3.239066600800
3.214756011963
3.186038970947
3.166886806488
3.150419235229
3.168421506882
3.119448900223
3.091313838959
3.048709630966
3.207813739777
3.087363481522
3.070918083191
3.052030086517
3.032463073730
3.008097648621
2.979482650757
2.961519241333
2.937256336212
3.003668069839
2.979479789734
2.954807281494
2.926338911057
2.889283895493
2.856537103653
2.823880434036
2.944352626801
2.918572187424
2.900642156601
2.883886337280
2.867688655853
2.851786136627
2.833188056946
2.813480138779
2.781230688095
2.893419742584
2.767370462418
2.754146099091
2.724620819092
2.771730661392
2.735337257385
2.688930273056
2.743556261063
2.699465036392
2.659033536911
2.739223480225
2.718406677246
2.691675186157
2.647983789444
2.614904880524
2.699747085571
2.636510133743
2.581842899323
2.619948148727
2.558885097504
2.648419141769
2.635119915009
2.561330556870
2.617342472076
2.644408941269
2.630128145218
2.617502927780
2.604486942291
2.587123155594
2.567244768143
