0.032619775739
0.112130479103
0.124362895005
0.133537206932
0.123343527013
0.184505606524
0.161060142712
0.167176350663
0.116207951070
0.118246687054
0.133537206932
0.147808358818
0.146788990826
0.153924566769
0.135575942915
0.109072375127
0.114169215087
0.121304791030
0.111111111111
0.056065239551
0.107033639144
0.043832823649
0.116207951070
0.083588175331
0.100917431193
0.030581039755
0.101936799185
0.116207951070
0.115188583078
0.122324159021
0.124362895005
0.139653414883
0.132517838940
0.141692150866
0.093781855250
0.093781855250
0.097859327217
0.123343527013
0.117227319062
0.113149847095
0.072375127421
0.110091743119
0.193679918451
0.177370030581
0.175331294597
0.131498470948
0.133537206932
0.133537206932
0.133537206932
0.147808358818
0.153924566769
0.125382262997
0.121304791030
0.065239551478
0.075433231397
0.076452599388
0.115188583078
0.178389398573
0.169215086646
0.182466870540
0.164118246687
0.106014271152
0.108053007136
0.110091743119
0.107033639144
0.106014271152
0.110091743119
0.139653414883
0.127420998981
0.092762487258
0.085626911315
0.065239551478
0.127420998981
0.087665647299
0.099898063201
0.133537206932
0.087665647299
0.116207951070
0.149847094801
0.086646279307
0.101936799185
0.127420998981
0.133537206932
0.144750254842
0.087665647299
0.127420998981
0.186544342508
0.159021406728
0.121304791030
0.072375127421
0.118246687054
0.181447502548
0.199796126402
0.194699286442
0.093781855250
0.093781855250
0.108053007136
0.128440366972
0.124362895005
0.122324159021
