0.117775354417
0.183206106870
0.201744820065
0.199563794984
0.187568157034
0.244274809160
0.238822246456
0.184296619411
0.090512540894
0.131952017448
0.111232279171
0.092693565976
0.093784078517
0.101417666303
0.169029443839
0.186477644493
0.203925845147
0.207197382770
0.193020719738
0.159214830971
0.155943293348
0.140676117775
0.199563794984
0.181025081788
0.160305343511
0.116684841876
0.134133042530
0.172300981461
0.177753544166
0.185387131952
0.184296619411
0.189749182116
0.184296619411
0.172300981461
0.136314067612
0.136314067612
0.150490730643
0.171210468920
0.182115594329
0.170119956379
0.112322791712
0.140676117775
0.183206106870
0.185387131952
0.185387131952
0.188658669575
0.087241003272
0.087241003272
0.087241003272
0.103598691385
0.129770992366
0.157033805889
0.176663031625
0.154852780807
0.140676117775
0.142857142857
0.179934569248
0.183206106870
0.161395856052
0.185387131952
0.152671755725
0.164667393675
0.163576881134
0.186477644493
0.186477644493
0.176663031625
0.183206106870
0.186477644493
0.154852780807
0.121046892039
0.153762268266
0.100327153762
0.153762268266
0.171210468920
0.142857142857
0.193020719738
0.187568157034
0.143947655398
0.212649945474
0.195201744820
0.131952017448
0.160305343511
0.172300981461
0.197382769902
0.182115594329
0.163576881134
0.151581243184
0.175572519084
0.196292257361
0.129770992366
0.153762268266
0.191930207197
0.195201744820
0.200654307525
0.136314067612
0.136314067612
0.139585605234
0.139585605234
0.141766630316
0.153762268266
