0.050111358575
0.061247216036
0.070155902004
0.079064587973
0.079064587973
0.081291759465
0.085746102450
0.099109131403
0.113585746102
0.144766146993
0.151447661470
0.173719376392
0.053452115813
0.123608017817
0.259465478842
0.263919821826
0.242761692650
0.241648106904
0.213808463252
0.216035634744
0.199331848552
0.119153674833
0.106904231626
0.224944320713
0.290645879733
0.240534521158
0.208240534521
0.120267260579
0.089086859688
0.090200445434
0.062360801782
0.063474387528
0.052338530067
0.052338530067
0.050111358575
0.050111358575
0.050111358575
0.050111358575
0.050111358575
0.190423162584
0.197104677060
0.197104677060
0.197104677060
0.197104677060
0.185968819599
0.142538975501
0.142538975501
0.142538975501
0.141425389755
0.138084632517
0.132516703786
0.135857461024
0.116926503341
0.084632516704
0.073496659243
0.161469933185
0.159242761693
0.193763919822
0.283964365256
0.227171492205
0.220489977728
0.142538975501
0.150334075724
0.054565701559
0.118040089087
0.085746102450
0.115812917595
0.122494432071
0.105790645880
0.119153674833
0.097995545657
0.114699331849
0.104677060134
0.203786191537
0.222717149220
0.115812917595
0.125835189310
0.126948775056
0.173719376392
0.177060133630
0.157015590200
0.145879732739
0.142538975501
0.255011135857
0.249443207127
0.149220489978
0.163697104677
0.161469933185
0.110244988864
0.148106904232
0.115812917595
0.116926503341
0.128062360802
0.125835189310
0.105790645880
0.203786191537
0.241648106904
0.115812917595
0.115812917595
0.115812917595
