0.173913043478
0.171980676329
0.174879227053
0.149758454106
0.130434782609
0.109178743961
0.107246376812
0.116908212560
0.127536231884
0.158454106280
0.167149758454
0.177777777778
0.172946859903
0.131400966184
0.131400966184
0.125603864734
0.130434782609
0.140096618357
0.115942028986
0.132367149758
0.129468599034
0.120772946860
0.204830917874
0.200000000000
0.217391304348
0.229951690821
0.120772946860
0.104347826087
0.196135265700
0.200000000000
0.184541062802
0.183574879227
0.173913043478
0.173913043478
0.173913043478
0.173913043478
0.173913043478
0.173913043478
0.173913043478
0.105314009662
0.110144927536
0.110144927536
0.110144927536
0.110144927536
0.106280193237
0.125603864734
0.125603864734
0.125603864734
0.124637681159
0.125603864734
0.120772946860
0.194202898551
0.228019323671
0.196135265700
0.186473429952
0.127536231884
0.170048309179
0.196135265700
0.206763285024
0.297584541063
0.149758454106
0.125603864734
0.133333333333
0.180676328502
0.160386473430
0.209661835749
0.141062801932
0.149758454106
0.131400966184
0.141062801932
0.136231884058
0.155555555556
0.184541062802
0.228019323671
0.145893719807
0.143961352657
0.152657004831
0.154589371981
0.214492753623
0.238647342995
0.198067632850
0.169082125604
0.167149758454
0.225120772947
0.196135265700
0.171014492754
0.182608695652
0.273429951691
0.243478260870
0.159420289855
0.141062801932
0.141062801932
0.152657004831
0.148792270531
0.118840579710
0.189371980676
0.180676328502
0.141062801932
0.141062801932
0.141062801932
