0.119932432432
0.129222972973
0.135979729730
0.130067567568
0.122466216216
0.108108108108
0.104729729730
0.112331081081
0.126689189189
0.151182432432
0.149493243243
0.128378378378
0.119087837838
0.105574324324
0.182432432432
0.181587837838
0.142736486486
0.146114864865
0.112331081081
0.128378378378
0.119087837838
0.123310810811
0.174831081081
0.184966216216
0.201013513514
0.177364864865
0.112331081081
0.119087837838
0.134290540541
0.137668918919
0.126689189189
0.128378378378
0.119932432432
0.119087837838
0.119932432432
0.119932432432
0.119932432432
0.119932432432
0.119932432432
0.092060810811
0.094594594595
0.094594594595
0.094594594595
0.094594594595
0.094594594595
0.086993243243
0.086993243243
0.086993243243
0.086993243243
0.089527027027
0.097128378378
0.135979729730
0.154560810811
0.135135135135
0.129222972973
0.108108108108
0.116554054054
0.140202702703
0.171452702703
0.211993243243
0.125000000000
0.086993243243
0.089527027027
0.122466216216
0.112331081081
0.154560810811
0.092060810811
0.097972972973
0.092060810811
0.094594594595
0.110641891892
0.112331081081
0.133445945946
0.151182432432
0.115709459459
0.094594594595
0.102195945946
0.101351351351
0.154560810811
0.171452702703
0.153716216216
0.116554054054
0.116554054054
0.168074324324
0.154560810811
0.113175675676
0.121621621622
0.183277027027
0.172297297297
0.114020270270
0.092060810811
0.092060810811
0.100506756757
0.099662162162
0.095439189189
0.139358108108
0.142736486486
0.092060810811
0.092060810811
0.092060810811
