0.096153846154
0.117647058824
0.138009049774
0.148190045249
0.140271493213
0.128959276018
0.127828054299
0.125565610860
0.116515837104
0.156108597285
0.125565610860
0.133484162896
0.097285067873
0.082579185520
0.210407239819
0.210407239819
0.236425339367
0.233031674208
0.210407239819
0.211538461538
0.194570135747
0.085972850679
0.130090497738
0.164027149321
0.227375565611
0.165158371041
0.178733031674
0.087104072398
0.107466063348
0.107466063348
0.100678733032
0.101809954751
0.095022624434
0.095022624434
0.096153846154
0.096153846154
0.096153846154
0.096153846154
0.096153846154
0.168552036199
0.175339366516
0.175339366516
0.175339366516
0.175339366516
0.164027149321
0.045248868778
0.045248868778
0.045248868778
0.046380090498
0.046380090498
0.088235294118
0.102941176471
0.118778280543
0.101809954751
0.098416289593
0.065610859729
0.091628959276
0.121040723982
0.195701357466
0.127828054299
0.177601809955
0.045248868778
0.049773755656
0.099547511312
0.091628959276
0.118778280543
0.074660633484
0.080316742081
0.067873303167
0.073529411765
0.056561085973
0.076923076923
0.081447963801
0.136877828054
0.176470588235
0.075791855204
0.078054298643
0.076923076923
0.105203619910
0.106334841629
0.084841628959
0.089366515837
0.088235294118
0.179864253394
0.204751131222
0.081447963801
0.106334841629
0.141402714932
0.126696832579
0.069004524887
0.074660633484
0.074660633484
0.101809954751
0.133484162896
0.178733031674
0.210407239819
0.219457013575
0.074660633484
0.074660633484
0.074660633484
