0.099270664506
0.099675850891
0.101296596434
0.103727714749
0.105753646677
0.105348460292
0.106158833063
0.106564019449
0.106564019449
0.106564019449
0.106564019449
0.106564019449
0.106564019449
0.106564019449
0.106564019449
0.106564019449
0.106969205835
0.106969205835
0.108184764992
0.108184764992
0.109400324149
0.113857374392
0.119529983793
0.127633711507
0.131685575365
0.142625607780
0.143435980551
0.149108589951
0.158427876823
0.159238249595
0.159643435981
0.161669367909
0.169367909238
0.171393841167
0.171393841167
0.168557536467
0.168557536467
0.166936790924
0.170178282010
0.170988654781
0.172204213938
0.172609400324
0.171799027553
0.171799027553
0.178687196110
0.183954619125
0.185170178282
0.188411669368
0.196920583468
0.202188006483
0.202998379254
0.204619124797
0.205024311183
0.205024311183
0.204213938412
0.200972447326
0.203403565640
0.208265802269
0.211912479741
0.216369529984
0.220826580227
0.220421393841
0.221231766613
0.220826580227
0.226094003241
0.224068071313
0.228119935170
0.228525121556
0.223662884927
0.219611021070
0.222852512156
0.222447325770
0.222042139384
0.223662884927
0.227309562399
0.223662884927
0.220016207455
0.220016207455
0.224473257699
0.226499189627
0.228930307942
0.227714748784
0.229335494327
0.228119935170
0.227714748784
0.223662884927
0.229740680713
0.226904376013
0.237439222042
0.220421393841
0.231361426256
0.218800648298
0.205834683955
0.152755267423
0.199756888169
0.263776337115
0.245542949757
0.239059967585
0.233792544571
0.232171799028
0.224878444084
0.220826580227
0.233387358185
0.224878444084
0.226499189627
0.222042139384
0.223662884927
0.219205834684
0.220016207455
0.217990275527
0.216774716370
0.217990275527
0.222852512156
0.228525121556
0.236223662885
0.262965964344
0.270664505673
0.267423014587
0.254457050243
0.249189627229
0.241085899514
0.230145867099
0.225688816856
0.223257698541
0.226499189627
0.231361426256
0.234602917342
0.240680713128
0.249594813614
0.252025931929
0.260129659643
0.265397082658
0.262965964344
0.265397082658
0.269043760130
0.266207455429
0.264586709887
0.263776337115
0.262965964344
0.264181523501
0.268638573744
0.269854132901
0.275526742301
0.284035656402
0.286466774716
0.293354943274
0.297406807131
0.301458670989
0.304700162075
0.308752025932
0.310372771475
0.310777957861
0.312803889789
0.309562398703
0.312398703404
0.315235008104
0.309157212318
0.224878444084
0.156807131280
0.147487844408
0.162074554295
0.154781199352
0.169367909238
0.189627228525
0.206645056726
0.215559157212
0.218800648298
0.222852512156
0.234602917342
0.238654781199
0.236223662885
0.233387358185
0.231766612642
0.233387358185
0.239465153971
0.250000000000
0.252836304700
0.251620745543
0.249594813614
0.238249594814
0.224878444084
0.205429497569
0.205834683955
0.201377633712
0.192463533225
0.185980551053
0.188006482982
0.189222042139
0.189222042139
0.188006482982
0.187196110211
0.181118314425
0.187601296596
0.191653160454
0.186385737439
0.185980551053
0.181523500810
0.175445705024
0.177066450567
0.179497568882
0.181523500810
0.190032414911
0.143030794165
0.104132901135
0.098055105348
0.091572123177
0.094408427877
0.098865478120
0.116693679092
0.148298217180
0.165721231767
0.170988654781
0.173419773096
0.169773095624
0.166936790924
0.168962722853
0.170178282010
0.168557536467
0.166126418152
0.168152350081
0.165721231767
0.169773095624
0.165721231767
0.162479740681
0.167747163695
0.169773095624
0.170178282010
0.172609400324
0.178687196110
0.177066450567
0.178282009724
0.177876823339
0.181523500810
0.187601296596
0.188816855754
0.195299837925
0.196110210697
0.177876823339
0.131685575365
0.101701782820
0.098865478120
0.167747163695
0.167747163695
0.161264181524
0.172609400324
0.176256077796
0.185980551053
0.204213938412
0.199756888169
0.196920583468
0.193273905997
0.192463533225
0.188006482982
0.181928687196
0.178687196110
0.173824959481
0.174635332253
0.170178282010
0.166531604538
0.150729335494
0.152755267423
0.099675850891
0.128849270665
0.148298217180
0.145867098865
0.147487844408
0.150729335494
0.165316045381
0.175040518639
0.179497568882
0.184359805511
0.192058346840
0.194084278768
0.198946515397
0.203808752026
0.207455429498
0.207050243112
0.203808752026
0.200972447326
0.199756888169
0.200972447326
0.203808752026
0.211102106969
0.213938411669
0.216369529984
0.220826580227
0.220421393841
0.222042139384
0.222852512156
0.226904376013
0.228119935170
0.233387358185
0.118719611021
0.140194489465
0.205024311183
0.208265802269
0.203403565640
0.198541329011
0.201782820097
0.209076175041
0.215153970827
0.223257698541
0.230145867099
0.230956239870
0.225688816856
0.225283630470
0.222042139384
0.224068071313
0.226904376013
0.228119935170
0.231361426256
0.232171799028
0.229740680713
0.232576985413
0.232171799028
0.232982171799
0.231766612642
0.232171799028
0.234602917342
0.235413290113
0.238654781199
0.238249594814
0.238654781199
0.238249594814
0.242301458671
0.240275526742
0.237439222042
0.240680713128
0.244327390600
0.243517017828
0.243922204214
0.245137763371
0.245137763371
0.245948136143
0.245137763371
0.247163695300
0.250405186386
0.255267423015
0.257698541329
0.259724473258
0.262155591572
0.261345218801
0.264991896272
0.263776337115
0.267017828201
0.267017828201
0.267017828201
0.268638573744
0.268233387358
0.270259319287
0.269043760130
0.267423014587
0.269854132901
0.273905996759
0.273905996759
0.272690437601
0.272285251216
0.273905996759
0.277957860616
0.273500810373
0.275526742301
0.271880064830
0.278768233387
0.271880064830
0.276742301459
0.256888168558
0.267423014587
0.220016207455
0.262560777958
0.264991896272
0.275526742301
0.277147487844
0.277147487844
0.277147487844
0.279173419773
0.281604538088
0.284035656402
0.280794165316
0.284440842788
0.284846029173
0.284846029173
0.284035656402
0.282820097245
0.284440842788
0.282820097245
0.282414910859
0.284846029173
0.279173419773
0.281604538088
0.283225283630
0.283225283630
0.281604538088
0.281199351702
0.283225283630
0.285656401945
0.291329011345
0.292139384117
0.293354943274
0.294570502431
0.299027552674
0.300243111831
0.299027552674
0.299432739060
0.298622366288
0.301863857374
0.306320907618
0.307941653160
0.306320907618
0.306320907618
0.310372771475
0.310372771475
0.316450567261
0.322933549433
0.324959481361
0.327795786062
0.330226904376
0.332658022690
0.339141004862
0.342787682334
0.344003241491
0.348865478120
0.352106969206
0.352106969206
0.352512155592
0.356564019449
0.352512155592
0.358995137763
0.339951377634
0.329416531605
0.209481361426
0.296191247974
0.290518638574
0.323338735818
0.330226904376
0.338735818476
0.344003241491
0.341166936791
0.340761750405
0.339951377634
0.336304700162
0.333873581848
0.326985413290
0.326175040519
0.324959481361
0.322528363047
0.321717990276
0.317666126418
0.316450567261
0.317260940032
0.316855753647
0.323338735818
0.325769854133
0.329821717990
0.337115072934
0.341572123177
0.343598055105
0.347244732577
0.348865478120
0.352917341977
0.353322528363
0.358589951378
0.361426256078
0.359805510535
0.360615883306
0.360615883306
0.358589951378
0.354943273906
0.358589951378
0.355753646677
0.351701782820
0.352512155592
0.356158833063
0.355348460292
0.354132901135
0.359400324149
0.363047001621
0.364262560778
0.366288492707
0.369529983793
0.369529983793
0.372366288493
0.373581847650
0.376418152350
0.380470016207
0.379659643436
0.377228525122
0.380470016207
0.380875202593
0.382495948136
0.382495948136
0.384927066451
0.385737439222
0.390599675851
0.390194489465
0.392220421394
0.390194489465
0.389789303079
0.394651539708
0.396272285251
0.399108589951
0.398298217180
0.398298217180
0.396272285251
0.395461912480
0.397487844408
0.399918962723
0.400324149109
0.395461912480
0.393030794165
0.391815235008
0.392220421394
0.389789303079
0.390194489465
0.391815235008
0.394246353323
0.395461912480
0.397487844408
0.401539708266
0.401944894652
0.403160453809
0.404376012966
0.404781199352
0.405996758509
0.406807131280
0.406807131280
0.405591572123
0.406807131280
0.407212317666
0.410048622366
0.409238249595
0.408833063209
0.409643435981
0.411264181524
0.413290113452
0.411264181524
0.411669367909
0.410048622366
0.411669367909
0.412479740681
0.414100486224
0.413695299838
0.415316045381
0.414100486224
0.415316045381
0.416531604538
0.417341977310
0.416936790924
0.417747163695
0.420583468395
0.423419773096
0.427066450567
0.427876823339
0.432333873582
0.438006482982
0.439627228525
0.437601296596
0.440842787682
0.438006482982
0.440842787682
0.433954619125
0.440842787682
0.440842787682
0.439627228525
0.440437601297
0.442058346840
0.440032414911
0.444084278768
0.435575364668
0.437601296596
0.433144246353
0.431118314425
0.412884927066
0.407212317666
0.390599675851
0.433144246353
0.442463533225
0.446515397083
0.442463533225
0.445299837925
0.447730956240
0.447730956240
0.449351701783
0.446920583468
0.446920583468
0.444894651540
0.443273905997
0.439222042139
0.440437601297
0.440437601297
0.440842787682
0.446920583468
0.446110210697
0.447730956240
0.450972447326
0.451377633712
0.455024311183
0.453808752026
0.456239870340
0.456645056726
0.459481361426
0.455834683955
0.459886547812
0.450162074554
0.444084278768
0.345218800648
0.299837925446
0.271069692058
0.238654781199
0.250405186386
0.280388978930
0.284846029173
0.272690437601
0.270664505673
0.279173419773
0.291734197731
0.290518638574
0.290518638574
0.284440842788
0.283225283630
0.279173419773
0.279983792545
0.279578606159
0.279578606159
0.287682333874
0.297001620746
0.299837925446
0.304700162075
0.313614262561
0.318881685575
0.317666126418
0.318476499190
0.319286871961
0.320097244733
0.323338735818
0.323743922204
0.327795786062
0.331037277147
0.328200972447
0.323338735818
0.240680713128
0.331037277147
0.275526742301
0.328606158833
0.326580226904
0.328200972447
0.335089141005
0.339546191248
0.344813614263
0.343598055105
0.338330632091
0.339951377634
0.343598055105
0.346029173420
0.348865478120
0.351296596434
0.347649918963
0.345623987034
0.346029173420
0.354538087520
0.354943273906
0.361021069692
0.359400324149
0.363452188006
0.359805510535
0.363452188006
0.358184764992
0.365883306321
0.291329011345
0.264586709887
0.252431118314
0.264181523501
0.262155591572
0.272690437601
0.297406807131
0.327390599676
0.342382495948
0.353322528363
0.339141004862
0.321717990276
0.320502431118
0.324149108590
0.327795786062
0.334683954619
0.341977309562
0.353727714749
0.363452188006
0.371555915721
0.376823338736
0.379254457050
0.378444084279
0.380064829822
0.379254457050
0.383711507293
0.382901134522
0.388978930308
0.388573743922
0.391410048622
0.392220421394
0.395867098865
0.395461912480
0.399513776337
0.402755267423
0.401134521880
0.401539708266
0.401134521880
0.397487844408
0.401944894652
0.402755267423
0.406401944895
0.403160453809
0.403970826580
0.404376012966
0.402755267423
0.403160453809
0.404376012966
0.408833063209
0.412074554295
0.414505672609
0.416531604538
0.416531604538
0.418557536467
0.420988654781
0.422204213938
0.423014586710
0.425040518639
0.426661264182
0.429497568882
0.431118314425
0.433144246353
0.432333873582
0.434359805511
0.435575364668
0.438006482982
0.435170178282
0.437601296596
0.438816855754
0.439627228525
0.439222042139
0.442868719611
0.442868719611
0.446920583468
0.449351701783
0.450972447326
0.449351701783
0.446515397083
0.445705024311
0.446515397083
0.448541329011
0.449351701783
0.452998379254
0.452188006483
0.454213938412
0.455834683955
0.460696920583
0.457050243112
0.464748784441
0.452188006483
0.459886547812
0.450567260940
0.457050243112
0.444084278768
0.431118314425
0.406401944895
0.422609400324
0.452593192869
0.461102106969
0.457050243112
0.456239870340
0.456645056726
0.458265802269
0.459076175041
0.460291734198
0.459076175041
0.459076175041
0.460291734198
0.461102106969
0.463533225284
0.467179902755
0.467179902755
0.466369529984
0.469205834684
0.469611021070
0.470826580227
0.471636952998
0.472447325770
0.473257698541
0.474878444084
0.474473257699
0.478930307942
0.477714748784
0.474473257699
0.472852512156
0.475283630470
0.474068071313
0.479335494327
0.479740680713
0.481361426256
0.485413290113
0.489870340357
0.489465153971
0.487034035656
0.489870340357
0.489059967585
0.491491085900
0.497163695300
0.494327390600
0.493517017828
0.493517017828
0.490680713128
0.482576985413
0.474878444084
0.418962722853
0.384927066451
0.376823338736
0.468800648298
0.489059967585
0.488249594814
0.490680713128
0.490275526742
0.490680713128
0.487034035656
0.476499189627
0.470826580227
0.466774716370
0.465559157212
0.466774716370
0.467179902755
0.472447325770
0.476499189627
0.479335494327
0.479335494327
0.482171799028
0.482982171799
0.482982171799
0.482982171799
0.457860615883
0.409238249595
0.369935170178
0.418962722853
0.447325769854
0.478525121556
0.485413290113
0.488654781199
0.487034035656
0.483387358185
0.476499189627
0.479740680713
0.482982171799
0.478119935170
0.471231766613
0.465153970827
0.461102106969
0.455429497569
0.451782820097
0.452998379254
0.461507293355
0.473662884927
0.478525121556
0.487034035656
0.490275526742
0.500000000000
0.502431118314
0.499594813614
0.501215559157
0.509319286872
0.507293354943
0.508103727715
0.506888168558
0.505267423015
0.505267423015
0.501620745543
0.500810372771
0.496758508914
0.493111831442
0.488654781199
0.482576985413
0.482982171799
0.484197730956
0.488249594814
0.495542949757
0.499189627229
0.500810372771
0.504457050243
0.506482982172
0.502836304700
0.505267423015
0.486628849271
0.433549432739
0.408022690438
0.472042139384
0.487439222042
0.494732576985
0.504862236629
0.495137763371
0.491085899514
0.490680713128
0.484197730956
0.485008103728
0.489465153971
0.491896272285
0.493517017828
0.499594813614
0.505267423015
0.504457050243
0.512560777958
0.519043760130
0.519448946515
0.519854132901
0.519854132901
0.521880064830
0.518638573744
0.519448946515
0.517828200972
0.520259319287
0.521474878444
0.521880064830
0.521880064830
0.517423014587
0.515802269044
0.516612641815
0.510940032415
0.418962722853
0.327795786062
0.282414910859
0.380064829822
0.463938411669
0.483387358185
0.479740680713
0.470826580227
0.475688816856
0.477309562399
0.474878444084
0.473662884927
0.472852512156
0.471636952998
0.461912479741
0.455024311183
0.450162074554
0.439627228525
0.434359805511
0.426661264182
0.420988654781
0.420178282010
0.422609400324
0.422204213938
0.426256077796
0.438816855754
0.448541329011
0.451782820097
0.461102106969
0.469611021070
0.477714748784
0.486223662885
0.493922204214
0.499594813614
0.503646677472
0.506482982172
0.504862236629
0.499594813614
0.495542949757
0.491491085900
0.488654781199
0.488654781199
0.488249594814
0.486628849271
0.486223662885
0.482171799028
0.481766612642
0.482576985413
0.480551053485
0.476499189627
0.476094003241
0.474473257699
0.478525121556
0.478525121556
0.486628849271
0.484197730956
0.490275526742
0.416531604538
0.406401944895
0.396272285251
0.467585089141
0.477714748784
0.476499189627
0.479740680713
0.478930307942
0.478930307942
0.479335494327
0.476094003241
0.478119935170
0.476499189627
0.476499189627
0.471636952998
0.471231766613
0.466369529984
0.465153970827
0.467990275527
0.470016207455
0.470016207455
0.475283630470
0.477714748784
0.482576985413
0.487034035656
0.492301458671
0.494732576985
0.493922204214
0.495948136143
0.503241491086
0.504457050243
0.505672609400
0.505672609400
0.504051863857
0.505267423015
0.509724473258
0.510534846029
0.510129659643
0.510129659643
0.509724473258
0.508914100486
0.509724473258
0.512965964344
0.512560777958
0.512965964344
0.516207455429
0.519854132901
0.525121555916
0.526742301459
0.524716369530
0.527552674230
0.529173419773
0.529173419773
0.530388978930
0.532009724473
0.532820097245
0.529173419773
0.535251215559
0.527957860616
0.529983792545
0.493922204214
0.438411669368
0.385332252836
0.426661264182
0.459886547812
0.443679092382
0.491491085900
0.492301458671
0.495542949757
0.489059967585
0.489465153971
0.497163695300
0.497974068071
0.497163695300
0.500810372771
0.496758508914
0.498784440843
0.503241491086
0.508914100486
0.514181523501
0.520259319287
0.520259319287
0.522285251216
0.521880064830
0.525121555916
0.525931928687
0.527552674230
0.528768233387
0.533630470016
0.531604538088
0.531199351702
0.531199351702
0.529983792545
0.525121555916
0.523095623987
0.525931928687
0.528768233387
0.530388978930
0.529983792545
0.529578606159
0.532414910859
0.534440842788
0.532009724473
0.532820097245
0.538492706645
0.537277147488
0.540923824959
0.539708265802
0.541734197731
0.541734197731
0.542949756888
0.543760129660
0.544165316045
0.544165316045
0.545786061588
0.547001620746
0.547001620746
0.551053484603
0.551458670989
0.555510534846
0.554700162075
0.551458670989
0.515397082658
0.440437601297
0.413290113452
0.460696920583
0.538897893031
0.555915721232
0.565640194489
0.566855753647
0.557131280389
0.552674230146
0.546596434360
0.546191247974
0.540923824959
0.536061588331
0.535251215559
0.536061588331
0.536466774716
0.538897893031
0.538087520259
0.540923824959
0.543760129660
0.549027552674
0.551458670989
0.556320907618
0.557536466775
0.561993517018
0.566450567261
0.561993517018
0.559157212318
0.557536466775
0.555510534846
0.550648298217
0.550648298217
0.549837925446
0.555915721232
0.558752025932
0.562803889789
0.561993517018
0.564019448947
0.563209076175
0.567666126418
0.572528363047
0.575364667747
0.577795786062
0.575364667747
0.577795786062
0.582658022690
0.584683954619
0.583468395462
0.581847649919
0.582252836305
0.581847649919
0.582658022690
0.583468395462
0.586709886548
0.588330632091
0.582252836305
0.584278768233
0.574149108590
0.543354943274
0.487844408428
0.457050243112
0.544165316045
0.571717990276
0.579821717990
0.590761750405
0.589951377634
0.586304700162
0.576175040519
0.572528363047
0.564019448947
0.566450567261
0.567666126418
0.572528363047
0.579416531605
0.588330632091
0.594408427877
0.602512155592
0.603727714749
0.603727714749
0.604132901135
0.606969205835
0.599675850891
0.604132901135
0.514586709887
0.451782820097
0.334683954619
0.433954619125
0.465964343598
0.519043760130
0.549027552674
0.558346839546
0.569286871961
0.565640194489
0.568881685575
0.559967585089
0.546596434360
0.538087520259
0.531604538088
0.528768233387
0.526742301459
0.526742301459
0.532820097245
0.537682333874
0.545786061588
0.554700162075
0.566045380875
0.572123176661
0.572933549433
0.571717990276
0.576580226904
0.574554294976
0.578200972447
0.577390599676
0.578200972447
0.582252836305
0.586304700162
0.588735818476
0.589141004862
0.591166936791
0.593192868720
0.594408427877
0.598055105348
0.600081037277
0.599270664506
0.601701782820
0.599675850891
0.593192868720
0.591572123177
0.570097244733
0.555915721232
0.544165316045
0.572933549433
0.595623987034
0.594813614263
0.598055105348
0.587520259319
0.577795786062
0.564424635332
0.572528363047
0.579821717990
0.592382495948
0.595218800648
0.600081037277
0.598865478120
0.601701782820
0.601701782820
0.598460291734
0.599270664506
0.600891410049
0.602106969206
0.604132901135
0.604943273906
0.605753646677
0.604943273906
0.604943273906
0.607374392220
0.609400324149
0.611831442464
0.611021069692
0.611831442464
0.611426256078
0.613047001621
0.613857374392
0.615072933549
0.614667747164
0.615478119935
0.614667747164
0.617098865478
0.620745542950
0.615883306321
0.619124797407
0.613047001621
0.612641815235
0.490275526742
0.374797406807
0.360210696921
0.292139384117
0.350891410049
0.342382495948
0.406807131280
0.405591572123
0.382495948136
0.363452188006
0.350486223663
0.361426256078
0.372771474878
0.385737439222
0.402350081037
0.414100486224
0.419367909238
0.408833063209
0.404376012966
0.399918962723
0.399918962723
0.401134521880
0.399513776337
0.402350081037
0.403160453809
0.411264181524
0.414100486224
0.423824959481
0.434359805511
0.433549432739
0.443679092382
0.446110210697
0.445705024311
0.450972447326
0.451782820097
0.449351701783
0.440032414911
0.434359805511
0.432739059968
0.432333873582
0.427066450567
0.428687196110
0.436385737439
0.437601296596
0.443273905997
0.445299837925
0.456239870340
0.459886547812
0.463938411669
0.461912479741
0.463533225284
0.465964343598
0.469611021070
0.470016207455
0.462722852512
0.451782820097
0.403970826580
0.317260940032
0.349675850891
0.370745542950
0.419367909238
0.405996758509
0.407212317666
0.411264181524
0.412074554295
0.412884927066
0.408833063209
0.398703403566
0.401134521880
0.407617504052
0.408833063209
0.411264181524
0.422609400324
0.430713128039
0.439222042139
0.446110210697
0.455024311183
0.456645056726
0.465559157212
0.467585089141
0.473662884927
0.476904376013
0.483792544571
0.486628849271
0.487439222042
0.488654781199
0.490275526742
0.487439222042
0.483792544571
0.484197730956
0.481766612642
0.478525121556
0.476904376013
0.476499189627
0.477309562399
0.478119935170
0.481766612642
0.482982171799
0.488249594814
0.494327390600
0.498379254457
0.501215559157
0.503241491086
0.507293354943
0.508508914100
0.508508914100
0.508508914100
0.511750405186
0.514991896272
0.515802269044
0.512155591572
0.513371150729
0.510940032415
0.511345218801
0.514181523501
0.517423014587
0.517423014587
0.517828200972
0.519043760130
0.520259319287
0.518638573744
0.522285251216
0.523095623987
0.524716369530
0.527147487844
0.523905996759
0.523905996759
0.522690437601
0.523095623987
0.521880064830
0.527957860616
0.525526742301
0.527957860616
0.523905996759
0.525121555916
0.527957860616
0.532009724473
0.535251215559
0.535656401945
0.544570502431
0.535251215559
0.541329011345
0.505267423015
0.442463533225
0.341977309562
0.395461912480
0.470826580227
0.521069692058
0.513776337115
0.504457050243
0.520259319287
0.521069692058
0.514991896272
0.514586709887
0.512560777958
0.503241491086
0.490275526742
0.476904376013
0.475283630470
0.475688816856
0.485008103728
0.496758508914
0.502025931929
0.511750405186
0.525931928687
0.540923824959
0.550648298217
0.551053484603
0.553889789303
0.554294975689
0.553889789303
0.558346839546
0.555105348460
0.551863857374
0.551863857374
0.549432739060
0.548217179903
0.545380875203
0.546191247974
0.548622366288
0.549027552674
0.548622366288
0.551458670989
0.554700162075
0.559967585089
0.559157212318
0.562803889789
0.566045380875
0.566450567261
0.566855753647
0.568881685575
0.575364667747
0.559967585089
0.532820097245
0.440842787682
0.361021069692
0.287277147488
0.326175040519
0.386142625608
0.388168557536
0.370340356564
0.365072933549
0.367504051864
0.377633711507
0.379254457050
0.381685575365
0.393030794165
0.405996758509
0.411264181524
0.416936790924
0.418962722853
0.418962722853
0.412479740681
0.410048622366
0.405186385737
0.401539708266
0.394246353323
0.397487844408
0.401944894652
0.411669367909
0.418152350081
0.426661264182
0.429902755267
0.442463533225
0.450162074554
0.453403565640
0.459481361426
0.462317666126
0.459481361426
0.462722852512
0.460291734198
0.455024311183
0.452188006483
0.454619124797
0.454619124797
0.458670988655
0.456645056726
0.460291734198
0.464748784441
0.463533225284
0.469611021070
0.469611021070
0.472042139384
0.475283630470
0.480551053485
0.485413290113
0.491085899514
0.486223662885
0.491491085900
0.491085899514
0.498784440843
0.491491085900
0.493517017828
0.455834683955
0.469611021070
0.411264181524
0.495948136143
0.508103727715
0.514181523501
0.510129659643
0.505672609400
0.507293354943
0.509724473258
0.511345218801
0.515802269044
0.517423014587
0.521880064830
0.527147487844
0.526337115073
0.531604538088
0.528363047002
0.528768233387
0.525931928687
0.529173419773
0.528768233387
0.527552674230
0.529173419773
0.529983792545
0.534846029173
0.533630470016
0.532820097245
0.532820097245
0.536871961102
0.536061588331
0.536061588331
0.540113452188
0.541329011345
0.542949756888
0.543354943274
0.546191247974
0.542544570502
0.544570502431
0.544165316045
0.544975688817
0.539303079417
0.544165316045
0.546596434360
0.551053484603
0.546191247974
0.548622366288
0.545380875203
0.551863857374
0.544165316045
0.551458670989
0.536061588331
0.508508914100
0.467179902755
0.278363047002
0.357374392220
0.484197730956
0.470016207455
0.482171799028
0.476094003241
0.462317666126
0.458265802269
0.449351701783
0.442058346840
0.443273905997
0.443273905997
0.443679092382
0.438816855754
0.444894651540
0.440842787682
0.442463533225
0.444489465154
0.450972447326
0.454619124797
0.454213938412
0.454213938412
0.457860615883
0.470421393841
0.479335494327
0.485818476499
0.493922204214
0.495137763371
0.502431118314
0.510129659643
0.516612641815
0.516207455429
0.526742301459
0.521880064830
0.519854132901
0.520664505673
0.521069692058
0.518638573744
0.520664505673
0.523095623987
0.517017828201
0.513371150729
0.513371150729
0.514586709887
0.512560777958
0.513371150729
0.512155591572
0.515397082658
0.519448946515
0.519854132901
0.523500810373
0.524311183144
0.530388978930
0.535656401945
0.540923824959
0.545380875203
0.547001620746
0.549432739060
0.549837925446
0.548622366288
0.551863857374
0.546191247974
0.545380875203
0.523905996759
0.497568881686
0.465559157212
0.529983792545
0.540518638574
0.557536466775
0.548622366288
0.548217179903
0.537277147488
0.540518638574
0.543760129660
0.558752025932
0.561183144246
0.567260940032
0.570502431118
0.572123176661
0.573338735818
0.575769854133
0.572933549433
0.574149108590
0.570907617504
0.571717990276
0.572933549433
0.575769854133
0.576580226904
0.579416531605
0.580226904376
0.582658022690
0.582658022690
0.583873581848
0.581847649919
0.581037277147
0.580632090762
0.581442463533
0.580226904376
0.581442463533
0.583063209076
0.587115072934
0.590761750405
0.588735818476
0.588735818476
0.590761750405
0.594003241491
0.594408427877
0.597649918963
0.598865478120
0.597649918963
0.597244732577
0.597649918963
0.598460291734
0.603727714749
0.601296596434
0.601296596434
0.602917341977
0.599270664506
0.601296596434
0.602917341977
0.604538087520
0.607779578606
0.606564019449
0.605348460292
0.600081037277
0.590761750405
0.525526742301
0.515397082658
0.452998379254
0.508508914100
0.560777957861
0.574959481361
0.586304700162
0.594813614263
0.596029173420
0.596029173420
0.595623987034
0.594003241491
0.591166936791
0.594813614263
0.596434359806
0.591572123177
0.592787682334
0.591572123177
0.587925445705
0.586709886548
0.589951377634
0.591572123177
0.594408427877
0.596434359806
0.596839546191
0.594003241491
0.597649918963
0.542949756888
0.482982171799
0.325364667747
0.530388978930
0.581847649919
0.585089141005
0.589546191248
0.574959481361
0.587925445705
0.568881685575
0.559562398703
0.549432739060
0.547001620746
0.541734197731
0.540113452188
0.544975688817
0.545380875203
0.558752025932
0.566045380875
0.576175040519
0.580632090762
0.587520259319
0.589546191248
0.585089141005
0.582252836305
0.579821717990
0.582252836305
0.584683954619
0.585494327391
0.586304700162
0.589141004862
0.593598055105
0.600891410049
0.603727714749
0.601296596434
0.604132901135
0.599270664506
0.596839546191
0.561183144246
0.526337115073
0.480956239870
0.530794165316
0.548622366288
0.586709886548
0.595218800648
0.598865478120
0.606158833063
0.608184764992
0.607374392220
0.609400324149
0.601296596434
0.603727714749
0.605348460292
0.603322528363
0.603727714749
0.604132901135
0.604538087520
0.602917341977
0.604538087520
0.606564019449
0.609400324149
0.611426256078
0.613047001621
0.614667747164
0.616693679092
0.617504051864
0.618719611021
0.620340356564
0.622366288493
0.626012965964
0.622771474878
0.623176661264
0.623176661264
0.619935170178
0.620340356564
0.623581847650
0.626012965964
0.630470016207
0.630064829822
0.630470016207
0.630875202593
0.630470016207
0.631685575365
0.630064829822
0.632901134522
0.630064829822
0.634116693679
0.627228525122
0.639384116694
0.627633711507
0.640194489465
0.615883306321
0.636142625608
0.581442463533
0.602106969206
0.570097244733
0.636952998379
0.629659643436
0.638168557536
0.631685575365
0.633711507293
0.634521880065
0.636142625608
0.633306320908
0.635332252836
0.632495948136
0.637763371151
0.635737439222
0.638978930308
0.644651539708
0.641815235008
0.642625607780
0.644246353323
0.643435980551
0.645461912480
0.646272285251
0.647487844408
0.650324149109
0.651944894652
0.651944894652
0.653565640194
0.653160453809
0.652755267423
0.651944894652
0.653160453809
0.641815235008
0.603322528363
0.493517017828
0.329011345219
0.342787682334
0.413695299838
0.433954619125
0.485008103728
0.508103727715
0.503241491086
0.504457050243
0.506482982172
0.514586709887
0.513371150729
0.504051863857
0.500000000000
0.492301458671
0.490680713128
0.483387358185
0.484602917342
0.484197730956
0.481766612642
0.483387358185
0.490680713128
0.495137763371
0.503241491086
0.514586709887
0.521474878444
0.529983792545
0.536466774716
0.544165316045
0.543760129660
0.540923824959
0.549837925446
0.543760129660
0.543354943274
0.539708265802
0.535251215559
0.540518638574
0.509319286872
0.445705024311
0.485818476499
0.537682333874
0.564424635332
0.570097244733
0.579011345219
0.575769854133
0.567666126418
0.566855753647
0.570907617504
0.577795786062
0.581037277147
0.583873581848
0.586709886548
0.588735818476
0.592382495948
0.593598055105
0.595623987034
0.598460291734
0.600081037277
0.602917341977
0.601296596434
0.603322528363
0.602917341977
0.604132901135
0.608589951378
0.609400324149
0.604943273906
0.604943273906
0.602917341977
0.605753646677
0.608184764992
0.610615883306
0.612236628849
0.613047001621
0.613452188006
0.606158833063
0.568476499190
0.449351701783
0.403565640194
0.510534846029
0.555105348460
0.578606158833
0.572933549433
0.574959481361
0.570502431118
0.569286871961
0.559967585089
0.561183144246
0.562803889789
0.564424635332
0.564424635332
0.567260940032
0.568476499190
0.576175040519
0.581847649919
0.582658022690
0.584683954619
0.581037277147
0.581037277147
0.577390599676
0.578200972447
0.576175040519
0.580226904376
0.583468395462
0.588735818476
0.589546191248
0.585899513776
0.581847649919
0.584278768233
0.583873581848
0.583063209076
0.584683954619
0.582658022690
0.586304700162
0.583873581848
0.587115072934
0.593598055105
0.595623987034
0.598055105348
0.599675850891
0.599270664506
0.601701782820
0.601296596434
0.600486223663
0.602512155592
0.604538087520
0.604538087520
0.608589951378
0.612641815235
0.614262560778
0.614667747164
0.613857374392
0.615883306321
0.614262560778
0.615883306321
0.618719611021
0.623581847650
0.626012965964
0.629254457050
0.627228525122
