0.097172236504
0.098200514139
0.096143958869
0.096143958869
0.095115681234
0.092030848329
0.092030848329
0.092030848329
0.092544987147
0.092544987147
0.092544987147
0.092544987147
0.092544987147
0.092544987147
0.092544987147
0.092544987147
0.092544987147
0.092544987147
0.092544987147
0.094087403599
0.094601542416
0.096143958869
0.098714652956
0.105398457584
0.112082262211
0.125449871465
0.133676092545
0.136760925450
0.140874035990
0.143958868895
0.148071979434
0.150642673522
0.153213367609
0.152699228792
0.150642673522
0.153213367609
0.155784061697
0.156812339332
0.158868894602
0.159897172237
0.157840616967
0.159383033419
0.161439588689
0.165038560411
0.174807197943
0.180976863753
0.188174807198
0.187660668380
0.193830334190
0.200514138817
0.208226221080
0.208740359897
0.214910025707
0.216966580977
0.223136246787
0.224164524422
0.226221079692
0.228791773779
0.233419023136
0.237532133676
0.235989717224
0.236503856041
0.230334190231
0.232390745501
0.234447300771
0.235989717224
0.233933161954
0.227763496144
0.221079691517
0.221079691517
0.222622107969
0.221079691517
0.224678663239
0.230334190231
0.230848329049
0.231876606684
0.231876606684
0.235989717224
0.235475578406
0.232904884319
0.233933161954
0.238560411311
0.241645244216
0.243701799486
0.247300771208
0.250385604113
0.252956298201
0.256555269923
0.263239074550
0.261696658098
0.240616966581
0.252956298201
0.202056555270
0.176349614396
0.162982005141
0.201028277635
0.229820051414
0.228791773779
0.234961439589
0.231362467866
0.233419023136
0.238560411311
0.247300771208
0.251413881748
0.246272493573
0.242159383033
0.242673521851
0.241645244216
0.242673521851
0.240102827763
0.239588688946
0.240616966581
0.244730077121
0.242673521851
0.233933161954
0.232390745501
0.228791773779
0.232904884319
0.241645244216
0.239588688946
0.241645244216
0.237532133676
0.229820051414
0.230334190231
0.229820051414
0.231876606684
0.238046272494
0.240616966581
0.247300771208
0.248843187661
0.251928020566
0.260668380463
0.262210796915
0.263753213368
0.266838046272
0.268894601542
0.263753213368
0.262210796915
0.263753213368
0.264781491003
0.268894601542
0.271979434447
0.271979434447
0.271979434447
0.270437017995
0.275064267352
0.280205655527
0.280205655527
0.281233933162
0.285347043702
0.286375321337
0.289974293059
0.288431876607
0.297172236504
0.296658097686
0.300771208226
0.274035989717
0.224164524422
0.163496143959
0.196915167095
0.214910025707
0.208226221080
0.215424164524
0.197943444730
0.191259640103
0.154755784062
0.140359897172
0.134704370180
0.139845758355
0.141902313625
0.141388174807
0.142930591260
0.142416452442
0.144473007712
0.147043701799
0.154241645244
0.153213367609
0.150128534704
0.151156812339
0.149614395887
0.156298200514
0.164524421594
0.165552699229
0.162467866324
0.178406169666
0.179434447301
0.183547557841
0.191259640103
0.196915167095
0.199485861183
0.200514138817
0.200000000000
0.200514138817
0.199485861183
0.196401028278
0.198457583548
0.192802056555
0.194344473008
0.192287917738
0.192802056555
0.190745501285
0.184575835476
0.138817480720
0.132647814910
0.126478149100
0.111053984576
0.114138817481
0.126992287918
0.154241645244
0.158868894602
0.142416452442
0.139331619537
0.142416452442
0.151670951157
0.154755784062
0.163496143959
0.164010282776
0.165552699229
0.170694087404
0.173264781491
0.174807197943
0.179434447301
0.183033419023
0.179434447301
0.175835475578
0.176349614396
0.173264781491
0.178920308483
0.180462724936
0.173264781491
0.177377892031
0.178406169666
0.180462724936
0.182005141388
0.185089974293
0.186118251928
0.192287917738
0.180462724936
0.158868894602
0.124935732648
0.103856041131
0.148586118252
0.151156812339
0.156812339332
0.167609254499
0.173264781491
0.174293059126
0.172236503856
0.167609254499
0.161953727506
0.164010282776
0.170694087404
0.165552699229
0.165038560411
0.180462724936
0.188174807198
0.194858611825
0.192802056555
0.177892030848
0.165038560411
0.134190231362
0.118766066838
0.154755784062
0.160411311054
0.146529562982
0.152185089974
0.154241645244
0.168123393316
0.172236503856
0.168637532134
0.171208226221
0.176349614396
0.181491002571
0.184061696658
0.188174807198
0.189203084833
0.192802056555
0.196401028278
0.198971722365
0.203084832905
0.207197943445
0.209254498715
0.209768637532
0.211825192802
0.219537275064
0.220051413882
0.221079691517
0.225706940874
0.230848329049
0.238560411311
0.240102827763
0.194344473008
0.153213367609
0.105912596401
0.193830334190
0.196915167095
0.191773778920
0.193830334190
0.195372750643
0.197943444730
0.195372750643
0.203598971722
0.212339331620
0.220565552699
0.227763496144
0.234447300771
0.235475578406
0.237532133676
0.238560411311
0.245758354756
0.239588688946
0.235475578406
0.235475578406
0.237017994859
0.236503856041
0.235989717224
0.233419023136
0.238560411311
0.238560411311
0.243701799486
0.242673521851
0.244730077121
0.245244215938
0.251413881748
0.262210796915
0.262724935733
0.259640102828
0.258097686375
0.259125964010
0.259125964010
0.261182519280
0.260668380463
0.262210796915
0.261182519280
0.261696658098
0.257069408740
0.260154241645
0.261182519280
0.262210796915
0.261696658098
0.261696658098
0.261182519280
0.261696658098
0.262724935733
0.260154241645
0.263753213368
0.268894601542
0.272493573265
0.272493573265
0.278149100257
0.281748071979
0.282262210797
0.286375321337
0.288431876607
0.291516709512
0.290488431877
0.290488431877
0.291516709512
0.292544987147
0.297686375321
0.296143958869
0.301285347044
0.297686375321
0.298200514139
0.297172236504
0.285861182519
0.261696658098
0.245758354756
0.269408740360
0.292544987147
0.306426735219
0.301285347044
0.300257069409
0.300257069409
0.301285347044
0.303341902314
0.303856041131
0.306940874036
0.306940874036
0.307455012853
0.312082262211
0.315681233933
0.317223650386
0.320822622108
0.321336760925
0.324935732648
0.328534704370
0.328020565553
0.324935732648
0.326478149100
0.325964010283
0.324421593830
0.327506426735
0.325964010283
0.322365038560
0.319280205656
0.321336760925
0.322365038560
0.322879177378
0.322365038560
0.324421593830
0.326992287918
0.329048843188
0.324935732648
0.331105398458
0.329562982005
0.330077120823
0.330591259640
0.332647814910
0.332647814910
0.335732647815
0.334704370180
0.337275064267
0.341388174807
0.341388174807
0.344987146530
0.343958868895
0.346015424165
0.342416452442
0.338303341902
0.341902313625
0.346529562982
0.349100257069
0.349614395887
0.348071979434
0.355269922879
0.346015424165
0.357840616967
0.303856041131
0.248329048843
0.251413881748
0.261182519280
0.317223650386
0.328534704370
0.337789203085
0.340874035990
0.336760925450
0.337789203085
0.335218508997
0.329048843188
0.332133676093
0.335732647815
0.330591259640
0.321850899743
0.322879177378
0.325964010283
0.325449871465
0.328020565553
0.329048843188
0.333161953728
0.337789203085
0.340359897172
0.335732647815
0.338817480720
0.336760925450
0.336760925450
0.330591259640
0.337275064267
0.336246786632
0.339845758355
0.341902313625
0.343958868895
0.341902313625
0.338817480720
0.340359897172
0.338303341902
0.339845758355
0.342416452442
0.348586118252
0.351156812339
0.353727506427
0.353213367609
0.360925449871
0.364524421594
0.366066838046
0.370694087404
0.376349614396
0.379434447301
0.375835475578
0.382005141388
0.384061696658
0.385604113111
0.385604113111
0.384061696658
0.384061696658
0.385089974293
0.383033419023
0.383547557841
0.382519280206
0.388688946015
0.388174807198
0.388688946015
0.389717223650
0.386632390746
0.387146529563
0.387146529563
0.389717223650
0.389203084833
0.386632390746
0.385089974293
0.383033419023
0.384061696658
0.383033419023
0.379948586118
0.380976863753
0.381491002571
0.380976863753
0.381491002571
0.382005141388
0.383547557841
0.384575835476
0.386632390746
0.388688946015
0.389717223650
0.392802056555
0.393830334190
0.394344473008
0.393830334190
0.395372750643
0.395886889460
0.398971722365
0.400514138817
0.401028277635
0.404627249357
0.407712082262
0.409254498715
0.410282776350
0.409254498715
0.406683804627
0.409768637532
0.408226221080
0.409768637532
0.411825192802
0.412339331620
0.412853470437
0.413881748072
0.412853470437
0.410282776350
0.413367609254
0.412339331620
0.411825192802
0.410282776350
0.411311053985
0.411825192802
0.413367609254
0.414910025707
0.413367609254
0.413367609254
0.414910025707
0.415424164524
0.415424164524
0.415938303342
0.415424164524
0.415938303342
0.415938303342
0.418508997429
0.423136246787
0.424164524422
0.431362467866
0.428791773779
0.431362467866
0.430334190231
0.431876606684
0.433933161954
0.430848329049
0.431876606684
0.428277634961
0.434447300771
0.431362467866
0.433419023136
0.413881748072
0.413367609254
0.383547557841
0.407712082262
0.424164524422
0.438046272494
0.432390745501
0.432904884319
0.432904884319
0.432390745501
0.433933161954
0.437532133676
0.440102827763
0.444215938303
0.446786632391
0.449871465296
0.448843187661
0.447300771208
0.446786632391
0.447300771208
0.449357326478
0.445758354756
0.445758354756
0.452956298201
0.453984575835
0.457069408740
0.461696658098
0.460668380463
0.462724935733
0.464267352185
0.464267352185
0.467866323907
0.465295629820
0.445244215938
0.379434447301
0.282776349614
0.222107969152
0.244215938303
0.271465295630
0.287917737789
0.286375321337
0.284832904884
0.290488431877
0.307969151671
0.333676092545
0.347557840617
0.341388174807
0.337789203085
0.331619537275
0.336760925450
0.331619537275
0.336760925450
0.340359897172
0.343958868895
0.340874035990
0.349100257069
0.353213367609
0.351156812339
0.357840616967
0.360411311054
0.364524421594
0.364010282776
0.360411311054
0.365552699229
0.371208226221
0.375321336761
0.372236503856
0.376349614396
0.363496143959
0.266323907455
0.345501285347
0.316709511568
0.321850899743
0.360411311054
0.368637532134
0.372236503856
0.374807197943
0.373264781491
0.376349614396
0.369665809769
0.369151670951
0.371208226221
0.374807197943
0.383033419023
0.385604113111
0.380976863753
0.377892030848
0.377892030848
0.377377892031
0.372236503856
0.369665809769
0.372236503856
0.376863753213
0.376863753213
0.379948586118
0.380976863753
0.369151670951
0.359897172237
0.236503856041
0.298200514139
0.291002570694
0.275064267352
0.282262210797
0.294601542416
0.317223650386
0.340359897172
0.361439588689
0.369151670951
0.373264781491
0.374807197943
0.375835475578
0.378406169666
0.375835475578
0.382005141388
0.377377892031
0.372236503856
0.381491002571
0.375835475578
0.381491002571
0.392287917738
0.393830334190
0.392802056555
0.395886889460
0.396915167095
0.398971722365
0.395886889460
0.398457583548
0.398971722365
0.399485861183
0.399485861183
0.404113110540
0.401542416452
0.402056555270
0.406683804627
0.401542416452
0.401542416452
0.403084832905
0.407712082262
0.409768637532
0.410282776350
0.414395886889
0.414910025707
0.419537275064
0.414395886889
0.415938303342
0.424678663239
0.426221079692
0.428277634961
0.431362467866
0.429820051414
0.430334190231
0.431362467866
0.430848329049
0.428791773779
0.429305912596
0.428791773779
0.431876606684
0.434447300771
0.434961439589
0.435475578406
0.438046272494
0.438560411311
0.439588688946
0.441131105398
0.444730077121
0.442159383033
0.443701799486
0.444730077121
0.443187660668
0.446272493573
0.445758354756
0.448329048843
0.445758354756
0.447300771208
0.446272493573
0.446786632391
0.446272493573
0.450385604113
0.452956298201
0.456041131105
0.453984575835
0.457069408740
0.455012853470
0.458097686375
0.451928020566
0.457069408740
0.450899742931
0.462724935733
0.454498714653
0.464267352185
0.446272493573
0.449871465296
0.411825192802
0.446786632391
0.445758354756
0.464267352185
0.468380462725
0.477634961440
0.479691516710
0.483290488432
0.484318766067
0.481748071979
0.481748071979
0.477634961440
0.478663239075
0.477634961440
0.476606683805
0.476092544987
0.473521850900
0.476606683805
0.478149100257
0.482262210797
0.486889460154
0.486375321337
0.485347043702
0.486375321337
0.487917737789
0.487403598972
0.482776349614
0.481748071979
0.484318766067
0.484832904884
0.484832904884
0.486375321337
0.483290488432
0.482262210797
0.486375321337
0.484832904884
0.488431876607
0.488431876607
0.486889460154
0.485861182519
0.484832904884
0.488946015424
0.488431876607
0.490488431877
0.492030848329
0.494087403599
0.491002570694
0.482776349614
0.472493573265
0.438046272494
0.396915167095
0.423136246787
0.470437017995
0.496143958869
0.499228791774
0.500771208226
0.497686375321
0.503856041131
0.505912596401
0.512596401028
0.513624678663
0.516709511568
0.517737789203
0.511568123393
0.508483290488
0.501285347044
0.502827763496
0.500771208226
0.499228791774
0.500257069409
0.500257069409
0.491516709512
0.494601542416
0.460154241645
0.419537275064
0.378920308483
0.440616966581
0.446786632391
0.457069408740
0.458611825193
0.458097686375
0.464781491003
0.464267352185
0.469408740360
0.475578406170
0.481748071979
0.493573264781
0.499228791774
0.507455012853
0.509511568123
0.506940874036
0.508997429306
0.507455012853
0.513110539846
0.512596401028
0.510025706941
0.509511568123
0.505398457584
0.506426735219
0.503856041131
0.501799485861
0.499742930591
0.498714652956
0.498200514139
0.496658097686
0.499228791774
0.506426735219
0.506940874036
0.512082262211
0.511568123393
0.512082262211
0.514652956298
0.513110539846
0.513110539846
0.513624678663
0.511568123393
0.511568123393
0.513110539846
0.512082262211
0.514138817481
0.513624678663
0.518251928021
0.515167095116
0.514138817481
0.490488431877
0.456555269923
0.400000000000
0.488431876607
0.495629820051
0.506940874036
0.504884318766
0.502827763496
0.503341902314
0.508483290488
0.504370179949
0.498200514139
0.500771208226
0.504370179949
0.506940874036
0.509511568123
0.511568123393
0.513110539846
0.517737789203
0.521336760925
0.522879177378
0.524421593830
0.524421593830
0.524421593830
0.523393316195
0.523907455013
0.527506426735
0.527506426735
0.525964010283
0.528020565553
0.531619537275
0.533161953728
0.535732647815
0.530591259640
0.526992287918
0.455012853470
0.323393316195
0.336760925450
0.374293059126
0.446786632391
0.444215938303
0.413367609254
0.398457583548
0.389717223650
0.390745501285
0.386118251928
0.392287917738
0.403598971722
0.406683804627
0.419537275064
0.428791773779
0.439588688946
0.451928020566
0.461182519280
0.456555269923
0.463239074550
0.468894601542
0.471979434447
0.479177377892
0.486375321337
0.491002570694
0.497172236504
0.505398457584
0.507969151671
0.501799485861
0.497686375321
0.494601542416
0.499228791774
0.490488431877
0.486889460154
0.475064267352
0.468894601542
0.466323907455
0.463753213368
0.465295629820
0.465809768638
0.467352185090
0.467352185090
0.468894601542
0.476092544987
0.485347043702
0.492544987147
0.495115681234
0.503856041131
0.503856041131
0.505912596401
0.509511568123
0.507455012853
0.511568123393
0.511568123393
0.502827763496
0.500771208226
0.464781491003
0.386118251928
0.424678663239
0.468894601542
0.485347043702
0.501799485861
0.505912596401
0.509511568123
0.509511568123
0.503856041131
0.499742930591
0.497686375321
0.495115681234
0.493573264781
0.489460154242
0.493573264781
0.493573264781
0.498200514139
0.496658097686
0.494087403599
0.491516709512
0.496143958869
0.501799485861
0.505912596401
0.505912596401
0.510539845758
0.507969151671
0.515681233933
0.514652956298
0.516709511568
0.516195372751
0.517223650386
0.517737789203
0.514138817481
0.513624678663
0.515167095116
0.516709511568
0.517223650386
0.515681233933
0.519794344473
0.520308483290
0.520308483290
0.520308483290
0.518251928021
0.516195372751
0.516195372751
0.519280205656
0.523393316195
0.527506426735
0.531105398458
0.537275064267
0.537789203085
0.539331619537
0.535732647815
0.537789203085
0.534190231362
0.539331619537
0.535732647815
0.537789203085
0.529562982005
0.504370179949
0.417480719794
0.379434447301
0.447814910026
0.478149100257
0.497686375321
0.531619537275
0.528020565553
0.535218508997
0.532647814910
0.534190231362
0.532647814910
0.533676092545
0.539331619537
0.540359897172
0.542416452442
0.548071979434
0.548071979434
0.551156812339
0.550128534704
0.545501285347
0.547557840617
0.549100257069
0.551156812339
0.553727506427
0.551670951157
0.552699228792
0.550128534704
0.550128534704
0.552699228792
0.549100257069
0.549614395887
0.553727506427
0.559383033419
0.557326478149
0.560925449871
0.556298200514
0.557326478149
0.556298200514
0.555269922879
0.557326478149
0.557840616967
0.554755784062
0.551156812339
0.551156812339
0.553727506427
0.557840616967
0.560925449871
0.560925449871
0.566066838046
0.566066838046
0.568123393316
0.570179948586
0.571722365039
0.570179948586
0.567095115681
0.568123393316
0.568637532134
0.568637532134
0.571722365039
0.567609254499
0.566580976864
0.526478149100
0.466838046272
0.438046272494
0.482776349614
0.522879177378
0.528534704370
0.558354755784
0.563496143959
0.568637532134
0.578920308483
0.576349614396
0.573264781491
0.571722365039
0.568637532134
0.566066838046
0.570694087404
0.570694087404
0.571722365039
0.575321336761
0.574807197943
0.577377892031
0.584061696658
0.585089974293
0.589717223650
0.589203084833
0.590745501285
0.589717223650
0.592287917738
0.590745501285
0.590231362468
0.589717223650
0.589203084833
0.593316195373
0.593830334190
0.598457583548
0.597943444730
0.597943444730
0.594344473008
0.594344473008
0.597429305913
0.595372750643
0.594344473008
0.596401028278
0.596401028278
0.600514138817
0.598971722365
0.599485861183
0.600000000000
0.596915167095
0.597429305913
0.599485861183
0.600514138817
0.604113110540
0.601028277635
0.607197943445
0.607197943445
0.606169665810
0.607197943445
0.592802056555
0.543958868895
0.539331619537
0.458611825193
0.553727506427
0.589203084833
0.586632390746
0.594858611825
0.596915167095
0.603084832905
0.606169665810
0.601542416452
0.603598971722
0.606169665810
0.612853470437
0.611825192802
0.612853470437
0.608740359897
0.612339331620
0.612339331620
0.611311053985
0.609768637532
0.611311053985
0.609768637532
0.611311053985
0.596915167095
0.562982005141
0.432904884319
0.386118251928
0.446786632391
0.476092544987
0.542416452442
0.561953727506
0.572750642674
0.574293059126
0.573264781491
0.577377892031
0.579434447301
0.578920308483
0.573264781491
0.568637532134
0.572236503856
0.574293059126
0.571722365039
0.576349614396
0.577892030848
0.580976863753
0.577377892031
0.576349614396
0.587146529563
0.584061696658
0.587146529563
0.589717223650
0.587146529563
0.590231362468
0.588688946015
0.587146529563
0.593830334190
0.592287917738
0.589717223650
0.594858611825
0.591259640103
0.590231362468
0.589717223650
0.595372750643
0.591773778920
0.592802056555
0.588688946015
0.597943444730
0.584061696658
0.594858611825
0.557326478149
0.577892030848
0.529562982005
0.593316195373
0.594344473008
0.601542416452
0.591773778920
0.594344473008
0.578920308483
0.586118251928
0.579948586118
0.596401028278
0.599485861183
0.599485861183
0.603084832905
0.606169665810
0.608226221080
0.606683804627
0.610282776350
0.612339331620
0.608226221080
0.609254498715
0.611311053985
0.612853470437
0.612853470437
0.614910025707
0.616452442159
0.613367609254
0.617994858612
0.622622107969
0.624678663239
0.625192802057
0.628791773779
0.633419023136
0.636503856041
0.637017994859
0.640616966581
0.643187660668
0.645758354756
0.645758354756
0.648843187661
0.645244215938
0.640616966581
0.639588688946
0.596915167095
0.548071979434
0.348586118252
0.338817480720
0.295629820051
0.356298200514
0.348586118252
0.419023136247
0.439588688946
0.420565552699
0.404627249357
0.396915167095
0.392802056555
0.403084832905
0.414395886889
0.420565552699
0.423136246787
0.428791773779
0.424678663239
0.433933161954
0.426221079692
0.422107969152
0.417994858612
0.414910025707
0.419537275064
0.420051413882
0.425706940874
0.428277634961
0.428277634961
0.432390745501
0.435475578406
0.441645244216
0.449871465296
0.449871465296
0.455012853470
0.455526992288
0.466323907455
0.473521850900
0.474035989717
0.473521850900
0.479691516710
0.488431876607
0.481748071979
0.483804627249
0.488431876607
0.484318766067
0.483290488432
0.481233933162
0.473521850900
0.474550128535
0.477634961440
0.470951156812
0.469922879177
0.474035989717
0.466838046272
0.478149100257
0.465809768638
0.391773778920
0.358868894602
0.327506426735
0.364010282776
0.417480719794
0.416966580977
0.419023136247
0.425706940874
0.432390745501
0.442673521851
0.447300771208
0.442159383033
0.458097686375
0.462210796915
0.463753213368
0.473521850900
0.478149100257
0.474550128535
0.475578406170
0.479691516710
0.473521850900
0.478149100257
0.469922879177
0.473007712082
0.473521850900
0.472493573265
0.475064267352
0.485861182519
0.492544987147
0.486889460154
0.492544987147
0.492544987147
0.496658097686
0.502313624679
0.501285347044
0.497686375321
0.497172236504
0.496143958869
0.494601542416
0.500771208226
0.501285347044
0.501285347044
0.504884318766
0.506940874036
0.505398457584
0.508997429306
0.513624678663
0.515167095116
0.514138817481
0.515167095116
0.512082262211
0.512596401028
0.514652956298
0.515167095116
0.512082262211
0.512596401028
0.512082262211
0.515167095116
0.514652956298
0.517737789203
0.520308483290
0.521850899743
0.527506426735
0.529562982005
0.531105398458
0.534190231362
0.536760925450
0.538303341902
0.543444730077
0.546015424165
0.545501285347
0.547557840617
0.547557840617
0.549100257069
0.549614395887
0.551670951157
0.551156812339
0.553213367609
0.556298200514
0.555784061697
0.557840616967
0.557840616967
0.560925449871
0.560411311054
0.562467866324
0.557326478149
0.545501285347
0.446272493573
0.408740359897
0.442159383033
0.482262210797
0.484832904884
0.464267352185
0.458611825193
0.473521850900
0.484832904884
0.503856041131
0.517223650386
0.531619537275
0.535218508997
0.536246786632
0.536246786632
0.544987146530
0.544473007712
0.547043701799
0.553727506427
0.556812339332
0.557326478149
0.558868894602
0.554241645244
0.552699228792
0.555269922879
0.546015424165
0.551156812339
0.553213367609
0.552185089974
0.553213367609
0.553727506427
0.557840616967
0.563496143959
0.567609254499
0.569665809769
0.572236503856
0.574807197943
0.576349614396
0.579434447301
0.576349614396
0.576863753213
0.577892030848
0.580976863753
0.576863753213
0.578920308483
0.581491002571
0.583547557841
0.587660668380
0.586632390746
0.584061696658
0.548071979434
0.454498714653
0.382005141388
0.319794344473
0.354241645244
0.426735218509
0.427763496144
0.406169665810
0.394344473008
0.392802056555
0.393830334190
0.396915167095
0.402056555270
0.415938303342
0.434447300771
0.437017994859
0.446786632391
0.444215938303
0.431362467866
0.431362467866
0.444215938303
0.446272493573
0.449357326478
0.451928020566
0.457069408740
0.459640102828
0.464781491003
0.471979434447
0.475064267352
0.473007712082
0.480205655527
0.483290488432
0.480719794344
0.478663239075
0.477634961440
0.482776349614
0.487917737789
0.488431876607
0.490488431877
0.493573264781
0.491516709512
0.495115681234
0.496658097686
0.492544987147
0.492544987147
0.494087403599
0.498200514139
0.502313624679
0.502827763496
0.505398457584
0.512596401028
0.512596401028
0.516709511568
0.517737789203
0.524935732648
0.516709511568
0.537275064267
0.522879177378
0.539331619537
0.503856041131
0.505912596401
0.475064267352
0.461182519280
0.501285347044
0.509511568123
0.521336760925
0.528020565553
0.528020565553
0.531619537275
0.533676092545
0.541388174807
0.549614395887
0.552185089974
0.558354755784
0.555784061697
0.557326478149
0.556298200514
0.551156812339
0.553213367609
0.553213367609
0.549100257069
0.548071979434
0.549100257069
0.549100257069
0.550642673522
0.552699228792
0.555784061697
0.552185089974
0.553727506427
0.556812339332
0.560411311054
0.566580976864
0.563496143959
0.563496143959
0.562982005141
0.562467866324
0.563496143959
0.562467866324
0.565552699229
0.568123393316
0.564524421594
0.560925449871
0.561439588689
0.562467866324
0.565552699229
0.566580976864
0.567609254499
0.567609254499
0.571208226221
0.569151670951
0.564524421594
0.562467866324
0.521850899743
0.456555269923
0.347557840617
0.306426735219
0.439074550129
0.454498714653
0.464267352185
0.467352185090
0.462724935733
0.461696658098
0.464267352185
0.464267352185
0.458097686375
0.448843187661
0.443701799486
0.446272493573
0.446272493573
0.452442159383
0.452442159383
0.450385604113
0.456555269923
0.460668380463
0.471979434447
0.479177377892
0.479691516710
0.480205655527
0.485861182519
0.492544987147
0.497686375321
0.500771208226
0.501799485861
0.500771208226
0.507969151671
0.505398457584
0.504370179949
0.505398457584
0.503341902314
0.506940874036
0.511053984576
0.509511568123
0.515681233933
0.513624678663
0.517737789203
0.522879177378
0.524421593830
0.522365038560
0.522365038560
0.521336760925
0.520822622108
0.528534704370
0.532647814910
0.535732647815
0.542416452442
0.544987146530
0.546529562982
0.552699228792
0.551156812339
0.553727506427
0.556298200514
0.553213367609
0.550642673522
0.550642673522
0.557326478149
0.552699228792
0.552699228792
0.534190231362
0.490488431877
0.515167095116
0.534704370180
0.544987146530
0.555784061697
0.549100257069
0.543444730077
0.547043701799
0.540359897172
0.563496143959
0.560411311054
0.569665809769
0.570179948586
0.575835475578
0.577377892031
0.579434447301
0.583033419023
0.585604113111
0.587146529563
0.590231362468
0.587146529563
0.586118251928
0.584575835476
0.584061696658
0.585089974293
0.582005141388
0.582005141388
0.582005141388
0.580976863753
0.576863753213
0.576349614396
0.574807197943
0.576863753213
0.579434447301
0.579434447301
0.583033419023
0.580462724936
0.581491002571
0.583547557841
0.582519280206
0.589203084833
0.589203084833
0.591259640103
0.592802056555
0.593316195373
0.591773778920
0.590745501285
0.591259640103
0.591773778920
0.590745501285
0.592287917738
0.592287917738
0.595886889460
0.596915167095
0.598971722365
0.601542416452
0.601542416452
0.601542416452
0.601028277635
0.603084832905
0.599485861183
0.584061696658
0.545501285347
0.499228791774
0.476606683805
0.527506426735
0.574293059126
0.588174807198
0.587146529563
0.586118251928
0.588174807198
0.591773778920
0.590231362468
0.594344473008
0.589717223650
0.596915167095
0.600514138817
0.603598971722
0.605141388175
0.605141388175
0.607712082262
0.609254498715
0.606683804627
0.604113110540
0.603084832905
0.605655526992
0.605655526992
0.613367609254
0.595886889460
0.592287917738
0.468380462725
0.396915167095
0.496143958869
0.534704370180
0.542416452442
0.552699228792
0.553213367609
0.566580976864
0.569665809769
0.571208226221
0.570694087404
0.561953727506
0.560925449871
0.567095115681
0.573264781491
0.576349614396
0.578406169666
0.584061696658
0.590745501285
0.591773778920
0.590745501285
0.590745501285
0.591773778920
0.590231362468
0.591259640103
0.587660668380
0.588688946015
0.589203084833
0.590231362468
0.589717223650
0.596401028278
0.594344473008
0.597943444730
0.597429305913
0.601542416452
0.597429305913
0.594858611825
0.576349614396
0.532133676093
0.507969151671
0.553213367609
0.566580976864
0.592802056555
0.591259640103
0.591259640103
0.592802056555
0.591259640103
0.591259640103
0.592287917738
0.596915167095
0.591773778920
0.592802056555
0.593830334190
0.597429305913
0.600514138817
0.608226221080
0.608740359897
0.612339331620
0.610796915167
0.614910025707
0.617480719794
0.617994858612
0.613881748072
0.614910025707
0.615938303342
0.615938303342
0.617480719794
0.618508997429
0.611825192802
0.613881748072
0.616966580977
0.615938303342
0.612853470437
0.617994858612
0.621079691517
0.621079691517
0.627763496144
0.629820051414
0.626735218509
0.629820051414
0.628277634961
0.629305912596
0.629305912596
0.630848329049
0.631876606684
0.634447300771
0.634961439589
0.639074550129
0.639074550129
0.632904884319
0.634961439589
0.613367609254
0.619023136247
0.580976863753
0.605141388175
0.618508997429
0.634961439589
0.631876606684
0.629820051414
0.631876606684
0.631876606684
0.636503856041
0.636503856041
0.635475578406
0.637532133676
0.640616966581
0.644215938303
0.646272493573
0.646272493573
0.647814910026
0.647300771208
0.648329048843
0.651413881748
0.652442159383
0.653470437018
0.656555269923
0.661696658098
0.660668380463
0.660668380463
0.658611825193
0.660154241645
0.662724935733
0.657583547558
0.663239074550
0.645758354756
0.615424164524
0.498200514139
0.382005141388
0.338303341902
0.403598971722
0.468380462725
0.529048843188
0.530077120823
0.526478149100
0.521336760925
0.512082262211
0.505398457584
0.501285347044
0.494087403599
0.493059125964
0.485347043702
0.480205655527
0.481748071979
0.484832904884
0.489460154242
0.492030848329
0.501285347044
0.511568123393
0.513624678663
0.510025706941
0.512596401028
0.522879177378
0.530077120823
0.536246786632
0.539331619537
0.542416452442
0.550128534704
0.554241645244
0.558868894602
0.558354755784
0.553727506427
0.553727506427
0.547557840617
0.527506426735
0.445758354756
0.529562982005
0.542930591260
0.536246786632
0.541388174807
0.556298200514
0.570694087404
0.571208226221
0.566580976864
0.559383033419
0.562982005141
0.565552699229
0.567609254499
0.568123393316
0.571208226221
0.573778920308
0.576863753213
0.581491002571
0.585089974293
0.586118251928
0.590745501285
0.591773778920
0.587660668380
0.591259640103
0.591259640103
0.597429305913
0.598457583548
0.595886889460
0.600000000000
0.604627249357
0.603084832905
0.596915167095
0.601028277635
0.604113110540
0.606683804627
0.604627249357
0.597429305913
0.571722365039
0.432390745501
0.450899742931
0.500257069409
0.516195372751
0.568123393316
0.567609254499
0.570694087404
0.578920308483
0.577377892031
0.571722365039
0.566580976864
0.566580976864
0.574293059126
0.575321336761
0.571208226221
0.576349614396
0.577377892031
0.585604113111
0.582519280206
0.577377892031
0.580462724936
0.583033419023
0.591259640103
0.595372750643
0.600514138817
0.601028277635
0.601028277635
0.604113110540
0.599485861183
0.598971722365
0.598971722365
0.597943444730
0.601028277635
0.603084832905
0.604627249357
0.605655526992
0.607712082262
0.606169665810
0.611311053985
0.607197943445
0.611825192802
0.610796915167
0.611825192802
0.615424164524
0.611311053985
0.609254498715
0.604627249357
0.602056555270
0.604627249357
0.601028277635
0.602056555270
0.604113110540
0.606683804627
0.611311053985
0.611311053985
0.612853470437
0.614910025707
0.615424164524
0.618508997429
0.621593830334
0.622107969152
0.622622107969
0.619537275064
