0.119377889870
0.116855821774
0.117276166456
0.115594787726
0.113913408995
0.114333753678
0.113493064313
0.112652374947
0.112652374947
0.112652374947
0.112652374947
0.112652374947
0.112652374947
0.112652374947
0.112652374947
0.112652374947
0.112652374947
0.112652374947
0.113072719630
0.113072719630
0.114333753678
0.114754098361
0.116015132409
0.116855821774
0.115174443043
0.118537200504
0.117696511139
0.117696511139
0.116015132409
0.113072719630
0.112232030265
0.110970996217
0.115594787726
0.118116855822
0.118116855822
0.118957545187
0.118957545187
0.117276166456
0.115594787726
0.115174443043
0.116015132409
0.116435477091
0.118116855822
0.121479613283
0.125262715427
0.132408575032
0.130306851618
0.133669609079
0.132408575032
0.138293400588
0.139974779319
0.145018915511
0.148802017654
0.154686843211
0.157629255990
0.163093736864
0.166876839008
0.171500630517
0.176965111391
0.182009247583
0.190836485918
0.195880622110
0.202606137032
0.205548549811
0.205968894493
0.205548549811
0.200504413619
0.198402690206
0.197982345523
0.199663724254
0.199243379571
0.198823034889
0.200084068937
0.205128205128
0.203446826398
0.204707860446
0.201765447667
0.203867171080
0.203026481715
0.205128205128
0.209751996637
0.207229928541
0.215216477512
0.216897856242
0.219840269021
0.218999579655
0.226145439260
0.221101303069
0.235813366961
0.221101303069
0.234131988230
0.214375788146
0.211853720050
0.159310634720
0.160151324086
0.198402690206
0.228247162673
0.227826817991
0.232450609500
0.232030264817
0.234972677596
0.240437158470
0.235813366961
0.229928541404
0.222362337116
0.208911307272
0.201765447667
0.199243379571
0.197141656158
0.195039932745
0.191256830601
0.192938209332
0.197562000841
0.208070617907
0.211853720050
0.230348886087
0.240437158470
0.247583018075
0.253467843632
0.247162673392
0.249264396805
0.236654056326
0.232870954182
0.230769230769
0.229508196721
0.227826817991
0.232030264817
0.234552332913
0.234972677596
0.234552332913
0.234972677596
0.235813366961
0.235813366961
0.238755779739
0.242959226566
0.243379571248
0.245481294662
0.242959226566
0.248003362757
0.248423707440
0.252627154266
0.257250945776
0.260193358554
0.264817150063
0.273224043716
0.275746111812
0.275325767129
0.284993694830
0.284573350147
0.284573350147
0.287095418243
0.290037831021
0.297183690626
0.294661622530
0.296763345944
0.291298865069
0.295922656578
0.221521647751
0.166876839008
0.192097519966
0.176544766709
0.169819251786
0.174022698613
0.186633039092
0.194199243380
0.185792349727
0.178646490122
0.173182009248
0.179066834805
0.185372005044
0.182849936948
0.181168558218
0.182849936948
0.182429592266
0.184110970996
0.189995796553
0.188734762505
0.187053383775
0.182849936948
0.171500630517
0.161832702816
0.156368221942
0.157208911307
0.154686843211
0.157629255990
0.163093736864
0.165615804960
0.171920975200
0.168137873056
0.166036149643
0.163934426230
0.163514081547
0.160571668768
0.155947877259
0.160151324086
0.160151324086
0.160571668768
0.161412358134
0.167297183691
0.168137873056
0.171920975200
0.159310634720
0.132828919714
0.089113072720
0.075662042875
0.068516183270
0.071458596049
0.079024800336
0.120638923918
0.131988230349
0.123581336696
0.129886506936
0.144178226145
0.149642707020
0.160992013451
0.164775115595
0.163093736864
0.164775115595
0.166876839008
0.171080285834
0.172341319882
0.177805800757
0.171500630517
0.169398907104
0.169398907104
0.164775115595
0.166876839008
0.172341319882
0.172761664565
0.174022698613
0.172341319882
0.175283732661
0.174443043296
0.177385456074
0.179066834805
0.180748213535
0.174863387978
0.188314417823
0.108869272804
0.105926860025
0.081546868432
0.160992013451
0.165615804960
0.156368221942
0.167297183691
0.170659941152
0.158469945355
0.149642707020
0.143757881463
0.144598570828
0.142496847415
0.140395124002
0.132408575032
0.125262715427
0.134510298445
0.146700294241
0.151324085750
0.164354770912
0.169398907104
0.166876839008
0.141235813367
0.123160992013
0.148802017654
0.164354770912
0.169398907104
0.174443043296
0.183690626314
0.184531315679
0.186212694409
0.176124422026
0.173602353930
0.174863387978
0.177385456074
0.178226145439
0.178646490122
0.178646490122
0.181168558218
0.184531315679
0.188734762505
0.191677175284
0.192517864649
0.190416141236
0.192517864649
0.194199243380
0.197562000841
0.197982345523
0.199663724254
0.200924758302
0.205548549811
0.204287515763
0.200504413619
0.160571668768
0.147540983607
0.115594787726
0.156368221942
0.152164775116
0.159730979403
0.160571668768
0.163093736864
0.160571668768
0.162253047499
0.168137873056
0.176544766709
0.192097519966
0.190836485918
0.197562000841
0.204287515763
0.200924758302
0.200084068937
0.195460277427
0.198402690206
0.196721311475
0.195880622110
0.193778898697
0.190416141236
0.193358554014
0.195460277427
0.201765447667
0.199243379571
0.205548549811
0.202606137032
0.208911307272
0.213535098781
0.214375788146
0.218158890290
0.218999579655
0.219419924338
0.223203026482
0.222782681799
0.224043715847
0.224464060530
0.223623371164
0.224464060530
0.227826817991
0.227826817991
0.229087852039
0.228247162673
0.230769230769
0.229508196721
0.229087852039
0.229928541404
0.230769230769
0.235813366961
0.236654056326
0.236654056326
0.238755779739
0.241277847835
0.240857503153
0.243379571248
0.246321984027
0.250525430853
0.253888188314
0.254308532997
0.254308532997
0.257671290458
0.257250945776
0.256830601093
0.259773013871
0.257250945776
0.259352669189
0.256410256410
0.259352669189
0.255989911728
0.266078184111
0.253888188314
0.260193358554
0.232870954182
0.221101303069
0.253888188314
0.268600252207
0.264396805380
0.256830601093
0.255149222362
0.254308532997
0.261454392602
0.265237494746
0.271122320303
0.272803699033
0.276586801177
0.276166456494
0.274485077764
0.275746111812
0.274905422446
0.276586801177
0.278688524590
0.279529213955
0.281210592686
0.284573350147
0.291298865069
0.298024379992
0.296343001261
0.296343001261
0.295502311896
0.296763345944
0.294241277848
0.295922656578
0.300546448087
0.300966792770
0.299285414040
0.300966792770
0.303068516183
0.299285414040
0.300126103405
0.300126103405
0.303488860866
0.306851618327
0.306851618327
0.308112652375
0.305170239596
0.306431273644
0.306010928962
0.308532997058
0.313156788567
0.314838167297
0.321984026902
0.322824716267
0.325346784363
0.327448507776
0.331231609920
0.335435056747
0.333333333333
0.329129886507
0.332912988651
0.334174022699
0.332912988651
0.334174022699
0.327448507776
0.334174022699
0.288356452291
0.245481294662
0.228247162673
0.243799915931
0.296763345944
0.309794031106
0.312316099201
0.316519546028
0.313156788567
0.308112652375
0.300546448087
0.298865069357
0.291298865069
0.295502311896
0.297604035309
0.296763345944
0.300126103405
0.299705758722
0.302227826818
0.306431273644
0.308112652375
0.311055065153
0.313156788567
0.314838167297
0.313577133249
0.315258511980
0.316099201345
0.318200924758
0.318200924758
0.317360235393
0.321984026902
0.318621269441
0.321563682219
0.320302648172
0.320302648172
0.327028163094
0.326187473728
0.328289197142
0.332912988651
0.333753678016
0.334594367381
0.337957124842
0.332072299285
0.335855401429
0.338797814208
0.335855401429
0.334174022699
0.338377469525
0.337536780160
0.339638503573
0.342580916351
0.340058848256
0.340058848256
0.342580916351
0.344262295082
0.348465741908
0.352669188735
0.349306431274
0.351828499369
0.349726775956
0.349306431274
0.348886086591
0.349306431274
0.350147120639
0.350987810004
0.357713324926
0.359815048340
0.361076082388
0.362757461118
0.364859184531
0.369482976040
0.370323665406
0.368642286675
0.369482976040
0.371584699454
0.376208490963
0.376628835645
0.373686422867
0.375367801597
0.376208490963
0.376628835645
0.374106767549
0.375367801597
0.372425388819
0.373266078184
0.376628835645
0.379571248424
0.382513661202
0.379991593106
0.382513661202
0.383354350567
0.385035729298
0.386717108029
0.388818831442
0.390079865490
0.388818831442
0.389239176124
0.393862967633
0.393442622951
0.393022278268
0.395964691047
0.395124001681
0.395124001681
0.396385035729
0.398066414460
0.401008827238
0.401429171921
0.401008827238
0.402690205969
0.402690205969
0.403530895334
0.406052963430
0.406473308113
0.408154686843
0.406052963430
0.407313997478
0.408995376208
0.410256410256
0.408995376208
0.410676754939
0.411097099622
0.412358133670
0.412358133670
0.411937788987
0.412778478352
0.416561580496
0.414880201765
0.415720891131
0.412778478352
0.417822614544
0.415720891131
0.417402269861
0.415720891131
0.420765027322
0.418242959227
0.422446406053
0.417402269861
0.424968474149
0.417822614544
0.426229508197
0.417822614544
0.419924337957
0.412358133670
0.405632618747
0.387978142077
0.393022278268
0.417822614544
0.426229508197
0.427910886927
0.422866750736
0.429171920975
0.428751576293
0.433795712484
0.436317780580
0.437578814628
0.433795712484
0.436738125263
0.434636401850
0.432114333754
0.433795712484
0.429171920975
0.427910886927
0.427070197562
0.429592265658
0.431693989071
0.431273644388
0.433795712484
0.437158469945
0.438839848676
0.442202606137
0.448507776377
0.445145018916
0.448087431694
0.437158469945
0.456914670029
0.414880201765
0.386717108029
0.255149222362
0.229508196721
0.294241277848
0.297183690626
0.291298865069
0.274485077764
0.253888188314
0.257671290458
0.279108869273
0.303909205549
0.318200924758
0.337116435477
0.332072299285
0.331651954603
0.329550231190
0.327028163094
0.327448507776
0.327448507776
0.324085750315
0.328709541824
0.329970575872
0.332912988651
0.334594367381
0.334594367381
0.333753678016
0.337116435477
0.333753678016
0.340058848256
0.343421605717
0.345102984447
0.343421605717
0.347625052543
0.350147120639
0.336696090794
0.245481294662
0.316099201345
0.299705758722
0.304749894914
0.324926439681
0.324926439681
0.326187473728
0.334174022699
0.335014712064
0.343001261034
0.350987810004
0.349726775956
0.353509878100
0.361076082388
0.361496427070
0.360235393022
0.358554014292
0.353930222783
0.354350567465
0.357292980244
0.356872635561
0.358974358974
0.358974358974
0.366120218579
0.360655737705
0.362757461118
0.355611601513
0.359394703657
0.327448507776
0.218999579655
0.268600252207
0.272383354351
0.254728877680
0.258932324506
0.273224043716
0.298024379992
0.317780580076
0.325767129046
0.331231609920
0.326607818411
0.325346784363
0.333333333333
0.345102984447
0.345523329130
0.356452290879
0.358974358974
0.364859184531
0.367381252627
0.365699873897
0.369903320723
0.369903320723
0.367381252627
0.364859184531
0.365279529214
0.373266078184
0.372845733501
0.373686422867
0.375367801597
0.379150903741
0.381252627154
0.385035729298
0.384195039933
0.385456073981
0.382934005885
0.380411937789
0.379150903741
0.378310214376
0.379150903741
0.382513661202
0.387557797394
0.386717108029
0.386717108029
0.386296763346
0.384195039933
0.383774695250
0.386296763346
0.390500210172
0.391761244220
0.389659520807
0.392601933586
0.393862967633
0.397225725095
0.396385035729
0.397225725095
0.398907103825
0.403530895334
0.403110550652
0.403530895334
0.407734342161
0.411097099622
0.411937788987
0.416141235813
0.416561580496
0.419083648592
0.419083648592
0.424127784784
0.424548129466
0.425809163514
0.428331231610
0.431693989071
0.431693989071
0.436738125263
0.436738125263
0.440941572089
0.440941572089
0.441361916772
0.441782261454
0.440521227406
0.440941572089
0.439260193359
0.440521227406
0.436738125263
0.437578814628
0.437578814628
0.441361916772
0.432114333754
0.438839848676
0.437158469945
0.441361916772
0.440941572089
0.436317780580
0.423287095418
0.422866750736
0.377889869693
0.409836065574
0.413619167718
0.426229508197
0.436317780580
0.444304329550
0.444724674233
0.445145018916
0.444724674233
0.443883984868
0.448087431694
0.448928121059
0.447246742329
0.447667087011
0.449768810425
0.449348465742
0.451870533838
0.453131567886
0.457335014712
0.457755359395
0.457755359395
0.458596048760
0.457755359395
0.460277427491
0.461538461538
0.464060529634
0.459857082808
0.460697772173
0.458596048760
0.458596048760
0.459436738125
0.458596048760
0.459857082808
0.463219840269
0.463219840269
0.464480874317
0.465321563682
0.467002942413
0.464901219000
0.466582597730
0.464901219000
0.466582597730
0.465321563682
0.466582597730
0.464060529634
0.468263976461
0.460277427491
0.471206389239
0.446406052963
0.433375367802
0.353930222783
0.424127784784
0.448507776377
0.475830180748
0.470786044557
0.466582597730
0.467423287095
0.466162253047
0.470786044557
0.469945355191
0.473728457335
0.469104665826
0.472047078604
0.474989491383
0.476670870113
0.477091214796
0.477931904161
0.477931904161
0.481294661623
0.476670870113
0.477511559479
0.477931904161
0.468684321143
0.439680538041
0.379991593106
0.339638503573
0.435056746532
0.455233291299
0.476670870113
0.469104665826
0.449348465742
0.445985708281
0.444724674233
0.450189155107
0.447246742329
0.448507776377
0.450189155107
0.454812946616
0.463640184952
0.467002942413
0.471626733922
0.466162253047
0.467423287095
0.473308112652
0.476670870113
0.477091214796
0.480453972257
0.478352248844
0.480453972257
0.481715006305
0.481715006305
0.488860865910
0.492223623371
0.488860865910
0.490962589323
0.489701555275
0.490962589323
0.490121899958
0.488860865910
0.490962589323
0.490121899958
0.493905002102
0.490542244641
0.490121899958
0.490121899958
0.492223623371
0.493905002102
0.495586380832
0.499789827659
0.501050861707
0.498528793611
0.498528793611
0.493905002102
0.502311895755
0.469104665826
0.457755359395
0.371584699454
0.456494325347
0.458596048760
0.480874316940
0.483816729718
0.486338797814
0.490962589323
0.489281210593
0.489701555275
0.487599831862
0.486338797814
0.488860865910
0.490542244641
0.492223623371
0.495166036150
0.503572929802
0.504413619168
0.500630517024
0.504413619168
0.505674653216
0.508617065994
0.506935687264
0.506094997898
0.509037410677
0.508617065994
0.508617065994
0.509037410677
0.509878100042
0.511979823455
0.510298444725
0.509037410677
0.509037410677
0.493484657419
0.423707440101
0.282051282051
0.327028163094
0.364859184531
0.476250525431
0.474569146700
0.448087431694
0.430432955023
0.428751576293
0.422026061370
0.422866750736
0.425388818831
0.426649852879
0.422026061370
0.423707440101
0.426229508197
0.433795712484
0.435897435897
0.433375367802
0.435056746532
0.435056746532
0.437158469945
0.440521227406
0.439260193359
0.450189155107
0.451870533838
0.451450189155
0.460697772173
0.464480874317
0.468263976461
0.472467423287
0.477511559479
0.474569146700
0.475409836066
0.472467423287
0.477511559479
0.472467423287
0.464060529634
0.465321563682
0.464901219000
0.463219840269
0.466582597730
0.467423287095
0.471626733922
0.476250525431
0.477091214796
0.478352248844
0.484657419084
0.487599831862
0.487179487179
0.488020176545
0.485918453132
0.490121899958
0.490121899958
0.490962589323
0.493064312736
0.478772593527
0.456494325347
0.374947456915
0.408995376208
0.445145018916
0.448928121059
0.459857082808
0.470365699874
0.474569146700
0.471626733922
0.474989491383
0.472467423287
0.470786044557
0.469945355191
0.472467423287
0.471206389239
0.470786044557
0.472047078604
0.474569146700
0.472467423287
0.473728457335
0.476670870113
0.480033627575
0.485077763766
0.493064312736
0.497688104245
0.495166036150
0.492223623371
0.491803278689
0.488020176545
0.485918453132
0.485498108449
0.488440521227
0.490962589323
0.496006725515
0.494325346784
0.494745691467
0.494325346784
0.495166036150
0.496006725515
0.493905002102
0.493484657419
0.493905002102
0.495586380832
0.497267759563
0.496427070198
0.497267759563
0.498528793611
0.500630517024
0.504833963850
0.506094997898
0.508617065994
0.508196721311
0.506935687264
0.510298444725
0.510298444725
0.507356031946
0.511139134090
0.507356031946
0.506515342581
0.495586380832
0.485077763766
0.413198823035
0.387557797394
0.444724674233
0.451450189155
0.463219840269
0.487599831862
0.488440521227
0.488440521227
0.492643968054
0.495166036150
0.501471206389
0.499369482976
0.493905002102
0.500630517024
0.506515342581
0.511139134090
0.511559478773
0.519546027743
0.521227406473
0.522908785204
0.525430853300
0.519125683060
0.516603614964
0.516183270282
0.516603614964
0.519546027743
0.525010508617
0.528373266078
0.532156368222
0.529213955443
0.529213955443
0.529213955443
0.530054644809
0.537620849096
0.536359815048
0.538461538462
0.539302227827
0.538881883144
0.540142917192
0.540983606557
0.541403951240
0.539302227827
0.539302227827
0.537200504414
0.539722572509
0.540983606557
0.537200504414
0.535519125683
0.540142917192
0.540983606557
0.544766708701
0.547288776797
0.546027742749
0.544766708701
0.545607398066
0.542664985288
0.546027742749
0.545607398066
0.548549810845
0.545187053384
0.546448087432
0.500630517024
0.453972257251
0.416141235813
0.486759142497
0.483816729718
0.487179487179
0.531736023539
0.537200504414
0.543085329971
0.545187053384
0.545607398066
0.544766708701
0.540983606557
0.537620849096
0.536780159731
0.537620849096
0.538041193779
0.537620849096
0.538041193779
0.541403951240
0.540142917192
0.541403951240
0.546448087432
0.551071878941
0.555275325767
0.559478772594
0.561160151324
0.565783942833
0.569567044977
0.571668768390
0.572089113073
0.569987389660
0.565783942833
0.560739806641
0.562000840689
0.564522908785
0.563261874737
0.562000840689
0.562000840689
0.563261874737
0.559899117276
0.561160151324
0.561580496007
0.562421185372
0.564522908785
0.568726355612
0.572089113073
0.571668768390
0.572089113073
0.574190836486
0.577553593947
0.579234972678
0.578394283312
0.578394283312
0.577973938630
0.580496006726
0.581757040773
0.575031525851
0.567885666246
0.530054644809
0.511979823455
0.435477091215
0.566204287516
0.552332912989
0.560319461959
0.569146700294
0.578394283312
0.577973938630
0.575031525851
0.568726355612
0.570828079025
0.565363598150
0.567465321564
0.568306010929
0.571248423707
0.573770491803
0.575031525851
0.577553593947
0.578814627995
0.582597730139
0.588482555696
0.584279108869
0.589743589744
0.568306010929
0.554854981084
0.408995376208
0.386717108029
0.438419503993
0.435897435897
0.503993274485
0.552332912989
0.556956704498
0.559478772594
0.549390500210
0.545607398066
0.548970155528
0.544346364018
0.538881883144
0.538881883144
0.541824295923
0.545607398066
0.541824295923
0.542664985288
0.539302227827
0.547709121480
0.555695670450
0.559478772594
0.567885666246
0.566624632198
0.565783942833
0.567465321564
0.564102564103
0.564102564103
0.567044976881
0.566204287516
0.566204287516
0.564943253468
0.569146700294
0.571248423707
0.570407734342
0.571248423707
0.572509457755
0.570828079025
0.574190836486
0.572089113073
0.577553593947
0.572089113073
0.579234972678
0.564102564103
0.562421185372
0.524169819252
0.535519125683
0.569146700294
0.566624632198
0.575872215216
0.564102564103
0.575872215216
0.554434636402
0.564943253468
0.548129466162
0.576292559899
0.568726355612
0.572509457755
0.577133249264
0.580496006726
0.584699453552
0.587641866330
0.591845313157
0.590584279109
0.594367381253
0.591845313157
0.590163934426
0.590163934426
0.592265657839
0.593526691887
0.596048759983
0.590163934426
0.587221521648
0.587641866330
0.590163934426
0.588062211013
0.589323245061
0.591424968474
0.592265657839
0.593947036570
0.594787725935
0.594787725935
0.598991172762
0.598150483396
0.600252206810
0.598991172762
0.604035308953
0.595628415301
0.580075662043
0.507776376629
0.359815048340
0.351828499369
0.316099201345
0.362757461118
0.307692307692
0.414039512400
0.424548129466
0.403951240017
0.389659520807
0.380832282472
0.368221941992
0.373686422867
0.388818831442
0.397225725095
0.399747793190
0.403951240017
0.396805380412
0.393862967633
0.390079865490
0.396385035729
0.397225725095
0.394283312316
0.395544346364
0.397225725095
0.404791929382
0.406473308113
0.403951240017
0.405212274065
0.412778478352
0.419083648592
0.430432955023
0.437578814628
0.437578814628
0.435477091215
0.432114333754
0.428331231610
0.435477091215
0.440100882724
0.444724674233
0.445145018916
0.448507776377
0.456073980664
0.459016393443
0.458175704077
0.451029844472
0.446406052963
0.443883984868
0.442202606137
0.442622950820
0.440100882724
0.443043295502
0.445985708281
0.446406052963
0.446826397646
0.437999159311
0.394703656999
0.345523329130
0.301807482135
0.351408154687
0.397225725095
0.394283312316
0.393862967633
0.395544346364
0.395124001681
0.390920554855
0.388398486759
0.391761244220
0.404791929382
0.412358133670
0.421605716688
0.419924337957
0.423287095418
0.429592265658
0.435056746532
0.441361916772
0.451029844472
0.451029844472
0.450609499790
0.449768810425
0.452711223203
0.454812946616
0.459857082808
0.467843631778
0.464060529634
0.467002942413
0.467423287095
0.470365699874
0.470786044557
0.469945355191
0.471206389239
0.469945355191
0.471206389239
0.470786044557
0.467423287095
0.467423287095
0.465321563682
0.458596048760
0.459857082808
0.461958806221
0.465741908365
0.466162253047
0.467002942413
0.472467423287
0.476670870113
0.472887767970
0.474989491383
0.472467423287
0.476250525431
0.474569146700
0.477091214796
0.482135350988
0.485498108449
0.485077763766
0.487179487179
0.492223623371
0.493905002102
0.498949138293
0.499789827659
0.501050861707
0.503572929802
0.502732240437
0.501471206389
0.500210172341
0.500630517024
0.502311895755
0.501471206389
0.502311895755
0.503572929802
0.508196721311
0.510718789407
0.516603614964
0.521227406473
0.520386717108
0.523329129887
0.523749474569
0.522908785204
0.521647751156
0.525010508617
0.524590163934
0.523749474569
0.522068095839
0.507776376629
0.416981925179
0.394703656999
0.450609499790
0.483816729718
0.486338797814
0.465321563682
0.458175704077
0.471206389239
0.481294661623
0.487179487179
0.492223623371
0.489701555275
0.496847414880
0.502311895755
0.501050861707
0.497267759563
0.498949138293
0.496847414880
0.500630517024
0.504413619168
0.509457755359
0.509878100042
0.518705338377
0.522068095839
0.526691887348
0.524169819252
0.527112232030
0.527532576713
0.527952921396
0.532156368222
0.531315678857
0.527952921396
0.528793610761
0.532156368222
0.531315678857
0.530054644809
0.532156368222
0.537620849096
0.540142917192
0.542244640605
0.541824295923
0.543085329971
0.540983606557
0.539302227827
0.540983606557
0.541403951240
0.548970155528
0.544766708701
0.556116015132
0.535098781000
0.548970155528
0.393862967633
0.411097099622
0.302648171501
0.310634720471
0.400168137873
0.402269861286
0.387557797394
0.385035729298
0.386296763346
0.383354350567
0.381672971837
0.381252627154
0.392601933586
0.400168137873
0.405212274065
0.412358133670
0.402269861286
0.396385035729
0.395124001681
0.406052963430
0.411517444304
0.418242959227
0.415720891131
0.416141235813
0.421605716688
0.427490542245
0.432534678436
0.437999159311
0.443043295502
0.441782261454
0.438419503993
0.438419503993
0.442622950820
0.440100882724
0.439680538041
0.447667087011
0.454812946616
0.459016393443
0.468263976461
0.468684321143
0.472467423287
0.471626733922
0.469945355191
0.468263976461
0.468263976461
0.471206389239
0.466162253047
0.463640184952
0.464480874317
0.462379150904
0.464901219000
0.470365699874
0.472047078604
0.480033627575
0.481715006305
0.480874316940
0.481715006305
0.489281210593
0.474569146700
0.476250525431
0.437578814628
0.449348465742
0.472047078604
0.493905002102
0.494745691467
0.497688104245
0.502311895755
0.504833963850
0.504833963850
0.507776376629
0.507356031946
0.515342580916
0.516183270282
0.512820512821
0.514501891551
0.518284993695
0.519125683060
0.521647751156
0.525430853300
0.523749474569
0.521227406473
0.524169819252
0.524169819252
0.528373266078
0.527952921396
0.530474989491
0.532576712905
0.532576712905
0.535939470366
0.538461538462
0.539302227827
0.538041193779
0.541824295923
0.544346364018
0.545607398066
0.547709121480
0.547709121480
0.547709121480
0.546448087432
0.546448087432
0.543505674653
0.543505674653
0.541824295923
0.547288776797
0.552332912989
0.553173602354
0.554854981084
0.557797393863
0.553593947037
0.561580496007
0.535519125683
0.525430853300
0.429592265658
0.380832282472
0.299705758722
0.414459857083
0.422866750736
0.431693989071
0.433375367802
0.445565363598
0.445145018916
0.437999159311
0.429592265658
0.435056746532
0.438419503993
0.443043295502
0.446406052963
0.448928121059
0.450609499790
0.450609499790
0.449768810425
0.451870533838
0.457755359395
0.457335014712
0.461958806221
0.467002942413
0.472047078604
0.472047078604
0.472887767970
0.476670870113
0.485498108449
0.483396385036
0.487179487179
0.493905002102
0.495166036150
0.501050861707
0.502311895755
0.506094997898
0.506094997898
0.506935687264
0.506935687264
0.506515342581
0.507356031946
0.503572929802
0.501891551072
0.501891551072
0.500630517024
0.503572929802
0.503993274485
0.500210172341
0.503572929802
0.501050861707
0.504413619168
0.506935687264
0.508196721311
0.510718789407
0.514081546868
0.517023959647
0.521227406473
0.525430853300
0.530474989491
0.530054644809
0.536359815048
0.538041193779
0.540563261875
0.535519125683
0.527112232030
0.478772593527
0.500210172341
0.517864649012
0.543505674653
0.532997057587
0.535098781000
0.523329129887
0.532576712905
0.511559478773
0.546868432114
0.536359815048
0.540983606557
0.542664985288
0.545607398066
0.543505674653
0.543505674653
0.545187053384
0.546448087432
0.545607398066
0.547709121480
0.546448087432
0.545607398066
0.547709121480
0.553173602354
0.556116015132
0.555275325767
0.557377049180
0.558638083228
0.559058427911
0.559478772594
0.559899117276
0.563682219420
0.564943253468
0.566204287516
0.568306010929
0.570828079025
0.568726355612
0.568306010929
0.572509457755
0.573770491803
0.574611181169
0.574190836486
0.575451870534
0.573770491803
0.573770491803
0.575031525851
0.576292559899
0.577973938630
0.581336696091
0.579234972678
0.583858764187
0.582177385456
0.585119798235
0.586380832282
0.588482555696
0.582177385456
0.585540142917
0.580496006726
0.587641866330
0.576712904582
0.591004623792
0.547709121480
0.562841530055
0.456914670029
0.502311895755
0.492223623371
0.562421185372
0.570828079025
0.569146700294
0.576292559899
0.580496006726
0.579234972678
0.583018074821
0.586380832282
0.591004623792
0.587221521648
0.586380832282
0.585960487600
0.584699453552
0.580496006726
0.578394283312
0.579234972678
0.577133249264
0.578814627995
0.580916351408
0.582597730139
0.583438419504
0.585119798235
0.584279108869
0.574190836486
0.451870533838
0.377889869693
0.516603614964
0.540983606557
0.541824295923
0.569146700294
0.563682219420
0.574190836486
0.565783942833
0.559058427911
0.549390500210
0.543926019336
0.536359815048
0.537620849096
0.540142917192
0.546868432114
0.554434636402
0.557797393863
0.560739806641
0.561580496007
0.564522908785
0.569567044977
0.568726355612
0.572089113073
0.574190836486
0.580496006726
0.587641866330
0.583858764187
0.583438419504
0.578394283312
0.580496006726
0.582597730139
0.583858764187
0.581757040773
0.578814627995
0.582177385456
0.574190836486
0.552332912989
0.514081546868
0.495166036150
0.540563261875
0.564522908785
0.560739806641
0.580916351408
0.583018074821
0.583858764187
0.587221521648
0.585119798235
0.586380832282
0.588482555696
0.591424968474
0.596469104666
0.597730138714
0.596469104666
0.598991172762
0.595628415301
0.599411517444
0.601933585540
0.604035308953
0.604875998319
0.606137032367
0.606557377049
0.607818411097
0.608238755780
0.604455653636
0.604035308953
0.601513240858
0.603614964271
0.607398066414
0.605296343001
0.604455653636
0.606977721732
0.608238755780
0.610340479193
0.615384615385
0.612862547289
0.612442202606
0.613282891971
0.614123581337
0.611601513241
0.612021857923
0.613703236654
0.615384615385
0.615384615385
0.616645649433
0.616225304750
0.618327028163
0.618747372846
0.617906683480
0.618327028163
0.614543926019
0.606977721732
0.590163934426
0.573770491803
0.592265657839
0.604875998319
0.615384615385
0.620428751576
0.618747372846
0.617906683480
0.620428751576
0.617906683480
0.620849096259
0.625893232451
0.628835645229
0.627994955864
0.628415300546
0.625893232451
0.627994955864
0.631357713325
0.633459436738
0.631357713325
0.631357713325
0.633039092055
0.633459436738
0.635981504834
0.633879781421
0.636822194199
0.633459436738
0.635981504834
0.632618747373
0.631357713325
0.630096679277
0.636401849517
0.620008406894
0.606977721732
0.459857082808
0.420344682640
0.327868852459
0.346784363178
0.399327448508
0.452290878520
0.490121899958
0.492223623371
0.485918453132
0.488020176545
0.478772593527
0.466582597730
0.459436738125
0.461958806221
0.459016393443
0.467002942413
0.474148802018
0.474148802018
0.477931904161
0.480874316940
0.480453972257
0.491803278689
0.498108448928
0.499369482976
0.502311895755
0.508196721311
0.515762925599
0.508617065994
0.511979823455
0.517864649012
0.524169819252
0.521227406473
0.522488440521
0.521647751156
0.526691887348
0.522488440521
0.534258091635
0.503152585120
0.437999159311
0.523329129887
0.537200504414
0.546027742749
0.547288776797
0.558217738546
0.561160151324
0.556536359815
0.553173602354
0.551071878941
0.553173602354
0.552753257671
0.550231189575
0.548970155528
0.552332912989
0.559478772594
0.559899117276
0.562841530055
0.567885666246
0.573770491803
0.573350147121
0.574611181169
0.575451870534
0.575031525851
0.578394283312
0.580075662043
0.578814627995
0.579234972678
0.577553593947
0.578814627995
0.579234972678
0.578394283312
0.581757040773
0.582177385456
0.585960487600
0.588902900378
0.580916351408
0.566624632198
0.411937788987
0.465321563682
0.464901219000
0.487599831862
0.544766708701
0.551071878941
0.549390500210
0.542244640605
0.542244640605
0.536780159731
0.536780159731
0.535098781000
0.538461538462
0.540142917192
0.551912568306
0.552332912989
0.556536359815
0.556956704498
0.556536359815
0.557797393863
0.562000840689
0.555275325767
0.560739806641
0.565363598150
0.566204287516
0.569567044977
0.570407734342
0.570828079025
0.569567044977
0.569987389660
0.571248423707
0.574190836486
0.575031525851
0.577553593947
0.574611181169
0.577133249264
0.580916351408
0.581757040773
0.587641866330
0.585119798235
0.583018074821
0.586380832282
0.585960487600
0.588482555696
0.588902900378
0.589323245061
0.588482555696
0.589743589744
0.589323245061
0.588482555696
0.585960487600
0.588902900378
0.593947036570
0.596889449348
0.595208070618
0.594787725935
0.597309794031
0.600252206810
0.599831862127
0.601513240858
0.604035308953
0.604035308953
0.604875998319
