0.123726346434
0.124211547792
0.127122755944
0.131004366812
0.131974769529
0.132459970888
0.131974769529
0.131974769529
0.131974769529
0.131974769529
0.131974769529
0.131974769529
0.131974769529
0.131974769529
0.131974769529
0.131974769529
0.131974769529
0.131489568171
0.131489568171
0.132459970888
0.132459970888
0.135856380398
0.141193595342
0.148956817079
0.154779233382
0.160116448326
0.157205240175
0.160601649685
0.161572052402
0.163998059195
0.168364871422
0.178068898593
0.191169335274
0.199417758370
0.207180980107
0.207666181465
0.211062590975
0.211062590975
0.214944201844
0.216885007278
0.215914604561
0.220281416788
0.223677826298
0.225133430374
0.226589034449
0.229015041242
0.231926249393
0.232896652111
0.229985443959
0.228529839884
0.229015041242
0.230470645318
0.227559437166
0.229500242601
0.230470645318
0.229500242601
0.230955846676
0.234352256186
0.237263464338
0.236778262979
0.241630276565
0.246482290150
0.246967491509
0.249878699660
0.245997088792
0.239204269772
0.242600679282
0.241145075206
0.242115477923
0.237748665696
0.239689471131
0.237748665696
0.238233867055
0.239689471131
0.245511887433
0.246482290150
0.250849102377
0.250849102377
0.251334303736
0.250849102377
0.252304706453
0.255701115963
0.267345948569
0.270742358079
0.273168364871
0.273653566230
0.278505579816
0.278990781174
0.285298398836
0.270742358079
0.246482290150
0.260553129549
0.213973799127
0.170790878214
0.231441048035
0.236293061621
0.240174672489
0.240174672489
0.237263464338
0.238719068413
0.239204269772
0.240659873848
0.261038330907
0.262008733624
0.260553129549
0.268316351286
0.264434740417
0.261523532266
0.260067928190
0.262493934983
0.262493934983
0.265405143134
0.268316351286
0.268801552644
0.261523532266
0.265405143134
0.262493934983
0.262008733624
0.257641921397
0.245511887433
0.247452692868
0.240659873848
0.234837457545
0.237748665696
0.241145075206
0.243571081999
0.247937894226
0.252789907812
0.260553129549
0.266375545852
0.272683163513
0.275109170306
0.277535177098
0.284327996118
0.283842794760
0.285298398836
0.287239204270
0.290635613780
0.294517224648
0.285298398836
0.280446385250
0.290150412421
0.289665211063
0.286754002911
0.294032023290
0.295487627365
0.298884036875
0.302765647744
0.306162057254
0.309558466764
0.311499272198
0.312469674915
0.318292091218
0.318777292576
0.322173702086
0.318292091218
0.328481319748
0.244056283358
0.199417758370
0.169820475497
0.186317321689
0.190198932557
0.194080543426
0.209606986900
0.211062590975
0.193110140708
0.187287724406
0.176128093159
0.177583697234
0.182435710820
0.184376516254
0.179524502669
0.173216885007
0.175157690442
0.178068898593
0.180980106744
0.180494905386
0.180009704027
0.180494905386
0.174187287724
0.180980106744
0.193110140708
0.194080543426
0.191169335274
0.201358563804
0.203299369238
0.207666181465
0.211062590975
0.220281416788
0.226589034449
0.229500242601
0.231926249393
0.227559437166
0.227074235808
0.224163027656
0.219311014071
0.215914604561
0.215429403202
0.208151382824
0.208151382824
0.205725376031
0.203299369238
0.173216885007
0.138767588549
0.131974769529
0.127607957302
0.125181950509
0.133915574964
0.147016011645
0.143619602135
0.134885977681
0.126637554585
0.122270742358
0.130519165454
0.132945172246
0.137797185832
0.135856380398
0.134400776322
0.139252789908
0.143134400776
0.146045608928
0.157690441533
0.159146045609
0.168364871422
0.171761280932
0.173216885007
0.172731683649
0.167394468705
0.169335274139
0.164483260553
0.167394468705
0.166909267346
0.170305676856
0.172731683649
0.174672489083
0.181950509461
0.186317321689
0.180494905386
0.136826783115
0.155264434740
0.134400776322
0.182920912179
0.185346918971
0.186802523047
0.187287724406
0.171276079573
0.156234837458
0.148471615721
0.141678796701
0.145560407569
0.147986414362
0.159146045609
0.172731683649
0.180009704027
0.204269771955
0.217855409995
0.225618631732
0.218340611354
0.212032993692
0.180009704027
0.164968461912
0.137311984474
0.151868025230
0.161086851043
0.157690441533
0.155749636099
0.159631246967
0.179039301310
0.185832120330
0.185346918971
0.186317321689
0.186802523047
0.191169335274
0.193110140708
0.194565744784
0.196506550218
0.197962154294
0.200873362445
0.207180980107
0.211547792334
0.210092188258
0.216399805919
0.216399805919
0.221737020864
0.226589034449
0.225133430374
0.233867054828
0.238233867055
0.240659873848
0.246482290150
0.242115477923
0.195536147501
0.136826783115
0.151868025230
0.249393498302
0.245026686075
0.246482290150
0.248908296943
0.248908296943
0.249878699660
0.251819505095
0.255215914605
0.255215914605
0.259582726832
0.246967491509
0.249878699660
0.243571081999
0.243085880640
0.240659873848
0.244541484716
0.242600679282
0.244541484716
0.249878699660
0.252789907812
0.250849102377
0.249878699660
0.251334303736
0.253760310529
0.257641921397
0.260067928190
0.260553129549
0.264919941776
0.268316351286
0.269771955361
0.273168364871
0.272197962154
0.271712760796
0.272197962154
0.273168364871
0.271712760796
0.278505579816
0.277049975740
0.280931586608
0.280931586608
0.284327996118
0.284813197477
0.288694808345
0.289665211063
0.291606016497
0.291606016497
0.292091217855
0.289665211063
0.294517224648
0.300824842310
0.299369238234
0.301310043668
0.298398835517
0.300824842310
0.305191654537
0.310528869481
0.312469674915
0.311014070839
0.314895681708
0.312954876274
0.310043668122
0.311499272198
0.311499272198
0.314895681708
0.315380883066
0.319747695294
0.313440077632
0.320718098011
0.314895681708
0.326540514313
0.306162057254
0.320232896652
0.266375545852
0.299369238234
0.287724405628
0.302280446385
0.314410480349
0.324599708879
0.327025715672
0.330422125182
0.330422125182
0.330422125182
0.327510917031
0.326055312955
0.322173702086
0.325570111596
0.325570111596
0.327510917031
0.329936923823
0.329936923823
0.327510917031
0.332848131975
0.335274138768
0.339640950995
0.342552159146
0.342552159146
0.344007763222
0.342552159146
0.344007763222
0.344492964580
0.342552159146
0.343037360505
0.341096555070
0.343037360505
0.343037360505
0.344978165939
0.344978165939
0.344978165939
0.346433770015
0.344007763222
0.347404172732
0.347404172732
0.350800582242
0.353711790393
0.352741387676
0.351770984959
0.350800582242
0.349830179525
0.348859776807
0.348859776807
0.347889374090
0.349830179525
0.351770984959
0.350800582242
0.351285783600
0.351770984959
0.355652595827
0.353226589034
0.357593401262
0.364386220281
0.360989810771
0.369723435226
0.356137797186
0.366327025716
0.312469674915
0.266375545852
0.258612324115
0.312469674915
0.354682193110
0.357108199903
0.352256186317
0.347404172732
0.341096555070
0.340126152353
0.341096555070
0.344007763222
0.341096555070
0.342066957787
0.343522561863
0.343522561863
0.344007763222
0.346918971373
0.344492964580
0.349344978166
0.354682193110
0.357108199903
0.360989810771
0.361475012130
0.362930616206
0.364871421640
0.368267831150
0.371664240660
0.371664240660
0.366327025716
0.365356622999
0.362930616206
0.360989810771
0.362930616206
0.364386220281
0.362930616206
0.360989810771
0.360989810771
0.362930616206
0.363901018923
0.369723435226
0.368753032508
0.369238233867
0.371664240660
0.373119844736
0.375060650170
0.371179039301
0.371179039301
0.373119844736
0.373605046094
0.376516254246
0.375060650170
0.373605046094
0.377971858321
0.379427462397
0.379912663755
0.383794274624
0.382823871907
0.384764677341
0.383794274624
0.386220281417
0.387190684134
0.388161086851
0.392527899078
0.393983503154
0.393013100437
0.392527899078
0.398350315381
0.399320718098
0.394953905871
0.395924308588
0.399320718098
0.402717127608
0.403687530325
0.406113537118
0.405143134401
0.408539543911
0.411450752062
0.413391557496
0.413876758855
0.414361960213
0.415817564289
0.416787967006
0.420669577875
0.421639980592
0.423095584668
0.422610383309
0.425521591460
0.426006792819
0.426006792819
0.429888403688
0.430858806405
0.430858806405
0.432799611839
0.430373605046
0.428432799612
0.431344007763
0.432799611839
0.435225618632
0.436681222707
0.435710819990
0.436196021349
0.438136826783
0.440077632217
0.442018437652
0.442988840369
0.443474041727
0.442503639010
0.444444444444
0.445414847162
0.444929645803
0.447840853954
0.451722464823
0.452207666181
0.457059679767
0.459485686560
0.460941290636
0.462396894711
0.465308102863
0.466763706938
0.467248908297
0.466763706938
0.467248908297
0.469189713731
0.471130519165
0.472100921883
0.471130519165
0.469674915090
0.469189713731
0.466763706938
0.465793304221
0.465793304221
0.469674915090
0.460941290636
0.472100921883
0.460941290636
0.472586123241
0.460456089277
0.474041727317
0.462396894711
0.467734109656
0.449781659389
0.446870451237
0.415817564289
0.434740417273
0.403687530325
0.463852498787
0.470160116448
0.470645317807
0.475012130034
0.474526928675
0.477438136827
0.476952935468
0.480349344978
0.480349344978
0.479864143620
0.477923338185
0.478893740902
0.479864143620
0.481319747695
0.482775351771
0.480349344978
0.480834546337
0.480349344978
0.479864143620
0.477923338185
0.481804949054
0.481319747695
0.486656962639
0.487142163998
0.491508976225
0.498301795245
0.496360989811
0.499272197962
0.487627365357
0.492479378942
0.374575448811
0.352741387676
0.265405143134
0.194565744784
0.211062590975
0.243571081999
0.262493934983
0.273168364871
0.293546821931
0.310043668122
0.330422125182
0.342066957787
0.343522561863
0.347889374090
0.344978165939
0.342552159146
0.343037360505
0.343037360505
0.344492964580
0.353226589034
0.354196991752
0.353711790393
0.352256186317
0.351770984959
0.353226589034
0.354196991752
0.364871421640
0.369723435226
0.366812227074
0.370693837943
0.367297428433
0.369238233867
0.365356622999
0.378942261038
0.335274138768
0.298398835517
0.356622998544
0.296458030082
0.369238233867
0.371664240660
0.367297428433
0.360019408054
0.375060650170
0.378942261038
0.381368267831
0.388646288210
0.385735080058
0.387190684134
0.389131489568
0.394953905871
0.387190684134
0.384764677341
0.390101892285
0.398350315381
0.400776322174
0.408539543911
0.407083939835
0.410480349345
0.411450752062
0.414847161572
0.403202328967
0.405628335759
0.388161086851
0.356622998544
0.268316351286
0.311984473557
0.282872392043
0.274623968947
0.280446385250
0.294032023290
0.321203299369
0.333818534692
0.367297428433
0.389131489568
0.399320718098
0.395924308588
0.401261523532
0.395439107230
0.392527899078
0.392042697720
0.396894711305
0.401261523532
0.403687530325
0.404172731684
0.416787967006
0.426006792819
0.431344007763
0.434255215915
0.434255215915
0.435225618632
0.440077632217
0.437166424066
0.432799611839
0.434255215915
0.436681222707
0.432799611839
0.431829209122
0.436196021349
0.435225618632
0.437651625425
0.443474041727
0.446385249879
0.447840853954
0.447840853954
0.447355652596
0.446385249879
0.446385249879
0.444444444444
0.447840853954
0.444929645803
0.441533236293
0.438136826783
0.439592430859
0.440077632217
0.442988840369
0.444929645803
0.445900048520
0.442018437652
0.442503639010
0.444444444444
0.447355652596
0.445414847162
0.446385249879
0.451237263464
0.453178068899
0.457544881126
0.458515283843
0.462882096070
0.466763706938
0.467734109656
0.466763706938
0.466278505580
0.468219311014
0.466278505580
0.469189713731
0.471130519165
0.468704512373
0.471130519165
0.471615720524
0.470645317807
0.470160116448
0.476467734110
0.479378942261
0.475497331393
0.478408539544
0.475982532751
0.480834546337
0.475497331393
0.479864143620
0.475982532751
0.481804949054
0.476467734110
0.474526928675
0.473556525958
0.480349344978
0.472586123241
0.475497331393
0.450266860747
0.436196021349
0.446870451237
0.475982532751
0.482775351771
0.489568170791
0.491508976225
0.496360989811
0.493449781659
0.493449781659
0.495390587094
0.495390587094
0.495875788452
0.493449781659
0.491023774867
0.489082969432
0.491994177584
0.491994177584
0.496360989811
0.498786996604
0.499757399321
0.498786996604
0.496846191169
0.494905385735
0.496360989811
0.494420184377
0.495390587094
0.495875788452
0.496846191169
0.497331392528
0.502668607472
0.504124211548
0.505579815623
0.508491023775
0.508976225133
0.509461426492
0.509946627851
0.512372634643
0.513343037361
0.517224648229
0.516739446870
0.517224648229
0.516254245512
0.517709849588
0.520135856380
0.516254245512
0.521591460456
0.510431829209
0.515769044153
0.488112566715
0.475497331393
0.387190684134
0.444444444444
0.491023774867
0.525473071325
0.523532265890
0.517709849588
0.510431829209
0.504609412906
0.497331392528
0.502668607472
0.501698204755
0.505094614265
0.505579815623
0.507520621058
0.505094614265
0.512372634643
0.512372634643
0.516254245512
0.516739446870
0.513343037361
0.524987869966
0.517709849588
0.522561863173
0.481804949054
0.458030082484
0.385249878700
0.465308102863
0.481804949054
0.499272197962
0.501213003396
0.503153808831
0.499272197962
0.505094614265
0.499272197962
0.507035419699
0.507520621058
0.516254245512
0.519650655022
0.519650655022
0.520621057739
0.521106259098
0.521591460456
0.521106259098
0.522076661815
0.524017467249
0.528384279476
0.525958272683
0.524502668607
0.527899078117
0.527899078117
0.525958272683
0.526443474042
0.525473071325
0.523047064532
0.523047064532
0.524017467249
0.528384279476
0.533721494420
0.534691897137
0.538573508006
0.539543910723
0.542455118874
0.540514313440
0.544395924309
0.548277535177
0.550218340611
0.553614750121
0.551673944687
0.554099951480
0.552644347404
0.552159146046
0.549733139253
0.553129548763
0.540999514799
0.547307132460
0.478408539544
0.448811256672
0.517224648229
0.522076661815
0.540029112082
0.533236293062
0.539543910723
0.541484716157
0.540514313440
0.545851528384
0.546336729743
0.544395924309
0.544395924309
0.550218340611
0.554585152838
0.555555555556
0.558951965066
0.560407569141
0.560407569141
0.561863173217
0.560407569141
0.560892770500
0.561863173217
0.561863173217
0.562348374575
0.563803978651
0.567685589520
0.568170790878
0.569626394954
0.565259582727
0.572052401747
0.567200388161
0.579330422125
0.547792333819
0.504124211548
0.338185346919
0.384279475983
0.421154779233
0.517709849588
0.515283842795
0.488112566715
0.474041727317
0.470645317807
0.471130519165
0.475012130034
0.472100921883
0.472100921883
0.475497331393
0.479378942261
0.483260553130
0.488597768074
0.490053372149
0.493934983018
0.490053372149
0.492479378942
0.491994177584
0.487627365357
0.486171761281
0.486656962639
0.491994177584
0.492964580301
0.497816593886
0.501698204755
0.502668607472
0.511887433285
0.513828238719
0.512372634643
0.516739446870
0.517224648229
0.515283842795
0.513343037361
0.514798641436
0.515769044153
0.513828238719
0.512857836002
0.514313440078
0.518680252305
0.521591460456
0.523532265890
0.525958272683
0.527899078117
0.530810286269
0.532265890344
0.528384279476
0.529839883552
0.536147501213
0.537117903930
0.533236293062
0.535177098496
0.524502668607
0.518680252305
0.471130519165
0.409509946628
0.433284813197
0.469189713731
0.479864143620
0.497816593886
0.504609412906
0.513828238719
0.519165453663
0.514313440078
0.518680252305
0.514798641436
0.514313440078
0.515769044153
0.513828238719
0.514313440078
0.512857836002
0.513343037361
0.517709849588
0.518680252305
0.519650655022
0.524502668607
0.528384279476
0.534691897137
0.537117903930
0.545366327026
0.547792333819
0.550218340611
0.551188743328
0.551188743328
0.554585152838
0.563318777293
0.559437166424
0.557011159631
0.554099951480
0.553129548763
0.552644347404
0.556040756914
0.555070354197
0.552159146046
0.551673944687
0.552159146046
0.551188743328
0.552644347404
0.554585152838
0.555555555556
0.555555555556
0.557981562348
0.562833575934
0.564289180010
0.566229985444
0.570596797671
0.570111596312
0.571567200388
0.570111596312
0.567685589520
0.572052401747
0.568655992237
0.578845220767
0.542455118874
0.572052401747
0.419699175158
0.441048034934
0.455118874333
0.502668607472
0.525473071325
0.559437166424
0.559437166424
0.562833575934
0.548277535177
0.542940320233
0.546336729743
0.549733139253
0.560407569141
0.564774381368
0.561863173217
0.562348374575
0.564774381368
0.564289180010
0.568655992237
0.572052401747
0.571567200388
0.571567200388
0.568170790878
0.568655992237
0.561377971858
0.557981562348
0.558951965066
0.563318777293
0.565259582727
0.563318777293
0.566229985444
0.565744784085
0.566229985444
0.569626394954
0.569626394954
0.570596797671
0.571081999030
0.571567200388
0.573993207181
0.576419213974
0.574963609898
0.579330422125
0.579330422125
0.579330422125
0.576419213974
0.580786026201
0.583212032994
0.589519650655
0.589519650655
0.588549247938
0.587093643862
0.587578845221
0.590004852014
0.594856865599
0.593886462882
0.594371664241
0.590975254731
0.593886462882
0.588549247938
0.595827268316
0.583212032994
0.553129548763
0.459485686560
0.487142163998
0.487142163998
0.566229985444
0.564289180010
0.576419213974
0.590490053372
0.598253275109
0.602620087336
0.601649684619
0.602134885978
0.601649684619
0.599708879185
0.597768073751
0.591460456089
0.591945657448
0.590975254731
0.592430858806
0.590004852014
0.588549247938
0.591945657448
0.590004852014
0.593401261524
0.599708879185
0.596312469675
0.594371664241
0.596797671033
0.598738476468
0.600679281902
0.602620087336
0.603105288695
0.607472100922
0.610868510432
0.613779718583
0.619116933527
0.622028141679
0.623483745754
0.627365356623
0.631246967492
0.631246967492
0.628820960699
0.627850557982
0.628820960699
0.630276564774
0.628820960699
0.630276564774
0.631246967492
0.632217370209
0.636098981077
0.637069383794
0.635128578360
0.634643377001
0.639980591946
0.635613779719
0.639495390587
0.632217370209
0.629791363416
0.626394953906
0.560407569141
0.566715186803
0.462882096070
0.562833575934
0.606501698205
0.620572537603
0.621542940320
0.627365356623
0.631246967492
0.633187772926
0.632217370209
0.630276564774
0.627850557982
0.629306162057
0.633672974284
0.631732168850
0.636098981077
0.632217370209
0.633672974284
0.635128578360
0.632702571567
0.636098981077
0.630276564774
0.629791363416
0.627365356623
0.580786026201
0.447840853954
0.393983503154
0.426006792819
0.482290150412
0.558951965066
0.577874818049
0.593401261524
0.600194080543
0.605531295488
0.599223677826
0.600679281902
0.598738476468
0.590975254731
0.592430858806
0.592916060165
0.597768073751
0.600194080543
0.591460456089
0.591460456089
0.596797671033
0.598738476468
0.596312469675
0.599223677826
0.595342066958
0.597282872392
0.595342066958
0.594856865599
0.591945657448
0.595827268316
0.597282872392
0.601164483261
0.600679281902
0.606986899563
0.609412906356
0.612809315866
0.613779718583
0.614750121300
0.619602134886
0.619116933527
0.622513343037
0.620087336245
0.625909752547
0.608442503639
0.628820960699
0.573022804464
0.608442503639
0.537117903930
0.605531295488
0.626880155264
0.606501698205
0.616205725376
0.602620087336
0.604560892770
0.598738476468
0.606986899563
0.618146530810
0.629791363416
0.626394953906
0.630276564774
0.633672974284
0.635128578360
0.635128578360
0.633672974284
0.632702571567
0.633672974284
0.636584182436
0.638524987870
0.637069383794
0.639010189229
0.640465793304
0.643377001456
0.642406598738
0.641436196021
0.644347404173
0.649684619117
0.650655021834
0.652110625910
0.648714216400
0.650169820475
0.650655021834
0.652110625910
0.649684619117
0.655992236778
0.657933042213
0.658418243571
0.662785055798
0.655992236778
0.669092673459
0.606501698205
0.601164483261
0.341581756429
0.330907326541
0.322173702086
0.332362930616
0.334788937409
0.413876758855
0.431829209122
0.437166424066
0.425521591460
0.422610383309
0.426491994178
0.434740417273
0.442018437652
0.455118874333
0.461426491994
0.462396894711
0.462396894711
0.462396894711
0.459970887918
0.454633672974
0.451722464823
0.450266860747
0.441533236293
0.448326055313
0.454633672974
0.453663270257
0.453178068899
0.460941290636
0.459485686560
0.453663270257
0.447355652596
0.449781659389
0.449781659389
0.445414847162
0.449296458030
0.450266860747
0.456089277050
0.459000485201
0.462396894711
0.467248908297
0.471130519165
0.470160116448
0.479864143620
0.484230955847
0.491023774867
0.492479378942
0.494905385735
0.496360989811
0.498301795245
0.496846191169
0.502183406114
0.502668607472
0.510917030568
0.505579815623
0.483745754488
0.421154779233
0.326055312955
0.362445414847
0.419699175158
0.420669577875
0.407569141194
0.411935953421
0.412421154779
0.416302765648
0.426491994178
0.429403202329
0.432799611839
0.444444444444
0.444444444444
0.445414847162
0.450752062106
0.458515283843
0.467734109656
0.475497331393
0.484230955847
0.480834546337
0.483745754488
0.487627365357
0.488597768074
0.487627365357
0.491023774867
0.494420184377
0.492964580301
0.489568170791
0.491508976225
0.494420184377
0.495875788452
0.492479378942
0.495390587094
0.496360989811
0.501698204755
0.502668607472
0.509946627851
0.504124211548
0.511402231926
0.511887433285
0.512372634643
0.511887433285
0.513828238719
0.515283842795
0.514798641436
0.516739446870
0.522561863173
0.523532265890
0.524017467249
0.522561863173
0.524017467249
0.522561863173
0.523047064532
0.527899078117
0.527899078117
0.526928675400
0.530325084910
0.530810286269
0.532265890344
0.537117903930
0.540999514799
0.540029112082
0.539058709364
0.539543910723
0.544881125667
0.545851528384
0.549247937894
0.547307132460
0.548277535177
0.548762736536
0.553129548763
0.553614750121
0.553614750121
0.556525958273
0.562348374575
0.567685589520
0.571567200388
0.572052401747
0.572537603105
0.571567200388
0.573508005822
0.571567200388
0.575934012615
0.568170790878
0.573993207181
0.555555555556
0.458030082484
0.405628335759
0.471130519165
0.519650655022
0.533236293062
0.520135856380
0.515769044153
0.519165453663
0.528384279476
0.530325084910
0.541969917516
0.556040756914
0.565259582727
0.569626394954
0.571081999030
0.569141193595
0.567200388161
0.562348374575
0.558951965066
0.559922367783
0.556525958273
0.561863173217
0.557981562348
0.562833575934
0.567200388161
0.562833575934
0.559437166424
0.558951965066
0.566229985444
0.571567200388
0.574478408540
0.578360019408
0.585638039787
0.582726831635
0.583697234352
0.583697234352
0.583697234352
0.576904415332
0.579330422125
0.579815623484
0.583697234352
0.585638039787
0.590004852014
0.586123241145
0.588064046579
0.589034449296
0.591945657448
0.589519650655
0.589034449296
0.585152838428
0.556525958273
0.501213003396
0.386220281417
0.342552159146
0.377001455604
0.407083939835
0.402717127608
0.388161086851
0.374575448811
0.376516254246
0.376516254246
0.378942261038
0.376516254246
0.382823871907
0.395439107230
0.412421154779
0.430858806405
0.442988840369
0.435710819990
0.445414847162
0.457059679767
0.463852498787
0.463852498787
0.462882096070
0.465793304221
0.468704512373
0.474041727317
0.475497331393
0.475012130034
0.476467734110
0.475012130034
0.472586123241
0.472586123241
0.476952935468
0.484716157205
0.487142163998
0.489568170791
0.488112566715
0.489082969432
0.493934983018
0.498786996604
0.506550218341
0.508976225133
0.512372634643
0.509946627851
0.514798641436
0.515283842795
0.513343037361
0.514313440078
0.516739446870
0.520135856380
0.525473071325
0.526928675400
0.528869480835
0.525473071325
0.534691897137
0.531295487627
0.531295487627
0.535662299854
0.524502668607
0.518680252305
0.485201358564
0.484716157205
0.525473071325
0.528869480835
0.526443474042
0.529354682193
0.530810286269
0.534691897137
0.537603105289
0.542940320233
0.545366327026
0.550218340611
0.549733139253
0.555555555556
0.557981562348
0.558951965066
0.557496360990
0.560892770500
0.560892770500
0.563318777293
0.560407569141
0.562348374575
0.565744784085
0.567200388161
0.569141193595
0.572537603105
0.571081999030
0.568170790878
0.567200388161
0.569626394954
0.573993207181
0.578845220767
0.577389616691
0.577389616691
0.573022804464
0.572537603105
0.574963609898
0.575448811257
0.578360019408
0.576904415332
0.583212032994
0.586123241145
0.586123241145
0.583212032994
0.588549247938
0.583697234352
0.593401261524
0.586608442504
0.591945657448
0.581271227559
0.580300824842
0.525473071325
0.508005822416
0.349830179525
0.345948568656
0.476952935468
0.472586123241
0.477923338185
0.477923338185
0.475497331393
0.471615720524
0.467734109656
0.466763706938
0.464822901504
0.461426491994
0.462396894711
0.470160116448
0.473071324600
0.476952935468
0.480349344978
0.487142163998
0.491023774867
0.495875788452
0.497331392528
0.503639010189
0.501213003396
0.503153808831
0.507035419699
0.508005822416
0.511402231926
0.513828238719
0.514798641436
0.519650655022
0.523047064532
0.527899078117
0.530325084910
0.529839883552
0.533721494420
0.534691897137
0.537603105289
0.542455118874
0.548762736536
0.548762736536
0.552159146046
0.554099951480
0.551673944687
0.551673944687
0.553129548763
0.555555555556
0.553129548763
0.552159146046
0.558951965066
0.561863173217
0.559437166424
0.559437166424
0.561377971858
0.566229985444
0.563803978651
0.570111596312
0.571567200388
0.573508005822
0.568655992237
0.570111596312
0.567685589520
0.568655992237
0.563803978651
0.555070354197
0.500727802038
0.510431829209
0.539058709364
0.576904415332
0.569626394954
0.578845220767
0.562348374575
0.557981562348
0.544881125667
0.566715186803
0.582726831635
0.582241630277
0.586608442504
0.586608442504
0.587578845221
0.583212032994
0.582726831635
0.583697234352
0.585152838428
0.583697234352
0.585152838428
0.589034449296
0.591945657448
0.594371664241
0.596797671033
0.593401261524
0.594856865599
0.595827268316
0.600194080543
0.597282872392
0.599708879185
0.604075691412
0.604560892770
0.605046094129
0.607472100922
0.604075691412
0.605046094129
0.607472100922
0.607957302280
0.611353711790
0.614264919942
0.616205725376
0.617176128093
0.615235322659
0.615235322659
0.619602134886
0.621542940320
0.621542940320
0.623483745754
0.622998544396
0.623483745754
0.622998544396
0.623968947113
0.621057738962
0.620572537603
0.622998544396
0.622028141679
0.626394953906
0.626880155264
0.626394953906
0.619116933527
0.613779718583
0.558466763707
0.539058709364
0.500727802038
0.532751091703
0.586123241145
0.623483745754
0.626394953906
0.629306162057
0.628335759340
0.619602134886
0.619116933527
0.616690926735
0.616205725376
0.620087336245
0.626880155264
0.623968947113
0.626880155264
0.632217370209
0.623968947113
0.621542940320
0.624454148472
0.624454148472
0.624939349830
0.627850557982
0.627365356623
0.632702571567
0.618146530810
0.618146530810
0.465308102863
0.422610383309
0.506550218341
0.566715186803
0.589034449296
0.584182435711
0.589519650655
0.597282872392
0.600679281902
0.601164483261
0.594371664241
0.587093643862
0.586123241145
0.589034449296
0.590490053372
0.599223677826
0.599708879185
0.601649684619
0.599708879185
0.603105288695
0.603590490053
0.602134885978
0.608442503639
0.613294517225
0.620572537603
0.619116933527
0.617661329452
0.622513343037
0.622028141679
0.627365356623
0.626880155264
0.626880155264
0.627850557982
0.630276564774
0.634643377001
0.630276564774
0.621542940320
0.614264919942
0.564289180010
0.523047064532
0.585152838428
0.577874818049
0.635128578360
0.636098981077
0.634643377001
0.638039786511
0.635128578360
0.637069383794
0.635128578360
0.633187772926
0.628820960699
0.629306162057
0.630276564774
0.635128578360
0.629306162057
0.626880155264
0.626880155264
0.627850557982
0.629306162057
0.634643377001
0.633672974284
0.631732168850
0.631246967492
0.631246967492
0.637069383794
0.638039786511
0.638039786511
0.639010189229
0.640950994663
0.639980591946
0.642406598738
0.643862202814
0.650655021834
0.653081028627
0.655507035420
0.653081028627
0.651625424551
0.652110625910
0.649684619117
0.649199417758
0.648714216400
0.646288209607
0.645803008248
0.645317806890
0.649684619117
0.650655021834
0.649684619117
0.651625424551
0.656962639495
0.649199417758
0.653081028627
0.638039786511
0.629306162057
0.598253275109
0.612809315866
0.642406598738
0.662785055798
0.657447840854
0.660844250364
0.656962639495
0.660359049005
0.660359049005
0.661814653081
0.663270257157
0.663270257157
0.662299854440
0.664725861232
0.665211062591
0.667151868025
0.667151868025
0.666666666667
0.667151868025
0.667151868025
0.670548277535
0.668607472101
0.670548277535
0.673459485687
0.676370693838
0.674915089762
0.673459485687
0.674915089762
0.678311499272
0.681222707424
0.680252304706
0.665211062591
0.641921397380
0.495390587094
0.381853469190
0.386220281417
0.453663270257
0.512372634643
0.548277535177
0.543425521591
0.529354682193
0.527413876759
0.529839883552
0.528869480835
0.533236293062
0.529354682193
0.524987869966
0.521106259098
0.514313440078
0.519650655022
0.524987869966
0.538573508006
0.540514313440
0.541969917516
0.545366327026
0.541969917516
0.536632702572
0.544395924309
0.551188743328
0.552644347404
0.557981562348
0.566715186803
0.565744784085
0.564289180010
0.559437166424
0.561377971858
0.568170790878
0.563803978651
0.574478408540
0.551673944687
0.555070354197
0.448326055313
0.530810286269
0.569626394954
0.576419213974
0.584182435711
0.588549247938
0.600679281902
0.598253275109
0.602620087336
0.601649684619
0.602134885978
0.604560892770
0.604560892770
0.608442503639
0.609412906356
0.608442503639
0.606016496846
0.606986899563
0.610868510432
0.615235322659
0.618631732169
0.624939349830
0.626880155264
0.630761766133
0.629306162057
0.633672974284
0.634643377001
0.638524987870
0.637069383794
0.637554585153
0.639980591946
0.638524987870
0.638039786511
0.641921397380
0.646773410966
0.636584182436
0.640950994663
0.597282872392
0.492479378942
0.446385249879
0.549733139253
0.568170790878
0.601164483261
0.600194080543
0.604560892770
0.598253275109
0.605046094129
0.606016496846
0.603590490053
0.598253275109
0.596797671033
0.592916060165
0.592430858806
0.585638039787
0.582726831635
0.584182435711
0.591460456089
0.590004852014
0.594371664241
0.591945657448
0.596797671033
0.599223677826
0.600194080543
0.603105288695
0.602620087336
0.603590490053
0.605531295488
0.606986899563
0.607472100922
0.608442503639
0.608927704998
0.610383309073
0.610868510432
0.611353711790
0.611838913149
0.613779718583
0.613779718583
0.615235322659
0.614750121300
0.611838913149
0.616205725376
0.617176128093
0.622998544396
0.622513343037
0.625424551189
0.626880155264
0.625909752547
0.626394953906
0.625424551189
0.630276564774
0.632217370209
0.636098981077
0.638524987870
0.640950994663
0.642891800097
0.641436196021
0.641436196021
0.643377001456
0.643377001456
0.644832605531
0.644832605531
