0.139094650206
0.141563786008
0.144855967078
0.148559670782
0.150617283951
0.151440329218
0.152263374486
0.151851851852
0.151851851852
0.151851851852
0.151851851852
0.151851851852
0.151851851852
0.151851851852
0.151851851852
0.151851851852
0.151851851852
0.151851851852
0.151851851852
0.152674897119
0.152263374486
0.155555555556
0.158024691358
0.162139917695
0.167078189300
0.165843621399
0.165843621399
0.165020576132
0.162139917695
0.159670781893
0.156790123457
0.155555555556
0.157201646091
0.155555555556
0.158024691358
0.153909465021
0.151851851852
0.148559670782
0.146913580247
0.143621399177
0.141563786008
0.142798353909
0.146913580247
0.149794238683
0.153909465021
0.155555555556
0.162962962963
0.173251028807
0.184362139918
0.186008230453
0.192592592593
0.195061728395
0.202469135802
0.208230452675
0.215226337449
0.216872427984
0.218106995885
0.216872427984
0.220987654321
0.227160493827
0.226748971193
0.230041152263
0.230041152263
0.232921810700
0.233744855967
0.229218106996
0.227983539095
0.221399176955
0.218106995885
0.214814814815
0.209465020576
0.206584362140
0.209465020576
0.207407407407
0.214814814815
0.211934156379
0.210288065844
0.217283950617
0.219753086420
0.218518518519
0.224691358025
0.225925925926
0.233333333333
0.232921810700
0.239094650206
0.235390946502
0.245679012346
0.239094650206
0.267901234568
0.232098765432
0.268724279835
0.225102880658
0.258436213992
0.161316872428
0.186008230453
0.253909465021
0.283950617284
0.274485596708
0.272427983539
0.270370370370
0.272016460905
0.276543209877
0.279012345679
0.262551440329
0.251851851852
0.239917695473
0.234567901235
0.234156378601
0.235802469136
0.232921810700
0.232510288066
0.232098765432
0.232510288066
0.242386831276
0.248971193416
0.258024691358
0.272016460905
0.283950617284
0.294238683128
0.299176954733
0.298353909465
0.292181069959
0.288888888889
0.286419753086
0.284773662551
0.288477366255
0.290123456790
0.291769547325
0.297530864198
0.303292181070
0.302880658436
0.300000000000
0.294650205761
0.290946502058
0.293004115226
0.293004115226
0.295473251029
0.295061728395
0.297942386831
0.300823045267
0.302469135802
0.306995884774
0.309053497942
0.315637860082
0.321810699588
0.329218106996
0.332098765432
0.338683127572
0.341563786008
0.343621399177
0.344032921811
0.341152263374
0.343621399177
0.344855967078
0.343621399177
0.338271604938
0.334979423868
0.290123456790
0.129629629630
0.127983539095
0.168724279835
0.163374485597
0.179012345679
0.202057613169
0.218930041152
0.219753086420
0.223456790123
0.231687242798
0.240740740741
0.241563786008
0.244855967078
0.241975308642
0.243621399177
0.243209876543
0.248148148148
0.253909465021
0.253909465021
0.252674897119
0.242386831276
0.238271604938
0.225925925926
0.218106995885
0.216460905350
0.202057613169
0.202880658436
0.206172839506
0.208230452675
0.206172839506
0.206172839506
0.198353909465
0.193415637860
0.183950617284
0.181481481481
0.181893004115
0.188065843621
0.188477366255
0.190123456790
0.198765432099
0.198765432099
0.202880658436
0.204938271605
0.215637860082
0.159670781893
0.127983539095
0.114403292181
0.105349794239
0.104938271605
0.112757201646
0.118518518519
0.123868312757
0.125514403292
0.116872427984
0.119341563786
0.138683127572
0.144444444444
0.141975308642
0.141563786008
0.137860082305
0.135390946502
0.134156378601
0.139506172840
0.142798353909
0.143209876543
0.139094650206
0.136213991770
0.135390946502
0.140740740741
0.153086419753
0.156790123457
0.162551440329
0.167489711934
0.167489711934
0.169135802469
0.172839506173
0.175308641975
0.176954732510
0.174897119342
0.173251028807
0.143621399177
0.090123456790
0.106584362140
0.166666666667
0.172427983539
0.160493827160
0.181481481481
0.174074074074
0.163374485597
0.153497942387
0.149794238683
0.152263374486
0.152263374486
0.146913580247
0.147736625514
0.148559670782
0.161728395062
0.158847736626
0.158847736626
0.162139917695
0.155144032922
0.149794238683
0.145679012346
0.095061728395
0.112345679012
0.160493827160
0.172839506173
0.158847736626
0.156790123457
0.160082304527
0.151440329218
0.145679012346
0.146090534979
0.155144032922
0.155144032922
0.155967078189
0.155967078189
0.155555555556
0.158847736626
0.165020576132
0.169547325103
0.176543209877
0.180658436214
0.183127572016
0.186008230453
0.191769547325
0.197942386831
0.201234567901
0.209876543210
0.208230452675
0.215226337449
0.220987654321
0.220576131687
0.204938271605
0.106172839506
0.129629629630
0.208230452675
0.209053497942
0.198353909465
0.200000000000
0.203703703704
0.210699588477
0.217283950617
0.217283950617
0.220164609053
0.219341563786
0.217283950617
0.212757201646
0.210288065844
0.209876543210
0.216049382716
0.216460905350
0.216872427984
0.220576131687
0.215637860082
0.212345679012
0.213580246914
0.213991769547
0.218106995885
0.218518518519
0.225514403292
0.230864197531
0.236213991770
0.239917695473
0.238271604938
0.239506172840
0.248148148148
0.250617283951
0.251851851852
0.253497942387
0.255144032922
0.258847736626
0.260493827160
0.258436213992
0.259259259259
0.255967078189
0.260082304527
0.261728395062
0.261728395062
0.263374485597
0.264197530864
0.263374485597
0.266666666667
0.268312757202
0.268312757202
0.268312757202
0.268312757202
0.273251028807
0.270781893004
0.271604938272
0.276543209877
0.281069958848
0.282716049383
0.285596707819
0.283950617284
0.289711934156
0.292592592593
0.292181069959
0.292592592593
0.292181069959
0.291358024691
0.289300411523
0.289711934156
0.294650205761
0.298353909465
0.303703703704
0.292592592593
0.289711934156
0.271193415638
0.244444444444
0.298353909465
0.317283950617
0.318106995885
0.311111111111
0.303292181070
0.297119341564
0.298353909465
0.305349794239
0.307818930041
0.303703703704
0.305761316872
0.311111111111
0.310288065844
0.308641975309
0.311522633745
0.311522633745
0.313580246914
0.318518518519
0.317695473251
0.321399176955
0.326337448560
0.324691358025
0.323456790123
0.323456790123
0.324691358025
0.324691358025
0.323868312757
0.321810699588
0.324691358025
0.325102880658
0.327983539095
0.328806584362
0.328395061728
0.329629629630
0.332510288066
0.334156378601
0.337448559671
0.339094650206
0.339506172840
0.336625514403
0.340740740741
0.342798353909
0.345679012346
0.346913580247
0.353497942387
0.354732510288
0.359670781893
0.365843621399
0.372016460905
0.372016460905
0.371604938272
0.372839506173
0.374074074074
0.376131687243
0.379423868313
0.376543209877
0.381893004115
0.374897119342
0.387654320988
0.348971193416
0.372839506173
0.192592592593
0.327983539095
0.301646090535
0.345267489712
0.360493827160
0.364197530864
0.363374485597
0.359670781893
0.348559670782
0.348148148148
0.339917695473
0.342798353909
0.338683127572
0.340329218107
0.339917695473
0.343621399177
0.346913580247
0.346913580247
0.351851851852
0.353497942387
0.353497942387
0.353086419753
0.355144032922
0.359670781893
0.360493827160
0.364609053498
0.367901234568
0.370370370370
0.372016460905
0.374074074074
0.375720164609
0.375308641975
0.376131687243
0.377366255144
0.377366255144
0.379835390947
0.379012345679
0.378189300412
0.380658436214
0.379423868313
0.380658436214
0.380658436214
0.381069958848
0.386008230453
0.388065843621
0.389711934156
0.392592592593
0.395061728395
0.397942386831
0.401234567901
0.403292181070
0.405761316872
0.406584362140
0.402057613169
0.399176954733
0.397119341564
0.398765432099
0.398353909465
0.399176954733
0.397942386831
0.395884773663
0.395061728395
0.393827160494
0.397119341564
0.400000000000
0.399588477366
0.401646090535
0.402469135802
0.406172839506
0.405761316872
0.408230452675
0.409465020576
0.412757201646
0.413168724280
0.411111111111
0.406584362140
0.407407407407
0.407407407407
0.405761316872
0.408230452675
0.414403292181
0.412345679012
0.413580246914
0.414814814815
0.420164609053
0.420987654321
0.418106995885
0.420164609053
0.419341563786
0.420576131687
0.426337448560
0.423456790123
0.422633744856
0.422222222222
0.420987654321
0.420987654321
0.421810699588
0.424279835391
0.425925925926
0.425925925926
0.425925925926
0.429218106996
0.430452674897
0.429629629630
0.428806584362
0.428806584362
0.428806584362
0.428806584362
0.428806584362
0.428395061728
0.427983539095
0.426748971193
0.430452674897
0.430864197531
0.433333333333
0.432921810700
0.432921810700
0.435802469136
0.439094650206
0.442386831276
0.445679012346
0.447325102881
0.447736625514
0.451028806584
0.449382716049
0.452674897119
0.454320987654
0.456790123457
0.456378600823
0.462139917695
0.460905349794
0.465020576132
0.461316872428
0.467078189300
0.462551440329
0.466666666667
0.462962962963
0.468724279835
0.461728395062
0.468312757202
0.445679012346
0.451440329218
0.410699588477
0.426748971193
0.399588477366
0.449794238683
0.458847736626
0.458847736626
0.466255144033
0.462962962963
0.464609053498
0.465432098765
0.464609053498
0.463786008230
0.464609053498
0.465432098765
0.462962962963
0.464609053498
0.467078189300
0.466666666667
0.469135802469
0.466255144033
0.467489711934
0.469135802469
0.467078189300
0.469547325103
0.469547325103
0.469958847737
0.467901234568
0.470781893004
0.471604938272
0.472016460905
0.470781893004
0.459259259259
0.473662551440
0.339094650206
0.347325102881
0.283950617284
0.261316872428
0.259670781893
0.285185185185
0.275720164609
0.262139917695
0.276543209877
0.302057613169
0.317283950617
0.332098765432
0.337860082305
0.339506172840
0.333744855967
0.342798353909
0.346090534979
0.349382716049
0.351851851852
0.351028806584
0.353909465021
0.347736625514
0.346090534979
0.347736625514
0.347325102881
0.348559670782
0.348971193416
0.356790123457
0.352674897119
0.349382716049
0.354320987654
0.355967078189
0.350205761317
0.365432098765
0.340740740741
0.302469135802
0.353497942387
0.269135802469
0.353909465021
0.358847736626
0.369958847737
0.373662551440
0.382304526749
0.383539094650
0.390123456790
0.394650205761
0.397942386831
0.398353909465
0.392592592593
0.388888888889
0.384773662551
0.380246913580
0.375720164609
0.378189300412
0.381069958848
0.379835390947
0.383539094650
0.383950617284
0.386008230453
0.386008230453
0.399176954733
0.389711934156
0.399588477366
0.298765432099
0.309876543210
0.253497942387
0.302057613169
0.309465020576
0.320164609053
0.342798353909
0.375720164609
0.384362139918
0.379012345679
0.359259259259
0.341563786008
0.335390946502
0.335802469136
0.343621399177
0.354732510288
0.362962962963
0.376543209877
0.386008230453
0.392592592593
0.400823045267
0.407818930041
0.409053497942
0.400000000000
0.405761316872
0.403292181070
0.400000000000
0.403292181070
0.404938271605
0.407407407407
0.404938271605
0.404115226337
0.405349794239
0.406995884774
0.403292181070
0.405349794239
0.407407407407
0.407818930041
0.407818930041
0.409876543210
0.412757201646
0.417695473251
0.423045267490
0.425102880658
0.428806584362
0.429629629630
0.430041152263
0.431687242798
0.435802469136
0.436625514403
0.438683127572
0.440740740741
0.439506172840
0.442798353909
0.447736625514
0.450205761317
0.452674897119
0.453909465021
0.455144032922
0.458847736626
0.458436213992
0.459670781893
0.460493827160
0.460493827160
0.463374485597
0.464609053498
0.465020576132
0.465843621399
0.463374485597
0.466255144033
0.465843621399
0.469958847737
0.471193415638
0.473251028807
0.471193415638
0.475720164609
0.476954732510
0.478189300412
0.474485596708
0.478600823045
0.478600823045
0.481893004115
0.479423868313
0.485185185185
0.477366255144
0.485596707819
0.476543209877
0.486008230453
0.476543209877
0.484773662551
0.471604938272
0.485185185185
0.468724279835
0.479423868313
0.454732510288
0.465432098765
0.449794238683
0.481893004115
0.485596707819
0.486008230453
0.483950617284
0.476954732510
0.478600823045
0.473251028807
0.472839506173
0.476131687243
0.480658436214
0.481893004115
0.486008230453
0.488477366255
0.488888888889
0.489711934156
0.489300411523
0.492592592593
0.493827160494
0.490946502058
0.490534979424
0.491769547325
0.493415637860
0.496296296296
0.497119341564
0.497119341564
0.497530864198
0.500411522634
0.498765432099
0.501234567901
0.503292181070
0.502880658436
0.502880658436
0.507407407407
0.505761316872
0.505761316872
0.506584362140
0.509053497942
0.508641975309
0.508230452675
0.508230452675
0.508641975309
0.509876543210
0.507407407407
0.509465020576
0.510699588477
0.495061728395
0.493415637860
0.433744855967
0.409465020576
0.403292181070
0.497119341564
0.501234567901
0.500411522634
0.499176954733
0.500411522634
0.503703703704
0.501646090535
0.499176954733
0.497530864198
0.497942386831
0.502469135802
0.504938271605
0.508641975309
0.511522633745
0.513168724280
0.518518518519
0.512757201646
0.517283950617
0.508230452675
0.516872427984
0.502469135802
0.480658436214
0.446090534979
0.402880658436
0.435802469136
0.453086419753
0.473251028807
0.485596707819
0.493415637860
0.493004115226
0.498353909465
0.506172839506
0.513580246914
0.517283950617
0.521399176955
0.515226337449
0.502469135802
0.496707818930
0.494238683128
0.490123456790
0.488065843621
0.493827160494
0.504115226337
0.512757201646
0.520576131687
0.526748971193
0.529629629630
0.530041152263
0.531687242798
0.531687242798
0.527160493827
0.527572016461
0.527160493827
0.527572016461
0.522633744856
0.528395061728
0.524279835391
0.520576131687
0.518518518519
0.520164609053
0.522633744856
0.520576131687
0.524279835391
0.525925925926
0.526748971193
0.529629629630
0.534567901235
0.534979423868
0.534156378601
0.534567901235
0.537448559671
0.536625514403
0.523868312757
0.467901234568
0.467078189300
0.490534979424
0.535802469136
0.525514403292
0.541152263374
0.530864197531
0.533333333333
0.529218106996
0.528806584362
0.531687242798
0.533333333333
0.535390946502
0.534567901235
0.534979423868
0.542798353909
0.541975308642
0.549382716049
0.546913580247
0.548148148148
0.548559670782
0.550617283951
0.548559670782
0.549382716049
0.551851851852
0.550205761317
0.550205761317
0.546913580247
0.549382716049
0.544032921811
0.549382716049
0.547325102881
0.546913580247
0.539917695473
0.461316872428
0.399176954733
0.306584362140
0.429218106996
0.470781893004
0.487242798354
0.472016460905
0.461316872428
0.462551440329
0.460082304527
0.460082304527
0.461728395062
0.466255144033
0.465020576132
0.470370370370
0.474485596708
0.474897119342
0.474485596708
0.472427983539
0.468312757202
0.468724279835
0.465432098765
0.465843621399
0.467901234568
0.470370370370
0.483127572016
0.493415637860
0.504115226337
0.511111111111
0.517695473251
0.518930041152
0.519753086420
0.519341563786
0.516460905350
0.514403292181
0.510699588477
0.505761316872
0.501234567901
0.500823045267
0.498765432099
0.498353909465
0.498353909465
0.501646090535
0.502880658436
0.508230452675
0.504938271605
0.502880658436
0.504115226337
0.504115226337
0.504115226337
0.503703703704
0.503292181070
0.509876543210
0.505761316872
0.519341563786
0.510699588477
0.522633744856
0.445679012346
0.450205761317
0.417695473251
0.504115226337
0.509465020576
0.514814814815
0.518518518519
0.520164609053
0.520164609053
0.518106995885
0.514403292181
0.522222222222
0.521399176955
0.526337448560
0.525102880658
0.517283950617
0.516872427984
0.517695473251
0.519341563786
0.517283950617
0.516460905350
0.519753086420
0.521810699588
0.519753086420
0.519753086420
0.521810699588
0.523456790123
0.524691358025
0.528395061728
0.532510288066
0.532098765432
0.530452674897
0.534567901235
0.536625514403
0.537860082305
0.537860082305
0.540740740741
0.543209876543
0.544032921811
0.550205761317
0.547325102881
0.550617283951
0.553909465021
0.555967078189
0.559259259259
0.559670781893
0.558024691358
0.555967078189
0.555144032922
0.553497942387
0.555144032922
0.555144032922
0.554320987654
0.551440329218
0.552674897119
0.555967078189
0.555144032922
0.551028806584
0.554320987654
0.547736625514
0.529629629630
0.434156378601
0.397119341564
0.482716049383
0.509465020576
0.501646090535
0.522633744856
0.527572016461
0.527983539095
0.537448559671
0.536625514403
0.536213991770
0.537037037037
0.535390946502
0.541975308642
0.542386831276
0.547325102881
0.546090534979
0.554320987654
0.557201646091
0.560905349794
0.564197530864
0.561316872428
0.562139917695
0.561316872428
0.558024691358
0.561316872428
0.565432098765
0.565843621399
0.567489711934
0.564197530864
0.564197530864
0.559670781893
0.564609053498
0.560493827160
0.559670781893
0.558436213992
0.559259259259
0.559670781893
0.562139917695
0.567078189300
0.570370370370
0.569958847737
0.572839506173
0.577366255144
0.574897119342
0.577366255144
0.578189300412
0.577366255144
0.577366255144
0.579012345679
0.579012345679
0.581481481481
0.581893004115
0.583950617284
0.581481481481
0.579012345679
0.574897119342
0.579012345679
0.576131687243
0.581069958848
0.575308641975
0.564197530864
0.458847736626
0.476954732510
0.439917695473
0.571193415638
0.576954732510
0.589711934156
0.588477366255
0.591358024691
0.584773662551
0.583127572016
0.582304526749
0.583539094650
0.582716049383
0.580246913580
0.579012345679
0.581069958848
0.576131687243
0.579835390947
0.577366255144
0.580246913580
0.584362139918
0.587242798354
0.588065843621
0.585185185185
0.589300411523
0.590534979424
0.593415637860
0.593004115226
0.598353909465
0.595884773663
0.595884773663
0.593004115226
0.589711934156
0.592181069959
0.595061728395
0.594650205761
0.597119341564
0.598353909465
0.599588477366
0.600411522634
0.598765432099
0.598765432099
0.603292181070
0.604115226337
0.606995884774
0.608230452675
0.609465020576
0.608641975309
0.606995884774
0.609465020576
0.612757201646
0.612757201646
0.612345679012
0.607818930041
0.609465020576
0.603703703704
0.609876543210
0.585185185185
0.562551440329
0.520576131687
0.506995884774
0.557201646091
0.577366255144
0.583950617284
0.597942386831
0.603703703704
0.605761316872
0.609053497942
0.606172839506
0.606584362140
0.606172839506
0.608641975309
0.604938271605
0.607407407407
0.610699588477
0.610699588477
0.607818930041
0.613580246914
0.616460905350
0.616460905350
0.618930041152
0.616872427984
0.610288065844
0.540329218107
0.468724279835
0.358847736626
0.447736625514
0.469135802469
0.543621399177
0.564609053498
0.567078189300
0.573662551440
0.573662551440
0.572427983539
0.570781893004
0.572839506173
0.569958847737
0.569135802469
0.570781893004
0.568724279835
0.569135802469
0.567078189300
0.571193415638
0.576954732510
0.581069958848
0.584362139918
0.593827160494
0.600000000000
0.601646090535
0.599176954733
0.601646090535
0.604526748971
0.603292181070
0.606172839506
0.609876543210
0.612757201646
0.616460905350
0.615226337449
0.615226337449
0.616872427984
0.618106995885
0.617695473251
0.618106995885
0.618930041152
0.614403292181
0.613991769547
0.617283950617
0.612345679012
0.581893004115
0.598353909465
0.565432098765
0.598765432099
0.622633744856
0.619753086420
0.622633744856
0.603703703704
0.613168724280
0.590534979424
0.609465020576
0.602469135802
0.623456790123
0.625514403292
0.625514403292
0.627160493827
0.626337448560
0.625514403292
0.627572016461
0.627160493827
0.625925925926
0.625102880658
0.624279835391
0.625514403292
0.626748971193
0.627572016461
0.630864197531
0.631275720165
0.636213991770
0.635802469136
0.633744855967
0.634979423868
0.639094650206
0.638683127572
0.639506172840
0.642386831276
0.642798353909
0.639094650206
0.638271604938
0.639506172840
0.640329218107
0.637860082305
0.647325102881
0.631275720165
0.634979423868
0.519341563786
0.435802469136
0.397119341564
0.361316872428
0.335390946502
0.349382716049
0.398765432099
0.403703703704
0.386419753086
0.373251028807
0.369135802469
0.379012345679
0.397119341564
0.423045267490
0.439094650206
0.445679012346
0.448148148148
0.451028806584
0.447325102881
0.442798353909
0.437860082305
0.435802469136
0.429629629630
0.425102880658
0.430041152263
0.430041152263
0.440740740741
0.448148148148
0.458436213992
0.460905349794
0.468724279835
0.477366255144
0.478600823045
0.475308641975
0.484362139918
0.484362139918
0.485596707819
0.482304526749
0.480246913580
0.482716049383
0.486419753086
0.481893004115
0.485185185185
0.485185185185
0.489300411523
0.482716049383
0.483950617284
0.484773662551
0.484773662551
0.488888888889
0.496296296296
0.497530864198
0.503703703704
0.498765432099
0.504938271605
0.465020576132
0.451440329218
0.282716049383
0.387654320988
0.417695473251
0.462139917695
0.449794238683
0.453497942387
0.450205761317
0.447736625514
0.449382716049
0.445679012346
0.445679012346
0.453086419753
0.459259259259
0.464197530864
0.466666666667
0.476543209877
0.482304526749
0.490123456790
0.493004115226
0.503703703704
0.504115226337
0.509876543210
0.513991769547
0.520576131687
0.520987654321
0.517283950617
0.520164609053
0.523456790123
0.525102880658
0.523456790123
0.522222222222
0.525514403292
0.528395061728
0.531687242798
0.530864197531
0.527572016461
0.524691358025
0.522633744856
0.523868312757
0.527983539095
0.528395061728
0.532510288066
0.532098765432
0.535802469136
0.533333333333
0.535802469136
0.537860082305
0.537448559671
0.541563786008
0.543621399177
0.544855967078
0.546913580247
0.545679012346
0.546090534979
0.547325102881
0.548559670782
0.551028806584
0.549794238683
0.548971193416
0.553086419753
0.553497942387
0.551440329218
0.553909465021
0.555555555556
0.557201646091
0.558436213992
0.559259259259
0.558024691358
0.559670781893
0.560493827160
0.563786008230
0.564197530864
0.565020576132
0.569135802469
0.569958847737
0.575308641975
0.573662551440
0.574485596708
0.575308641975
0.574897119342
0.573251028807
0.574897119342
0.573251028807
0.571193415638
0.569958847737
0.558024691358
0.469135802469
0.393004115226
0.420164609053
0.480246913580
0.509053497942
0.509876543210
0.508230452675
0.522222222222
0.533333333333
0.544855967078
0.553497942387
0.556790123457
0.553086419753
0.540740740741
0.537448559671
0.538271604938
0.540740740741
0.547736625514
0.555967078189
0.558436213992
0.562139917695
0.566255144033
0.567489711934
0.566666666667
0.573251028807
0.574897119342
0.582716049383
0.584362139918
0.585596707819
0.581893004115
0.582716049383
0.579012345679
0.578600823045
0.581481481481
0.581481481481
0.579423868313
0.581481481481
0.580246913580
0.581481481481
0.583539094650
0.584362139918
0.585596707819
0.589711934156
0.595061728395
0.591769547325
0.599588477366
0.595884773663
0.606995884774
0.590534979424
0.602880658436
0.542386831276
0.499588477366
0.343621399177
0.330452674897
0.367489711934
0.429629629630
0.425102880658
0.403292181070
0.400823045267
0.395884773663
0.400411522634
0.413168724280
0.409876543210
0.413991769547
0.432510288066
0.436213991770
0.453086419753
0.458024691358
0.454320987654
0.456378600823
0.458847736626
0.457201646091
0.448559670782
0.447736625514
0.444855967078
0.448148148148
0.453909465021
0.462551440329
0.467489711934
0.467489711934
0.472839506173
0.480658436214
0.486008230453
0.483950617284
0.483950617284
0.490534979424
0.493004115226
0.495061728395
0.497530864198
0.496296296296
0.502057613169
0.505349794239
0.506172839506
0.509876543210
0.512345679012
0.517695473251
0.520576131687
0.521810699588
0.518930041152
0.523456790123
0.525102880658
0.525925925926
0.529629629630
0.532921810700
0.533744855967
0.540329218107
0.531687242798
0.551440329218
0.528806584362
0.549382716049
0.486419753086
0.516049382716
0.436625514403
0.559259259259
0.560905349794
0.553086419753
0.550205761317
0.549382716049
0.543209876543
0.540740740741
0.542386831276
0.541152263374
0.545679012346
0.555555555556
0.557613168724
0.558436213992
0.560905349794
0.556790123457
0.556790123457
0.558024691358
0.555144032922
0.553497942387
0.558024691358
0.558436213992
0.559259259259
0.562139917695
0.562139917695
0.564197530864
0.567489711934
0.566255144033
0.566666666667
0.569135802469
0.567078189300
0.570370370370
0.570370370370
0.569135802469
0.569547325103
0.572427983539
0.574897119342
0.574074074074
0.575720164609
0.579012345679
0.578600823045
0.577366255144
0.578189300412
0.581481481481
0.580658436214
0.582716049383
0.584362139918
0.586419753086
0.585185185185
0.581481481481
0.523456790123
0.511522633745
0.273662551440
0.397530864198
0.499588477366
0.504115226337
0.521399176955
0.513991769547
0.500823045267
0.494650205761
0.483539094650
0.483950617284
0.486419753086
0.488065843621
0.479835390947
0.477366255144
0.472016460905
0.474074074074
0.481481481481
0.484362139918
0.489711934156
0.492181069959
0.488477366255
0.491769547325
0.500000000000
0.501234567901
0.512345679012
0.517283950617
0.518518518519
0.525102880658
0.523868312757
0.530452674897
0.532510288066
0.534979423868
0.536213991770
0.539506172840
0.537860082305
0.538271604938
0.536625514403
0.535802469136
0.537448559671
0.541152263374
0.540329218107
0.542798353909
0.546090534979
0.542386831276
0.544032921811
0.548559670782
0.548148148148
0.546090534979
0.546090534979
0.540740740741
0.541152263374
0.546090534979
0.548971193416
0.548559670782
0.550617283951
0.556790123457
0.556790123457
0.554732510288
0.559259259259
0.557201646091
0.560905349794
0.561728395062
0.563786008230
0.545679012346
0.513580246914
0.495061728395
0.535802469136
0.557201646091
0.560493827160
0.559670781893
0.561316872428
0.551028806584
0.554320987654
0.566255144033
0.566666666667
0.580658436214
0.583539094650
0.584773662551
0.588065843621
0.591769547325
0.592592592593
0.592181069959
0.591358024691
0.589711934156
0.590946502058
0.594238683128
0.592181069959
0.590534979424
0.592181069959
0.595473251029
0.594650205761
0.597119341564
0.601234567901
0.598353909465
0.599588477366
0.600411522634
0.602880658436
0.603703703704
0.608230452675
0.609465020576
0.609876543210
0.610288065844
0.610288065844
0.610699588477
0.610288065844
0.612345679012
0.615637860082
0.617283950617
0.617695473251
0.618518518519
0.620987654321
0.624279835391
0.625925925926
0.625514403292
0.626748971193
0.625514403292
0.627983539095
0.629629629630
0.628395061728
0.631687242798
0.626337448560
0.627983539095
0.626337448560
0.628806584362
0.620164609053
0.617283950617
0.545679012346
0.544855967078
0.461728395062
0.558847736626
0.599176954733
0.604938271605
0.608230452675
0.613168724280
0.614814814815
0.625102880658
0.625102880658
0.627983539095
0.627572016461
0.627160493827
0.625925925926
0.622633744856
0.620164609053
0.621399176955
0.619341563786
0.618106995885
0.619341563786
0.623868312757
0.625102880658
0.627983539095
0.625102880658
0.624691358025
0.612757201646
0.596296296296
0.468312757202
0.381481481481
0.542386831276
0.575308641975
0.592181069959
0.598765432099
0.588888888889
0.597119341564
0.588477366255
0.591358024691
0.590534979424
0.589711934156
0.588477366255
0.583950617284
0.587654320988
0.592592592593
0.598765432099
0.601646090535
0.611111111111
0.613580246914
0.615637860082
0.619753086420
0.616872427984
0.612345679012
0.610288065844
0.610288065844
0.609053497942
0.603292181070
0.605349794239
0.608641975309
0.615637860082
0.618106995885
0.618518518519
0.624691358025
0.621810699588
0.627983539095
0.611934156379
0.610699588477
0.553086419753
0.532098765432
0.583127572016
0.580246913580
0.624279835391
0.621810699588
0.629629629630
0.626337448560
0.625925925926
0.625925925926
0.623868312757
0.623868312757
0.623456790123
0.622222222222
0.627983539095
0.631687242798
0.631275720165
0.633744855967
0.633333333333
0.632921810700
0.638271604938
0.635802469136
0.635802469136
0.636213991770
0.636213991770
0.637037037037
0.637860082305
0.641152263374
0.638683127572
0.639506172840
0.639094650206
0.639094650206
0.643209876543
0.643621399177
0.642798353909
0.645679012346
0.648148148148
0.649382716049
0.645679012346
0.646090534979
0.645679012346
0.642798353909
0.642386831276
0.646090534979
0.646913580247
0.650617283951
0.651440329218
0.654732510288
0.651440329218
0.655555555556
0.649794238683
0.657201646091
0.640740740741
0.651440329218
0.617695473251
0.624691358025
0.597942386831
0.662962962963
0.653086419753
0.665843621399
0.666255144033
0.671193415638
0.670781893004
0.667489711934
0.667489711934
0.669958847737
0.669958847737
0.672427983539
0.672016460905
0.670370370370
0.667901234568
0.669547325103
0.668312757202
0.665020576132
0.663786008230
0.665843621399
0.666666666667
0.669135802469
0.667901234568
0.669547325103
0.671604938272
0.673251028807
0.677777777778
0.674485596708
0.679423868313
0.674074074074
0.670781893004
0.609876543210
0.547325102881
0.321810699588
0.402469135802
0.441975308642
0.479835390947
0.506584362140
0.523456790123
0.525102880658
0.516049382716
0.516049382716
0.511934156379
0.506995884774
0.506995884774
0.508641975309
0.500000000000
0.502880658436
0.492592592593
0.484773662551
0.486419753086
0.489711934156
0.497530864198
0.507407407407
0.518106995885
0.523868312757
0.527983539095
0.534979423868
0.541563786008
0.544444444444
0.551028806584
0.553497942387
0.560905349794
0.562139917695
0.557201646091
0.557613168724
0.554320987654
0.560082304527
0.555555555556
0.540740740741
0.483950617284
0.518106995885
0.551851851852
0.564609053498
0.567489711934
0.565432098765
0.572016460905
0.577777777778
0.578189300412
0.586008230453
0.592181069959
0.593827160494
0.593827160494
0.597942386831
0.600000000000
0.604938271605
0.607407407407
0.605761316872
0.608641975309
0.611934156379
0.609876543210
0.611522633745
0.612757201646
0.613580246914
0.615226337449
0.618930041152
0.624279835391
0.628395061728
0.627160493827
0.625925925926
0.626748971193
0.628395061728
0.625925925926
0.625102880658
0.629629629630
0.620987654321
0.621810699588
0.587242798354
0.500823045267
0.405349794239
0.532098765432
0.555967078189
0.600823045267
0.596707818930
0.596296296296
0.590534979424
0.590123456790
0.586831275720
0.583127572016
0.586008230453
0.588888888889
0.590534979424
0.584773662551
0.593415637860
0.597942386831
0.602880658436
0.597530864198
0.599588477366
0.601234567901
0.602880658436
0.600823045267
0.607818930041
0.608230452675
0.609053497942
0.606995884774
0.609876543210
0.606995884774
0.613580246914
0.613580246914
0.616872427984
0.617283950617
0.621399176955
0.621399176955
0.620164609053
0.623868312757
0.629629629630
0.632098765432
0.633333333333
0.630864197531
0.632921810700
0.626748971193
0.626337448560
0.628806584362
0.626337448560
0.623456790123
0.624691358025
0.626748971193
0.630041152263
0.629629629630
0.630041152263
0.635390946502
0.636213991770
0.637037037037
0.641152263374
0.644032921811
0.643209876543
0.642386831276
0.642798353909
0.646502057613
0.643621399177
0.646090534979
