0.068836045056
0.068418856904
0.067167292449
0.065081351690
0.062995410930
0.061743846475
0.062578222778
0.062161034627
0.061743846475
0.061743846475
0.061743846475
0.061743846475
0.061743846475
0.061743846475
0.061743846475
0.061743846475
0.061743846475
0.061743846475
0.061743846475
0.064246975386
0.067584480601
0.072590738423
0.085106382979
0.103462661660
0.124739257405
0.143512724239
0.159365874009
0.175636211932
0.188151856487
0.196078431373
0.207342511473
0.213183145599
0.219023779725
0.229870671673
0.234876929495
0.231122236128
0.229870671673
0.230287859825
0.227367542762
0.228619107217
0.225698790154
0.224864413851
0.224864413851
0.225698790154
0.229870671673
0.232373800584
0.239883187317
0.236962870254
0.229870671673
0.223195661243
0.219858156028
0.214017521902
0.215686274510
0.210680016688
0.212348769295
0.215686274510
0.220275344180
0.223195661243
0.229036295369
0.233625365040
0.239048811014
0.242386316229
0.247809762203
0.241134751773
0.244055068836
0.242803504380
0.246558197747
0.239883187317
0.231539424280
0.232373800584
0.236962870254
0.243220692532
0.247392574051
0.254067584481
0.259073842303
0.264080100125
0.268669169796
0.270337922403
0.272423863162
0.274926992073
0.273258239466
0.273675427618
0.272841051314
0.271172298707
0.269503546099
0.272006675010
0.269086357947
0.279098873592
0.257405089695
0.289111389237
0.201919065499
0.282436378807
0.161034626617
0.177722152691
0.249895702962
0.206090947017
0.181894034209
0.168126825198
0.164372131831
0.171464330413
0.181894034209
0.194409678765
0.228201919065
0.250312891114
0.256153525240
0.261994159366
0.266583229036
0.272841051314
0.275344180225
0.277430120985
0.274509803922
0.272006675010
0.273258239466
0.272423863162
0.283687943262
0.298289528577
0.305381727159
0.287025448477
0.265331664581
0.238214434710
0.224447225699
0.213183145599
0.201084689195
0.199415936587
0.195244055069
0.193158114310
0.196078431373
0.198998748436
0.208176887776
0.218606591573
0.233208176888
0.241551939925
0.256153525240
0.265331664581
0.271589486859
0.274509803922
0.281602002503
0.287442636629
0.290780141844
0.290780141844
0.289111389237
0.287442636629
0.287442636629
0.289111389237
0.287442636629
0.285773884022
0.287025448477
0.290780141844
0.291614518148
0.294117647059
0.291614518148
0.294952023363
0.300375469337
0.302461410096
0.307050479766
0.316645807259
0.318314559866
0.219440967877
0.172298706717
0.243637880684
0.253650396329
0.239465999166
0.221944096788
0.209011264080
0.182311222361
0.166040884439
0.150604922820
0.145181476846
0.146850229453
0.146015853150
0.148936170213
0.150187734668
0.151856487276
0.162286191072
0.171464330413
0.183562786817
0.189820609095
0.191072173550
0.193158114310
0.191072173550
0.175636211932
0.161869002920
0.162703379224
0.159365874009
0.155193992491
0.154359616187
0.160200250313
0.164789319983
0.172715894869
0.177304964539
0.182728410513
0.187317480184
0.193158114310
0.201919065499
0.199415936587
0.191072173550
0.184814351272
0.180225281602
0.173133083020
0.168961201502
0.171881518565
0.163954943680
0.151022110972
0.112223612849
0.095118898623
0.073842302879
0.073007926575
0.090112640801
0.136003337505
0.172298706717
0.185648727576
0.191072173550
0.192323738006
0.178973717146
0.170629954109
0.177304964539
0.180225281602
0.183979974969
0.181059657906
0.179808093450
0.177722152691
0.187734668335
0.208594075928
0.224447225699
0.227784730914
0.230705047977
0.230287859825
0.225698790154
0.218189403421
0.214851898206
0.210680016688
0.210680016688
0.210680016688
0.215269086358
0.219440967877
0.221109720484
0.228201919065
0.208176887776
0.167292448894
0.186483103880
0.053400083438
0.111806424698
0.102211097205
0.103045473509
0.100125156446
0.104297037964
0.128911138924
0.156028368794
0.159783062161
0.154776804339
0.151022110972
0.150604922820
0.149353358365
0.148936170213
0.170629954109
0.175636211932
0.178556528995
0.186900292032
0.204839382562
0.160617438465
0.144764288694
0.095536086775
0.126825198164
0.139340842720
0.130162703379
0.139340842720
0.150187734668
0.190654985398
0.216937838965
0.241969128077
0.244055068836
0.243637880684
0.244889445140
0.254484772632
0.254901960784
0.256153525240
0.256987901544
0.257822277847
0.253233208177
0.250312891114
0.247392574051
0.241134751773
0.239883187317
0.239048811014
0.244055068836
0.246975385899
0.249895702962
0.251981643721
0.252398831873
0.253650396329
0.237380058406
0.208176887776
0.103462661660
0.103045473509
0.215269086358
0.220692532332
0.219023779725
0.221109720484
0.219440967877
0.221944096788
0.226115978306
0.238631622862
0.246558197747
0.253233208177
0.261576971214
0.256570713392
0.258239465999
0.255736337088
0.257822277847
0.263245723821
0.270755110555
0.267000417188
0.263662911973
0.267000417188
0.266166040884
0.265331664581
0.260325406758
0.255736337088
0.255736337088
0.255736337088
0.255319148936
0.256570713392
0.258239465999
0.263245723821
0.266583229036
0.267417605340
0.266583229036
0.268669169796
0.265331664581
0.263245723821
0.262411347518
0.261994159366
0.263245723821
0.266583229036
0.269920734251
0.273258239466
0.275761368377
0.277430120985
0.278681685440
0.279933249896
0.281184814351
0.282853566959
0.284522319566
0.281602002503
0.283270755111
0.283687943262
0.284939507718
0.287442636629
0.285773884022
0.282436378807
0.282019190655
0.284105131414
0.285356695870
0.283270755111
0.280350438048
0.278681685440
0.274926992073
0.275761368377
0.278264497288
0.277430120985
0.275761368377
0.282853566959
0.275761368377
0.290780141844
0.270337922403
0.294534835211
0.251981643721
0.260325406758
0.236128493951
0.252816020025
0.272841051314
0.292448894451
0.298289528577
0.308302044222
0.310387984981
0.308719232374
0.311639549437
0.306633291615
0.303295786400
0.300375469337
0.298706716729
0.303712974552
0.305381727159
0.308719232374
0.308302044222
0.306633291615
0.306216103463
0.307050479766
0.309970796829
0.313308302044
0.314559866500
0.317062995411
0.317480183563
0.322069253233
0.325406758448
0.326241134752
0.326658322904
0.327909887359
0.329995828118
0.329995828118
0.328327075511
0.328327075511
0.328327075511
0.329161451815
0.327075511055
0.331664580726
0.326658322904
0.328744263663
0.330830204422
0.329578639967
0.334584897789
0.335836462244
0.340842720067
0.341677096370
0.344597413433
0.348769294952
0.348352106800
0.352941176471
0.356278681685
0.361702127660
0.366708385482
0.365039632874
0.368377138089
0.367959949937
0.369628702545
0.369211514393
0.362536503963
0.367542761786
0.306216103463
0.243220692532
0.259908218607
0.319148936170
0.340842720067
0.337088026700
0.324572382144
0.331247392574
0.330830204422
0.338339591156
0.343345848978
0.349603671256
0.347517730496
0.342094284522
0.339173967459
0.337088026700
0.338756779307
0.335419274093
0.334167709637
0.332498957030
0.335002085941
0.339173967459
0.343763037130
0.345848977889
0.346266166041
0.350438047559
0.353775552774
0.355444305382
0.355861493534
0.360450563204
0.359198998748
0.359616186900
0.357113057989
0.360450563204
0.355861493534
0.359198998748
0.366291197330
0.370045890697
0.372966207760
0.377138089278
0.374634960367
0.375469336671
0.378389653734
0.379224030038
0.379641218189
0.380475594493
0.379224030038
0.379641218189
0.380475594493
0.380058406341
0.382978723404
0.382978723404
0.386316228619
0.386733416771
0.383813099708
0.388402169378
0.392156862745
0.392574050897
0.387567793075
0.387567793075
0.390070921986
0.394242803504
0.395077179808
0.395494367960
0.400917813934
0.399666249479
0.404672507301
0.404255319149
0.405089695453
0.404255319149
0.403420942845
0.402586566542
0.402169378390
0.398831873175
0.398831873175
0.398414685023
0.403420942845
0.406758448060
0.405089695453
0.408844388819
0.408427200668
0.411347517730
0.412599082186
0.413016270338
0.415102211097
0.415102211097
0.414267834793
0.416770963705
0.419691280768
0.420108468919
0.421360033375
0.422194409679
0.422611597831
0.421777221527
0.423028785982
0.423863162286
0.421360033375
0.420942845223
0.423445974134
0.423028785982
0.423863162286
0.421777221527
0.424280350438
0.422194409679
0.421777221527
0.423863162286
0.424697538590
0.426366291197
0.429703796412
0.427617855653
0.427200667501
0.426783479349
0.426783479349
0.427200667501
0.431372549020
0.429286608260
0.429703796412
0.433458489779
0.431789737171
0.434292866083
0.435127242386
0.435544430538
0.436378806842
0.438881935753
0.441802252816
0.443471005423
0.441385064664
0.444305381727
0.446391322486
0.448060075094
0.449728827701
0.446808510638
0.451397580309
0.444722569879
0.452649144764
0.450980392157
0.458072590738
0.448477263246
0.460992907801
0.445556946183
0.456821026283
0.431372549020
0.447225698790
0.404672507301
0.424280350438
0.395077179808
0.455569461827
0.452649144764
0.455152273675
0.456403838131
0.458072590738
0.456821026283
0.453066332916
0.453483521068
0.451397580309
0.448894451398
0.449311639549
0.453483521068
0.451397580309
0.453066332916
0.449311639549
0.451814768461
0.454735085524
0.459324155194
0.460575719650
0.460158531498
0.458906967042
0.460992907801
0.463078848561
0.465164789320
0.460575719650
0.463078848561
0.461827284105
0.464747601168
0.463913224864
0.458906967042
0.365039632874
0.305798915311
0.275344180225
0.186483103880
0.223612849395
0.272006675010
0.299958281185
0.312473925741
0.325406758448
0.347934918648
0.364622444723
0.368794326241
0.363370880267
0.349186483104
0.339591155611
0.331664580726
0.319148936170
0.318314559866
0.321234876929
0.329161451815
0.336670838548
0.345014601585
0.352106800167
0.352523988319
0.359198998748
0.357530246141
0.360450563204
0.357947434293
0.358364622445
0.354192740926
0.354609929078
0.355027117230
0.357947434293
0.360867751356
0.353358364622
0.211931581143
0.291197329996
0.307884856070
0.292031706300
0.331664580726
0.342094284522
0.352523988319
0.362536503963
0.367542761786
0.370045890697
0.368794326241
0.365039632874
0.369628702545
0.369628702545
0.368377138089
0.376720901126
0.380475594493
0.379224030038
0.383813099708
0.388402169378
0.392574050897
0.395077179808
0.403838130997
0.396745932416
0.403838130997
0.393825615353
0.405924071756
0.345848977889
0.371714643304
0.229036295369
0.347517730496
0.275761368377
0.249061326658
0.247809762203
0.272423863162
0.301627033792
0.320400500626
0.345431789737
0.366708385482
0.369628702545
0.372131831456
0.379224030038
0.386316228619
0.390905298290
0.388819357530
0.383395911556
0.380475594493
0.382561535252
0.384647476012
0.390070921986
0.391739674593
0.394242803504
0.399666249479
0.395077179808
0.395494367960
0.397997496871
0.397997496871
0.400083437630
0.404255319149
0.406341259908
0.408427200668
0.410095953275
0.414267834793
0.416770963705
0.422194409679
0.424280350438
0.425949103045
0.424697538590
0.420108468919
0.419691280768
0.421777221527
0.423028785982
0.422611597831
0.425949103045
0.425949103045
0.424280350438
0.425531914894
0.424697538590
0.424697538590
0.423445974134
0.422194409679
0.423863162286
0.427617855653
0.427200667501
0.428035043805
0.428035043805
0.428452231957
0.432624113475
0.430955360868
0.429703796412
0.431372549020
0.431372549020
0.433041301627
0.433458489779
0.435961618690
0.435961618690
0.440550688360
0.443888193575
0.444305381727
0.443471005423
0.441802252816
0.444305381727
0.443053817272
0.443888193575
0.445556946183
0.446808510638
0.448060075094
0.448894451398
0.445974134335
0.450563204005
0.453900709220
0.452231956612
0.454317897372
0.450980392157
0.454317897372
0.453900709220
0.458072590738
0.455152273675
0.457655402587
0.455569461827
0.451814768461
0.448477263246
0.436378806842
0.406758448060
0.438464747601
0.441385064664
0.458906967042
0.456403838131
0.456821026283
0.463078848561
0.461410095953
0.462661660409
0.464330413016
0.463496036713
0.463913224864
0.465164789320
0.465999165624
0.462661660409
0.463078848561
0.465999165624
0.468502294535
0.468085106383
0.466833541927
0.469336670839
0.469753858990
0.465999165624
0.467667918231
0.468919482687
0.471005423446
0.471005423446
0.469336670839
0.471839799750
0.468502294535
0.471005423446
0.473091364205
0.473091364205
0.470171047142
0.472674176053
0.474342928661
0.475177304965
0.473925740509
0.474760116813
0.474760116813
0.476011681268
0.474342928661
0.480183562787
0.471422611598
0.481017939091
0.469753858990
0.489778890280
0.462244472257
0.482269503546
0.410930329579
0.405089695453
0.361284939508
0.473508552357
0.486858573217
0.487692949520
0.491864831039
0.487275761368
0.486441385065
0.485189820609
0.485189820609
0.481017939091
0.478931998331
0.474760116813
0.473925740509
0.475594493116
0.477680433876
0.475594493116
0.480183562787
0.476428869420
0.489361702128
0.478514810179
0.501042970380
0.455986649979
0.508969545265
0.335836462244
0.470588235294
0.403003754693
0.435544430538
0.466833541927
0.486858573217
0.491030454735
0.497705465165
0.494785148102
0.492699207343
0.487692949520
0.485189820609
0.482686691698
0.481852315394
0.483521068002
0.479349186483
0.480183562787
0.479349186483
0.480600750939
0.483938256154
0.491030454735
0.494367959950
0.496871088861
0.501460158531
0.506049228202
0.506883604506
0.503963287443
0.503128911139
0.504797663746
0.504380475594
0.501877346683
0.502294534835
0.501042970380
0.503546099291
0.506883604506
0.508135168961
0.508135168961
0.508969545265
0.511889862328
0.510638297872
0.510221109720
0.508552357113
0.509386733417
0.509386733417
0.512724238632
0.515644555695
0.517313308302
0.518147684606
0.512724238632
0.518147684606
0.491864831039
0.468085106383
0.365456821026
0.496871088861
0.487275761368
0.504797663746
0.498122653317
0.502711722987
0.508969545265
0.510221109720
0.508135168961
0.507717980809
0.508969545265
0.506883604506
0.508969545265
0.509803921569
0.513558614935
0.518564872758
0.516061743846
0.515227367543
0.516061743846
0.513975803087
0.518564872758
0.518564872758
0.520650813517
0.521902377972
0.524822695035
0.525657071339
0.530246141010
0.530246141010
0.534000834376
0.528994576554
0.542344597413
0.514810179391
0.553608677514
0.378806841886
0.401335002086
0.261159783062
0.277847309136
0.450980392157
0.488527325824
0.482269503546
0.471005423446
0.462661660409
0.460575719650
0.460158531498
0.459741343346
0.456821026283
0.460992907801
0.460575719650
0.472256987902
0.478097622028
0.480183562787
0.482269503546
0.484772632457
0.481017939091
0.472674176053
0.462244472257
0.455986649979
0.448894451398
0.448060075094
0.453483521068
0.455569461827
0.460158531498
0.467250730079
0.469753858990
0.473925740509
0.474760116813
0.478097622028
0.486441385065
0.497288277013
0.499791405924
0.501042970380
0.499374217772
0.501460158531
0.506049228202
0.503963287443
0.500208594076
0.501460158531
0.503546099291
0.500208594076
0.500208594076
0.501042970380
0.506883604506
0.504797663746
0.503963287443
0.508552357113
0.509803921569
0.508969545265
0.510221109720
0.512724238632
0.494785148102
0.473925740509
0.364622444723
0.448060075094
0.476011681268
0.491030454735
0.496453900709
0.495619524406
0.498539841469
0.491447642887
0.485607008761
0.482269503546
0.473091364205
0.479349186483
0.481017939091
0.483103879850
0.486441385065
0.488944513976
0.490196078431
0.495202336254
0.501877346683
0.500208594076
0.499374217772
0.496036712557
0.497705465165
0.501460158531
0.496453900709
0.498122653317
0.504797663746
0.506883604506
0.506049228202
0.507717980809
0.509386733417
0.509386733417
0.511472674176
0.508552357113
0.514392991239
0.515227367543
0.510638297872
0.514392991239
0.513558614935
0.511472674176
0.512724238632
0.514810179391
0.516896120150
0.520233625365
0.521902377972
0.525657071339
0.529828952858
0.534418022528
0.536921151439
0.537755527743
0.535669586984
0.538589904047
0.540258656654
0.540675844806
0.544013350021
0.542761785565
0.549853984147
0.542344597413
0.548185231539
0.507717980809
0.438047559449
0.400917813934
0.419691280768
0.486024196913
0.520233625365
0.528994576554
0.526074259491
0.528577388402
0.525239883187
0.523988318732
0.522736754276
0.528994576554
0.531497705465
0.530246141010
0.532332081769
0.532749269921
0.531914893617
0.531914893617
0.535669586984
0.533166458073
0.530246141010
0.525657071339
0.528994576554
0.524822695035
0.524405506884
0.526074259491
0.530246141010
0.530663329161
0.533583646224
0.540258656654
0.541510221110
0.545682102628
0.548602419691
0.549019607843
0.548602419691
0.554860241969
0.556946182728
0.558197747184
0.562369628703
0.562369628703
0.564038381310
0.566541510221
0.566541510221
0.566958698373
0.564038381310
0.561952440551
0.562786816854
0.562786816854
0.562369628703
0.563621193158
0.562369628703
0.561952440551
0.563621193158
0.563204005006
0.566124322069
0.561952440551
0.569044639132
0.559866499791
0.571547768043
0.563204005006
0.574468085106
0.504380475594
0.520233625365
0.370463078849
0.450146015853
0.554025865665
0.554860241969
0.562786816854
0.562369628703
0.571547768043
0.571547768043
0.571547768043
0.566541510221
0.562369628703
0.561118064247
0.561118064247
0.564038381310
0.564872757614
0.567793074677
0.571547768043
0.574050896955
0.578639966625
0.577388402169
0.582811848144
0.581560283688
0.576136837714
0.574885273258
0.578639966625
0.576136837714
0.574050896955
0.574885273258
0.579474342929
0.580725907384
0.582394659992
0.586566541510
0.589486858573
0.590738423029
0.594910304547
0.596161869003
0.597830621610
0.596579057155
0.595744680851
0.597413433458
0.600333750521
0.602002503129
0.601585314977
0.602419691281
0.602836879433
0.602836879433
0.604922820192
0.608260325407
0.607008760951
0.609511889862
0.610346266166
0.612015018773
0.607425949103
0.613266583229
0.607843137255
0.612849395077
0.589069670421
0.575719649562
0.509386733417
0.512724238632
0.561535252399
0.604505632040
0.584063412599
0.603671255736
0.602836879433
0.599916562370
0.595744680851
0.598247809762
0.592407175636
0.594493116395
0.595744680851
0.601168126825
0.604088443888
0.607008760951
0.611180642470
0.617021276596
0.614935335836
0.618690029203
0.617438464748
0.620358781811
0.607843137255
0.612432206925
0.524822695035
0.480183562787
0.315394242804
0.467250730079
0.546099290780
0.510638297872
0.551522736754
0.554443053817
0.569879015436
0.571964956195
0.569879015436
0.570713391740
0.571130579892
0.561118064247
0.558197747184
0.561535252399
0.566958698373
0.570296203588
0.576136837714
0.580308719232
0.582811848144
0.584063412599
0.584897788903
0.590738423029
0.591155611181
0.591155611181
0.587818105966
0.585732165207
0.584897788903
0.585732165207
0.588235294118
0.589904046725
0.591155611181
0.592824363788
0.595327492699
0.596996245307
0.599082186066
0.602419691281
0.601585314977
0.602002503129
0.607425949103
0.607843137255
0.605757196496
0.608677513559
0.597830621610
0.601168126825
0.564038381310
0.590738423029
0.562369628703
0.617855652899
0.591155611181
0.617021276596
0.582811848144
0.613266583229
0.570296203588
0.602836879433
0.589486858573
0.617438464748
0.606174384647
0.621193158114
0.624113475177
0.621610346266
0.621610346266
0.619524405507
0.619524405507
0.619524405507
0.616186900292
0.613266583229
0.614935335836
0.614935335836
0.617021276596
0.622444722570
0.624947851481
0.625782227785
0.625782227785
0.624530663329
0.622444722570
0.623279098874
0.624113475177
0.627450980392
0.628285356696
0.630371297455
0.632457238214
0.631205673759
0.629954109303
0.632040050063
0.630788485607
0.637463496037
0.631205673759
0.616186900292
0.519816437213
0.387150604923
0.377138089278
0.252816020025
0.372549019608
0.387984981227
0.436795994994
0.434710054234
0.408844388819
0.383395911556
0.368377138089
0.374217772215
0.382978723404
0.393825615353
0.403420942845
0.421360033375
0.432206925323
0.434292866083
0.440133500209
0.447225698790
0.450146015853
0.451814768461
0.458906967042
0.464330413016
0.465164789320
0.473091364205
0.483521068002
0.482686691698
0.486858573217
0.485189820609
0.480183562787
0.469336670839
0.457238214435
0.452649144764
0.445139758031
0.437630371297
0.437213183146
0.436795994994
0.441385064664
0.443471005423
0.445974134335
0.457238214435
0.468502294535
0.481017939091
0.488110137672
0.496453900709
0.496036712557
0.496871088861
0.498122653317
0.503963287443
0.503128911139
0.501042970380
0.500625782228
0.506466416354
0.490613266583
0.496036712557
0.359198998748
0.397580308719
0.320400500626
0.406758448060
0.391739674593
0.374217772215
0.385481852315
0.403838130997
0.410513141427
0.425114726742
0.424697538590
0.429703796412
0.429703796412
0.428035043805
0.429286608260
0.430538172716
0.433458489779
0.444722569879
0.456403838131
0.467667918231
0.472674176053
0.479766374635
0.480183562787
0.480183562787
0.476428869420
0.477680433876
0.479349186483
0.477680433876
0.479349186483
0.480600750939
0.481852315394
0.483103879850
0.486441385065
0.486441385065
0.489361702128
0.495619524406
0.497705465165
0.499374217772
0.501877346683
0.507300792657
0.510221109720
0.509386733417
0.507300792657
0.511055486024
0.510638297872
0.517313308302
0.519399249061
0.518564872758
0.518564872758
0.516478931998
0.514810179391
0.518147684606
0.521485189821
0.521068001669
0.517313308302
0.517313308302
0.516896120150
0.519399249061
0.516061743846
0.518982060909
0.526491447643
0.528577388402
0.531497705465
0.534000834376
0.536921151439
0.536921151439
0.534835210680
0.534418022528
0.538589904047
0.535669586984
0.540258656654
0.543178973717
0.543178973717
0.544013350021
0.544847726325
0.549019607843
0.551105548602
0.551522736754
0.554025865665
0.556528994577
0.559449311640
0.560283687943
0.555277430121
0.561118064247
0.547768043388
0.574885273258
0.493533583646
0.534000834376
0.265331664581
0.370880267000
0.495202336254
0.555694618273
0.566958698373
0.571547768043
0.569879015436
0.571964956195
0.563621193158
0.559866499791
0.560283687943
0.553608677514
0.548602419691
0.547768043388
0.540258656654
0.541093032958
0.544847726325
0.546933667084
0.548185231539
0.551105548602
0.552357113058
0.553191489362
0.561535252399
0.567375886525
0.572799332499
0.575719649562
0.575302461410
0.576554025866
0.577388402169
0.579891531081
0.581560283688
0.579057154777
0.577388402169
0.577388402169
0.577805590321
0.579474342929
0.582811848144
0.585732165207
0.585314977055
0.588652482270
0.587818105966
0.589486858573
0.586566541510
0.586566541510
0.585314977055
0.584063412599
0.584897788903
0.587400917814
0.578639966625
0.562369628703
0.442219440968
0.396328744264
0.272006675010
0.345431789737
0.427200667501
0.408427200668
0.398831873175
0.393408427201
0.402586566542
0.417605340008
0.419274092616
0.422194409679
0.417188151856
0.421360033375
0.418439716312
0.414267834793
0.409261576971
0.405924071756
0.406758448060
0.427617855653
0.441385064664
0.448060075094
0.454735085524
0.457655402587
0.459324155194
0.464747601168
0.467250730079
0.469336670839
0.468085106383
0.463078848561
0.455152273675
0.453483521068
0.450563204005
0.453900709220
0.458906967042
0.463496036713
0.464330413016
0.463078848561
0.460992907801
0.463078848561
0.468502294535
0.474342928661
0.475594493116
0.478097622028
0.487275761368
0.490613266583
0.492282019191
0.492699207343
0.494367959950
0.492699207343
0.503963287443
0.510221109720
0.519816437213
0.519816437213
0.530246141010
0.526491447643
0.532332081769
0.517730496454
0.530663329161
0.475177304965
0.500625782228
0.422194409679
0.502294534835
0.513141426783
0.520650813517
0.525657071339
0.528994576554
0.529828952858
0.529411764706
0.528160200250
0.523988318732
0.519399249061
0.521902377972
0.522736754276
0.525657071339
0.524405506884
0.523988318732
0.526491447643
0.527743012098
0.530663329161
0.535252398832
0.539007092199
0.542761785565
0.544847726325
0.546933667084
0.549436795995
0.553608677514
0.558197747184
0.559449311640
0.555694618273
0.555277430121
0.556946182728
0.557780559032
0.561118064247
0.563204005006
0.569044639132
0.569044639132
0.571547768043
0.571547768043
0.574050896955
0.572799332499
0.576971214018
0.578639966625
0.581143095536
0.578222778473
0.585732165207
0.574050896955
0.588235294118
0.572799332499
0.591572799332
0.550271172299
0.573633708803
0.440550688360
0.360033375052
0.347934918648
0.453900709220
0.436795994994
0.460158531498
0.470171047142
0.478931998331
0.487692949520
0.496453900709
0.493533583646
0.486858573217
0.491030454735
0.483938256154
0.476011681268
0.470171047142
0.470588235294
0.472674176053
0.477263245724
0.492699207343
0.496036712557
0.501460158531
0.505632040050
0.504380475594
0.498122653317
0.495202336254
0.494367959950
0.493533583646
0.500625782228
0.501877346683
0.508969545265
0.508969545265
0.511472674176
0.515227367543
0.522319566124
0.527743012098
0.529411764706
0.531497705465
0.530246141010
0.535252398832
0.532332081769
0.537338339591
0.537338339591
0.539007092199
0.535669586984
0.537755527743
0.536921151439
0.539007092199
0.541093032958
0.544847726325
0.543596161869
0.543596161869
0.545682102628
0.550688360451
0.547350855236
0.544847726325
0.541927409262
0.547350855236
0.541510221110
0.554025865665
0.547768043388
0.564872757614
0.547768043388
0.571547768043
0.517730496454
0.568627450980
0.445974134335
0.574468085106
0.552774301210
0.597413433458
0.562369628703
0.592824363788
0.549853984147
0.585732165207
0.566958698373
0.579057154777
0.581977471840
0.580725907384
0.585314977055
0.585314977055
0.584480600751
0.583646224447
0.586149353358
0.589486858573
0.589486858573
0.588235294118
0.588235294118
0.591155611181
0.594075928244
0.595744680851
0.594910304547
0.595744680851
0.596161869003
0.600750938673
0.602002503129
0.603254067584
0.604088443888
0.603671255736
0.603671255736
0.603254067584
0.605340008344
0.604505632040
0.603254067584
0.607425949103
0.607843137255
0.607843137255
0.607008760951
0.612015018773
0.612015018773
0.614518147685
0.616186900292
0.615352523988
0.614518147685
0.614518147685
0.617438464748
0.617855652899
0.617021276596
0.616604088444
0.616186900292
0.617438464748
0.616186900292
0.615769712140
0.614935335836
0.619524405507
0.614518147685
0.622861910722
0.596161869003
0.571964956195
0.506049228202
0.505632040050
0.489778890280
0.602419691281
0.614100959533
0.617021276596
0.619524405507
0.620358781811
0.621610346266
0.615352523988
0.611180642470
0.611180642470
0.614518147685
0.614518147685
0.617855652899
0.615769712140
0.613683771381
0.615769712140
0.612849395077
0.615769712140
0.618690029203
0.617021276596
0.616604088444
0.616186900292
0.614935335836
0.624113475177
0.569044639132
0.557363370880
0.287025448477
0.544013350021
0.599499374218
0.581560283688
0.600333750521
0.588652482270
0.600750938673
0.600333750521
0.599916562370
0.593658740092
0.589069670421
0.582394659992
0.581977471840
0.579474342929
0.583646224447
0.594910304547
0.598664997914
0.597830621610
0.602419691281
0.601585314977
0.606174384647
0.610346266166
0.610763454318
0.610763454318
0.613683771381
0.614100959533
0.610763454318
0.611597830622
0.612015018773
0.610763454318
0.612015018773
0.613683771381
0.616186900292
0.618690029203
0.624530663329
0.612849395077
0.607425949103
0.516478931998
0.542344597413
0.558197747184
0.573633708803
0.601585314977
0.616604088444
0.614935335836
0.615769712140
0.614518147685
0.614100959533
0.617855652899
0.615352523988
0.621610346266
0.622861910722
0.627450980392
0.625782227785
0.622861910722
0.622027534418
0.619941593659
0.624113475177
0.626616604088
0.626199415937
0.628702544848
0.627450980392
0.628702544848
0.629119733000
0.630371297455
0.630788485607
0.633291614518
0.636211931581
0.633708802670
0.632040050063
0.633708802670
0.635377555277
0.636211931581
0.637463496037
0.639549436796
0.639132248644
0.638715060492
0.642469753859
0.638297872340
0.641635377555
0.639132248644
0.641635377555
0.635377555277
0.642469753859
0.634125990822
0.643304130163
0.636211931581
0.647476011681
0.631205673759
0.652482269504
0.628285356696
0.654985398415
0.592407175636
0.647476011681
0.574885273258
0.663746349604
0.649144764289
0.660408844389
0.654151022111
0.654985398415
0.655819774718
0.656654151022
0.658322903630
0.659157279933
0.655819774718
0.656654151022
0.657488527326
0.660408844389
0.662077596996
0.662494785148
0.665415102211
0.664163537756
0.666249478515
0.665415102211
0.663329161452
0.664163537756
0.664997914059
0.668335419274
0.668335419274
0.672507300793
0.668335419274
0.671672924489
0.661660408844
0.675844806008
0.645390070922
0.634125990822
0.459741343346
0.415102211097
0.320400500626
0.455986649979
0.486024196913
0.537338339591
0.546099290780
0.535669586984
0.526908635795
0.530246141010
0.534000834376
0.536086775136
0.529411764706
0.527325823947
0.523153942428
0.518564872758
0.515227367543
0.517313308302
0.520233625365
0.515644555695
0.515644555695
0.515227367543
0.523153942428
0.526491447643
0.532749269921
0.542344597413
0.541093032958
0.545682102628
0.549853984147
0.553608677514
0.559449311640
0.558614935336
0.565289945766
0.561952440551
0.564872757614
0.557363370880
0.565289945766
0.507717980809
0.511889862328
0.524822695035
0.555277430121
0.571964956195
0.578222778473
0.590321234877
0.595327492699
0.596996245307
0.597413433458
0.595744680851
0.596161869003
0.598664997914
0.604505632040
0.611180642470
0.607425949103
0.613266583229
0.613266583229
0.606591572799
0.607008760951
0.609094701710
0.612849395077
0.611597830622
0.615769712140
0.615352523988
0.620358781811
0.621610346266
0.620775969962
0.616604088444
0.612432206925
0.612432206925
0.612432206925
0.613266583229
0.616186900292
0.616186900292
0.617438464748
0.612849395077
0.624530663329
0.562369628703
0.500208594076
0.420108468919
0.513558614935
0.547768043388
0.570713391740
0.581560283688
0.589486858573
0.593658740092
0.596579057155
0.596161869003
0.594910304547
0.598247809762
0.594075928244
0.594075928244
0.588652482270
0.586566541510
0.579057154777
0.581977471840
0.581560283688
0.583229036295
0.587818105966
0.591989987484
0.597413433458
0.597830621610
0.600750938673
0.602419691281
0.603254067584
0.607843137255
0.609094701710
0.610346266166
0.613266583229
0.613683771381
0.613266583229
0.616186900292
0.618272841051
0.618690029203
0.622861910722
0.622027534418
0.621610346266
0.621193158114
0.624113475177
0.625365039633
0.624947851481
0.623696287025
0.622861910722
0.624530663329
0.627033792240
0.628702544848
0.630371297455
0.631622861911
0.631205673759
0.633291614518
0.632040050063
0.632457238214
0.633291614518
0.637046307885
0.641635377555
0.640801001252
0.637880684189
0.640383813100
0.640383813100
0.639132248644
0.639549436796
