0.175862068966
0.194827586207
0.160344827586
0.124137931034
0.130172413793
0.118965517241
0.131896551724
0.129310344828
0.183620689655
0.150000000000
0.153448275862
0.152586206897
0.135344827586
0.205172413793
0.153448275862
0.072413793103
0.126724137931
0.168965517241
0.188793103448
0.202586206897
0.221551724138
0.203448275862
0.162931034483
0.086206896552
0.093965517241
0.087931034483
0.141379310345
0.097413793103
0.084482758621
0.085344827586
0.087068965517
0.092241379310
0.099137931034
0.102586206897
0.112068965517
0.122413793103
0.144827586207
0.152586206897
0.153448275862
0.134482758621
0.143965517241
0.118965517241
0.124137931034
0.172413793103
0.151724137931
0.161206896552
0.188793103448
0.139655172414
0.071551724138
0.070689655172
0.075862068966
0.081896551724
0.087931034483
0.098275862069
0.103448275862
0.134482758621
0.143965517241
0.148275862069
0.140517241379
0.142241379310
0.145689655172
0.148275862069
0.161206896552
0.140517241379
0.150000000000
0.154310344828
0.156896551724
0.166379310345
0.148275862069
0.096551724138
0.121551724138
0.140517241379
0.195689655172
0.195689655172
0.187931034483
0.163793103448
0.193965517241
0.162068965517
0.070689655172
0.070689655172
0.073275862069
0.074137931034
0.088793103448
0.102586206897
0.125862068966
0.137931034483
0.147413793103
0.149137931034
0.153448275862
0.149137931034
0.151724137931
0.115517241379
0.111206896552
0.108620689655
0.132758620690
0.153448275862
0.162931034483
0.180172413793
0.138793103448
0.070689655172
