0.133763837638
0.197416974170
0.199261992620
0.174354243542
0.173431734317
0.159594095941
0.166051660517
0.159594095941
0.189114391144
0.178044280443
0.105166051661
0.184501845018
0.191881918819
0.185424354244
0.191881918819
0.048892988930
0.117158671587
0.150369003690
0.146678966790
0.155904059041
0.210332103321
0.202029520295
0.106088560886
0.146678966790
0.151291512915
0.145756457565
0.193726937269
0.142988929889
0.085793357934
0.087638376384
0.095018450185
0.098708487085
0.105166051661
0.118081180812
0.130996309963
0.143911439114
0.168819188192
0.205719557196
0.188191881919
0.142988929889
0.181734317343
0.107933579336
0.121771217712
0.172509225092
0.171586715867
0.160516605166
0.232472324723
0.140221402214
0.048892988930
0.052583025830
0.059040590406
0.066420664207
0.072878228782
0.088560885609
0.100553505535
0.117158671587
0.144833948339
0.160516605166
0.166051660517
0.174354243542
0.179889298893
0.195571955720
0.200184501845
0.193726937269
0.190036900369
0.186346863469
0.190036900369
0.193726937269
0.171586715867
0.072878228782
0.097785977860
0.138376383764
0.188191881919
0.201107011070
0.206642066421
0.186346863469
0.198339483395
0.190959409594
0.047970479705
0.048892988930
0.054428044280
0.061808118081
0.067343173432
0.088560885609
0.099630996310
0.105166051661
0.121771217712
0.136531365314
0.145756457565
0.150369003690
0.178966789668
0.154981549815
0.089483394834
0.071033210332
0.107011070111
0.127306273063
0.144833948339
0.181734317343
0.175276752768
0.047970479705
