4.136076927185
4.135190010071
4.133874416351
4.132136344910
4.129993915558
4.127475738525
4.124595165253
4.121372222900
4.117820262909
4.113945960999
4.109758853912
4.105264663696
4.100465774536
4.095369815826
4.089984893799
4.084311008453
4.078348159790
4.072097778320
4.065548896790
4.058710575104
4.051584720612
4.044176101685
4.036482810974
4.028495311737
4.020212173462
4.011627197266
4.002720832825
3.993467807770
3.983853816986
3.973840713501
3.963406562805
3.952504873276
3.941097736359
3.929146289825
3.916595458984
3.903393268585
3.889484405518
3.874824523926
3.859411716461
3.843216419220
3.826261281967
3.808629274368
3.790416955948
3.771733283997
3.752662181854
3.733270883560
3.713636875153
3.693949937820
3.674507617950
3.655690193176
3.637461900711
3.619418382645
3.601319789886
3.583733320236
3.567616939545
3.553091287613
3.539170742035
3.524294853210
3.507339954376
3.488224744797
3.467679500580
3.446412086487
3.425183296204
3.404965877533
3.386814594269
3.371840000153
3.360363006592
3.351419925690
3.342772960663
3.332202911377
3.318639755249
3.302248477936
3.284123420715
3.265569925308
3.247603654861
3.230859756470
3.215663433075
3.200807571411
3.186539411545
3.172665596008
3.157253265381
3.142556905746
3.126448154449
3.111006736755
3.093863010406
3.079290866852
3.060377120972
3.049379348755
3.023942947388
3.030094623566
2.986733913422
3.110571146011
3.072045326233
3.667905330658
3.432292222977
2.989708423615
2.970170736313
2.949521541595
2.920087814331
2.899018764496
2.886569976807
2.878429412842
2.870740652084
2.861217737198
2.848904848099
2.833333492279
2.814652919769
2.793954372406
2.773437738419
2.755062580109
2.739206790924
2.724950551987
2.710880756378
2.696278572083
2.681437492371
2.666980266571
2.653337001801
2.640367984772
2.627930879593
2.615446805954
2.602508068085
2.588938236237
2.574573755264
2.559459209442
2.543633460999
2.527734756470
2.512284755707
2.497823238373
2.484499692917
2.472469568253
2.461716651917
2.451915740967
2.442689657211
2.433753013611
2.424718141556
2.415483474731
2.405939579010
2.395956039429
2.385484218597
2.374485969543
2.362806081772
2.350320339203
2.337158203125
2.323382377625
2.309337139130
2.295249462128
2.281456232071
2.268116474152
2.255489826202
2.243549585342
2.232681035995
2.222033023834
2.213085889816
2.201845884323
2.197017669678
2.181358814240
2.232129812241
2.497865200043
4.246207714081
3.152278900146
2.785171031952
2.700204133987
2.644554615021
2.611205101013
2.594487428665
2.585126876831
2.576166868210
2.563361167908
2.544962167740
2.522034406662
2.498025178909
2.476913928986
2.459789037704
2.444170475006
2.428715705872
2.416697502136
2.409636974335
2.402969837189
2.395260810852
2.389714717865
2.388127326965
2.388868808746
2.390592098236
2.392573118210
2.394111633301
2.394765377045
2.394241094589
2.392633438110
2.390241861343
2.387477159500
2.384768009186
2.382511615753
2.380726575851
2.379205226898
2.377719640732
2.376279830933
2.374522686005
2.372796535492
2.370769262314
2.370121955872
2.368968963623
2.393451213837
2.626572370529
2.708928585052
2.705852031708
2.696938276291
2.691125631332
2.679603099823
2.659820079803
2.638365745544
2.624785423279
2.609412670135
2.600190162659
2.598323822021
2.599116086960
2.599293470383
2.601833820343
2.606648206711
2.610867023468
2.612530231476
2.612381458282
2.612971782684
2.615271806717
2.618477582932
2.621867895126
2.624790668488
2.627142190933
2.628431081772
2.628663063049
2.627976894379
2.627265930176
2.627453088760
2.628368616104
2.630108118057
2.632390975952
2.635621309280
2.637728691101
2.659485578537
2.875269174576
4.580197334290
2.948094367981
2.740549802780
2.731398105621
2.749214649200
2.728990316391
2.734258651733
2.740391731262
2.749624729156
2.759306669235
2.771722316742
2.783786773682
2.796003818512
2.808120250702
2.821259975433
2.834261894226
2.848068475723
2.860044002533
2.873915195465
2.880530834198
2.914446830750
2.980760097504
3.126878023148
3.061327219009
2.981963157654
2.998395204544
3.014894962311
3.040870904922
3.064043760300
3.081089496613
3.097873210907
3.113947868347
3.129625797272
3.145349502563
3.160660982132
3.175515651703
3.190439224243
3.204746723175
3.218207836151
3.232231140137
3.246323585510
3.260380744934
3.274548530579
3.288355827332
3.302775144577
3.316050291061
3.328226566315
3.339954376221
3.350916862488
3.362604379654
3.372468233109
3.398553371429
3.493562221527
4.118187427521
3.677345752716
3.512704372406
3.536560297012
3.555418968201
3.573392152786
3.586774349213
3.595498085022
3.602545022964
3.610209941864
3.619979381561
3.631831407547
3.646651744843
3.667262077332
3.690795898438
3.705246448517
3.714209556580
3.720704078674
3.729478836060
3.740350008011
3.753096580505
3.766541957855
3.780242443085
3.793848037720
3.806402921677
3.817671775818
3.827688932419
3.836618423462
3.845352649689
3.854318618774
3.863332509995
3.872627735138
3.881256103516
3.890004158020
3.897869110107
3.906261444092
3.914133071899
3.921986818314
3.929323196411
3.936775207520
3.944056272507
3.950853586197
3.957080841064
3.963262319565
3.968822956085
3.973968505859
3.978367090225
3.982223987579
3.985667705536
3.988473415375
3.991058826447
3.993422508240
3.995306253433
3.996837377548
3.998022079468
3.998851776123
3.999288082123
3.999522447586
3.999593257904
3.999620914459
3.999794244766
3.999769687653
3.999523639679
3.999300956726
3.998766422272
3.998571157455
3.997174024582
3.996151208878
3.991992950439
3.990593433380
3.984381675720
3.988074779510
3.981340408325
4.016386032104
4.028227329254
4.182049751282
3.992597341537
3.953806400299
3.944149017334
3.936618328094
3.933506727219
3.931406974792
3.926899909973
3.919914960861
3.912159919739
3.904554128647
3.897173404694
3.890306711197
3.883559226990
3.877128124237
3.870277404785
3.862398624420
3.852659702301
3.841600894928
3.829193592072
3.816890239716
3.804923534393
3.793323993683
3.781713962555
3.770315647125
3.758678913116
3.747044563293
3.734989643097
3.722704887390
3.709936618805
3.697011470795
3.683848381042
3.669873714447
3.655640840530
3.640957832336
3.625980377197
3.610910892487
3.596107721329
3.581548690796
3.566472053528
3.552546501160
3.538357973099
3.524816036224
3.510763168335
3.496782779694
3.481942415237
3.467412948608
3.451841354370
3.436775445938
3.421079635620
3.405911922455
3.389834880829
3.375190973282
3.358714818954
3.344607353210
3.326833724976
3.315425872803
3.292735815048
3.292113780975
3.256028652191
3.311326980591
3.298039913177
3.964964389801
3.524879217148
3.418673038483
3.244542837143
3.223692893982
3.223115921021
3.222432613373
3.214205265045
3.199930667877
3.182279109955
3.163957118988
3.146992683411
3.132332801819
3.119049549103
3.106365203857
3.093559265137
3.080616474152
3.067084312439
3.052540540695
3.036201000214
3.018297195435
2.999179363251
2.979433536530
2.959486961365
2.939625740051
2.920169591904
2.901006221771
2.882122039795
2.863457679749
2.845303535461
2.827674388885
2.810597896576
2.793843269348
2.777427673340
2.761759996414
2.747354507446
2.734346389771
2.722623825073
2.712124824524
2.702398777008
2.692772626877
2.682593345642
2.671518802643
2.658951282501
2.644777774811
2.629342317581
2.612667560577
2.596031904221
2.579592704773
2.563882589340
2.548941373825
2.534941673279
2.521827459335
2.509370803833
2.497536659241
2.485701084137
2.473894834518
2.461254119873
2.448029994965
2.434417724609
2.420282602310
2.406030178070
2.391696453094
2.377849102020
2.364329576492
2.351211071014
2.338476657867
2.326439380646
2.314645528793
2.303024768829
2.291667461395
2.280640840530
2.269644260406
2.258545398712
2.247617244720
2.236887216568
2.226078748703
2.215317726135
2.204741239548
2.194320678711
2.183974742889
2.174186706543
2.164154767990
2.154174566269
2.144394159317
2.134767055511
2.124871969223
2.114934444427
2.104860305786
2.094799041748
2.084247589111
2.073820352554
2.063266754150
2.053178310394
2.043208122253
2.033367395401
2.024177551270
2.015033006668
2.006166934967
1.997667193413
1.989172101021
1.980919599533
1.972445487976
1.964717030525
1.956585645676
1.949271440506
1.941334724426
1.934158921242
1.926639080048
1.919583082199
1.912324190140
1.905352115631
1.898151636124
1.891512632370
1.884379506111
1.877603769302
1.870760202408
1.863704204559
1.857134580612
1.849955439568
1.843662261963
1.836182117462
1.830077886581
1.822383046150
1.816912412643
1.808780193329
1.804312348366
1.795675516129
1.792911291122
1.783346891403
1.782902359962
1.771609544754
1.773567438126
1.760422706604
1.765666604042
1.750468969345
1.760774374008
1.743161320686
1.761955618858
1.742324948311
1.777981400490
1.765311121941
1.861852526665
1.838591933250
1.905224919319
1.752227902412
1.715115070343
1.717208862305
1.712871670723
1.711908340454
1.709224462509
1.706176519394
1.702394604683
1.698498368263
1.694392681122
1.691111922264
1.687487959862
1.684597253799
1.681353092194
1.678056001663
1.674220323563
1.670146465302
1.665887355804
1.662109375000
1.658069849014
1.654519081116
1.650622844696
1.647764921188
1.642961502075
1.641629934311
1.633911132812
1.638559103012
1.621413230896
1.658410906792
1.633116245270
2.057762861252
2.460050821304
3.025171756744
2.336403846741
2.245420217514
2.172763824463
2.141850471497
2.137630462646
2.120693683624
2.095753908157
2.076817512512
2.066847085953
2.063888311386
2.062114000320
2.058001518250
2.053361654282
2.048949480057
2.043731689453
2.037991285324
2.033112287521
2.030230522156
2.030084133148
2.031622886658
2.033359050751
2.034142732620
2.033131361008
2.030961513519
2.026812076569
2.022890567780
2.018457651138
2.015692234039
2.010979890823
2.011879444122
2.002816915512
2.080612659454
2.378790140152
2.065808296204
2.287338256836
2.074958562851
2.074377298355
2.064852237701
2.046974897385
2.022472858429
2.005709886551
1.996380925179
1.993721127510
1.993355393410
1.992184758186
1.992427945137
1.994199275970
1.998656868935
2.003215789795
2.006339073181
2.007555961609
2.005178451538
2.005165576935
2.002039670944
2.003330945969
1.999014854431
2.006234645844
1.996480464935
2.027923583984
2.007021903992
2.301243782043
2.475019216537
2.546177387238
2.417597532272
2.322343111038
2.244641542435
2.169064998627
2.110967636108
2.082609415054
2.078501939774
2.091268777847
2.121747970581
2.143800020218
2.142114400864
2.129763603210
2.115877389908
2.104079961777
2.095378398895
2.089130163193
2.084369659424
2.080049037933
2.075704574585
2.072247028351
2.070235252380
2.069378852844
2.069224834442
2.069017410278
2.068307638168
2.067112922668
2.065838098526
2.065312147141
2.065453052521
2.065826177597
2.066105842590
2.066291809082
2.066517591476
2.066167593002
2.065268993378
2.064093112946
2.062443494797
2.059838771820
2.056866645813
2.052995681763
2.049419403076
2.045425415039
2.041599988937
2.038296461105
2.036099433899
2.034156799316
2.032957077026
2.031864404678
2.030664920807
2.030334711075
2.029711246490
2.028848648071
2.027603387833
2.027052164078
2.024817466736
2.023885250092
2.020793676376
2.019303083420
2.016284465790
2.014351129532
2.011285543442
2.009274721146
2.005721569061
2.004062175751
2.000707864761
1.999155282974
1.995356798172
1.993935585022
1.990104436874
1.988276839256
1.984084248543
1.982293844223
1.977210879326
1.975873947144
1.970325946808
1.969703197479
1.963459014893
1.963016390800
1.955574154854
1.955320119858
1.947368860245
1.948612809181
1.939744710922
1.943685770035
1.931886076927
1.941622972488
1.924692869186
1.944821119308
1.920958042145
1.962762117386
1.937842845917
2.061261653900
2.034073352814
2.086702346802
1.934484004974
1.936654567719
1.933447360992
1.932710886002
1.933579206467
1.932244420052
1.928135514259
1.921742081642
1.914678573608
1.907504320145
1.901409626007
1.896223545074
1.891983151436
1.887944340706
1.883762121201
1.879599809647
1.874985933304
1.869732022285
1.863883495331
1.858283162117
1.852625489235
1.847749710083
1.843115806580
1.839393377304
1.835430741310
1.832488179207
1.828569412231
1.825413465500
1.821599483490
1.818182468414
1.814075231552
1.810278654099
1.806066036224
1.802511811256
1.798157572746
1.794932365417
1.790786743164
1.787859201431
1.784072041512
1.781300067902
1.778041243553
1.775446295738
1.774262189865
1.773038625717
1.778557777405
1.786595344543
1.828568458557
1.942331194878
2.228901863098
2.035805940628
1.831384539604
1.779371976852
1.781373500824
1.784443140030
1.787437081337
1.789212107658
1.788962125778
1.786796212196
1.783131837845
1.777737617493
1.771488785744
1.764391899109
1.757391095161
1.750274419785
1.744411587715
1.738953590393
1.735715031624
1.731506228447
1.731830120087
1.729716897011
1.745256900787
1.796906232834
1.985652208328
2.073929309845
1.900263428688
1.849409103394
1.803033351898
1.776713967323
1.762426972389
1.754406213760
1.746881961823
1.736651420593
1.725097179413
1.715392351151
1.709473609924
1.706677079201
1.706789970398
1.709643006325
1.712670207024
1.712013244629
1.705923557281
1.695912837982
1.684646368027
1.674226760864
1.665103316307
1.657221198082
1.650430321693
1.644864559174
1.640814542770
1.637422323227
1.634718775749
1.631857395172
1.628842592239
1.625136613846
1.621499657631
1.617960929871
1.614817380905
1.612192153931
1.609803438187
1.607728362083
1.605311751366
1.602465629578
1.598681330681
1.594779968262
1.590330839157
1.585416078568
1.580217361450
1.576114892960
1.570483922958
1.569285273552
1.561594724655
1.578438162804
1.585643768311
1.834747672081
1.889657974243
1.680648922920
1.610281944275
1.594444274902
1.583549499512
1.591089487076
1.589221119881
1.590424895287
1.587445259094
1.583152413368
1.576990842819
1.570297956467
1.563731789589
1.557558655739
1.551567792892
1.545801281929
1.540516734123
1.535658001900
1.531441688538
1.527989864349
1.524785041809
1.522290229797
1.519909381866
1.518487930298
1.516947388649
1.515740633011
1.513559818268
1.512179613113
1.508283376694
1.507710218430
1.502710103989
1.514641523361
1.536339282990
1.803246498108
2.343992471695
2.465787649155
2.014299392700
1.717982292175
1.697498321533
1.719289302826
1.736765623093
1.741882085800
1.739197731018
1.734315633774
1.730410337448
1.728085041046
1.726681232452
1.725637316704
1.725112915039
1.725248813629
1.725284576416
1.724989056587
1.724138259888
1.723045825958
1.721593379974
1.718909382820
1.713660478592
1.704711437225
1.691200733185
1.674670696259
1.656805872917
1.640299677849
1.626799821854
1.616729855537
1.611071944237
1.609052181244
1.610029220581
1.612670779228
1.615834236145
1.617221713066
1.617151975632
1.615561246872
1.613401770592
1.610633492470
1.608269095421
1.605949163437
1.603930234909
1.602236628532
1.600333452225
1.599045276642
1.597012758255
1.594172596931
1.592023611069
1.587636232376
1.585757255554
1.578927159309
1.580695509911
1.568051457405
1.590210676193
1.585021495819
1.844650506973
2.001842975616
1.978742957115
1.663988590240
1.649880766869
1.644685506821
1.643805384636
1.642000079155
1.640005826950
1.636856794357
1.631994366646
1.627053976059
1.622689723969
1.619925975800
1.617750883102
1.616489648819
1.616265177727
1.617118835449
1.618180871010
1.618735074997
1.617858052254
1.615949630737
1.611729621887
1.607764482498
1.602298140526
1.598138689995
1.592055678368
1.587077617645
1.581234216690
1.576847791672
1.572809934616
1.569409847260
1.566317319870
1.563224434853
1.560506820679
1.557734966278
1.555035948753
1.552762031555
1.550741434097
1.548499822617
1.545932888985
1.543389558792
1.540094375610
1.536965847015
1.533093452454
1.529144763947
1.524943828583
1.521299123764
1.517447710037
1.514468908310
1.511337518692
1.509298801422
1.507223844528
1.506308674812
1.503846406937
1.504472255707
1.501620531082
1.505812764168
1.503083586693
1.527042627335
1.586488962173
1.895287275314
2.340982198715
1.690650224686
1.647237777710
1.661968946457
1.618858218193
1.627716541290
1.618358373642
1.607420682907
1.594811320305
1.581842899323
1.569478988647
1.559566736221
1.552898526192
1.547095417976
1.539772748947
1.532276630402
1.526624202728
1.523517131805
1.521732211113
1.520815491676
1.519619464874
1.517239570618
1.514096140862
1.509586691856
1.505748629570
1.500871658325
1.497822880745
1.493604183197
1.491225242615
1.488013029099
1.486153125763
1.483855009079
1.482910156250
1.481373786926
1.480285286903
1.478893995285
1.477199196815
1.475571036339
1.473309397697
1.471206903458
1.468814253807
1.466877222061
1.464814186096
1.462914228439
1.460658788681
1.458507418633
1.455967664719
1.453552961349
1.451056361198
1.449113845825
1.446829795837
1.445410251617
1.443231821060
1.442536711693
1.439608454704
1.440745830536
1.435853838921
1.442054033279
1.435387969017
1.468328118324
1.518474340439
1.854102134705
1.895026206970
1.883481264114
1.508450150490
1.487266540527
1.462798595428
1.470837473869
1.482983589172
1.491809487343
1.495119810104
1.494534730911
1.492403864861
1.490157723427
1.488188982010
1.486652135849
1.484926700592
1.482294321060
1.478494167328
1.473757982254
1.467857360840
1.461527824402
1.455448627472
1.449973225594
1.445114970207
1.440769433975
1.437176704407
1.434357285500
1.432099819183
1.429973125458
1.428281307220
1.426843881607
1.425297617912
1.423429131508
1.420962810516
1.418237447739
1.415488243103
1.412638068199
1.410633563995
1.408251285553
1.406458497047
1.404666662216
1.403089165688
1.401132106781
1.399528741837
1.397441744804
1.395771741867
1.393834710121
1.392498731613
1.390441417694
1.389417648315
1.387085556984
1.387238025665
1.383979439735
1.387664079666
1.380455493927
1.393788099289
1.381436109543
1.437952280045
1.489303708076
1.691075086594
1.735674977303
1.526570796967
1.461826205254
1.446169734001
1.426509857178
1.413530111313
1.411003947258
1.409323573112
1.408927202225
1.409780263901
1.410410165787
1.410878181458
1.409476995468
1.406859517097
1.402548551559
1.397913455963
1.393096685410
1.389405608177
1.384851217270
1.382210493088
1.377962708473
1.381819963455
1.398342370987
1.559509992599
2.114124059677
2.316045999527
2.063060760498
1.820140838623
1.594841837883
1.579153299332
1.557975053787
1.557140111923
1.557199001312
1.554735898972
1.547436833382
1.538250565529
1.529685735703
1.522854566574
1.518381118774
1.515221595764
1.512312769890
1.508063077927
1.500998258591
1.491193413734
1.480805873871
1.471233129501
1.463337063789
1.458267331123
1.455360293388
1.453536033630
1.451249361038
1.448398351669
1.444767355919
1.440466403961
1.436109304428
1.431824207306
1.427888631821
1.424568891525
1.421626567841
1.418034553528
1.415127992630
1.410938143730
1.409136772156
1.404331326485
1.405225396156
1.399209260941
1.410371780396
1.407833218575
1.477316617966
1.469969987869
1.535513520241
1.438904166222
1.405004501343
1.414995670319
1.396058201790
1.446573257446
1.433744549751
1.489674806595
1.445127964020
1.447865247726
1.399242997169
1.398641467094
1.391201019287
1.390768527985
1.389911413193
1.389004945755
1.387737512589
1.385981559753
1.383574843407
1.380809664726
1.377617359161
1.374266862869
1.370583176613
1.366650819778
1.362851381302
1.359432458878
1.355902552605
1.352822303772
1.349879860878
1.347395300865
1.344550490379
1.342491269112
1.339837789536
1.337763190269
1.335973381996
1.334304094315
1.332128167152
1.331247806549
1.326794385910
1.329149961472
1.319637656212
1.345614433289
1.364118099213
1.733310222626
2.304109573364
2.533616065979
2.513495445251
2.390618085861
2.086864709854
1.984046459198
2.010142564774
2.053612470627
2.087493181229
2.103511571884
2.107056617737
2.096254825592
2.078322887421
2.059858560562
2.040437459946
2.019275665283
1.999553442001
1.982766389847
1.968545317650
1.955975413322
1.945318818092
1.937731504440
1.931612133980
1.924004077911
1.912318468094
1.898108720779
1.884589076042
1.873462796211
1.863471269608
1.856587171555
1.850355625153
1.844770550728
1.838808774948
1.832939505577
1.829077363014
1.825963020325
1.824152946472
1.820684075356
1.817974925041
1.812301278114
1.810133099556
1.804192781448
1.803147196770
1.796715497971
1.795078396797
1.788465023041
1.785722017288
1.779018878937
1.776136517525
1.769416809082
1.768160343170
1.760231256485
1.769238710403
1.754252433777
1.847802162170
2.027967929840
2.707960844040
2.199574947357
2.028218984604
1.941697597504
1.980346679688
1.986520886421
1.969282627106
1.945612072945
1.926837801933
1.920192241669
1.917227149010
1.907653570175
1.894223570824
1.882037401199
1.870945096016
1.858953475952
1.845361709595
1.831332564354
1.819458723068
1.810130834579
1.803182840347
1.796697616577
1.790100574493
1.783765077591
1.778667569160
1.775483250618
1.774245142937
1.774728178978
1.775632977486
1.777013778687
1.778592109680
1.780427336693
1.782133102417
1.783048152924
1.783408164978
1.782848358154
1.781990528107
1.780790805817
1.779394149780
1.777678728104
1.775058984756
1.771811723709
1.768382668495
1.764462232590
1.760749578476
1.756919860840
1.753429532051
1.750108718872
1.746805310249
1.743832826614
1.741328954697
1.738813519478
1.736445188522
1.734005093575
1.731361865997
1.728449344635
1.725040674210
1.721125125885
1.717172622681
1.713033199310
1.708647131920
1.704304218292
1.699662208557
1.694929957390
1.689977288246
1.684898495674
1.679880261421
1.674841642380
1.669779539108
1.664693951607
1.659994244576
1.655207276344
1.650814294815
1.646655678749
1.642617940903
1.639023423195
1.635029911995
1.632142305374
1.628772497177
1.626666784286
1.623683214188
1.622844219208
1.619958400726
1.623583674431
1.627998113632
1.695471048355
1.936485290527
2.398325443268
1.957355141640
1.810412168503
1.757261991501
1.773630499840
1.779012203217
1.757872343063
1.739934086800
1.725484609604
1.712445855141
1.703850030899
1.702922463417
1.706904888153
1.710437297821
1.709412693977
1.703948497772
1.697219610214
1.690213084221
1.683060407639
1.675363779068
1.667043089867
1.658566236496
1.650737285614
1.643762111664
1.636742234230
1.630356788635
1.623859882355
1.618182897568
1.612732410431
1.608958244324
1.605748891830
1.603102445602
1.600039839745
1.596937417984
1.592826724052
1.588890671730
1.583437561989
1.578779339790
1.572943091393
1.568726897240
1.563199043274
1.560681104660
1.555511236191
1.555080533028
1.548232555389
1.552457928658
1.540488958359
1.562155485153
1.546706676483
1.726152539253
2.001790046692
2.984656095505
2.729889154434
2.250223159790
2.075446128845
2.122663259506
2.169515609741
2.190752744675
2.184902667999
2.163102626801
2.141969203949
2.126177787781
2.105669975281
2.079774856567
2.049610853195
2.021521091461
2.006141185760
2.002391815186
1.995443820953
1.984592437744
1.981710672379
1.983169436455
1.981697082520
1.975450277328
1.964208126068
1.949489831924
1.935183405876
1.923767089844
1.916316509247
1.912205219269
1.910296082497
1.908598423004
1.905629158020
1.901149392128
1.895388007164
1.889022469521
1.882889986038
1.876952171326
1.871027350426
1.865239143372
1.858906507492
1.851670503616
1.844340085983
1.837196350098
1.829773068428
1.823636293411
1.816833972931
1.811034679413
1.804704666138
1.799412369728
1.791735053062
1.786538124084
1.776528954506
1.772744536400
1.757992029190
1.762054562569
1.741155862808
1.767311930656
1.744057774544
1.877075910568
1.819719910622
2.020712375641
1.704980373383
1.706160187721
1.715834379196
1.724833369255
1.732465624809
1.737816572189
1.739034771919
1.735920310020
1.729234576225
1.720572233200
1.711783170700
1.703965544701
1.698177814484
1.694455385208
1.692526459694
1.691152453423
1.689474463463
1.687301635742
1.684033870697
1.679344534874
1.673693656921
1.667190790176
1.660371541977
1.653468608856
1.646896004677
1.640499830246
1.635030627251
1.630516290665
1.626363039017
1.622607350349
1.619362235069
1.616247534752
1.613094091415
1.610049486160
1.606160283089
1.603337287903
1.599855184555
1.597891807556
1.594972729683
1.593738794327
1.591157436371
1.589526414871
1.586656689644
1.585410237312
1.581556797028
1.582648396492
1.576660513878
1.591636538506
1.585639476776
1.747113823891
1.859466075897
3.161873817444
2.448905706406
1.834270119667
1.822710990906
1.843149423599
1.878857970238
1.910207390785
1.930226683617
1.936411023140
1.933786392212
1.928329110146
1.923242330551
1.919325590134
1.917531251907
1.918006181717
1.919829964638
1.920850038528
1.919105887413
1.915050983429
1.909041404724
1.900821685791
1.889476656914
1.876175880432
1.862280368805
1.847824215889
1.832945704460
1.817798733711
1.803552865982
1.790459156036
1.778558850288
1.768735170364
1.760762214661
1.755494832993
1.752093911171
1.750489234924
1.749273180962
1.748520135880
1.747280120850
1.745032072067
1.742850065231
1.739878892899
1.737742424011
1.735096573830
1.732764005661
1.730110883713
1.726785659790
1.723637104034
1.720092415810
1.715861201286
1.711606740952
1.706767678261
1.701731681824
1.696211576462
1.689986586571
1.683784723282
1.677167177200
1.671482920647
1.665895223618
1.661416530609
1.657414078712
1.654537200928
1.655417919159
1.663152098656
1.695294857025
1.810218811035
1.815027713776
1.707917451859
1.649150133133
1.642810463905
1.643767476082
1.657558679581
1.673922657967
1.682990074158
1.638540863991
1.621100902557
1.608136415482
1.601655960083
1.595316171646
1.590169072151
1.584983825684
1.580033659935
1.575149655342
1.570312976837
1.565686941147
1.561530113220
1.557927131653
1.554908633232
1.552057266235
1.549660205841
1.547297120094
1.545054793358
1.542970538139
1.540949583054
1.539135575294
1.537294149399
1.535411357880
1.533453226089
1.531113028526
1.528450727463
1.525254249573
1.521951436996
1.518095731735
1.514530897141
1.510620236397
1.507424831390
1.503852248192
1.501537799835
1.498396396637
1.496748209000
1.493294358253
1.492509722710
1.488773465157
1.488738536835
1.484004497528
1.484844684601
1.478643536568
1.481006383896
1.472373366356
1.477285385132
1.465803742409
1.475889801979
1.459445595741
1.480432748795
1.456512451172
1.510471820831
1.493837475777
1.740155696869
1.757639646530
2.090628862381
1.663401842117
1.556118488312
1.542958021164
1.542251348495
1.539180636406
1.535018563271
1.529020547867
1.521460533142
1.514337062836
1.508640050888
1.503402352333
1.499472379684
1.494856834412
1.491608142853
1.489057302475
1.487810134888
1.486730933189
1.485839128494
1.483991742134
1.482533931732
1.478829383850
1.477944374084
1.472359418869
1.488534212112
1.543088197708
1.977375149727
2.427690505981
1.709403276443
1.564567923546
1.559435129166
1.563548445702
1.568837404251
1.573401331902
1.580635190010
1.584315538406
1.586683392525
1.587173223495
1.584966182709
1.579313635826
1.570426583290
1.559233546257
1.547098159790
1.535234212875
1.524067759514
1.514458179474
1.507157802582
1.501804351807
1.498026013374
1.495067000389
1.492347240448
1.489738583565
1.486538410187
1.483015537262
1.478035926819
1.472588181496
1.466616749763
1.459000825882
1.452816247940
1.444341301918
1.444687604904
1.434125661850
1.471966266632
1.519092559814
1.741938591003
1.795605540276
1.575697183609
1.578571796417
1.463407993317
1.455422878265
1.447196483612
1.448600053787
1.452954888344
1.456014394760
1.457575798035
1.457954645157
1.457035422325
1.454221248627
1.449288010597
1.442586421967
1.435275197029
1.428133964539
1.421538233757
1.415516853333
1.409871578217
1.404856920242
1.400195121765
1.396025419235
1.392391562462
1.389299988747
1.386432528496
1.383449435234
1.380573749542
1.377405047417
1.374364614487
1.370748758316
1.367445707321
1.363701820374
1.360122680664
1.356311798096
1.353447914124
1.350359797478
1.348858356476
1.347176790237
1.346825718880
1.345396995544
1.345752596855
1.342901587486
1.342837572098
1.337185025215
1.338623523712
1.330984592438
1.335596561432
1.324921488762
1.337001323700
1.322157144547
1.350930571556
1.339234709740
1.424043178558
1.413642764091
1.460871219635
1.332991600037
1.334494113922
1.314654111862
1.313778519630
1.311295151711
1.308774948120
1.305793404579
1.302346229553
1.299390435219
1.296895265579
1.295172095299
1.293826341629
1.292337656021
1.291044116020
1.289506316185
1.287909507751
1.285864233971
1.283367991447
1.280965805054
1.278317689896
1.275874495506
1.272700667381
1.270404338837
1.266892313957
1.265598893166
1.261250972748
1.263580799103
1.257019639015
1.273156404495
1.274928331375
1.440949082375
1.791503667831
3.228925943375
2.200285196304
2.111795663834
1.847892045975
1.800512313843
1.841714143753
1.874424219131
1.876854777336
1.858230352402
1.831947088242
1.808818221092
1.789359331131
1.770698428154
1.756706833839
1.751923680305
1.754009366035
1.757443070412
1.763090968132
1.767023444176
1.764673352242
1.755125164986
1.738746285439
1.720866560936
1.704200267792
1.690243840218
1.678034543991
1.667336225510
1.657657027245
1.649813771248
1.642906308174
1.639134645462
1.636617422104
1.638030767441
1.637887716293
1.644956946373
1.655057430267
1.734651327133
1.968896865845
1.772891402245
1.655856609344
1.622152209282
1.611834406853
1.596912026405
1.593822240829
1.592718482018
1.586861729622
1.577611088753
1.567054033279
1.557629585266
1.550770282745
1.545923233032
1.541959643364
1.537947177887
1.533307909966
1.527942895889
1.522496461868
1.516855239868
1.511942982674
1.506821870804
1.502171993256
1.497858405113
1.494185566902
1.491418361664
1.489704966545
1.489075422287
1.488984584808
1.489778757095
1.490111112595
1.491036653519
1.489534258842
1.490909337997
1.485115289688
1.496662378311
1.489440441132
1.674062490463
2.120206832886
2.424655914307
1.791871309280
1.676813840866
1.623346924782
1.645330190659
1.654220938683
1.654796123505
1.652580976486
1.650898218155
1.650959610939
1.650656580925
1.647105813026
1.640398502350
1.631574749947
1.621981620789
1.613890051842
1.608257293701
1.604532003403
1.602040767670
1.599655866623
1.596481323242
1.592459797859
1.587081193924
1.580843567848
1.574488997459
1.569228887558
1.565105080605
1.561574101448
1.558636426926
1.556044697762
1.554183721542
1.552812457085
1.551801919937
1.550499200821
1.548143744469
1.543847799301
1.538679242134
1.533435583115
1.528485298157
1.524122953415
1.520508408546
1.517505407333
1.515245318413
1.513477325439
1.511998534203
1.510418057442
1.508392930031
1.505523800850
1.501812577248
1.497250318527
1.492002964020
1.486405372620
1.480890393257
1.475760221481
1.471365451813
1.467452645302
1.463873505592
1.460617542267
1.457662582397
1.454624414444
1.451761960983
1.448949694633
