4.149641036987
4.148771762848
4.147477626801
4.145762443542
4.143646717072
4.141153812408
4.138300895691
4.135095119476
4.131546974182
4.127671718597
4.123481273651
4.118979930878
4.114174842834
4.109066486359
4.103659629822
4.097954750061
4.091941356659
4.085635185242
4.079034805298
4.072147846222
4.064980030060
4.057540893555
4.049818992615
4.041814327240
4.033527851105
4.024958133698
4.016094207764
4.006925106049
3.997431039810
3.987587928772
3.977371215820
3.966749191284
3.955683708191
3.944147825241
3.932092666626
3.919469833374
3.906228542328
3.892324209213
3.877737045288
3.862423896790
3.846390962601
3.829645872116
3.812182903290
3.793983936310
3.774986505508
3.755043268204
3.734073877335
3.712277650833
3.689809322357
3.667106151581
3.644410371780
3.621870994568
3.599808216095
3.579122781754
3.560906410217
3.545253992081
3.531228065491
3.517173290253
3.501245498657
3.482746601105
3.462461471558
3.441706657410
3.421669483185
3.403414249420
3.387854099274
3.376075744629
3.368370056152
3.363052845001
3.357741832733
3.349989414215
3.338750362396
3.323579788208
3.305772066116
3.286415338516
3.266486883163
3.247313499451
3.229400157928
3.211640834808
3.194231748581
3.178052425385
3.159221172333
3.142028570175
3.122772932053
3.104598522186
3.084269046783
3.067858219147
3.046804428101
3.036655426025
3.009978532791
3.022463798523
2.974964141846
3.118058443069
3.075228214264
3.679040908813
3.602688312531
2.948863029480
2.886871814728
2.881586074829
2.877906799316
2.880350589752
2.885832309723
2.890500307083
2.891800642014
2.889243841171
2.882928848267
2.873537778854
2.861620664597
2.848313331604
2.834468603134
2.820203781128
2.804358720779
2.786045551300
2.765202283859
2.743046522141
2.720917463303
2.700127363205
2.681788921356
2.665951967239
2.651720523834
2.638679742813
2.625868320465
2.612790346146
2.598799228668
2.583250522614
2.567070007324
2.550477266312
2.534026384354
2.518145561218
2.503574848175
2.490052461624
2.477934837341
2.466825485229
2.457029342651
2.448294162750
2.440446853638
2.433137893677
2.426203012466
2.419398546219
2.412208080292
2.404070615768
2.394551515579
2.383660554886
2.371150970459
2.357350826263
2.342487812042
2.327345848083
2.312343597412
2.298023462296
2.284718990326
2.272797584534
2.261822462082
2.253309011459
2.243436574936
2.238097667694
2.225429058075
2.235973119736
2.217379331589
2.686507940292
3.547717094421
3.054682254791
2.699567079544
2.615020275116
2.563902139664
2.535413980484
2.522134304047
2.515175580978
2.507755279541
2.496254444122
2.479550600052
2.459393262863
2.439938545227
2.425636291504
2.417293071747
2.411335229874
2.405554294586
2.403280258179
2.406734228134
2.412131786346
2.418639421463
2.428788185120
2.442184209824
2.454882144928
2.464819908142
2.472090959549
2.476980209351
2.479445934296
2.479454517365
2.477279186249
2.473427295685
2.468536138535
2.463295221329
2.457778453827
2.452169179916
2.446712493896
2.441461086273
2.436342477798
2.432239294052
2.428172826767
2.425334215164
2.421975851059
2.425030469894
2.433529138565
2.742243051529
2.705651044846
2.695028781891
2.678560256958
2.671010494232
2.661015033722
2.646485328674
2.635792255402
2.631700515747
2.613437891006
2.601979732513
2.599303960800
2.596876621246
2.589995861053
2.585978031158
2.585550069809
2.585896015167
2.585617780685
2.585124492645
2.586255550385
2.589760065079
2.594871759415
2.600869894028
2.607545852661
2.614119052887
2.619564771652
2.622807502747
2.623723268509
2.623455762863
2.623502731323
2.624067783356
2.625737905502
2.627616643906
2.630795717239
2.631459951401
2.657930850983
2.888613939285
4.817186355591
2.942621707916
2.665636539459
2.656518936157
2.682703971863
2.670818805695
2.686154365540
2.700732231140
2.716881275177
2.733162641525
2.750152826309
2.766353130341
2.781234741211
2.795202016830
2.808718204498
2.822442770004
2.835447788239
2.848437070847
2.858755111694
2.873663187027
2.884703159332
3.014503479004
3.057453632355
3.005419015884
2.963845252991
3.003316640854
3.004219532013
3.019824504852
3.041666507721
3.061349391937
3.079706668854
3.095273494720
3.109034061432
3.122587680817
3.136009216309
3.148914337158
3.161499261856
3.173561096191
3.185127258301
3.197062969208
3.209704875946
3.222973823547
3.237447261810
3.252607345581
3.268772125244
3.284814119339
3.300640344620
3.316650152206
3.332293033600
3.348108053207
3.362992048264
3.386659622192
3.514863014221
4.030488014221
3.626373767853
3.497335433960
3.529864549637
3.540161609650
3.558297634125
3.573069810867
3.584138870239
3.593392372131
3.602952957153
3.614710330963
3.629786491394
3.648730993271
3.669533252716
3.695487260818
3.709719419479
3.719641208649
3.726359844208
3.734292507172
3.743539094925
3.753904342651
3.765025615692
3.776850223541
3.788794517517
3.799751996994
3.809663295746
3.818416357040
3.826774120331
3.835377216339
3.844325304031
3.853742599487
3.863734483719
3.873526096344
3.882165908813
3.889842033386
3.897413730621
3.904659748077
3.911857128143
3.918807029724
3.926066160202
3.932923793793
3.939271211624
3.944707393646
3.949844837189
3.954463005066
3.958798885345
3.962855100632
3.966968059540
3.971265792847
3.975364685059
3.979772806168
3.984203338623
3.988701820374
3.992853403091
3.996774673462
4.000392913818
4.003683090210
4.006684303284
4.009117126465
4.011006355286
4.012828350067
4.013939857483
4.014565944672
4.014976501465
4.015739917755
4.015993595123
4.016334533691
4.016419410706
4.015707015991
4.014314651489
4.013574600220
4.012783050537
4.016719818115
4.030042171478
4.065158843994
4.136652946472
4.009899139404
3.947391033173
3.957722902298
3.967275142670
3.977129459381
3.982605695724
3.979577064514
3.968991279602
3.954580783844
3.938913345337
3.924139022827
3.911465644836
3.901152133942
3.892965316772
3.885851383209
3.878753185272
3.870912075043
3.862235546112
3.852122068405
3.841591596603
3.831116676331
3.820516586304
3.809445858002
3.798475503922
3.786871671677
3.774559020996
3.761889934540
3.749448060989
3.737354755402
3.725625038147
3.714282274246
3.703161716461
3.692000389099
3.680568456650
3.668871879578
3.656889438629
3.644463300705
3.631729125977
3.617593765259
3.604045391083
3.590495109558
3.577010869980
3.562591791153
3.548036336899
3.532913446426
3.517813920975
3.501909017563
3.486028432846
3.469806909561
3.453619956970
3.436927795410
3.420951843262
3.404512882233
3.388944864273
3.372724294662
3.358576774597
3.341300249100
3.332438945770
3.314098834991
3.336308002472
3.389136791229
3.847994565964
3.686096191406
3.424282073975
3.307946205139
3.296098232269
3.296549797058
3.293234825134
3.281815290451
3.264807224274
3.244336366653
3.223073959351
3.203388214111
3.186358928680
3.171904802322
3.159446716309
3.148457527161
3.138175010681
3.127611637115
3.115738868713
3.100936651230
3.083348989487
3.063505887985
3.042004585266
3.019655466080
2.997451782227
2.975630283356
2.954301357269
2.933647155762
2.913421630859
2.894077777863
2.875780582428
2.858653306961
2.842552185059
2.827418327332
2.813516139984
2.800542831421
2.788327693939
2.776918888092
2.766061782837
2.755439758301
2.744997024536
2.734606266022
2.723954677582
2.712793350220
2.701059818268
2.688731670380
2.675666809082
2.662774085999
2.649720430374
2.636431694031
2.623069763184
2.609420061111
2.596012830734
2.582517147064
2.569271564484
2.555775642395
2.542767047882
2.529223203659
2.515155076981
2.501089572906
2.486844301224
2.472601890564
2.458348989487
2.444225311279
2.430286407471
2.416690111160
2.403140068054
2.389885663986
2.376742601395
2.363838672638
2.351844787598
2.340499401093
2.329548358917
2.318763971329
2.308114528656
2.298082351685
2.287732124329
2.277329921722
2.267103433609
2.256933450699
2.246701717377
2.237138032913
2.227065563202
2.216814756393
2.206578493118
2.196990013123
2.186987161636
2.176863431931
2.166691780090
2.156637668610
2.146373510361
2.136479854584
2.126796722412
2.117413520813
2.108456850052
2.099229335785
2.090472698212
2.081788301468
2.073400020599
2.065121889114
2.056751489639
2.048717498779
2.039886713028
2.032042980194
2.023517608643
2.015537977219
2.007244586945
1.999521017075
1.991580247879
1.983911037445
1.976125478745
1.968496799469
1.960917353630
1.953637599945
1.946084499359
1.938721895218
1.931433200836
1.923253536224
1.916173696518
1.907929301262
1.901361823082
1.892950534821
1.886645317078
1.877687692642
1.872163772583
1.862591624260
1.858646154404
1.848200321198
1.847246170044
1.834761619568
1.836518406868
1.820751428604
1.826213121414
1.806342244148
1.818003177643
1.792198657990
1.814148902893
1.778753995895
1.818347096443
1.767608880997
1.840726613998
1.768964409828
1.941267848015
1.807659626007
2.001227378845
1.757212400436
1.771591901779
1.756266236305
1.752346396446
1.749938488007
1.747395515442
1.744807362556
1.741337180138
1.737167358398
1.732491493225
1.728124380112
1.724051594734
1.719886660576
1.715752840042
1.711555600166
1.707428097725
1.703300356865
1.699515938759
1.696118831635
1.693070411682
1.689907193184
1.687247037888
1.684479594231
1.681766033173
1.679468512535
1.676810503006
1.673932075500
1.672886729240
1.677677154541
1.717736721039
1.931330919266
2.700538873672
2.680881977081
2.153554677963
2.144642829895
2.134546518326
2.152627944946
2.181997299194
2.186344861984
2.175437927246
2.167176485062
2.165995597839
2.172329902649
2.180575609207
2.187072515488
2.191731214523
2.192258358002
2.186922073364
2.176663875580
2.165518760681
2.155896902084
2.149165868759
2.145394802094
2.143599987030
2.143030643463
2.142567157745
2.142844676971
2.142174720764
2.141818761826
2.139993190765
2.137714862823
2.130484104156
2.127558469772
2.110191583633
2.183818817139
2.450734376907
2.135310649872
2.299080610275
2.129329204559
2.113229990005
2.115431785583
2.112179040909
2.103456020355
2.104129791260
2.112206935883
2.121666669846
2.127323865891
2.126358270645
2.119069099426
2.108563899994
2.098825454712
2.091197729111
2.085512399673
2.082500219345
2.079771518707
2.079948186874
2.079626083374
2.082323074341
2.081393241882
2.084834337234
2.079713582993
2.096378803253
2.098446607590
2.306080818176
2.635827064514
2.411099433899
2.302562475204
2.235942840576
2.189655065536
2.148603677750
2.123871326447
2.123579025269
2.137701034546
2.158928155899
2.192909955978
2.220691919327
2.222807407379
2.208711147308
2.190124511719
2.171377182007
2.153610944748
2.138830900192
2.126854658127
2.117442131042
2.110500812531
2.106683254242
2.105613470078
2.106922149658
2.109148263931
2.111038208008
2.111348867416
2.109949350357
2.107940912247
2.106140375137
2.105776309967
2.106001377106
2.107032299042
2.108317375183
2.109862327576
2.110723257065
2.110865354538
2.110225439072
2.109261751175
2.108055591583
2.106962203979
2.106172323227
2.106128454208
2.106390237808
2.106871604919
2.106840372086
2.106412887573
2.105297088623
2.104003429413
2.102486133575
2.100516080856
2.099094867706
2.097967624664
2.096444129944
2.095051288605
2.094663619995
2.093223094940
2.092491388321
2.090670585632
2.089358806610
2.087010383606
2.085981845856
2.084240436554
2.083232402802
2.080988168716
2.079851150513
2.078094720840
2.077021360397
2.075223207474
2.073944091797
2.071587085724
2.069268703461
2.066324949265
2.063526153564
2.059530973434
2.056350708008
2.053371429443
2.050512552261
2.048352003098
2.045592308044
2.043150663376
2.039741754532
2.038021087646
2.035172939301
2.033853054047
2.030467748642
2.028856277466
2.024690628052
2.024473667145
2.020203113556
2.024283409119
2.023736238480
2.048665761948
2.075703859329
2.168756961823
2.077847003937
2.017272233963
2.009920597076
2.005689382553
2.005433559418
2.001976251602
1.998082280159
1.993581533432
1.988525032997
1.983408927917
1.977454662323
1.971707582474
1.965080857277
1.959157824516
1.952133178711
1.946626305580
1.941474199295
1.937380075455
1.932899236679
1.928806066513
1.924636960030
1.921659350395
1.918274641037
1.916613698006
1.914210557938
1.913042783737
1.910828948021
1.909039735794
1.905833244324
1.903113126755
1.899183273315
1.895122289658
1.889745950699
1.885405063629
1.879226922989
1.875124573708
1.868770480156
1.865278124809
1.859024405479
1.857350826263
1.850237607956
1.851830482483
1.842545747757
1.849912643433
1.836251139641
1.858293294907
1.839099407196
1.915092945099
1.943517088890
2.325633049011
2.006464958191
1.915772438049
1.821183562279
1.819621443748
1.822440385818
1.827108502388
1.831445097923
1.834935903549
1.837393641472
1.838750243187
1.838454961777
1.836509704590
1.832761049271
1.827466964722
1.821191072464
1.815095663071
1.809326887131
1.805140018463
1.801253199577
1.800971031189
1.799673438072
1.815689086914
1.873522996902
2.065698146820
2.167895555496
1.899999499321
1.861872434616
1.833536624908
1.816117048264
1.810707330704
1.812501311302
1.814775824547
1.814012408257
1.810038447380
1.805015325546
1.801582217216
1.799600839615
1.800657987595
1.804829120636
1.810339570045
1.811815261841
1.805371999741
1.792968750000
1.778162479401
1.763846158981
1.750626087189
1.738299250603
1.726187586784
1.715148210526
1.705490112305
1.697864055634
1.692235231400
1.688096046448
1.685235142708
1.683012247086
1.681244134903
1.680078983307
1.679479598999
1.679253339767
1.679048776627
1.678570389748
1.677730560303
1.675769805908
1.672903537750
1.668774604797
1.663964509964
1.658225774765
1.652225017548
1.645814418793
1.640261888504
1.634025335312
1.631810545921
1.629756927490
1.671591162682
1.810940742493
2.016269207001
1.705837965012
1.664667963982
1.638144254684
1.639075160027
1.644751071930
1.648685812950
1.652173757553
1.652786016464
1.650337457657
1.646231889725
1.641103029251
1.635963678360
1.631044626236
1.626027703285
1.621009707451
1.616103172302
1.611161351204
1.606645584106
1.602481722832
1.598989248276
1.595947980881
1.594012618065
1.592153906822
1.591087579727
1.588657379150
1.586545586586
1.582156300545
1.579882383347
1.573246598244
1.575558662415
1.572272062302
1.622923493385
1.819169521332
2.578522205353
2.291267156601
2.093420267105
1.735340714455
1.718823909760
1.734349012375
1.746653914452
1.748286962509
1.745360136032
1.743339300156
1.745330214500
1.751040458679
1.759715318680
1.769662022591
1.779702901840
1.790275216103
1.800230741501
1.808376312256
1.814398050308
1.818135499954
1.820417404175
1.820615649223
1.816873908043
1.807919263840
1.793264865875
1.773710012436
1.750907063484
1.728051304817
1.706878185272
1.689045190811
1.675744652748
1.666589379311
1.661081194878
1.658575773239
1.658794641495
1.660164952278
1.661825299263
1.664361953735
1.666523575783
1.668655514717
1.670538902283
1.671869277954
1.672930717468
1.673982620239
1.674483418465
1.675661325455
1.675656795502
1.675597906113
1.675600767136
1.674556255341
1.672625780106
1.669186949730
1.665283322334
1.660573959351
1.660082578659
1.688163876534
1.819404125214
2.165912151337
1.896014332771
1.687283754349
1.685609579086
1.693898916245
1.704066872597
1.709965467453
1.711062669754
1.707313179970
1.700457096100
1.693117141724
1.687086820602
1.682683229446
1.680902957916
1.680624723434
1.682204365730
1.684197425842
1.686080217361
1.686160683632
1.684837460518
1.680595755577
1.675821542740
1.668416738510
1.662585139275
1.654830217361
1.648832559586
1.642313480377
1.636987566948
1.631965637207
1.627298355103
1.622551679611
1.618840932846
1.615918993950
1.612978696823
1.611046671867
1.608717560768
1.607424139977
1.606665849686
1.606073856354
1.605277061462
1.604458332062
1.603108406067
1.601595520973
1.599475979805
1.596998929977
1.593788623810
1.591158628464
1.587654352188
1.585736870766
1.583062171936
1.582192778587
1.580412149429
1.580200552940
1.577645421028
1.579769253731
1.574572443962
1.581873178482
1.570041418076
1.608609080315
1.620651245117
2.034792661667
2.163658857346
1.828180909157
1.805836796761
1.784549713135
1.701205492020
1.679240107536
1.655337333679
1.637683868408
1.625163912773
1.618394136429
1.617401838303
1.621445894241
1.627725839615
1.630925536156
1.627813339233
1.619909286499
1.610564708710
1.602608203888
1.597052216530
1.594172835350
1.592843055725
1.591445922852
1.588694214821
1.584944009781
1.580586075783
1.575536608696
1.570990681648
1.566335916519
1.562534093857
1.559049606323
1.556685924530
1.554255247116
1.552809000015
1.551530838013
1.550370097160
1.549121856689
1.547574281693
1.546056151390
1.544004201889
1.541632175446
1.539678573608
1.537701606750
1.535734415054
1.533413410187
1.531244516373
1.528782486916
1.526742458344
1.524265408516
1.522424221039
1.520144462585
1.518244504929
1.515783071518
1.514188766479
1.511481404305
1.510441303253
1.507049202919
1.507216095924
1.503213644028
1.512153744698
1.516624927521
1.622087717056
1.843142032623
1.972234487534
1.797308802605
1.593769192696
1.553406596184
1.527320861816
1.534047126770
1.543602824211
1.551411390305
1.555774927139
1.557848691940
1.558442831039
1.558204412460
1.557542562485
1.556454420090
1.554151773453
1.549975395203
1.543596744537
1.535412549973
1.525127649307
1.514198541641
1.503137469292
1.492313504219
1.482114553452
1.473137259483
1.466475248337
1.462026238441
1.459067344666
1.458381175995
1.458405971527
1.459096670151
1.460004329681
1.460477709770
1.459852695465
1.458781480789
1.457049131393
1.454691529274
1.452816843987
1.450743556023
1.448757410049
1.446899771690
1.445211768150
1.443197250366
1.441288948059
1.439213275909
1.437076330185
1.435228586197
1.433155894279
1.431224346161
1.429271578789
1.427855253220
1.425772070885
1.425703406334
1.422822952271
1.425067901611
1.422222971916
1.436230421066
1.447547197342
1.590545535088
1.627839922905
1.894377708435
1.556814670563
1.473248362541
1.444298982620
1.430117487907
1.442372322083
1.455855250359
1.467122793198
1.476217269897
1.482435941696
1.486297726631
1.486131668091
1.482170343399
1.473851203918
1.463153481483
1.451266884804
1.440508365631
1.431041479111
1.423943519592
1.418204426765
1.416394472122
1.416874885559
1.442978382111
1.568284630775
2.204811334610
2.238868713379
2.275536537170
1.866726398468
1.668938517570
1.570573091507
1.556922435760
1.546799898148
1.556705713272
1.566138029099
1.574052929878
1.580392837524
1.585169434547
1.588261365891
1.591443657875
1.594576597214
1.596458554268
1.595976352692
1.591116905212
1.580572128296
1.566270112991
1.550450563431
1.535540699959
1.523644566536
1.514303684235
1.507635354996
1.502765417099
1.499548196793
1.497272133827
1.495503664017
1.494353771210
1.492311716080
1.489687681198
1.486212015152
1.481810092926
1.476880788803
1.471703767776
1.466021060944
1.460708379745
1.454926848412
1.451122999191
1.447378873825
1.450809478760
1.458146333694
1.512032985687
1.531715154648
1.582376360893
1.487720966339
1.442612409592
1.435457587242
1.441142559052
1.472287654877
1.498662710190
1.517761707306
1.511564016342
1.478409528732
1.446695446968
1.433547496796
1.428441047668
1.427423000336
1.426021456718
1.424614787102
1.422924995422
1.421124696732
1.418877363205
1.416372060776
1.413645267487
1.410660862923
1.407654285431
1.404408454895
1.401536464691
1.398987174034
1.396246910095
1.393774747849
1.391644477844
1.389815449715
1.387894868851
1.386360287666
1.383859753609
1.381606459618
1.380156397820
1.378305435181
1.376536130905
1.375187397003
1.371697425842
1.371429681778
1.367271661758
1.381157159805
1.426408529282
1.717025995255
2.510651350021
2.558241128922
2.723652362823
2.467730998993
2.102125167847
1.975975394249
1.977787137032
2.006734609604
2.029441356659
2.039126634598
2.045345544815
2.043655872345
2.036204814911
2.027121782303
2.016315460205
2.003867626190
1.992446899414
1.985182046890
1.984061241150
1.988028168678
1.994878768921
2.003523349762
2.010096549988
2.010206222534
2.000630140305
1.981804370880
1.959277153015
1.937283277512
1.917292714119
1.903033733368
1.892051696777
1.883425116539
1.876112222672
1.871544480324
1.870697021484
1.872750639915
1.875754475594
1.876859426498
1.877530217171
1.875182867050
1.874114513397
1.868877410889
1.864750504494
1.855824589729
1.848388314247
1.838122606277
1.830341100693
1.821401000023
1.816195368767
1.810039997101
1.809661030769
1.806035280228
1.817466497421
1.809325695038
1.904783248901
2.109903812408
2.691111326218
2.370089769363
2.021234989166
1.944239735603
1.982122659683
1.996856808662
1.995127797127
1.988213658333
1.983358740807
1.986880183220
1.990839242935
1.985058784485
1.973524451256
1.963776230812
1.958313465118
1.954305768013
1.950215101242
1.946345210075
1.941112279892
1.934718847275
1.926239013672
1.915738821030
1.903169393539
1.889392137527
1.876573681831
1.865727066994
1.858193755150
1.853546500206
1.851918578148
1.852714180946
1.855459570885
1.858740925789
1.860842704773
1.861361026764
1.860527992249
1.858907699585
1.856223583221
1.852792024612
1.848891377449
1.844755411148
1.840364813805
1.836053848267
1.831538677216
1.827481746674
1.823059320450
1.819018006325
1.815379381180
1.812308073044
1.810176491737
1.808344841003
1.806651949883
1.805365324020
1.804190158844
1.803042531013
1.801342964172
1.798655033112
1.795114159584
1.791036605835
1.786416530609
1.781434655190
1.776313900948
1.771157264709
1.766157984734
1.761449217796
1.756841897964
1.752292394638
1.748059630394
1.744335174561
1.740933656693
1.737494587898
1.734315037727
1.731133222580
1.727931380272
1.724875569344
1.721833944321
1.718826770782
1.715762734413
1.712771773338
1.709374666214
1.706332921982
1.702757239342
1.700701951981
1.696534752846
1.698669314384
1.702195167542
1.765720605850
2.032265663147
2.354392528534
2.025760650635
1.872776508331
1.802311539650
1.794703364372
1.788515925407
1.765130996704
1.752219676971
1.750163555145
1.754819273949
1.764975905418
1.780054330826
1.797657966614
1.811555743217
1.817096829414
1.813319683075
1.803126811981
1.789275407791
1.773785948753
1.757929921150
1.742793321609
1.729841351509
1.719947099686
1.712083935738
1.705616474152
1.699832439423
1.694872140884
1.690305233002
1.686698913574
1.684233307838
1.682097911835
1.679635882378
1.676938295364
1.673568725586
1.669623970985
1.664372324944
1.658157825470
1.651801586151
1.645204424858
1.638124227524
1.631407260895
1.625384449959
1.619976162910
1.615512967110
1.611253976822
1.608560323715
1.606103539467
1.610280036926
1.623787164688
1.728933334351
2.131619930267
2.657984972000
2.586863756180
2.355701923370
2.214098453522
2.274985790253
2.323783397675
2.340112686157
2.325123310089
2.287997007370
2.250991344452
2.221417188644
2.190614223480
2.156603097916
2.120060443878
2.088502168655
2.073951244354
2.074867486954
2.072926282883
2.068627595901
2.074753999710
2.086826801300
2.095833301544
2.095416307449
2.083044290543
2.061109781265
2.037140369415
2.015332221985
1.998220205307
1.985354900360
1.976445436478
1.969839334488
1.964091658592
1.958263397217
1.952778220177
1.948108673096
1.944485306740
1.941489458084
1.938123583794
1.934409141541
1.929895162582
1.925310373306
1.920694470406
1.915951490402
1.909853696823
1.903715252876
1.896539688110
1.890288829803
1.883758068085
1.878706693649
1.873072504997
1.868616938591
1.861120581627
1.854731202126
1.843385934830
1.837459802628
1.826378226280
1.831368207932
1.836448431015
1.914650797844
1.941898226738
2.020754337311
1.809361696243
1.788313865662
1.786080598831
1.785909533501
1.787604808807
1.791151285172
1.794630527496
1.795698046684
1.792874336243
1.786953687668
1.778857469559
1.770178318024
1.761413097382
1.753260254860
1.746136307716
1.740500688553
1.735821485519
1.731444120407
1.727341651917
1.723299384117
1.719141125679
1.714633941650
1.709367990494
1.703903198242
1.698797106743
1.694041013718
1.690194964409
1.686921715736
1.684087038040
1.681618094444
1.679241418839
1.676772713661
1.674026966095
1.670646905899
1.667199015617
1.663722991943
1.660239696503
1.657021641731
1.654129028320
1.651492595673
1.648995637894
1.646651268005
1.644084811211
1.641996860504
1.639900326729
1.638426542282
1.639341950417
1.643384933472
1.666224360466
1.766099452972
2.013154983521
2.749436616898
2.634565591812
1.910652041435
1.923851847649
1.946803450584
1.990270972252
2.027572393417
2.049856424332
2.052966356277
2.043622255325
2.029657125473
2.015952587128
2.005592346191
1.999569416046
1.997931480408
1.999592065811
2.001932621002
2.002625942230
2.001620292664
1.998677730560
1.993081569672
1.982849955559
1.969761133194
1.955661416054
1.939752221107
1.922042369843
1.903056025505
1.883995532990
1.866014242172
1.849017262459
1.834932208061
1.822694540024
1.813318014145
1.805728316307
1.800489664078
1.796276450157
1.793095469475
1.790517449379
1.787626862526
1.784798622131
1.781551837921
1.778394460678
1.774958372116
1.771718978882
1.768584728241
1.765064477921
1.761594176292
1.757609844208
1.753232240677
1.748790264130
1.743797183037
1.738415956497
1.732960939407
1.727181792259
1.721362590790
1.715825200081
1.710468769073
1.706847667694
1.703360557556
1.702710986137
1.701544284821
1.707738518715
1.717990875244
1.757880091667
1.877058029175
1.857094049454
1.773980140686
1.723358511925
1.710861921310
1.714144706726
1.734360218048
1.741365551949
1.765078306198
1.710189223289
1.697715759277
1.688144683838
1.683827996254
1.678843259811
1.673929333687
1.669090509415
1.664498090744
1.660446047783
1.656855225563
1.653518319130
1.650596022606
1.647462725639
1.644593596458
1.641622304916
1.639034509659
1.636910319328
1.635187745094
1.633594036102
1.632375240326
1.631248354912
1.629910230637
1.628328204155
1.626397132874
1.624037504196
1.620978355408
1.617240667343
1.612980604172
1.608302235603
1.603395700455
1.598339438438
1.593189954758
1.588171243668
1.583583116531
1.579360365868
1.575583934784
1.572224497795
1.569348216057
1.566482067108
1.564211606979
1.561528801918
1.559356212616
1.556331396103
1.554060339928
1.550411462784
1.548219203949
1.544305205345
1.542619466782
1.538752079010
1.539459824562
1.538095474243
1.553271770477
1.589838385582
1.722180604935
1.879564166069
1.982874631882
1.765923857689
1.641204833984
1.610388040543
1.601188659668
1.595980882645
1.590422749519
1.581384897232
1.568884849548
1.555405735970
1.544385671616
1.536405682564
1.532870054245
1.532023191452
1.534266233444
1.536900043488
1.539448738098
1.540202021599
1.539203405380
1.535834789276
1.532762527466
1.527432441711
1.525898933411
1.518729925156
1.537424087524
1.582180976868
2.054973125458
2.358234643936
1.800705671310
1.629099011421
1.603319644928
1.609035134315
1.611328840256
1.619826793671
1.632491827011
1.644345283508
1.654976844788
1.662579774857
1.665526151657
1.661647558212
1.651057481766
1.635164976120
1.616050004959
1.596533775330
1.579559564590
1.566077947617
1.556913852692
1.552246570587
1.551078319550
1.551799058914
1.552606105804
1.552507996559
1.550893664360
1.548705816269
1.544749855995
1.540226697922
1.534623861313
1.529455423355
1.523400545120
1.519970893860
1.515894412994
1.520787239075
1.531184434891
1.637124300003
1.741303563118
1.942653417587
1.638422012329
1.690591335297
1.551631569862
1.538082361221
1.521591186523
1.516821742058
1.516916871071
1.517591238022
1.517910361290
1.517971754074
1.516697883606
1.514202713966
1.510638117790
1.506742954254
1.502566218376
1.497854113579
1.492987036705
1.488102674484
1.482199549675
1.476630806923
1.470267891884
1.463746070862
1.457800865173
1.452004790306
1.446437597275
1.440884828568
1.435658335686
1.430134892464
1.425833463669
1.420938730240
1.417460918427
1.412998437881
1.410062551498
1.406933426857
1.405289053917
1.402864217758
1.402307510376
1.400686621666
1.401370048523
1.399537801743
1.401690244675
1.398426532745
1.399941205978
1.394124269485
1.397826075554
1.390236377716
1.397868156433
1.386263728142
1.402499079704
1.385516881943
1.421318054199
1.406229972839
1.508499741554
1.489792108536
1.544747233391
1.395398020744
1.391697645187
1.371702551842
1.373546123505
1.372497439384
1.372205257416
1.370956182480
1.368950605392
1.367197036743
1.364872694016
1.363192677498
1.360887408257
1.358554601669
1.356077671051
1.353244543076
1.350630164146
1.346883058548
1.343342781067
1.339443683624
1.336236000061
1.332525610924
1.329909324646
1.325406432152
1.323990345001
1.318563818932
1.320010781288
1.312586545944
1.320903420448
1.311540603638
1.356374740601
1.422913670540
1.971675157547
2.781733036041
2.155303001404
2.183155298233
2.018841743469
1.896976351738
1.899057030678
1.910312652588
1.902474284172
1.882055044174
1.862187981606
1.851572990417
1.847087383270
1.843233704567
1.840690374374
1.842460989952
1.845543026924
1.844965577126
1.843384385109
1.838917613029
1.828584313393
1.811694502831
1.789309620857
1.765401840210
1.743026971817
1.723412752151
1.706714391708
1.691479444504
1.677518963814
1.665337681770
1.655935406685
1.647248506546
1.641855955124
1.637978196144
1.639114379883
1.640750408173
1.661956787109
1.730476975441
2.014725685120
1.764568448067
1.639241695404
1.597812771797
1.597083210945
1.599802970886
1.607101440430
1.612030267715
1.612770438194
1.612386703491
1.612235188484
1.612823128700
1.613557934761
1.613082051277
1.610782265663
1.606752634048
1.601246833801
1.594184517860
1.587125539780
1.579787135124
1.572934508324
1.566383719444
1.560791492462
1.556203722954
1.552243351936
1.549695730209
1.548492550850
1.548436164856
1.549097776413
1.550646066666
1.551465988159
1.552621364594
1.551812887192
1.553225040436
1.549083352089
1.558567523956
1.558786034584
1.716520547867
2.262067556381
2.280608654022
1.781642198563
1.705734372139
1.700680732727
1.725981831551
1.732565045357
1.730638742447
1.725186944008
1.720843791962
1.717282772064
1.713783979416
1.705773353577
1.694427371025
1.680888891220
1.667102813721
1.656453132629
1.650717973709
1.649867057800
1.652523517609
1.657176613808
1.661669015884
1.663128852844
1.660331249237
1.654220700264
1.645986437798
1.636823892593
1.628859877586
1.621874928474
1.615845918655
1.610900282860
1.606556892395
1.603966474533
1.601990222931
1.600445508957
1.598732590675
1.596112012863
1.592584133148
1.588834404945
1.585354804993
1.582648754120
1.581010341644
1.580430030823
1.580967664719
1.581818580627
1.582612514496
1.582808732986
1.581942558289
1.579747796059
1.576473593712
1.572152495384
1.566940903664
1.560811042786
1.554346203804
1.548029899597
1.542238235474
1.536368727684
1.530760288239
1.525397300720
1.520723342896
1.516418099403
1.512597084045
1.509501695633
