0.139761646804
0.148429035753
0.156013001083
0.148429035753
0.136511375948
0.123510292524
0.118093174431
0.124593716143
0.138678223185
0.153846153846
0.174431202600
0.111592632719
0.141928494041
0.078006500542
0.182015167931
0.199349945829
0.197183098592
0.211267605634
0.182015167931
0.186348862405
0.180931744312
0.148429035753
0.189599133261
0.152762730228
0.151679306609
0.179848320693
0.206933911159
0.235102925244
0.214517876490
0.089924160347
0.093174431203
0.093174431203
0.092091007584
0.095341278440
0.098591549296
0.143011917660
0.239436619718
0.223185265439
0.205850487541
0.091007583965
0.091007583965
0.091007583965
0.091007583965
0.089924160347
0.111592632719
0.115926327194
0.143011917660
0.133261105092
0.188515709642
0.172264355363
0.210184182015
0.075839653304
0.075839653304
0.075839653304
0.078006500542
0.080173347779
0.104008667389
0.122426868906
0.162513542795
0.115926327194
0.171180931744
0.153846153846
0.191765980498
0.202600216685
0.226435536295
0.228602383532
0.191765980498
0.108342361863
0.231852654388
0.179848320693
0.075839653304
0.075839653304
0.073672806067
0.099674972914
0.081256771398
0.105092091008
0.096424702059
0.075839653304
0.094257854821
0.092091007584
0.075839653304
0.124593716143
0.124593716143
0.180931744312
0.046587215601
0.084507042254
0.075839653304
0.139761646804
0.188515709642
0.188515709642
0.188515709642
0.188515709642
0.188515709642
0.188515709642
0.188515709642
0.188515709642
0.188515709642
0.188515709642
0.188515709642
0.188515709642
