0.081407035176
0.092462311558
0.113567839196
0.117587939698
0.114572864322
0.106532663317
0.095477386935
0.098492462312
0.111557788945
0.119597989950
0.125628140704
0.099497487437
0.080402010050
0.050251256281
0.178894472362
0.207035175879
0.237185929648
0.240201005025
0.225125628141
0.219095477387
0.217085427136
0.068341708543
0.158793969849
0.114572864322
0.115577889447
0.117587939698
0.153768844221
0.247236180905
0.182914572864
0.051256281407
0.052261306533
0.050251256281
0.061306532663
0.049246231156
0.091457286432
0.136683417085
0.267336683417
0.187939698492
0.179899497487
0.051256281407
0.051256281407
0.051256281407
0.058291457286
0.058291457286
0.069346733668
0.065326633166
0.088442211055
0.087437185930
0.122613065327
0.167839195980
0.240201005025
0.057286432161
0.057286432161
0.057286432161
0.061306532663
0.058291457286
0.091457286432
0.093467336683
0.115577889447
0.107537688442
0.118592964824
0.096482412060
0.109547738693
0.209045226131
0.241206030151
0.249246231156
0.110552763819
0.098492462312
0.233165829146
0.106532663317
0.057286432161
0.057286432161
0.056281407035
0.086432160804
0.105527638191
0.051256281407
0.038190954774
0.057286432161
0.094472361809
0.068341708543
0.057286432161
0.113567839196
0.114572864322
0.214070351759
0.050251256281
0.094472361809
0.057286432161
0.081407035176
0.230150753769
0.230150753769
0.230150753769
0.230150753769
0.230150753769
0.230150753769
0.230150753769
0.230150753769
0.230150753769
0.230150753769
0.230150753769
0.230150753769
