0.158034528552
0.168658698539
0.201859229748
0.189907038513
0.168658698539
0.148738379814
0.135458167331
0.135458167331
0.130146082337
0.172642762284
0.154050464807
0.183266932271
0.158034528552
0.116865869854
0.108897742364
0.104913678619
0.049136786189
0.057104913679
0.033200531208
0.046480743692
0.046480743692
0.131474103586
0.127490039841
0.195219123506
0.179282868526
0.163346613546
0.119521912351
0.108897742364
0.099601593625
0.127490039841
0.128818061089
0.124833997344
0.115537848606
0.123505976096
0.132802124834
0.140770252324
0.106241699867
0.118193891102
0.065073041169
0.127490039841
0.127490039841
0.127490039841
0.154050464807
0.152722443559
0.160690571049
0.184594953519
0.181938911023
0.231075697211
0.280212483400
0.233731739708
0.108897742364
0.163346613546
0.163346613546
0.163346613546
0.162018592297
0.159362549801
0.116865869854
0.150066401062
0.160690571049
0.213811420983
0.257636122178
0.200531208499
0.240371845950
0.164674634794
0.159362549801
0.151394422311
0.253652058433
0.168658698539
0.169986719788
0.223107569721
0.163346613546
0.163346613546
0.160690571049
0.188579017264
0.071713147410
0.050464807437
0.047808764940
0.163346613546
0.176626826029
0.112881806109
0.163346613546
0.057104913679
0.058432934927
0.027888446215
0.091633466135
0.139442231076
0.163346613546
0.158034528552
0.027888446215
0.027888446215
0.027888446215
0.027888446215
0.027888446215
0.027888446215
0.027888446215
0.027888446215
0.027888446215
0.027888446215
0.027888446215
0.027888446215
