0.077217125382
0.108562691131
0.145259938838
0.186544342508
0.185779816514
0.183486238532
0.184250764526
0.186544342508
0.188837920489
0.202599388379
0.201834862385
0.125382262997
0.076452599388
0.043577981651
0.081804281346
0.094801223242
0.093272171254
0.095565749235
0.093272171254
0.100152905199
0.101681957187
0.129204892966
0.116207951070
0.154434250765
0.168195718654
0.163608562691
0.190366972477
0.118501529052
0.139908256881
0.042048929664
0.051987767584
0.043577981651
0.051223241590
0.048165137615
0.066513761468
0.089449541284
0.124617737003
0.152905198777
0.148318042813
0.042048929664
0.042048929664
0.042048929664
0.085626911315
0.087920489297
0.087920489297
0.107798165138
0.094036697248
0.130733944954
0.151376146789
0.196483180428
0.130733944954
0.094036697248
0.094036697248
0.094036697248
0.092507645260
0.092507645260
0.108562691131
0.108562691131
0.126911314985
0.143730886850
0.165902140673
0.108562691131
0.175840978593
0.139143730887
0.150611620795
0.150611620795
0.148318042813
0.117737003058
0.178134556575
0.136850152905
0.094036697248
0.094036697248
0.091743119266
0.126146788991
0.079510703364
0.142966360856
0.133027522936
0.094036697248
0.142201834862
0.069571865443
0.094036697248
0.134556574924
0.137614678899
0.087920489297
0.074923547401
0.151376146789
0.094036697248
0.077217125382
0.085626911315
0.085626911315
0.085626911315
0.085626911315
0.085626911315
0.085626911315
0.085626911315
0.085626911315
0.085626911315
0.085626911315
0.085626911315
0.085626911315
