4.129689216614
4.061973571777
3.979072570801
3.911579370499
3.885379314423
3.834849357605
3.770109653473
3.709095716476
3.648651123047
3.576452970505
3.817369461060
3.728421926498
3.652182579041
3.597153663635
3.540232181549
3.486935853958
3.832079410553
4.346297264099
4.244077682495
4.263827800751
4.327578067780
4.879015445709
5191.558105468750
178484697628672.000000000000
nan
nan
nan
nan
nan
nan
nan
nan
nan
nan
nan
nan
nan
nan
nan
nan
nan
nan
nan
nan
nan
nan
nan
nan
nan
nan
nan
nan
nan
nan
nan
nan
nan
nan
nan
nan
nan
nan
nan
nan
nan
nan
nan
nan
nan
nan
nan
nan
nan
nan
nan
nan
nan
nan
nan
nan
nan
nan
nan
nan
nan
nan
nan
nan
nan
nan
nan
nan
nan
nan
nan
nan
nan
nan
nan
nan
