4.128106594086
4.043960571289
3.957870006561
3.818264722824
4.026690006256
3.823377609253
3.760957956314
3.700575828552
3.637720823288
3.547504663467
3.537396907806
3.832058429718
3.680333614349
3.615865230560
3.551939010620
3.445597171783
4.186091423035
4.305758476257
4.223852634430
4.379380702972
4.247585773468
4.768731594086
6303.208496093750
146211071852544.000000000000
nan
nan
nan
nan
nan
nan
nan
nan
nan
nan
nan
nan
nan
nan
nan
nan
nan
nan
nan
nan
nan
nan
nan
nan
nan
nan
nan
nan
nan
nan
nan
nan
nan
nan
nan
nan
nan
nan
nan
nan
nan
nan
nan
nan
nan
nan
nan
nan
nan
nan
nan
nan
nan
nan
nan
nan
nan
nan
nan
nan
nan
nan
nan
nan
nan
nan
nan
nan
nan
nan
nan
nan
nan
nan
nan
nan
