4.132342815399
4.063494682312
3.979172229767
3.877817630768
3.975444316864
3.820812225342
3.759785652161
3.700928688049
3.640271186829
3.556329250336
3.622570753098
3.794678688049
3.681715011597
3.619431018829
3.572632312775
3.519385576248
4.144647121429
4.325988769531
4.243964672089
4.479220390320
4.271353721619
4.974963188171
4569.325683593750
278333241688064.000000000000
nan
nan
nan
nan
nan
nan
nan
nan
nan
nan
nan
nan
nan
nan
nan
nan
nan
nan
nan
nan
nan
nan
nan
nan
nan
nan
nan
nan
nan
nan
nan
nan
nan
nan
nan
nan
nan
nan
nan
nan
nan
nan
nan
nan
nan
nan
nan
nan
nan
nan
nan
nan
nan
nan
nan
nan
nan
nan
nan
nan
nan
nan
nan
nan
nan
nan
nan
nan
nan
nan
nan
nan
nan
nan
nan
nan
