0.119952494062
0.118764845606
0.118764845606
0.118764845606
0.122921615202
0.145486935867
0.162707838480
0.204869358670
0.216745843230
0.213182897862
0.228028503563
0.220308788599
0.137173396675
0.127078384798
0.152612826603
0.207838479810
0.169833729216
0.131235154394
0.138361045131
0.181116389549
0.140142517815
0.131828978622
0.136579572447
0.142517814727
0.141923990499
0.144299287411
0.172802850356
0.190617577197
0.222684085511
0.200712589074
0.219121140143
0.248218527316
0.217339667458
0.152019002375
0.206057007126
0.203087885986
0.235748218527
0.185866983373
0.139548693587
0.141330166271
0.145486935867
0.156769596200
0.197149643705
0.215558194774
0.232185273159
0.228028503563
0.233372921615
0.226840855107
0.191211401425
0.147268408551
0.137173396675
0.144893111639
0.146080760095
0.154988123515
0.153206650831
0.159144893112
0.158551068884
0.170427553444
0.186460807601
0.163301662708
0.127672209026
0.135985748219
0.169833729216
0.190023752969
0.191805225653
0.196555819477
0.202494061758
0.209026128266
0.229809976247
0.228028503563
0.195368171021
0.214964370546
0.217933491686
0.219714964371
0.212589073634
0.125890736342
0.157363420428
0.219714964371
0.225653206651
0.216152019002
0.216745843230
0.232779097387
0.190617577197
0.228028503563
0.225059382423
0.270783847981
0.256532066508
0.181116389549
0.225059382423
0.252969121140
0.233966745843
0.255938242280
0.250000000000
0.256532066508
0.246437054632
0.257719714964
0.286223277910
0.254156769596
0.277315914489
0.267814726841
0.260095011876
0.266627078385
0.258907363420
0.191805225653
0.203681710214
0.245249406176
0.242874109264
0.179334916865
0.143705463183
0.133016627078
0.142517814727
0.190617577197
0.213182897862
0.220902612827
0.235748218527
0.227434679335
0.237529691211
0.192399049881
0.163895486936
0.177553444181
0.175771971496
0.190023752969
0.218527315914
0.229809976247
0.176959619952
0.172802850356
0.236342042755
0.226840855107
0.224465558195
0.247030878860
0.250000000000
0.176365795724
0.179928741093
0.206650831354
0.228028503563
0.239904988124
0.231591448931
0.219121140143
0.265439429929
0.281472684086
0.270190023753
0.277909738717
0.275534441805
0.264251781473
0.214370546318
0.226840855107
0.262470308789
0.261876484561
0.261876484561
0.252969121140
0.253562945368
0.194774346793
0.276128266033
0.288598574822
0.254750593824
0.263657957245
0.235748218527
0.239904988124
0.286223277910
0.269596199525
0.274940617577
0.222090261283
0.241686460808
0.202494061758
0.222090261283
0.244655581948
0.261876484561
0.291567695962
0.278503562945
0.292755344418
0.277315914489
0.285035629454
0.250000000000
0.255938242280
0.195368171021
0.288004750594
0.279691211401
0.191805225653
0.256532066508
0.260688836105
0.236935866983
0.256532066508
0.189429928741
0.219121140143
0.244655581948
0.245843230404
0.251187648456
0.247030878860
0.257125890736
0.248812351544
0.233966745843
0.186460807601
0.223871733967
0.264251781473
0.266627078385
0.271377672209
0.271971496437
0.269596199525
0.229809976247
0.191805225653
0.203087885986
0.239904988124
0.280878859857
0.288598574822
0.279691211401
0.288004750594
0.279097387173
0.276128266033
0.269002375297
0.260095011876
0.238717339667
0.278503562945
0.202494061758
0.221496437055
0.180522565321
0.185273159145
0.162114014252
0.165083135392
0.213182897862
0.229216152019
0.222684085511
0.207838479810
0.220902612827
0.246437054632
0.239904988124
0.249406175772
0.255938242280
0.198931116390
0.271377672209
0.298099762470
0.311163895487
0.302850356295
0.298099762470
0.289192399050
0.280878859857
0.239311163895
0.250000000000
0.292755344418
0.311757719715
0.292755344418
0.239311163895
0.235748218527
0.268408551069
0.288598574822
0.251187648456
0.148456057007
0.159144893112
0.172802850356
0.217339667458
0.188836104513
0.188836104513
0.245843230404
0.232185273159
0.254750593824
0.245843230404
0.266627078385
0.233372921615
0.177553444181
0.239311163895
0.273752969121
0.303444180523
0.285629453682
0.311163895487
0.200712589074
0.247030878860
0.276128266033
0.315914489311
0.312945368171
0.322446555819
0.299287410926
0.178741092637
0.223871733967
0.252375296912
0.249406175772
0.261282660333
0.273159144893
0.261282660333
0.232779097387
0.184085510689
0.213776722090
0.214964370546
0.246437054632
0.248218527316
0.250593824228
0.282066508314
0.307600950119
0.289786223278
0.285629453682
0.250000000000
0.283847980998
0.286223277910
0.235154394299
0.259501187648
0.271377672209
0.278503562945
0.311757719715
0.290973871734
0.288598574822
0.266627078385
0.303444180523
0.313539192399
0.313539192399
0.302256532067
0.274940617577
0.304631828979
0.301662707838
0.314133016627
0.303444180523
0.296912114014
0.181116389549
0.261282660333
0.286223277910
0.305225653207
0.333135391924
0.228622327791
0.196555819477
0.251187648456
0.302256532067
0.295724465558
0.317102137767
0.296318289786
0.296318289786
0.321852731591
0.308788598575
0.317695961995
0.325415676960
0.231591448931
0.286223277910
0.312945368171
0.266033254157
0.273752969121
0.293349168646
0.304038004751
0.296912114014
0.326009501188
0.310570071259
0.302256532067
0.225059382423
0.176959619952
0.193586698337
0.246437054632
0.266627078385
0.258907363420
0.280878859857
0.307600950119
0.302850356295
0.320071258907
0.301068883610
0.304631828979
0.273159144893
0.255344418052
0.333729216152
0.315320665083
0.166864608076
0.307007125891
0.335510688836
0.317102137767
0.345605700713
0.323634204276
0.314133016627
0.300475059382
0.337292161520
0.241686460808
0.242280285036
0.185866983373
0.260688836105
0.285629453682
0.313539192399
0.315320665083
0.304038004751
0.322446555819
0.333729216152
0.340855106888
0.299881235154
0.190617577197
0.245843230404
0.274346793349
0.290380047506
0.317102137767
0.300475059382
0.311757719715
0.263064133017
0.333729216152
0.309382422803
0.310570071259
0.285629453682
0.327197149644
0.277315914489
0.292755344418
0.309976247031
0.356294536817
0.343824228029
0.325415676960
0.223871733967
0.324228028504
0.310570071259
0.304038004751
0.182897862233
0.309382422803
0.344418052257
0.355106888361
0.357482185273
0.360451306413
0.277909738717
0.211995249406
0.280878859857
0.318289786223
0.322446555819
0.320665083135
0.298099762470
0.279097387173
0.204275534442
0.260095011876
0.308788598575
0.270783847981
0.238123515439
0.315320665083
0.283254156770
0.216745843230
0.267814726841
0.330166270784
0.352137767221
0.342636579572
0.347980997625
0.251781472684
0.282660332542
0.324228028504
0.302256532067
0.286817102138
0.362232779097
0.369358669834
0.358076009501
0.336104513064
0.293349168646
0.331947743468
0.386579572447
0.379453681710
0.356294536817
0.188242280285
0.151425178147
0.067695961995
0.058194774347
0.071852731591
0.095605700713
0.100356294537
0.104513064133
0.111638954869
0.116983372922
0.143111638955
0.160926365796
0.177553444181
0.197743467933
0.198337292162
0.211995249406
0.204869358670
0.210213776722
0.173396674584
0.170427553444
0.237529691211
0.252969121140
0.233372921615
0.250593824228
0.213776722090
0.210807600950
0.244061757720
0.266627078385
0.255938242280
0.292755344418
0.280285035629
0.221496437055
0.306413301663
0.304038004751
0.271971496437
0.158551068884
0.241092636580
0.241092636580
0.253562945368
0.277909738717
0.257719714964
0.219121140143
0.279691211401
0.301068883610
0.302256532067
0.280878859857
0.316508313539
0.322446555819
0.314726840855
0.279691211401
0.324821852732
0.329572446556
0.314726840855
0.277315914489
0.265439429929
0.346199524941
0.330760095012
0.302850356295
0.336104513064
0.334323040380
0.317102137767
0.193586698337
0.289786223278
0.294536817102
0.311757719715
0.340261282660
0.339667458432
0.350356294537
0.293349168646
0.232185273159
0.264251781473
0.301662707838
0.319477434679
0.320665083135
0.292755344418
0.349168646081
0.304038004751
0.349762470309
0.309382422803
0.330166270784
0.302850356295
0.341448931116
0.332541567696
0.334916864608
0.318289786223
0.359263657957
0.349168646081
0.342042755344
0.204869358670
0.282066508314
0.309976247031
0.321852731591
0.274940617577
0.291567695962
0.304631828979
0.321258907363
0.314726840855
0.336698337292
0.348574821853
0.309976247031
0.310570071259
0.327790973872
0.352137767221
0.334323040380
0.351543942993
0.273159144893
0.219121140143
0.331353919240
0.324821852732
0.350356294537
0.314133016627
0.280878859857
0.323040380048
0.378266033254
0.377672209026
0.368764845606
0.356888361045
0.174584323040
0.179928741093
0.200118764846
0.265439429929
0.244061757720
0.236342042755
0.318883610451
0.334916864608
0.341448931116
0.310570071259
0.349762470309
0.353919239905
0.332541567696
0.312351543943
0.235748218527
0.234560570071
0.260095011876
0.276722090261
0.266627078385
0.285035629454
0.244655581948
0.182897862233
0.254750593824
0.249406175772
0.252969121140
0.228622327791
0.118764845606
0.137173396675
0.137767220903
0.141923990499
0.149049881235
0.149049881235
0.148456057007
0.149049881235
0.153206650831
0.154988123515
0.161520190024
0.146674584323
0.159738717340
0.134798099762
0.158551068884
0.168646080760
0.157957244656
0.163301662708
0.102731591449
0.137767220903
0.154394299287
0.175771971496
0.188242280285
0.200118764846
0.197149643705
0.176959619952
0.136579572447
0.206650831354
0.182304038005
0.210213776722
0.217339667458
0.222684085511
0.219714964371
0.222684085511
0.213776722090
0.177553444181
0.137173396675
0.137173396675
0.149049881235
0.187054631829
0.196555819477
0.207838479810
0.204869358670
0.203681710214
0.202494061758
0.222684085511
0.208432304038
0.195368171021
0.191805225653
0.090855106888
0.183491686461
0.192399049881
0.201306413302
0.203681710214
0.205463182898
0.207244655582
0.222090261283
0.237529691211
0.238123515439
0.237529691211
0.217339667458
0.139548693587
0.209619952494
0.229216152019
0.225653206651
0.213182897862
0.187648456057
0.226247030879
0.226247030879
0.218527315914
0.169833729216
0.229809976247
0.198931116390
0.211401425178
0.134204275534
0.222090261283
0.226247030879
0.197743467933
0.215558194774
0.117577197150
0.193586698337
0.233372921615
0.206057007126
0.217933491686
0.126484560570
0.213182897862
0.235748218527
0.205463182898
0.217339667458
0.097980997625
0.179334916865
0.201306413302
0.156769596200
0.226247030879
0.230403800475
0.232779097387
0.223871733967
0.232779097387
0.134798099762
0.226840855107
0.067102137767
0.097980997625
0.153206650831
0.179928741093
0.154988123515
0.178147268409
0.077790973872
0.090855106888
0.124109263658
0.143705463183
0.162114014252
0.184085510689
0.212589073634
0.204275534442
0.215558194774
0.215558194774
0.216152019002
0.195368171021
0.210213776722
0.115795724466
0.174584323040
0.229809976247
0.207838479810
0.231591448931
0.162114014252
0.244061757720
0.217933491686
0.241092636580
0.143111638955
0.251781472684
0.236935866983
0.251187648456
0.253562945368
0.258907363420
0.245843230404
0.279097387173
0.152019002375
0.228028503563
0.103919239905
0.141330166271
0.156769596200
0.204869358670
0.194774346793
0.176365795724
0.089073634204
0.163301662708
0.167458432304
0.171021377672
0.153206650831
0.119358669834
0.203087885986
0.189429928741
0.226247030879
0.188836104513
0.201306413302
0.097387173397
0.189429928741
0.250593824228
0.235154394299
0.251781472684
0.118171021378
0.217933491686
0.255938242280
0.246437054632
0.247624703088
0.282660332542
0.165676959620
0.185866983373
0.216745843230
0.257719714964
0.154394299287
0.223871733967
0.283847980998
0.228028503563
0.242874109264
0.109857482185
0.085510688836
0.076603325416
0.096199524941
0.087885985748
0.093230403800
0.089073634204
0.116389548694
0.115795724466
0.173396674584
0.127078384798
0.173396674584
0.157957244656
0.179928741093
0.171021377672
0.167458432304
0.146080760095
0.186460807601
0.202494061758
0.211995249406
0.215558194774
0.222090261283
0.218527315914
0.232779097387
0.135985748219
0.147268408551
0.184085510689
0.186460807601
0.183491686461
0.184679334917
0.185273159145
0.188836104513
0.217933491686
0.219714964371
0.230997624703
0.109857482185
0.141923990499
0.143705463183
0.146080760095
0.155581947743
0.181710213777
0.197149643705
0.168052256532
0.177553444181
0.140736342043
0.203681710214
0.128266033254
0.188242280285
0.178147268409
0.213776722090
0.178147268409
0.227434679335
0.182897862233
0.228622327791
0.198931116390
0.242874109264
0.200712589074
0.247030878860
0.187054631829
0.251781472684
0.168052256532
0.198337292162
0.242280285036
0.258313539192
0.254156769596
0.260095011876
0.259501187648
0.264251781473
0.253562945368
0.238123515439
0.217933491686
0.219714964371
0.248218527316
0.268408551069
0.268408551069
0.285035629454
0.111638954869
0.234560570071
0.247030878860
0.250593824228
0.234560570071
0.264251781473
0.162707838480
0.233372921615
0.264845605701
0.225059382423
0.247030878860
0.158551068884
0.182304038005
0.213776722090
0.248812351544
0.251187648456
0.273752969121
0.242874109264
0.233966745843
0.088479809976
0.124109263658
0.129453681710
0.134798099762
0.176959619952
0.206650831354
0.214964370546
0.238123515439
0.260095011876
0.264845605701
0.255344418052
0.180522565321
0.140736342043
0.194774346793
0.198931116390
0.211995249406
0.219121140143
0.238123515439
0.244655581948
0.261282660333
0.248812351544
0.248218527316
0.140142517815
0.236342042755
0.238717339667
0.244655581948
0.246437054632
0.247030878860
0.247624703088
0.242280285036
0.203681710214
0.187648456057
0.269596199525
0.296912114014
0.286223277910
0.267220902613
0.283847980998
0.276128266033
0.230997624703
0.292755344418
0.164489311164
0.164489311164
0.248812351544
0.252375296912
0.282066508314
0.276128266033
0.267814726841
0.264251781473
0.278503562945
0.281472684086
0.294536817102
0.237529691211
0.244061757720
0.191805225653
0.195961995249
0.178147268409
0.147862232779
0.204275534442
0.239904988124
0.239904988124
0.248218527316
0.266033254157
0.273159144893
0.273752969121
0.277909738717
0.276722090261
0.283254156770
0.259501187648
0.266033254157
0.093824228029
0.080760095012
0.102731591449
0.167458432304
0.222090261283
0.226840855107
0.241686460808
0.235748218527
0.194774346793
0.137173396675
0.170427553444
0.180522565321
0.185866983373
0.211401425178
0.248812351544
0.251781472684
0.257719714964
0.258907363420
0.257125890736
0.245843230404
0.229216152019
0.083729216152
0.150831353919
0.200118764846
0.233966745843
0.247624703088
0.261282660333
0.270190023753
0.271377672209
0.226840855107
0.263657957245
0.238717339667
0.242874109264
0.136579572447
0.153800475059
0.173396674584
0.172802850356
0.200712589074
0.162707838480
0.226840855107
0.249406175772
0.257125890736
0.261876484561
0.203681710214
0.224465558195
0.189429928741
0.260095011876
0.215558194774
0.255938242280
0.255938242280
0.262470308789
0.164489311164
0.273159144893
0.265439429929
0.262470308789
0.219714964371
0.262470308789
0.163895486936
0.247030878860
0.236935866983
0.271971496437
0.187648456057
0.287410926366
0.264845605701
0.265439429929
0.247624703088
0.286817102138
0.141330166271
0.213182897862
0.255344418052
0.260095011876
0.255938242280
0.262470308789
0.165676959620
0.261876484561
0.252969121140
0.290380047506
0.255344418052
0.278503562945
0.191805225653
0.244061757720
0.272565320665
0.290380047506
0.222090261283
0.234560570071
0.159144893112
0.191805225653
0.238717339667
0.251187648456
0.287410926366
0.284441805226
0.286223277910
0.283847980998
0.293942992874
0.235154394299
0.233966745843
0.174584323040
0.222684085511
0.298693586698
0.305819477435
0.292161520190
0.308788598575
0.194774346793
0.245249406176
0.286817102138
0.282660332542
0.264251781473
0.190023752969
0.259501187648
0.288598574822
0.274940617577
0.289192399050
0.116983372922
0.152019002375
0.213776722090
0.253562945368
0.265439429929
0.301068883610
0.266033254157
0.235748218527
0.144299287411
0.168646080760
0.171615201900
0.173396674584
0.178147268409
0.220308788599
0.245843230404
0.258907363420
0.273752969121
0.263064133017
0.206650831354
0.235748218527
0.185866983373
0.202494061758
0.240498812352
0.238123515439
0.145486935867
0.203681710214
0.221496437055
0.238717339667
0.257125890736
0.267220902613
0.276722090261
0.288598574822
0.288598574822
0.296318289786
0.251781472684
0.168646080760
0.066508313539
0.079572446556
0.096793349169
0.107482185273
0.116983372922
0.120546318290
0.133016627078
0.142517814727
0.141923990499
0.152019002375
0.159144893112
0.161520190024
0.172209026128
0.173990498812
0.176365795724
0.153800475059
0.138954869359
0.148456057007
0.171615201900
0.167458432304
0.178741092637
0.180522565321
0.183491686461
0.168646080760
0.147862232779
0.101543942993
0.121733966746
0.128859857482
0.156769596200
0.175771971496
0.159144893112
0.165676959620
0.155581947743
0.156175771971
0.122327790974
0.116983372922
0.053444180523
0.099762470309
0.134798099762
0.151425178147
0.141923990499
0.162114014252
0.148456057007
0.146080760095
0.157363420428
0.153206650831
0.159144893112
0.158551068884
0.162114014252
0.119952494062
0.133610451306
0.102137767221
0.113420427553
0.118171021378
0.118764845606
0.116389548694
0.111045130641
0.103325415677
0.103919239905
0.103919239905
0.109263657957
0.067102137767
0.100950118765
0.102137767221
0.118171021378
0.123515439430
0.124703087886
0.147268408551
0.108669833729
0.157957244656
0.156175771971
0.182304038005
0.162114014252
0.189429928741
0.153800475059
0.185273159145
0.214370546318
0.213776722090
0.222090261283
0.210213776722
0.216745843230
0.177553444181
0.175178147268
0.214370546318
0.187648456057
0.202494061758
0.181116389549
0.229216152019
0.143111638955
0.173396674584
0.203087885986
0.219714964371
0.214370546318
0.194774346793
0.219121140143
0.203681710214
0.215558194774
0.207244655582
0.219714964371
0.204869358670
0.222684085511
0.187648456057
0.199524940618
0.084323040380
0.137173396675
0.137173396675
0.184085510689
0.219121140143
0.223871733967
0.220308788599
0.213776722090
0.212589073634
0.214370546318
0.219714964371
0.222684085511
0.217339667458
0.232185273159
0.203681710214
0.198337292162
0.236342042755
0.220308788599
0.236342042755
0.239904988124
0.248812351544
0.248218527316
0.207244655582
0.226840855107
0.169833729216
0.143111638955
0.206650831354
0.232185273159
0.241686460808
0.220902612827
0.256532066508
0.204275534442
0.231591448931
0.173396674584
0.232185273159
0.237529691211
0.267220902613
0.231591448931
0.239311163895
0.197149643705
0.188836104513
0.209619952494
0.253562945368
0.261876484561
0.255344418052
0.241686460808
0.229809976247
0.244655581948
0.235154394299
0.220902612827
0.179334916865
0.206650831354
0.235748218527
0.247624703088
0.286223277910
0.269002375297
0.273159144893
0.264251781473
0.226840855107
0.192992874109
0.266033254157
0.225059382423
0.213776722090
0.164489311164
0.153800475059
0.241686460808
0.209619952494
0.232779097387
0.236342042755
0.264845605701
0.169833729216
0.137173396675
0.137173396675
0.137173396675
0.137173396675
0.137767220903
0.183491686461
0.200118764846
0.206650831354
0.207244655582
0.179334916865
0.197743467933
0.189429928741
0.209619952494
0.206650831354
0.215558194774
0.209619952494
0.208432304038
0.184085510689
0.118764845606
0.132422802850
0.146080760095
0.160926365796
0.197149643705
0.204869358670
0.206057007126
0.206057007126
0.209619952494
0.214964370546
0.210213776722
0.203681710214
0.204869358670
0.216152019002
0.198337292162
0.127078384798
0.162114014252
0.191805225653
0.198931116390
0.199524940618
0.193586698337
0.192992874109
0.191805225653
0.189429928741
0.190023752969
0.192399049881
0.190023752969
0.188242280285
0.192399049881
0.194180522565
0.196555819477
0.195368171021
0.067102137767
0.078978622328
0.125296912114
0.133016627078
0.176959619952
0.184679334917
0.185273159145
0.185866983373
0.177553444181
0.165083135392
0.174584323040
0.101543942993
0.189429928741
0.188836104513
0.190023752969
0.186460807601
0.190617577197
0.188242280285
0.191805225653
0.190023752969
0.188242280285
0.185273159145
0.078978622328
0.171615201900
0.115201900238
0.150831353919
0.171021377672
0.187054631829
0.194774346793
0.197149643705
0.185866983373
0.200118764846
0.070071258907
0.155581947743
0.156175771971
0.181710213777
0.195368171021
0.193586698337
0.192399049881
0.187054631829
0.120546318290
0.212589073634
0.191211401425
0.207838479810
0.189429928741
0.204869358670
0.175771971496
0.149049881235
0.193586698337
0.182304038005
0.194180522565
0.103919239905
0.163301662708
0.200118764846
0.196555819477
0.209619952494
0.198931116390
0.192399049881
0.213776722090
0.103919239905
0.216745843230
0.165676959620
0.195368171021
0.136579572447
0.204869358670
0.200118764846
0.199524940618
0.153800475059
0.207838479810
0.116983372922
0.196555819477
0.181116389549
0.211995249406
0.204869358670
0.200712589074
0.201900237530
0.200118764846
0.120546318290
0.199524940618
0.125890736342
0.230997624703
0.187648456057
0.195961995249
0.147862232779
0.216745843230
0.138361045131
0.208432304038
0.147862232779
0.223277909739
0.157363420428
0.226247030879
0.185273159145
0.208432304038
0.153800475059
0.210213776722
0.122327790974
0.206057007126
0.176959619952
0.223277909739
0.141923990499
0.222090261283
0.228028503563
0.212589073634
0.210213776722
0.207244655582
0.132422802850
0.216745843230
0.100356294537
0.217339667458
0.216745843230
0.220308788599
0.183491686461
0.212589073634
0.122921615202
0.181710213777
0.202494061758
0.194180522565
0.189429928741
0.221496437055
0.111045130641
0.200118764846
0.213776722090
0.214964370546
0.213776722090
0.210807600950
0.228622327791
0.126484560570
0.200118764846
0.162114014252
0.228028503563
0.144893111639
0.228028503563
0.168646080760
0.229216152019
0.146674584323
0.245843230404
0.176365795724
0.236342042755
0.153800475059
0.203087885986
0.131235154394
0.214964370546
0.191805225653
0.215558194774
0.077790973872
0.149049881235
0.181710213777
0.210213776722
0.230403800475
0.148456057007
0.211995249406
0.181116389549
0.238717339667
0.172209026128
0.225059382423
0.159738717340
0.218527315914
0.128266033254
0.177553444181
0.083135391924
0.134798099762
0.176365795724
0.189429928741
0.200712589074
0.152019002375
0.194774346793
0.067695961995
0.096793349169
0.129453681710
0.099168646081
0.116389548694
0.122327790974
0.146080760095
0.145486935867
0.162707838480
0.158551068884
0.170427553444
0.170427553444
0.188836104513
0.124703087886
0.168646080760
0.166864608076
0.191211401425
0.189429928741
0.198931116390
0.203087885986
0.204275534442
0.197743467933
0.192992874109
0.112826603325
0.218527315914
0.180522565321
0.205463182898
0.217933491686
0.220902612827
0.220308788599
0.212589073634
0.213182897862
0.208432304038
0.206057007126
0.190023752969
0.155581947743
0.211401425178
0.189429928741
0.217339667458
0.216152019002
0.227434679335
0.207838479810
0.213182897862
0.187054631829
0.238123515439
0.220308788599
0.217339667458
0.190617577197
0.214964370546
0.153206650831
0.222684085511
0.206057007126
0.213182897862
0.231591448931
0.233372921615
0.224465558195
0.226247030879
0.215558194774
0.241092636580
0.146674584323
0.178147268409
0.239904988124
0.232779097387
0.221496437055
0.225059382423
0.214964370546
0.228622327791
0.207244655582
0.229216152019
0.190023752969
0.244061757720
0.226840855107
0.235154394299
0.209619952494
0.236935866983
0.137173396675
0.185866983373
0.243467933492
0.251781472684
0.230403800475
0.210213776722
0.229216152019
0.201306413302
0.233372921615
0.183491686461
0.232779097387
0.217339667458
0.239311163895
0.209026128266
0.241092636580
0.178741092637
0.252969121140
0.184085510689
0.237529691211
0.210213776722
0.262470308789
0.197149643705
0.233372921615
0.178741092637
0.245843230404
0.217339667458
0.251187648456
0.232185273159
0.259501187648
0.181710213777
0.233966745843
0.173990498812
0.230403800475
0.213776722090
0.242874109264
0.216745843230
0.258907363420
0.197743467933
0.235748218527
0.182897862233
0.245843230404
0.204275534442
0.274346793349
0.218527315914
0.261282660333
0.200118764846
0.253562945368
0.176959619952
0.245843230404
0.214370546318
0.270783847981
0.204275534442
0.230997624703
0.213182897862
0.261876484561
0.183491686461
0.231591448931
0.231591448931
0.255938242280
0.241686460808
0.246437054632
0.245249406176
0.231591448931
0.226840855107
0.169239904988
0.214964370546
0.232185273159
0.251187648456
0.247624703088
0.253562945368
0.149049881235
0.201306413302
0.203681710214
0.246437054632
0.257125890736
0.248812351544
0.251781472684
0.255938242280
0.234560570071
0.282066508314
0.159144893112
0.200118764846
0.210213776722
0.251781472684
0.233372921615
0.248812351544
0.234560570071
0.270190023753
0.233966745843
0.263064133017
0.220308788599
0.241686460808
0.258907363420
0.252969121140
0.286817102138
0.225653206651
0.225059382423
0.186460807601
0.171615201900
0.224465558195
0.225653206651
0.223277909739
0.258907363420
0.219714964371
0.240498812352
0.150237529691
0.214964370546
0.255344418052
0.246437054632
0.241092636580
0.235748218527
0.207244655582
0.273159144893
0.153206650831
0.235154394299
0.296912114014
0.253562945368
0.274940617577
0.255938242280
0.275534441805
0.225653206651
0.233372921615
0.242874109264
0.229216152019
0.256532066508
0.260095011876
0.280878859857
0.285035629454
0.229216152019
0.251187648456
0.145486935867
0.132422802850
0.144893111639
0.171615201900
0.217339667458
0.252375296912
0.268408551069
0.275534441805
0.279097387173
0.267220902613
0.280285035629
0.179334916865
0.133610451306
0.175178147268
0.223277909739
0.238717339667
0.214370546318
0.244061757720
0.235154394299
0.219121140143
0.150237529691
0.211401425178
0.195961995249
0.275534441805
0.243467933492
0.269596199525
0.253562945368
0.236342042755
0.258313539192
0.140142517815
0.188836104513
0.270190023753
0.244061757720
0.272565320665
0.229216152019
0.258313539192
0.170427553444
0.243467933492
0.236935866983
0.228622327791
0.262470308789
0.211401425178
0.268408551069
0.182304038005
0.264845605701
0.254750593824
0.269596199525
0.263064133017
0.271971496437
0.204275534442
0.248812351544
0.227434679335
0.255938242280
0.173990498812
0.253562945368
0.251781472684
0.285629453682
0.247624703088
0.277909738717
0.255938242280
0.295724465558
0.250593824228
0.261282660333
0.248218527316
0.285035629454
0.207838479810
0.250593824228
0.191211401425
0.254750593824
0.276128266033
0.264845605701
0.277909738717
0.264845605701
0.276722090261
0.174584323040
0.169239904988
0.267220902613
0.262470308789
0.276128266033
0.266033254157
0.285629453682
0.198337292162
0.174584323040
0.229809976247
0.226247030879
0.187054631829
0.238717339667
0.279691211401
0.286223277910
0.258907363420
0.269596199525
0.242280285036
0.299881235154
0.235748218527
0.256532066508
0.196555819477
0.250000000000
0.258907363420
0.245843230404
0.274940617577
0.210213776722
0.184679334917
0.219121140143
0.282660332542
0.278503562945
0.289786223278
0.267814726841
0.276722090261
0.207244655582
0.184679334917
0.255938242280
0.263064133017
0.266627078385
0.281472684086
0.307600950119
0.180522565321
0.231591448931
0.188836104513
0.242874109264
0.295130641330
0.277315914489
0.290380047506
0.278503562945
0.245249406176
0.267220902613
0.296318289786
0.236935866983
0.304631828979
0.204869358670
0.195368171021
0.262470308789
0.271971496437
0.317695961995
0.293942992874
0.247030878860
0.208432304038
0.274940617577
0.293349168646
0.318883610451
0.209619952494
0.250000000000
0.223871733967
0.302850356295
0.264251781473
0.255344418052
0.199524940618
0.232779097387
0.302850356295
0.293349168646
0.312945368171
0.323040380048
0.258907363420
0.252969121140
0.311163895487
0.311163895487
0.258907363420
0.269596199525
0.248218527316
0.258313539192
0.184085510689
0.228028503563
0.270190023753
0.301068883610
0.284441805226
0.313539192399
0.279097387173
0.273159144893
0.315914489311
0.323040380048
0.324821852732
0.296318289786
0.210213776722
0.260688836105
0.200118764846
0.256532066508
0.281472684086
0.314726840855
0.303444180523
0.276128266033
0.190617577197
0.231591448931
0.201900237530
0.276722090261
0.292161520190
0.313539192399
0.322446555819
0.327790973872
0.324821852732
0.198337292162
0.187054631829
0.223277909739
0.267814726841
0.252375296912
0.271971496437
0.221496437055
0.257719714964
0.232185273159
0.298693586698
0.173990498812
0.194180522565
0.254750593824
0.276128266033
0.304631828979
0.286817102138
0.297505938242
0.206650831354
0.233372921615
0.312945368171
0.298099762470
0.288004750594
0.110451306413
0.076603325416
0.126484560570
0.130047505938
0.134204275534
0.146674584323
0.158551068884
0.168646080760
0.183491686461
0.198931116390
0.217933491686
0.217339667458
0.206057007126
0.194180522565
0.194774346793
0.199524940618
0.192992874109
0.202494061758
0.152019002375
0.184679334917
0.207244655582
0.203087885986
0.143705463183
0.236342042755
0.233372921615
0.214964370546
0.192399049881
0.109857482185
0.127672209026
0.140142517815
0.131235154394
0.155581947743
0.158551068884
0.172802850356
0.175771971496
0.229216152019
0.236342042755
0.233966745843
0.220902612827
0.161520190024
0.206057007126
0.230997624703
0.206650831354
0.232185273159
0.137767220903
0.197149643705
0.233372921615
0.224465558195
0.258313539192
0.235154394299
0.240498812352
0.188836104513
0.179334916865
0.222090261283
0.263657957245
0.235748218527
0.233966745843
0.237529691211
0.244061757720
0.213182897862
0.195368171021
0.150237529691
0.226840855107
0.204275534442
0.242280285036
0.212589073634
0.200118764846
0.248812351544
0.239311163895
0.248812351544
0.215558194774
0.232779097387
0.145486935867
0.201900237530
0.247624703088
0.245843230404
0.206057007126
0.189429928741
0.182897862233
0.186460807601
0.200118764846
0.238123515439
0.236935866983
0.239904988124
0.241092636580
0.248812351544
0.228622327791
0.253562945368
0.139548693587
0.141923990499
0.184679334917
0.203681710214
0.216152019002
0.219121140143
0.218527315914
0.227434679335
0.235748218527
0.243467933492
0.235748218527
0.236342042755
0.242280285036
0.244655581948
0.232185273159
0.233372921615
0.149643705463
0.171615201900
0.153800475059
0.176365795724
0.192992874109
0.198337292162
0.230403800475
0.243467933492
0.235154394299
0.239904988124
0.244655581948
0.209619952494
0.153206650831
0.206650831354
0.203681710214
0.225059382423
0.236935866983
0.273159144893
0.279691211401
0.278503562945
0.291567695962
0.278503562945
0.292755344418
