0.099270664506
0.104943273906
0.106158833063
0.106564019449
0.106564019449
0.106564019449
0.106564019449
0.106969205835
0.108184764992
0.113047001621
0.121555915721
0.136952998379
0.148703403566
0.159238249595
0.167341977310
0.175040518639
0.178687196110
0.180307941653
0.178687196110
0.177066450567
0.179497568882
0.182739059968
0.186385737439
0.196920583468
0.204213938412
0.206239870340
0.206645056726
0.211102106969
0.209481361426
0.187196110211
0.083873581848
0.132495948136
0.105348460292
0.083063209076
0.077795786062
0.082658022690
0.089141004862
0.102512155592
0.120745542950
0.130875202593
0.147082658023
0.158022690438
0.163290113452
0.164100486224
0.169367909238
0.173419773096
0.160048622366
0.135332252836
0.096839546191
0.078200972447
0.071312803890
0.070907617504
0.070907617504
0.070907617504
0.070907617504
0.070907617504
0.070907617504
0.070907617504
0.070907617504
0.070907617504
0.070907617504
0.070907617504
0.070907617504
0.070907617504
0.070907617504
0.070907617504
0.071312803890
0.070907617504
0.074554294976
0.077795786062
0.079011345219
0.080632090762
0.087115072934
0.087925445705
0.086709886548
0.091977309562
0.104132901135
0.113452188006
0.114262560778
0.120340356564
0.128038897893
0.134927066451
0.142220421394
0.148298217180
0.150729335494
0.155996758509
0.155186385737
0.151134521880
0.149918962723
0.151944894652
0.147893030794
0.146677471637
0.147082658023
0.146272285251
0.148298217180
0.149513776337
0.152755267423
0.152350081037
0.151539708266
0.151944894652
0.153160453809
0.153565640194
0.154781199352
0.155996758509
0.157617504052
0.160453808752
0.161264181524
0.161669367909
0.166126418152
0.168962722853
0.168557536467
0.169773095624
0.170988654781
0.171393841167
0.170583468395
0.170583468395
0.174230145867
0.174635332253
0.177066450567
0.179092382496
0.187601296596
0.199351701783
0.191247974068
0.180307941653
0.109400324149
0.083873581848
0.069286871961
0.078606158833
0.093192868720
0.092382495948
0.091166936791
0.092787682334
0.090761750405
0.092787682334
0.087115072934
0.078200972447
0.078606158833
0.088735818476
0.097649918963
0.090356564019
0.117909238250
0.127228525122
0.138573743922
0.153160453809
0.157617504052
0.172204213938
0.140194489465
0.156807131280
0.178687196110
0.181118314425
0.178687196110
0.178687196110
0.179902755267
0.179497568882
0.179497568882
0.181928687196
0.183549432739
0.185980551053
0.186385737439
0.189627228525
0.190842787682
0.190437601297
0.190842787682
0.190842787682
0.190842787682
0.191247974068
0.193273905997
0.191247974068
0.190032414911
0.166531604538
0.151944894652
0.177471636953
0.143030794165
0.172609400324
0.188411669368
0.186385737439
0.186385737439
0.188411669368
0.158022690438
0.148298217180
0.161264181524
0.147082658023
0.168557536467
0.179092382496
0.188411669368
0.190032414911
0.192058346840
0.194894651540
0.199756888169
0.196515397083
0.196920583468
0.193273905997
0.192868719611
0.192463533225
0.190437601297
0.194489465154
0.192868719611
0.200162074554
0.191653160454
0.206645056726
0.146272285251
0.190032414911
0.201377633712
0.209481361426
0.207455429498
0.209481361426
0.212722852512
0.209886547812
0.210291734198
0.210696920583
0.211507293355
0.212317666126
0.213533225284
0.218395461912
0.219205834684
0.219205834684
0.222447325770
0.224878444084
0.225688816856
0.227309562399
0.226904376013
0.228525121556
0.231361426256
0.228525121556
0.235413290113
0.202188006483
0.215559157212
0.188411669368
0.196515397083
0.202188006483
0.217990275527
0.232576985413
0.231766612642
0.232982171799
0.238249594814
0.237844408428
0.235818476499
0.229740680713
0.235818476499
0.185170178282
0.230551053485
0.246353322528
0.245948136143
0.245542949757
0.239870340357
0.243517017828
0.246353322528
0.251620745543
0.254862236629
0.256482982172
0.258103727715
0.257293354943
0.259724473258
0.261345218801
0.258103727715
0.258103727715
0.252025931929
0.243517017828
0.170583468395
0.216369529984
0.227714748784
0.220826580227
0.217990275527
0.238249594814
0.238654781199
0.244327390600
0.244327390600
0.247163695300
0.250810372771
0.252025931929
0.252836304700
0.252025931929
0.250405186386
0.248379254457
0.247974068071
0.250000000000
0.250405186386
0.250405186386
0.246353322528
0.252025931929
0.242301458671
0.251215559157
0.235008103728
0.259319286872
0.245137763371
0.252025931929
0.250405186386
0.254051863857
0.254051863857
0.254051863857
0.255267423015
0.252836304700
0.252431118314
0.258508914100
0.239059967585
0.250405186386
0.209481361426
0.259319286872
0.246758508914
0.256077795786
0.254457050243
0.256482982172
0.256077795786
0.256077795786
0.259724473258
0.260534846029
0.263371150729
0.261750405186
0.265802269044
0.264586709887
0.260129659643
0.260534846029
0.188411669368
0.218395461912
0.171799027553
0.188411669368
0.235413290113
0.245948136143
0.251215559157
0.255267423015
0.258914100486
0.260534846029
0.255672609400
0.259319286872
0.251620745543
0.252431118314
0.247568881686
0.246758508914
0.246353322528
0.253646677472
0.251215559157
0.267828200972
0.271880064830
0.281199351702
0.279578606159
0.284035656402
0.282820097245
0.288087520259
0.290518638574
0.295786061588
0.289303079417
0.294570502431
0.283225283630
0.290923824959
0.261345218801
0.289303079417
0.293760129660
0.302674230146
0.294570502431
0.294975688817
0.238654781199
0.250000000000
0.164100486224
0.196920583468
0.207860615883
0.226094003241
0.244732576985
0.254051863857
0.259319286872
0.263776337115
0.269043760130
0.282009724473
0.289708265802
0.276742301459
0.283225283630
0.292139384117
0.304700162075
0.304700162075
0.302674230146
0.304294975689
0.307131280389
0.306726094003
0.314019448947
0.314019448947
0.319286871961
0.309562398703
0.313614262561
0.235413290113
0.267828200972
0.291734197731
0.306726094003
0.310372771475
0.312398703404
0.303889789303
0.310777957861
0.315235008104
0.321312803890
0.335899513776
0.337520259319
0.335089141005
0.330632090762
0.330632090762
0.327795786062
0.331847649919
0.324959481361
0.319692058347
0.258508914100
0.310777957861
0.307131280389
0.302674230146
0.354943273906
0.331442463533
0.338330632091
0.339951377634
0.346839546191
0.345218800648
0.353727714749
0.348865478120
0.348460291734
0.326985413290
0.344003241491
0.346839546191
0.362236628849
0.351296596434
0.354943273906
0.351296596434
0.362236628849
0.345623987034
0.367504051864
0.322123176661
0.346029173420
0.340761750405
0.345623987034
0.316855753647
0.328200972447
0.351701782820
0.355348460292
0.357374392220
0.335089141005
0.326580226904
0.333873581848
0.367098865478
0.370745542950
0.373581847650
0.371150729335
0.374392220421
0.378038897893
0.376012965964
0.378849270665
0.376012965964
0.382495948136
0.364667747164
0.375607779579
0.286061588331
0.367504051864
0.367909238250
0.371961102107
0.375202593193
0.376823338736
0.376418152350
0.366693679092
0.359400324149
0.348865478120
0.370340356564
0.378038897893
0.377633711507
0.377228525122
0.363047001621
0.360210696921
0.369935170178
0.367909238250
0.389789303079
0.387763371151
0.394651539708
0.389384116694
0.390194489465
0.373987034036
0.375607779579
0.322528363047
0.362236628849
0.388978930308
0.383711507293
0.380064829822
0.385332252836
0.384927066451
0.395461912480
0.374797406807
0.366288492707
0.321312803890
0.329011345219
0.353727714749
0.364262560778
0.374797406807
0.380875202593
0.395461912480
0.396272285251
0.405186385737
0.392625607780
0.373987034036
0.362641815235
0.347244732577
0.401944894652
0.401944894652
0.397893030794
0.397487844408
0.399513776337
0.397487844408
0.405996758509
0.404781199352
0.401134521880
0.359805510535
0.348460291734
0.375202593193
0.401539708266
0.388168557536
0.399108589951
0.380470016207
0.397487844408
0.371555915721
0.394651539708
0.400324149109
0.410048622366
0.405591572123
0.405186385737
0.358995137763
0.378038897893
0.389384116694
0.407212317666
0.419367909238
0.412479740681
0.413290113452
0.416126418152
0.424635332253
0.412884927066
0.385737439222
0.379254457050
0.362641815235
0.397893030794
0.393030794165
0.393841166937
0.408022690438
0.395056726094
0.397487844408
0.409238249595
0.415721231767
0.418152350081
0.416126418152
0.404781199352
0.392220421394
0.349270664506
0.397487844408
0.412884927066
0.424635332253
0.423824959481
0.420583468395
0.428687196110
0.433144246353
0.427471636953
0.429497568882
0.419367909238
0.429497568882
0.377633711507
0.406401944895
0.355753646677
0.393841166937
0.402755267423
0.408427876823
0.410453808752
0.399513776337
0.393030794165
0.383711507293
0.423419773096
0.418152350081
0.425040518639
0.427876823339
0.436790923825
0.444489465154
0.414910858995
0.408833063209
0.340761750405
0.423419773096
0.434764991896
0.439627228525
0.427471636953
0.432333873582
0.431523500810
0.418962722853
0.334683954619
0.422204213938
0.429497568882
0.448136142626
0.430713128039
0.426661264182
0.428282009724
0.434359805511
0.440437601297
0.425040518639
0.412074554295
0.404781199352
0.409643435981
0.415316045381
0.403160453809
0.431928687196
0.429902755267
0.443679092382
0.440032414911
0.444084278768
0.418152350081
0.406401944895
0.378038897893
0.435980551053
0.459076175041
0.455024311183
0.445299837925
0.444084278768
0.453403565640
0.444894651540
0.433144246353
0.405591572123
0.403565640194
0.433144246353
0.440842787682
0.423419773096
0.451782820097
0.399918962723
0.448946515397
0.419367909238
0.462722852512
0.446920583468
0.448541329011
0.450972447326
0.433549432739
0.397082658023
0.439627228525
0.461102106969
0.455024311183
0.455429497569
0.452998379254
0.446515397083
0.429092382496
0.366693679092
0.450972447326
0.444489465154
0.459481361426
0.458265802269
0.455429497569
0.436385737439
0.422609400324
0.403970826580
0.465153970827
0.476094003241
0.467585089141
0.460696920583
0.463938411669
0.461102106969
0.460291734198
0.422609400324
0.440032414911
0.468395461912
0.472852512156
0.469611021070
0.444084278768
0.376012965964
0.415721231767
0.427471636953
0.460696920583
0.463533225284
0.476094003241
0.474878444084
0.477714748784
0.477309562399
0.471231766613
0.478525121556
0.437601296596
0.401539708266
0.405996758509
0.399108589951
0.442058346840
0.457455429498
0.460696920583
0.456239870340
0.460696920583
0.459481361426
0.470016207455
0.462722852512
0.464343598055
0.446920583468
0.448946515397
0.447730956240
0.471231766613
0.463128038898
0.455024311183
0.457860615883
0.472042139384
0.478930307942
0.486223662885
0.476904376013
0.491896272285
0.452188006483
0.442058346840
0.394651539708
0.389789303079
0.470826580227
0.475688816856
0.463533225284
0.467179902755
0.471636952998
0.475688816856
0.479740680713
0.481361426256
0.467585089141
0.451377633712
0.445705024311
0.450567260940
0.466774716370
0.485413290113
0.491896272285
0.492301458671
0.465559157212
0.451782820097
0.369935170178
0.456645056726
0.474878444084
0.465964343598
0.489059967585
0.478930307942
0.455024311183
0.450162074554
0.459886547812
0.479335494327
0.487034035656
0.494732576985
0.493517017828
0.491491085900
0.452998379254
0.421799027553
0.471231766613
0.494732576985
0.498379254457
0.508508914100
0.493111831442
0.509319286872
0.489059967585
0.496758508914
0.435980551053
0.480145867099
0.455024311183
0.458265802269
0.496758508914
0.502836304700
0.508508914100
0.503646677472
0.507293354943
0.492706645057
0.462317666126
0.375202593193
0.468395461912
0.494732576985
0.512560777958
0.512965964344
0.490275526742
0.485818476499
0.488654781199
0.487439222042
0.466774716370
0.388168557536
0.418962722853
0.490275526742
0.513371150729
0.515802269044
0.506077795786
0.514181523501
0.504862236629
0.497568881686
0.420988654781
0.435980551053
0.444489465154
0.469611021070
0.467179902755
0.477714748784
0.484197730956
0.498379254457
0.497568881686
0.497974068071
0.443679092382
0.450567260940
0.483387358185
0.450162074554
0.500810372771
0.521069692058
0.515397082658
0.509724473258
0.509724473258
0.493111831442
0.452593192869
0.445299837925
0.438816855754
0.493922204214
0.489870340357
0.474878444084
0.506077795786
0.508508914100
0.506888168558
0.509319286872
0.477309562399
0.513371150729
0.508103727715
0.525931928687
0.514586709887
0.532009724473
0.517828200972
0.530794165316
0.503646677472
0.502431118314
0.448136142626
0.386547811994
0.481766612642
0.514181523501
0.514991896272
0.510940032415
0.520259319287
0.517017828201
0.501620745543
0.480145867099
0.452593192869
0.510129659643
0.543760129660
0.542139384117
0.538087520259
0.534846029173
0.510129659643
0.511345218801
0.515397082658
0.487844408428
0.508103727715
0.515802269044
0.507293354943
0.507698541329
0.512560777958
0.509724473258
0.533630470016
0.508914100486
0.525526742301
0.493922204214
0.549027552674
0.539708265802
0.538897893031
0.516612641815
0.488654781199
0.469611021070
0.502431118314
0.525526742301
0.548217179903
0.534035656402
0.544165316045
0.474473257699
0.487844408428
0.426661264182
0.536466774716
0.551863857374
0.553484602917
0.531199351702
0.496758508914
0.398703403566
0.426256077796
0.395461912480
0.469205834684
0.515802269044
0.519854132901
0.523500810373
0.527957860616
0.512155591572
0.523500810373
0.521880064830
0.535656401945
0.502431118314
0.497974068071
0.479740680713
0.484602917342
0.508508914100
0.546596434360
0.540923824959
0.557941653160
0.551458670989
0.548622366288
0.549027552674
0.527957860616
0.497974068071
0.463533225284
0.459886547812
0.502025931929
0.520664505673
0.543760129660
0.555915721232
0.555510534846
0.525931928687
0.515397082658
0.438006482982
0.553889789303
0.564424635332
0.551053484603
0.553079416532
0.524311183144
0.493111831442
0.415316045381
0.536871961102
0.542139384117
0.559562398703
0.557536466775
0.557536466775
0.554700162075
0.514991896272
0.505267423015
0.446110210697
0.500405186386
0.510940032415
0.557941653160
0.558346839546
0.555915721232
0.544570502431
0.563209076175
0.499594813614
0.515397082658
0.421799027553
0.549432739060
0.563209076175
0.565640194489
0.562398703404
0.570502431118
0.551863857374
0.566855753647
0.525931928687
0.532009724473
0.467585089141
0.569286871961
0.586304700162
0.578200972447
0.572528363047
0.560372771475
0.544570502431
0.440032414911
0.507698541329
0.566855753647
0.568071312804
0.570097244733
0.562803889789
0.536466774716
0.493517017828
0.420583468395
0.519448946515
0.543760129660
0.572123176661
0.572933549433
0.556726094003
0.560777957861
0.519854132901
0.508103727715
0.341166936791
0.498379254457
0.544165316045
0.561993517018
0.557536466775
0.547001620746
0.539303079417
0.504051863857
0.478930307942
0.472447325770
0.548217179903
0.552674230146
0.564424635332
0.561183144246
0.552269043760
0.508914100486
0.455429497569
0.536871961102
0.545380875203
0.568476499190
0.572528363047
0.569286871961
0.557536466775
0.553889789303
0.538897893031
0.577795786062
0.564829821718
0.591977309562
0.562398703404
0.577795786062
0.514991896272
0.553079416532
0.563209076175
0.598460291734
0.592382495948
0.594813614263
0.582252836305
0.589141004862
0.514991896272
0.559157212318
0.510940032415
0.587115072934
0.599675850891
0.561993517018
0.531604538088
0.500405186386
0.547001620746
0.552674230146
0.532009724473
0.576580226904
0.576985413290
0.564829821718
0.584278768233
0.567666126418
0.596839546191
0.567666126418
0.595623987034
0.576580226904
0.589951377634
0.575769854133
0.511750405186
0.518638573744
0.509319286872
0.506482982172
0.530794165316
0.584278768233
0.585899513776
0.587520259319
0.581847649919
0.574149108590
0.555915721232
0.487034035656
0.570907617504
0.608184764992
0.587520259319
0.598865478120
0.562398703404
0.541329011345
0.517017828201
0.567666126418
0.595623987034
0.591977309562
0.596434359806
0.602106969206
0.578606158833
0.591166936791
0.541734197731
0.575769854133
0.612236628849
0.592382495948
0.610210696921
0.565640194489
0.573338735818
0.545380875203
0.606564019449
0.611426256078
0.624797406807
0.596029173420
0.573338735818
0.485008103728
0.529578606159
0.554294975689
0.574149108590
0.589141004862
0.597244732577
0.596029173420
0.586304700162
0.562398703404
0.528363047002
0.544570502431
0.612236628849
0.610210696921
0.613452188006
0.562398703404
0.571312803890
0.471636952998
0.574554294976
0.588735818476
0.583468395462
0.551458670989
0.563614262561
0.578606158833
0.608184764992
0.617098865478
0.621555915721
0.592787682334
0.586304700162
0.512155591572
0.581037277147
0.580226904376
0.534035656402
0.557941653160
0.593192868720
0.626418152350
0.624392220421
0.625202593193
0.587925445705
0.604538087520
0.522690437601
0.554294975689
0.587520259319
0.588330632091
0.586709886548
0.593598055105
0.601701782820
0.596434359806
0.589141004862
0.556726094003
0.579821717990
0.571717990276
0.629659643436
0.641004862237
0.626823338736
0.626012965964
0.622771474878
0.592382495948
0.546191247974
0.497974068071
0.586709886548
0.639789303079
0.641815235008
0.638573743922
0.641410048622
0.623987034036
0.568881685575
0.416531604538
0.388168557536
0.483792544571
0.558346839546
0.575769854133
0.575364667747
0.564829821718
0.574554294976
0.427471636953
0.433549432739
0.406807131280
0.435980551053
0.532414910859
0.546596434360
0.562398703404
0.557536466775
0.546191247974
0.556320907618
0.558346839546
0.564829821718
0.536871961102
0.534440842788
0.449756888169
0.554700162075
0.549027552674
0.598460291734
0.591166936791
0.590761750405
0.596029173420
0.598055105348
0.602917341977
0.596839546191
0.597244732577
0.414910858995
0.438411669368
0.452593192869
0.525931928687
0.524311183144
0.520664505673
0.525526742301
0.522285251216
0.530794165316
0.536466774716
0.555915721232
0.568881685575
0.572933549433
0.583063209076
0.566450567261
0.534440842788
0.389384116694
0.330226904376
0.399918962723
0.430713128039
0.487844408428
0.519043760130
0.552269043760
0.559967585089
0.561993517018
0.563209076175
0.570097244733
0.575769854133
0.586709886548
0.566855753647
0.525931928687
0.344408427877
0.303079416532
0.328200972447
0.400729335494
0.420178282010
0.438816855754
0.457455429498
0.465964343598
0.474878444084
0.474068071313
0.479740680713
0.491896272285
0.497568881686
0.508914100486
0.514991896272
0.528363047002
0.527552674230
0.524716369530
0.450567260940
0.488654781199
0.473662884927
0.531604538088
0.553484602917
0.553079416532
0.553889789303
0.553484602917
0.556320907618
0.566450567261
0.569286871961
0.562803889789
0.556726094003
0.533225283630
0.550243111831
0.551863857374
0.576580226904
0.584278768233
0.553079416532
0.523500810373
0.500810372771
0.593192868720
0.601701782820
0.596434359806
0.591977309562
0.587520259319
0.595218800648
0.568881685575
0.559157212318
0.492706645057
0.527957860616
0.579416531605
0.587925445705
0.600081037277
0.607374392220
0.582252836305
0.585494327391
0.490680713128
0.578606158833
0.529173419773
0.493111831442
0.525526742301
0.585494327391
0.586304700162
0.604943273906
0.606158833063
0.611021069692
0.603322528363
0.594813614263
0.569692058347
0.551863857374
0.562398703404
0.608184764992
0.617098865478
0.623987034036
0.625607779579
0.627633711507
0.606969205835
0.564829821718
0.517423014587
0.508103727715
0.574959481361
0.608995137763
0.606969205835
0.614262560778
0.606564019449
0.615072933549
0.605348460292
0.593598055105
0.576175040519
0.605348460292
0.610615883306
0.628444084279
0.611426256078
0.612641815235
0.580226904376
0.585494327391
0.593598055105
0.615883306321
0.634521880065
0.637763371151
0.629659643436
0.632090761750
0.609400324149
0.589546191248
0.542949756888
0.594408427877
0.647082658023
0.625202593193
0.644246353323
0.566855753647
0.561588330632
0.540518638574
0.608184764992
0.597649918963
0.653565640194
0.643841166937
0.642220421394
0.647082658023
0.653565640194
0.629659643436
0.629254457050
0.532009724473
0.542139384117
0.647487844408
0.659238249595
0.641004862237
0.644651539708
0.610210696921
0.583468395462
0.553484602917
0.621150729335
0.643435980551
0.609805510535
0.594408427877
0.544165316045
0.565235008104
0.659643435981
0.654781199352
0.650729335494
0.649513776337
0.619529983793
0.552674230146
0.516612641815
0.599270664506
0.654781199352
0.619529983793
0.654376012966
0.584683954619
0.613047001621
0.543760129660
0.649918962723
0.647893030794
0.645461912480
0.660048622366
0.624797406807
0.643435980551
0.492301458671
0.594813614263
0.602106969206
0.628444084279
0.642625607780
0.659643435981
0.646677471637
0.661264181524
0.638573743922
0.609805510535
0.546596434360
0.524311183144
0.583063209076
0.642625607780
0.658427876823
0.653565640194
0.644246353323
0.629659643436
0.617909238250
0.619935170178
0.656807131280
0.669367909238
0.658022690438
0.656807131280
0.632495948136
0.600891410049
0.637763371151
0.664910858995
0.665721231767
0.641410048622
0.582658022690
0.549837925446
0.622366288493
0.643435980551
0.598460291734
0.642625607780
0.673014586710
0.681118314425
0.647487844408
0.633306320908
0.482982171799
0.613857374392
0.665316045381
0.666936790924
0.668962722853
0.666126418152
0.648703403566
0.636952998379
0.608184764992
0.596839546191
0.638573743922
0.648298217180
0.695705024311
0.686385737439
0.694084278768
0.688411669368
0.684359805511
0.628038897893
0.604943273906
0.536871961102
0.559157212318
0.629659643436
0.648703403566
0.664910858995
0.662479740681
0.634116693679
0.603322528363
0.592787682334
0.675445705024
0.691247974068
0.666531604538
0.690437601297
0.640194489465
0.682739059968
0.555510534846
0.658022690438
0.671393841167
0.661669367909
0.662884927066
0.656807131280
0.590356564019
0.646272285251
0.622771474878
0.662884927066
0.682333873582
0.683954619125
0.661669367909
0.594003241491
0.481766612642
0.568476499190
0.636547811994
0.670178282010
0.669773095624
0.675040518639
0.673014586710
0.659238249595
0.557536466775
0.534440842788
0.525931928687
0.616693679092
0.644651539708
0.644651539708
0.641815235008
0.657212317666
0.646677471637
0.675850891410
0.600486223663
0.634521880065
0.564019448947
0.617098865478
0.666126418152
0.634521880065
0.620745542950
0.667747163695
0.675850891410
0.680307941653
0.652755267423
0.621555915721
0.627228525122
0.608589951378
0.677876823339
0.668962722853
0.709481361426
0.693273905997
0.717990275527
0.672609400324
0.705834683955
0.556726094003
0.654781199352
0.621150729335
0.586304700162
0.639789303079
0.670583468395
0.681523500810
0.698541329011
0.687196110211
0.691653160454
0.654781199352
0.664910858995
0.630470016207
0.639384116694
0.609400324149
0.598865478120
0.666531604538
0.697730956240
0.667341977310
0.707455429498
0.684764991896
0.696110210697
0.655591572123
0.654376012966
0.655591572123
0.655591572123
0.717990275527
0.716774716370
0.704213938412
0.672609400324
0.647487844408
0.558752025932
0.616693679092
0.703808752026
0.705834683955
0.690032414911
0.685980551053
0.668962722853
0.626418152350
0.585899513776
0.649918962723
0.706645056726
0.690842787682
0.704619124797
0.614667747164
0.612641815235
0.658833063209
0.703808752026
0.715964343598
0.706239870340
0.710696920583
0.673014586710
0.651539708266
0.543354943274
0.613452188006
0.707860615883
0.694894651540
0.717990275527
0.704213938412
0.704213938412
0.645056726094
0.604132901135
0.645867098865
0.672204213938
0.683549432739
0.690437601297
0.668557536467
0.653160453809
0.672204213938
0.710696920583
0.730551053485
0.711912479741
0.730145867099
0.639384116694
0.649108589951
0.542544570502
0.556320907618
0.679902755267
0.685170178282
0.709886547812
0.715153970827
0.706645056726
0.701377633712
0.652755267423
0.601701782820
0.588330632091
0.638573743922
0.677066450567
0.696110210697
0.700972447326
0.705834683955
0.718395461912
0.692868719611
0.674230145867
0.574554294976
0.605753646677
0.647487844408
0.702593192869
0.690437601297
0.715153970827
0.717585089141
0.695705024311
0.669773095624
0.552674230146
0.628444084279
0.692868719611
0.724068071313
0.713533225284
0.717585089141
0.699351701783
0.679497568882
0.626418152350
0.694489465154
0.682739059968
0.730145867099
0.702998379254
0.733387358185
0.701782820097
0.714343598055
0.659643435981
0.682739059968
0.703403565640
0.696515397083
0.720826580227
0.675040518639
0.720016207455
0.697325769854
0.711102106969
0.722852512156
0.724878444084
0.728930307942
0.657212317666
0.662884927066
0.677876823339
0.713128038898
0.711507293355
0.716369529984
0.731766612642
0.722447325770
0.710291734198
0.669773095624
0.661669367909
0.664505672609
0.690032414911
0.677876823339
0.714343598055
0.750405186386
0.745137763371
0.747163695300
0.694489465154
0.656807131280
0.560777957861
0.677066450567
0.715153970827
0.705429497569
0.723257698541
0.719205834684
0.685980551053
0.693679092382
0.601701782820
0.691653160454
0.732982171799
0.720826580227
0.726904376013
0.685575364668
0.598460291734
0.603322528363
0.684764991896
0.720421393841
0.735008103728
0.729740680713
0.734602917342
0.700162074554
0.692463533225
0.621555915721
0.682739059968
0.709076175041
0.723662884927
0.700162074554
0.696920583468
0.587925445705
0.662074554295
0.696110210697
0.732171799028
0.733792544571
0.728930307942
0.708265802269
0.676661264182
0.709886547812
0.728119935170
0.747568881686
0.697325769854
0.704619124797
0.659238249595
0.703403565640
0.713128038898
0.728930307942
0.727309562399
0.728525121556
0.719611021070
0.733792544571
0.684359805511
0.668152350081
0.646272285251
0.699756888169
0.717585089141
0.690842787682
0.668962722853
0.677876823339
0.720016207455
0.737034035656
0.754862236629
0.738654781199
0.705024311183
0.713533225284
0.709076175041
0.758914100486
0.722042139384
0.702998379254
0.609805510535
0.641410048622
0.714343598055
0.709076175041
0.741085899514
0.751215559157
0.750000000000
0.746758508914
0.745137763371
0.671393841167
0.605753646677
0.611426256078
0.687601296596
0.706239870340
0.717990275527
0.730956239870
0.721636952998
0.711507293355
0.600486223663
0.577390599676
0.652350081037
0.705834683955
0.717179902755
0.716369529984
0.733792544571
0.684764991896
0.694489465154
0.609400324149
0.728119935170
0.745948136143
0.747974068071
0.735413290113
0.684359805511
0.590356564019
0.595218800648
0.685575364668
0.745542949757
0.757698541329
0.750000000000
0.745542949757
0.735413290113
0.705429497569
0.620745542950
0.644651539708
0.722852512156
0.754051863857
0.753241491086
0.760534846029
0.750810372771
0.759724473258
0.717585089141
0.679092382496
0.617909238250
0.670178282010
0.728119935170
0.749594813614
0.745137763371
0.754051863857
0.743922204214
0.750405186386
0.701377633712
0.696920583468
0.690032414911
0.730145867099
0.668152350081
0.745542949757
0.761750405186
0.773095623987
0.769448946515
0.763371150729
0.735008103728
0.626823338736
0.569286871961
0.437196110211
0.578606158833
0.674635332253
0.701377633712
0.709886547812
0.702998379254
0.705834683955
0.704619124797
0.712722852512
0.641815235008
0.685170178282
0.611831442464
0.698946515397
0.730551053485
0.750405186386
0.748784440843
0.747568881686
0.747568881686
0.742301458671
0.743922204214
0.672609400324
0.566450567261
0.621150729335
0.687196110211
0.717179902755
0.727309562399
0.737439222042
0.724068071313
0.726094003241
0.628038897893
0.634116693679
0.657617504052
0.687196110211
0.718800648298
0.739870340357
0.746353322528
0.749594813614
0.744327390600
0.722447325770
0.697325769854
0.610615883306
0.688411669368
0.682739059968
0.729740680713
0.718395461912
0.742706645057
0.708670988655
0.722852512156
0.685980551053
0.733387358185
0.757293354943
0.749594813614
0.755672609400
0.728119935170
0.703808752026
0.708670988655
0.653565640194
0.663290113452
0.757698541329
0.732982171799
0.756077795786
0.713938411669
0.753646677472
0.726094003241
0.758103727715
0.758914100486
0.780794165316
0.769854132901
0.782820097245
0.755672609400
0.763371150729
0.709481361426
0.715559157212
0.715559157212
0.743517017828
0.732982171799
0.767423014587
0.756077795786
0.764991896272
0.744732576985
0.742706645057
0.720826580227
0.732171799028
0.750405186386
0.747568881686
0.705834683955
0.676256077796
0.722042139384
0.721636952998
0.753241491086
0.757293354943
0.737844408428
0.755267423015
0.727714748784
0.730145867099
0.750405186386
0.782820097245
0.769854132901
0.783225283630
0.734197730956
0.722042139384
0.644246353323
0.650729335494
0.678282009724
0.723257698541
0.742301458671
0.765802269044
0.739465153971
0.766612641815
0.711507293355
0.749189627229
0.738654781199
0.790113452188
0.779578606159
0.782009724473
0.732171799028
0.697325769854
0.683549432739
0.707455429498
0.722447325770
0.764586709887
0.767423014587
0.745542949757
0.765397082658
0.762965964344
0.732171799028
0.722042139384
0.751215559157
0.779578606159
0.772285251216
0.761345218801
0.731766612642
0.663290113452
0.664910858995
0.643841166937
0.599270664506
0.573338735818
0.609805510535
0.708670988655
0.740275526742
0.759724473258
0.756888168558
0.763776337115
0.762560777958
0.767423014587
0.753241491086
0.711912479741
0.676256077796
0.704213938412
0.771880064830
0.769448946515
0.774716369530
0.750000000000
0.704213938412
0.668557536467
0.733387358185
0.732171799028
0.733387358185
0.733792544571
0.633306320908
0.703808752026
0.585899513776
0.662074554295
0.670583468395
0.705024311183
0.706645056726
0.705834683955
0.706239870340
0.624392220421
0.635737439222
0.703403565640
0.747568881686
0.748379254457
0.751620745543
0.734197730956
0.713128038898
0.585494327391
0.662479740681
0.685980551053
0.700162074554
0.734197730956
0.759724473258
0.761345218801
0.758103727715
0.720826580227
0.668962722853
0.631280388979
0.678687196110
0.738249594814
0.754457050243
0.764586709887
0.751215559157
0.765397082658
0.690437601297
0.668557536467
0.642220421394
0.734602917342
0.735413290113
0.771880064830
0.772690437601
0.775526742301
0.769854132901
0.770259319287
0.728119935170
0.632090761750
0.566045380875
0.658833063209
0.730551053485
0.748784440843
0.756077795786
0.761750405186
0.768638573744
0.744327390600
0.678687196110
0.616693679092
0.579821717990
0.625607779579
0.739465153971
0.746758508914
0.754051863857
0.750405186386
0.758508914100
0.758914100486
0.771069692058
0.741085899514
0.717990275527
0.612236628849
0.667341977310
0.736628849271
0.749594813614
0.766207455429
0.739059967585
0.766612641815
0.655186385737
0.701782820097
0.733792544571
0.754862236629
0.768233387358
0.773095623987
0.761750405186
0.754862236629
0.693679092382
0.702998379254
0.726904376013
0.763776337115
0.788897893031
0.774716369530
0.774716369530
0.704619124797
0.679497568882
