0.068836045056
0.064664163538
0.062578222778
0.061743846475
0.061743846475
0.061743846475
0.061743846475
0.061743846475
0.064246975386
0.071339173967
0.092198581560
0.131414267835
0.164372131831
0.190654985398
0.207759699625
0.226115978306
0.236128493951
0.236128493951
0.229870671673
0.229453483521
0.226950354610
0.228201919065
0.231956612432
0.221109720484
0.219440967877
0.219440967877
0.223195661243
0.229036295369
0.225281602003
0.216103462662
0.043387567793
0.202753441802
0.160617438465
0.139758030872
0.136837713809
0.139758030872
0.142261159783
0.140592407176
0.137672090113
0.133083020442
0.136837713809
0.136420525657
0.133917396746
0.131831455987
0.133917396746
0.136837713809
0.128076762620
0.113475177305
0.093867334168
0.085940759282
0.084689194827
0.084272006675
0.084272006675
0.084272006675
0.084272006675
0.084272006675
0.084272006675
0.084272006675
0.084272006675
0.084272006675
0.084272006675
0.084689194827
0.085106382979
0.085106382979
0.085106382979
0.085106382979
0.084689194827
0.085523571131
0.088443888194
0.090529828953
0.093450146016
0.095118898623
0.097204839383
0.097204839383
0.098456403838
0.098456403838
0.106800166875
0.115561118064
0.123487692950
0.125156445557
0.134334584898
0.139758030872
0.138089278264
0.145181476846
0.144764288694
0.141843971631
0.146850229453
0.146850229453
0.148518982061
0.144347100542
0.142261159783
0.144764288694
0.148518982061
0.146015853150
0.146015853150
0.145598664998
0.145598664998
0.146015853150
0.146015853150
0.146433041302
0.146433041302
0.148936170213
0.149770546516
0.150604922820
0.151022110972
0.150604922820
0.153942428035
0.151439299124
0.154359616187
0.154359616187
0.153108051731
0.155611180642
0.152273675428
0.155611180642
0.161451814768
0.164372131831
0.165206508135
0.165623696287
0.165206508135
0.160200250313
0.158531497705
0.147684605757
0.130579891531
0.113892365457
0.043804755945
0.043387567793
0.078431372549
0.061326658323
0.056320400501
0.055486024197
0.055903212349
0.056320400501
0.057989153108
0.060909470171
0.066332916145
0.076345431790
0.085106382979
0.087192323738
0.098873591990
0.108051731331
0.163120567376
0.178973717146
0.189820609095
0.186065915728
0.190237797247
0.162286191072
0.085940759282
0.176470588235
0.199833124739
0.211097204839
0.216937838965
0.218189403421
0.214851898206
0.209428452232
0.209845640384
0.208594075928
0.210262828536
0.209845640384
0.210680016688
0.212765957447
0.211931581143
0.211514392991
0.208594075928
0.210680016688
0.211514392991
0.211514392991
0.214434710054
0.213183145599
0.215269086358
0.151022110972
0.122236128494
0.166875260743
0.115561118064
0.158114309554
0.178139340843
0.178973717146
0.193992490613
0.196912807676
0.158948685857
0.163120567376
0.154776804339
0.150604922820
0.163537755528
0.216937838965
0.226115978306
0.226115978306
0.226533166458
0.222778473091
0.214434710054
0.211931581143
0.212765957447
0.209845640384
0.205256570713
0.203587818106
0.206925323321
0.206925323321
0.213600333751
0.221526908636
0.218606591573
0.206925323321
0.142678347935
0.183979974969
0.200250312891
0.218189403421
0.220275344180
0.220275344180
0.225698790154
0.227784730914
0.229870671673
0.226950354610
0.224447225699
0.219023779725
0.222778473091
0.226115978306
0.230705047977
0.233208176888
0.234459741343
0.237380058406
0.239048811014
0.240300375469
0.243220692532
0.239465999166
0.241551939925
0.243637880684
0.240300375469
0.235294117647
0.182728410513
0.202336253650
0.200250312891
0.215686274510
0.229870671673
0.241551939925
0.250312891114
0.254901960784
0.253650396329
0.249478514810
0.245306633292
0.249895702962
0.224447225699
0.201084689195
0.239883187317
0.256153525240
0.253650396329
0.256987901544
0.258656654151
0.258239465999
0.260742594910
0.261994159366
0.264080100125
0.263662911973
0.261576971214
0.261159783062
0.266583229036
0.262828535670
0.266583229036
0.265331664581
0.269503546099
0.234042553191
0.172715894869
0.201084689195
0.223195661243
0.236962870254
0.241551939925
0.223612849395
0.214434710054
0.218189403421
0.225698790154
0.231539424280
0.235711305799
0.238214434710
0.236962870254
0.238631622862
0.239048811014
0.246141009595
0.244055068836
0.245723821443
0.246558197747
0.251147267418
0.245723821443
0.259908218607
0.241551939925
0.273675427618
0.236962870254
0.257405089695
0.267000417188
0.260325406758
0.269503546099
0.267834793492
0.275761368377
0.275344180225
0.279516061744
0.276595744681
0.274092615770
0.280767626199
0.259491030455
0.261576971214
0.232373800584
0.268669169796
0.285356695870
0.285773884022
0.281184814351
0.280767626199
0.282436378807
0.284939507718
0.285356695870
0.288277012933
0.289945765540
0.292448894451
0.295786399666
0.297455152274
0.296620775970
0.289945765540
0.213600333751
0.239048811014
0.255736337088
0.272006675010
0.302044221944
0.291614518148
0.276595744681
0.288694201085
0.287442636629
0.289111389237
0.284522319566
0.276595744681
0.272423863162
0.272423863162
0.262828535670
0.268669169796
0.263245723821
0.276178556529
0.273675427618
0.288694201085
0.286608260325
0.297872340426
0.294952023363
0.305381727159
0.302461410096
0.309553608678
0.308302044222
0.315394242804
0.312473925741
0.312473925741
0.309970796829
0.302044221944
0.293283270755
0.288694201085
0.311639549437
0.319148936170
0.329161451815
0.302878598248
0.299958281185
0.219858156028
0.173133083020
0.272006675010
0.284939507718
0.305798915311
0.326658322904
0.338756779307
0.341677096370
0.342928660826
0.341259908219
0.322903629537
0.287442636629
0.266583229036
0.279516061744
0.294534835211
0.315811430955
0.332916145181
0.338756779307
0.339591155611
0.350855235711
0.338339591156
0.342511472674
0.329995828118
0.338756779307
0.331664580726
0.325823946600
0.269503546099
0.281602002503
0.348352106800
0.351689612015
0.355861493534
0.346683354193
0.329995828118
0.328327075511
0.338339591156
0.354192740926
0.361284939508
0.361284939508
0.357530246141
0.357947434293
0.357530246141
0.359198998748
0.359198998748
0.356695869837
0.348769294952
0.315394242804
0.321652065081
0.277012932833
0.335419274093
0.345848977889
0.355861493534
0.360450563204
0.370880267000
0.370463078849
0.380892782645
0.374217772215
0.382978723404
0.362953692115
0.371714643304
0.357947434293
0.386733416771
0.394659991656
0.380475594493
0.378389653734
0.382978723404
0.393408427201
0.377555277430
0.396328744264
0.340425531915
0.348769294952
0.368794326241
0.375052148519
0.357530246141
0.355861493534
0.370880267000
0.386316228619
0.378389653734
0.381309970797
0.322903629537
0.380475594493
0.409678765123
0.375886524823
0.393408427201
0.396745932416
0.395077179808
0.397580308719
0.400500625782
0.405924071756
0.405924071756
0.405924071756
0.387567793075
0.397163120567
0.300375469337
0.353775552774
0.387567793075
0.380475594493
0.401752190238
0.395911556112
0.408010012516
0.369211514393
0.401335002086
0.355444305382
0.413433458490
0.391322486441
0.400083437630
0.404672507301
0.397580308719
0.412599082186
0.390905298290
0.408427200668
0.406758448060
0.415519399249
0.409678765123
0.416353775553
0.415102211097
0.391322486441
0.376720901126
0.327075511055
0.394242803504
0.438047559449
0.403838130997
0.405924071756
0.405506883605
0.415936587401
0.413016270338
0.399666249479
0.359616186900
0.351689612015
0.342511472674
0.370880267000
0.372549019608
0.397163120567
0.405924071756
0.409678765123
0.405924071756
0.415102211097
0.395494367960
0.407592824364
0.367125573634
0.378806841886
0.422194409679
0.411347517730
0.417188151856
0.425114726742
0.426783479349
0.428869420108
0.430955360868
0.425531914894
0.417605340008
0.386733416771
0.394242803504
0.408427200668
0.432624113475
0.408010012516
0.421360033375
0.404672507301
0.427200667501
0.382144347101
0.402586566542
0.402586566542
0.418439716312
0.423445974134
0.415936587401
0.392156862745
0.391739674593
0.433041301627
0.415519399249
0.437213183146
0.427200667501
0.439716312057
0.433875677931
0.448060075094
0.413016270338
0.440967876512
0.328744263663
0.412599082186
0.405924071756
0.412181894034
0.426366291197
0.408427200668
0.430120984564
0.403420942845
0.440133500209
0.424697538590
0.449728827701
0.428035043805
0.458906967042
0.393825615353
0.402586566542
0.441385064664
0.427200667501
0.434292866083
0.437213183146
0.446808510638
0.439716312057
0.452649144764
0.442636629120
0.456403838131
0.433041301627
0.449311639549
0.359616186900
0.390488110138
0.414267834793
0.417188151856
0.436378806842
0.441385064664
0.410095953275
0.436378806842
0.391322486441
0.425531914894
0.442636629120
0.440133500209
0.450146015853
0.456403838131
0.460992907801
0.449311639549
0.450563204005
0.408010012516
0.392156862745
0.455569461827
0.445974134335
0.438881935753
0.452649144764
0.443888193575
0.465164789320
0.410513141427
0.425531914894
0.429703796412
0.417605340008
0.452649144764
0.456821026283
0.454735085524
0.460158531498
0.458906967042
0.473508552357
0.416770963705
0.445974134335
0.392156862745
0.431372549020
0.442219440968
0.428035043805
0.431789737171
0.450146015853
0.465164789320
0.458489778890
0.445556946183
0.449311639549
0.357947434293
0.429286608260
0.481852315394
0.468085106383
0.454317897372
0.458489778890
0.461827284105
0.477263245724
0.459324155194
0.475594493116
0.410930329579
0.435961618690
0.467250730079
0.437213183146
0.462661660409
0.456821026283
0.452649144764
0.458906967042
0.454317897372
0.491864831039
0.465999165624
0.479349186483
0.459741343346
0.464330413016
0.413433458490
0.452649144764
0.495202336254
0.459324155194
0.483938256154
0.455152273675
0.488944513976
0.385064664164
0.451814768461
0.405924071756
0.451814768461
0.480600750939
0.471839799750
0.476846057572
0.451397580309
0.483521068002
0.386733416771
0.468919482687
0.482686691698
0.492282019191
0.486858573217
0.506466416354
0.472674176053
0.497288277013
0.418856904464
0.473508552357
0.497705465165
0.487692949520
0.486858573217
0.460575719650
0.407592824364
0.424697538590
0.439716312057
0.493533583646
0.468085106383
0.482686691698
0.481435127242
0.493116395494
0.495202336254
0.504380475594
0.486441385065
0.484355444305
0.389653733834
0.396745932416
0.458489778890
0.413850646642
0.491447642887
0.467250730079
0.506049228202
0.447225698790
0.502711722987
0.453483521068
0.502294534835
0.487692949520
0.454735085524
0.480600750939
0.456821026283
0.486441385065
0.476011681268
0.488527325824
0.474342928661
0.499791405924
0.495202336254
0.508135168961
0.493116395494
0.518982060909
0.449311639549
0.504797663746
0.332498957030
0.381727158949
0.458906967042
0.482269503546
0.485607008761
0.498539841469
0.499374217772
0.505632040050
0.495202336254
0.510221109720
0.474760116813
0.495202336254
0.446808510638
0.470171047142
0.495619524406
0.468502294535
0.511055486024
0.504380475594
0.494785148102
0.465999165624
0.400917813934
0.473091364205
0.440967876512
0.486858573217
0.505214851898
0.488110137672
0.509386733417
0.430955360868
0.492699207343
0.484355444305
0.524822695035
0.515227367543
0.532332081769
0.481852315394
0.523988318732
0.354192740926
0.523988318732
0.525239883187
0.508969545265
0.518564872758
0.509803921569
0.530246141010
0.494367959950
0.511055486024
0.404255319149
0.511889862328
0.470588235294
0.455152273675
0.516896120150
0.511472674176
0.521068001669
0.528577388402
0.508135168961
0.534835210680
0.456403838131
0.463913224864
0.470588235294
0.504797663746
0.518147684606
0.526074259491
0.513975803087
0.516896120150
0.521068001669
0.501877346683
0.493950771798
0.362953692115
0.460575719650
0.476011681268
0.509803921569
0.521485189821
0.527743012098
0.531497705465
0.521068001669
0.535669586984
0.390070921986
0.452649144764
0.459741343346
0.465999165624
0.508552357113
0.496871088861
0.518982060909
0.513558614935
0.528160200250
0.485189820609
0.501877346683
0.385899040467
0.500208594076
0.468085106383
0.519816437213
0.529411764706
0.536086775136
0.516896120150
0.539841468502
0.468919482687
0.518147684606
0.410513141427
0.439299123905
0.493533583646
0.507300792657
0.507300792657
0.515644555695
0.525239883187
0.511055486024
0.532332081769
0.485607008761
0.543178973717
0.510638297872
0.540675844806
0.526074259491
0.550688360451
0.531080517313
0.557780559032
0.516478931998
0.545682102628
0.413433458490
0.448894451398
0.466833541927
0.526491447643
0.501460158531
0.539424280350
0.520650813517
0.539007092199
0.484772632457
0.515644555695
0.431789737171
0.505632040050
0.556946182728
0.546933667084
0.558197747184
0.544430538173
0.526908635795
0.536921151439
0.510221109720
0.539424280350
0.495619524406
0.539424280350
0.534835210680
0.521068001669
0.546933667084
0.496036712557
0.564872757614
0.492699207343
0.567375886525
0.488944513976
0.574468085106
0.552774301210
0.567375886525
0.534418022528
0.513141426783
0.491864831039
0.495202336254
0.550271172299
0.561118064247
0.556946182728
0.559449311640
0.478097622028
0.517730496454
0.386316228619
0.539841468502
0.550271172299
0.544847726325
0.560283687943
0.479349186483
0.469336670839
0.324989570296
0.378389653734
0.498539841469
0.528577388402
0.543596161869
0.546933667084
0.544430538173
0.530246141010
0.539007092199
0.541093032958
0.542344597413
0.531080517313
0.511055486024
0.494367959950
0.521485189821
0.505632040050
0.568210262829
0.560283687943
0.567375886525
0.567375886525
0.571547768043
0.557780559032
0.559449311640
0.517730496454
0.487275761368
0.511472674176
0.490196078431
0.554860241969
0.582394659992
0.558197747184
0.574050896955
0.512724238632
0.557780559032
0.397580308719
0.574885273258
0.569879015436
0.572382144347
0.571130579892
0.544013350021
0.513558614935
0.397163120567
0.507300792657
0.538589904047
0.575719649562
0.574468085106
0.585314977055
0.554860241969
0.559449311640
0.474342928661
0.510221109720
0.495202336254
0.536921151439
0.564038381310
0.561952440551
0.568210262829
0.550688360451
0.570713391740
0.481852315394
0.549436795995
0.423863162286
0.535669586984
0.574885273258
0.581560283688
0.572799332499
0.571547768043
0.573216520651
0.571547768043
0.553191489362
0.516061743846
0.525239883187
0.565707133917
0.593658740092
0.574885273258
0.599916562370
0.569879015436
0.569879015436
0.445139758031
0.493533583646
0.581977471840
0.556111806425
0.597413433458
0.568627450980
0.579057154777
0.470171047142
0.489778890280
0.561535252399
0.542761785565
0.576136837714
0.588652482270
0.582811848144
0.589069670421
0.514392991239
0.538589904047
0.311639549437
0.516896120150
0.560700876095
0.556946182728
0.561952440551
0.563204005006
0.551105548602
0.511472674176
0.501877346683
0.482269503546
0.567375886525
0.564872757614
0.592824363788
0.561952440551
0.586149353358
0.508552357113
0.520233625365
0.519399249061
0.548185231539
0.584480600751
0.582394659992
0.572382144347
0.567375886525
0.556946182728
0.562369628703
0.563621193158
0.587818105966
0.585314977055
0.603671255736
0.541927409262
0.582394659992
0.521068001669
0.597830621610
0.617855652899
0.603671255736
0.621193158114
0.588235294118
0.616604088444
0.500208594076
0.600750938673
0.486441385065
0.607008760951
0.602836879433
0.601585314977
0.533166458073
0.527743012098
0.564455569462
0.541927409262
0.582811848144
0.595327492699
0.585732165207
0.585732165207
0.585732165207
0.594910304547
0.591155611181
0.600750938673
0.593658740092
0.598664997914
0.575719649562
0.588652482270
0.518982060909
0.551105548602
0.534418022528
0.497705465165
0.579474342929
0.568210262829
0.602836879433
0.609094701710
0.609929078014
0.579057154777
0.591572799332
0.489361702128
0.595744680851
0.617021276596
0.585314977055
0.622444722570
0.550688360451
0.590738423029
0.494367959950
0.565707133917
0.624947851481
0.589486858573
0.620358781811
0.601168126825
0.611597830622
0.557780559032
0.576554025866
0.575719649562
0.601585314977
0.627868168544
0.596161869003
0.614100959533
0.534000834376
0.624530663329
0.576136837714
0.626199415937
0.625365039633
0.606174384647
0.583646224447
0.496036712557
0.573216520651
0.542761785565
0.580725907384
0.619107217355
0.597413433458
0.621610346266
0.588652482270
0.588235294118
0.521902377972
0.555694618273
0.614935335836
0.627033792240
0.617021276596
0.598247809762
0.564872757614
0.498539841469
0.582811848144
0.566958698373
0.642052565707
0.516478931998
0.624947851481
0.559866499791
0.624530663329
0.624113475177
0.622444722570
0.615352523988
0.573216520651
0.551105548602
0.556111806425
0.579891531081
0.539424280350
0.599499374218
0.583646224447
0.635794743429
0.627450980392
0.630788485607
0.608260325407
0.613266583229
0.521485189821
0.583229036295
0.587400917814
0.608260325407
0.609094701710
0.604505632040
0.622444722570
0.586566541510
0.635794743429
0.530246141010
0.644555694618
0.531497705465
0.651230705048
0.648727576137
0.638715060492
0.636629119733
0.635377555277
0.611597830622
0.566541510221
0.545264914476
0.569461827284
0.654151022111
0.645807259074
0.654568210263
0.647058823529
0.629536921151
0.592824363788
0.392156862745
0.414685022945
0.537755527743
0.563204005006
0.574050896955
0.579891531081
0.577388402169
0.581977471840
0.398831873175
0.522736754276
0.403003754693
0.497705465165
0.561118064247
0.567793074677
0.570713391740
0.566124322069
0.569879015436
0.558197747184
0.582811848144
0.580308719232
0.592824363788
0.518982060909
0.551522736754
0.564872757614
0.581143095536
0.615769712140
0.613266583229
0.614935335836
0.612432206925
0.615769712140
0.618272841051
0.614518147685
0.612849395077
0.446391322486
0.480600750939
0.390905298290
0.465164789320
0.481852315394
0.493116395494
0.503128911139
0.523571130580
0.539007092199
0.549019607843
0.552774301210
0.557780559032
0.566124322069
0.573633708803
0.564872757614
0.522319566124
0.390905298290
0.316228619107
0.422611597831
0.471839799750
0.524405506884
0.534835210680
0.535252398832
0.539007092199
0.546516478932
0.556111806425
0.555694618273
0.561952440551
0.577805590321
0.561952440551
0.553608677514
0.307050479766
0.267834793492
0.341677096370
0.414267834793
0.413850646642
0.428869420108
0.455986649979
0.459324155194
0.470588235294
0.483521068002
0.492282019191
0.489361702128
0.500208594076
0.504380475594
0.517313308302
0.522319566124
0.543178973717
0.496036712557
0.524405506884
0.413433458490
0.491030454735
0.562786816854
0.546516478932
0.561535252399
0.562369628703
0.562369628703
0.562369628703
0.568210262829
0.567793074677
0.557780559032
0.551522736754
0.547350855236
0.547350855236
0.572799332499
0.580308719232
0.558614935336
0.579057154777
0.499374217772
0.567793074677
0.581143095536
0.593658740092
0.600750938673
0.601585314977
0.596579057155
0.605757196496
0.581143095536
0.594075928244
0.485189820609
0.516478931998
0.607843137255
0.578222778473
0.616186900292
0.590738423029
0.622027534418
0.540675844806
0.586983729662
0.524822695035
0.564872757614
0.521485189821
0.526491447643
0.615352523988
0.593658740092
0.613266583229
0.619941593659
0.613266583229
0.612432206925
0.608260325407
0.569461827284
0.555277430121
0.561118064247
0.612432206925
0.629119733000
0.617855652899
0.635377555277
0.609929078014
0.634960367126
0.536921151439
0.587818105966
0.508969545265
0.560700876095
0.616186900292
0.617438464748
0.629954109303
0.605757196496
0.627868168544
0.595744680851
0.621193158114
0.555277430121
0.620775969962
0.619524405507
0.644972882770
0.614100959533
0.631622861911
0.582394659992
0.619941593659
0.593658740092
0.636629119733
0.629536921151
0.627033792240
0.647058823529
0.614518147685
0.637463496037
0.546516478932
0.614518147685
0.579057154777
0.653316645807
0.626616604088
0.657071339174
0.568210262829
0.594493116395
0.551522736754
0.595327492699
0.632040050063
0.646641635378
0.636629119733
0.642886942011
0.637046307885
0.659991656237
0.625365039633
0.643721318315
0.515227367543
0.584063412599
0.646224447226
0.631622861911
0.649144764289
0.635377555277
0.625782227785
0.586149353358
0.556528994577
0.640383813100
0.648727576137
0.620358781811
0.623279098874
0.539007092199
0.612849395077
0.652065081352
0.651647893200
0.664997914059
0.639549436796
0.644972882770
0.525239883187
0.586983729662
0.628285356696
0.655819774718
0.634125990822
0.661660408844
0.599916562370
0.627868168544
0.536086775136
0.663329161452
0.672090112641
0.661243220693
0.652899457655
0.662077596996
0.605757196496
0.598664997914
0.524822695035
0.586566541510
0.663329161452
0.656654151022
0.651230705048
0.648310387985
0.658740091781
0.642886942011
0.621193158114
0.556946182728
0.531497705465
0.643721318315
0.624530663329
0.674176053400
0.642469753859
0.674593241552
0.613266583229
0.656654151022
0.589069670421
0.677096370463
0.681268251982
0.672507300793
0.665832290363
0.634960367126
0.618690029203
0.653733833959
0.674593241552
0.665415102211
0.668752607426
0.583229036295
0.605757196496
0.587400917814
0.619941593659
0.647893199833
0.654568210263
0.670838548185
0.687943262411
0.640801001252
0.660408844389
0.420108468919
0.637046307885
0.652899457655
0.667501042970
0.670838548185
0.657071339174
0.669169795578
0.619107217355
0.629119733000
0.598664997914
0.611180642470
0.681685440134
0.685440133500
0.681268251982
0.679182311222
0.685857321652
0.682519816437
0.644555694618
0.591572799332
0.577388402169
0.607425949103
0.625365039633
0.647893199833
0.686274509804
0.643304130163
0.659157279933
0.585732165207
0.644972882770
0.668752607426
0.687943262411
0.690446391322
0.682102628285
0.678347934919
0.652065081352
0.617855652899
0.645390070922
0.671255736337
0.679182311222
0.665415102211
0.692115143930
0.568627450980
0.664163537756
0.636629119733
0.682937004589
0.689612015019
0.705465164789
0.642469753859
0.658740091781
0.415102211097
0.569879015436
0.673758865248
0.685022945348
0.681685440134
0.666249478515
0.670004171882
0.639549436796
0.641635377555
0.470171047142
0.495619524406
0.550688360451
0.613266583229
0.632874426366
0.651230705048
0.659991656237
0.648727576137
0.666666666667
0.623696287025
0.634125990822
0.561535252399
0.653733833959
0.635377555277
0.644555694618
0.624113475177
0.687526074259
0.659574468085
0.687526074259
0.658322903630
0.630788485607
0.650813516896
0.594910304547
0.691697955778
0.667501042970
0.711305798915
0.700876095119
0.715894868586
0.687526074259
0.692949520234
0.600750938673
0.649144764289
0.585732165207
0.645807259074
0.626616604088
0.683354192741
0.702544847726
0.700458906967
0.692532332082
0.696287025448
0.664580725907
0.687526074259
0.636629119733
0.639966624948
0.648727576137
0.599499374218
0.673758865248
0.691280767626
0.682519816437
0.704630788486
0.695452649145
0.692532332082
0.675844806008
0.642469753859
0.681268251982
0.666249478515
0.728410513141
0.717146433041
0.722569879015
0.695869837297
0.650813516896
0.619524405507
0.644138506466
0.695452649145
0.708802670004
0.705882352941
0.705047976637
0.670004171882
0.680851063830
0.534000834376
0.691280767626
0.694618272841
0.696704213600
0.705882352941
0.620358781811
0.636629119733
0.661243220693
0.686691697956
0.719649561952
0.707551105549
0.722987067167
0.677513558615
0.640383813100
0.579891531081
0.615769712140
0.698790154360
0.699624530663
0.717146433041
0.697121401752
0.712557363371
0.619524405507
0.688777638715
0.598247809762
0.706716729245
0.722987067167
0.670838548185
0.692532332082
0.635377555277
0.687108886108
0.726741760534
0.733833959116
0.722152690864
0.725490196078
0.683354192741
0.614100959533
0.596579057155
0.505632040050
0.674593241552
0.692949520234
0.710471422612
0.710054234460
0.716729244889
0.714226115978
0.633708802670
0.649979140592
0.569879015436
0.651230705048
0.704630788486
0.728410513141
0.705465164789
0.725073007927
0.716312056738
0.708385481852
0.681685440134
0.553191489362
0.622027534418
0.661243220693
0.694618272841
0.690863579474
0.728410513141
0.706299541093
0.714643304130
0.649561952441
0.619941593659
0.630371297455
0.669586983730
0.722152690864
0.723404255319
0.724655819775
0.687108886108
0.704630788486
0.606591572799
0.696704213600
0.687943262411
0.731330830204
0.716312056738
0.742177722153
0.707968293700
0.733833959116
0.670421360033
0.732999582812
0.675010429704
0.750104297038
0.685857321652
0.731330830204
0.690863579474
0.705882352941
0.725907384230
0.717146433041
0.737171464330
0.720066750104
0.703796412182
0.645390070922
0.711305798915
0.738005840634
0.695869837297
0.743012098456
0.710888610763
0.743846474760
0.695869837297
0.695869837297
0.645807259074
0.685857321652
0.696287025448
0.681268251982
0.742594910305
0.725073007927
0.751355861494
0.729244889445
0.728827701293
0.626616604088
0.604922820192
0.687526074259
0.675427617856
0.730496453901
0.700041718815
0.753024614101
0.666249478515
0.730496453901
0.580725907384
0.695869837297
0.727158948686
0.732999582812
0.708385481852
0.733833959116
0.564872757614
0.645390070922
0.683354192741
0.704630788486
0.745098039216
0.735919899875
0.736337088027
0.717980809345
0.672090112641
0.682519816437
0.684188569045
0.731330830204
0.719649561952
0.735502711723
0.682102628285
0.644138506466
0.676261994159
0.695452649145
0.715477680434
0.743429286608
0.717980809345
0.721735502712
0.657488527326
0.721318314560
0.739257405090
0.736337088027
0.711305798915
0.675844806008
0.680851063830
0.687526074259
0.743429286608
0.727158948686
0.722152690864
0.726741760534
0.712140175219
0.730913642053
0.687526074259
0.700041718815
0.657905715478
0.697955778056
0.730496453901
0.663329161452
0.716312056738
0.624113475177
0.732999582812
0.751355861494
0.753858990405
0.736754276179
0.735919899875
0.710888610763
0.751355861494
0.746349603671
0.727993324990
0.735919899875
0.582811848144
0.685022945348
0.724655819775
0.722987067167
0.752607425949
0.760116812683
0.761368377138
0.753858990405
0.761368377138
0.675010429704
0.588652482270
0.634543178974
0.668752607426
0.709637046308
0.737171464330
0.736337088027
0.728827701293
0.725907384230
0.591155611181
0.620358781811
0.658322903630
0.727158948686
0.720483938256
0.736337088027
0.736337088027
0.700876095119
0.670004171882
0.658740091781
0.700041718815
0.755110554860
0.730079265749
0.753024614101
0.622444722570
0.691280767626
0.496453900709
0.680851063830
0.747601168127
0.763037129746
0.747183979975
0.756779307468
0.740508969545
0.713808927826
0.640801001252
0.638297872340
0.727158948686
0.739257405090
0.756362119316
0.750521485190
0.759282436379
0.739674593242
0.735502711723
0.628285356696
0.627450980392
0.656654151022
0.697538589904
0.737588652482
0.755944931164
0.746766791823
0.755110554860
0.743429286608
0.720901126408
0.700876095119
0.685857321652
0.736754276179
0.672924488945
0.762202753442
0.770129328327
0.777638715060
0.780141843972
0.763454317897
0.755944931164
0.619941593659
0.591572799332
0.532332081769
0.591155611181
0.654568210263
0.670838548185
0.690446391322
0.705047976637
0.705465164789
0.709219858156
0.705465164789
0.680016687526
0.650813516896
0.664580725907
0.682102628285
0.747183979975
0.739257405090
0.748435544431
0.742594910305
0.755944931164
0.738423028786
0.767626199416
0.623279098874
0.662494785148
0.557363370880
0.647476011681
0.734668335419
0.740508969545
0.758030871923
0.733416770964
0.727576136838
0.642469753859
0.665415102211
0.651230705048
0.695869837297
0.724238631623
0.744263662912
0.750521485190
0.754276178557
0.744680851064
0.733833959116
0.682519816437
0.658322903630
0.689612015019
0.705047976637
0.728410513141
0.748435544431
0.737171464330
0.727576136838
0.699207342511
0.708385481852
0.724238631623
0.749687108886
0.763454317897
0.745098039216
0.743012098456
0.692532332082
0.711722987067
0.634125990822
0.709219858156
0.744263662912
0.763037129746
0.726741760534
0.754276178557
0.720483938256
0.764288694201
0.733416770964
0.777221526909
0.763871506049
0.785565289946
0.764705882353
0.785148101794
0.747183979975
0.738423028786
0.748018356279
0.680851063830
0.707968293700
0.766791823112
0.739674593242
0.773884021694
0.748435544431
0.763037129746
0.735919899875
0.735085523571
0.731748018356
0.744263662912
0.759282436379
0.699207342511
0.697538589904
0.740926157697
0.712140175219
0.751355861494
0.727993324990
0.781393408427
0.728827701293
0.766791823112
0.715477680434
0.774301209846
0.777221526909
0.778473091364
0.787234042553
0.729244889445
0.728410513141
0.634125990822
0.671255736337
0.690029203171
0.715060492282
0.757196495620
0.755527743012
0.765123070505
0.727993324990
0.758865248227
0.675010429704
0.790571547768
0.768043387568
0.798915310805
0.767209011264
0.762202753442
0.670838548185
0.700041718815
0.718397997497
0.741343345849
0.758865248227
0.792240300375
0.750521485190
0.790154359616
0.755944931164
0.742177722153
0.708802670004
0.775135586149
0.774718397997
0.795577805590
0.744680851064
0.768043387568
0.671255736337
0.655402586567
0.673341677096
0.601585314977
0.619107217355
0.606591572799
0.738005840634
0.727158948686
0.741760534001
0.745932415519
0.759699624531
0.753858990405
0.768043387568
0.731748018356
0.753441802253
0.607008760951
0.740508969545
0.750521485190
0.763454317897
0.756362119316
0.758865248227
0.681685440134
0.682102628285
0.707968293700
0.742594910305
0.748852732582
0.739674593242
0.623279098874
0.719649561952
0.591155611181
0.681268251982
0.678347934919
0.700041718815
0.708385481852
0.727993324990
0.687943262411
0.652899457655
0.622027534418
0.723404255319
0.745515227368
0.759282436379
0.743846474760
0.760951188986
0.682102628285
0.662911973300
0.620358781811
0.713391739675
0.707551105549
0.758865248227
0.758448060075
0.768460575720
0.743012098456
0.754693366708
0.594493116395
0.694201084689
0.720483938256
0.741343345849
0.743012098456
0.750938673342
0.754693366708
0.748018356279
0.717980809345
0.640801001252
0.668335419274
0.719232373801
0.740926157697
0.776387150605
0.778473091364
0.786399666249
0.767626199416
0.787651230705
0.715894868586
0.682937004589
0.530663329161
0.687526074259
0.748435544431
0.758030871923
0.757196495620
0.764288694201
0.752607425949
0.768877763872
0.644138506466
0.664580725907
0.517313308302
0.622027534418
0.738840216938
0.754276178557
0.768460575720
0.765123070505
0.768877763872
0.768043387568
0.766791823112
0.745098039216
0.703796412182
0.635794743429
0.676261994159
0.730913642053
0.767626199416
0.775135586149
0.766374634960
0.759699624531
0.688360450563
0.697955778056
0.670004171882
0.749687108886
0.790154359616
0.760951188986
0.801835627868
0.718815185649
0.770546516479
0.657488527326
0.763037129746
0.780559032123
0.776387150605
0.777221526909
0.769712140175
0.718397997497
0.664997914059
