0.080374753452
0.083826429980
0.084319526627
0.085305719921
0.085305719921
0.085305719921
0.085305719921
0.085305719921
0.086291913215
0.090236686391
0.107001972387
0.133629191321
0.147928994083
0.166666666667
0.201676528600
0.234220907298
0.246548323471
0.254930966469
0.251479289941
0.258382642998
0.260848126233
0.270216962525
0.285502958580
0.300295857988
0.311637080868
0.311143984221
0.306213017751
0.312623274162
0.316568047337
0.251479289941
0.225838264300
0.130670611440
0.106015779093
0.087771203156
0.081854043393
0.079881656805
0.077416173570
0.080867850099
0.081854043393
0.078895463511
0.081854043393
0.085798816568
0.089250493097
0.093688362919
0.093688362919
0.095660749507
0.093195266272
0.087278106509
0.063609467456
0.056213017751
0.052761341223
0.052268244576
0.052268244576
0.052268244576
0.052268244576
0.052268244576
0.052268244576
0.052268244576
0.052268244576
0.052268244576
0.052268244576
0.052268244576
0.052268244576
0.052268244576
0.052268244576
0.053747534517
0.055719921105
0.061637080868
0.074457593688
0.088757396450
0.105029585799
0.114891518738
0.132642998028
0.147928994083
0.163708086785
0.172090729783
0.183431952663
0.190828402367
0.195759368836
0.206114398422
0.204142011834
0.202169625247
0.196252465483
0.200197238659
0.197731755424
0.193786982249
0.188856015779
0.184911242604
0.182445759369
0.181459566075
0.179980276134
0.175542406312
0.172583826430
0.175049309665
0.173570019724
0.172090729783
0.174556213018
0.171104536489
0.171597633136
0.171104536489
0.173570019724
0.174063116371
0.174063116371
0.177021696252
0.180473372781
0.181459566075
0.182938856016
0.188856015779
0.194773175542
0.200197238659
0.207100591716
0.211045364892
0.215483234714
0.223865877712
0.232741617357
0.240631163708
0.250986193294
0.259368836292
0.265779092702
0.281065088757
0.302268244576
0.305719921105
0.294378698225
0.289447731755
0.091222879684
0.225838264300
0.058678500986
0.156311637081
0.220414201183
0.220414201183
0.215976331361
0.216469428008
0.212524654832
0.197731755424
0.159270216963
0.082840236686
0.064595660750
0.062623274162
0.074457593688
0.084812623274
0.141518737673
0.157790927022
0.193293885602
0.212524654832
0.236686390533
0.227810650888
0.219428007890
0.233234714004
0.250000000000
0.257889546351
0.255917159763
0.257396449704
0.257889546351
0.256410256410
0.259861932939
0.261834319527
0.264299802761
0.266272189349
0.266765285996
0.269230769231
0.270216962525
0.272682445759
0.273175542406
0.273175542406
0.270710059172
0.269723865878
0.272189349112
0.270710059172
0.278599605523
0.223372781065
0.280078895464
0.280078895464
0.276627218935
0.283037475345
0.275147928994
0.271203155819
0.251479289941
0.257396449704
0.215976331361
0.223372781065
0.220414201183
0.251479289941
0.229783037475
0.279585798817
0.271696252465
0.265285996055
0.267751479290
0.273175542406
0.281558185404
0.283530571992
0.285996055227
0.289940828402
0.292406311637
0.292406311637
0.295364891519
0.292899408284
0.292406311637
0.291420118343
0.292406311637
0.264299802761
0.261834319527
0.282544378698
0.287475345168
0.293885601578
0.274161735700
0.276134122288
0.285996055227
0.289940828402
0.291420118343
0.292406311637
0.291420118343
0.294871794872
0.296844181460
0.299309664694
0.299802761341
0.299802761341
0.301775147929
0.303254437870
0.303254437870
0.301775147929
0.303254437870
0.306706114398
0.305226824458
0.304733727811
0.310650887574
0.274161735700
0.294378698225
0.272682445759
0.282051282051
0.292406311637
0.303254437870
0.314102564103
0.311637080868
0.307692307692
0.313609467456
0.313116370809
0.320019723866
0.310157790927
0.302761341223
0.277120315582
0.321005917160
0.323964497041
0.323964497041
0.322485207101
0.323471400394
0.325936883629
0.328402366864
0.331360946746
0.332840236686
0.338757396450
0.340729783037
0.341715976331
0.344181459566
0.345660749507
0.347633136095
0.348126232742
0.341715976331
0.329388560158
0.268737672584
0.325936883629
0.330374753452
0.330374753452
0.329388560158
0.333333333333
0.333333333333
0.338757396450
0.341715976331
0.341222879684
0.343195266272
0.342702169625
0.345167652860
0.346153846154
0.344674556213
0.348126232742
0.350098619329
0.346153846154
0.348126232742
0.346153846154
0.348619329389
0.349112426036
0.346153846154
0.334319526627
0.340729783037
0.345660749507
0.343195266272
0.349112426036
0.341715976331
0.348619329389
0.344181459566
0.349605522682
0.345660749507
0.342702169625
0.344181459566
0.338264299803
0.335305719921
0.322978303748
0.316568047337
0.336785009862
0.344181459566
0.347633136095
0.349605522682
0.346646942801
0.351084812623
0.347633136095
0.350591715976
0.351577909270
0.352564102564
0.354536489152
0.355029585799
0.347633136095
0.352071005917
0.322978303748
0.305719921105
0.212524654832
0.181459566075
0.209566074951
0.262820512821
0.303254437870
0.317554240631
0.315581854043
0.324457593688
0.335798816568
0.343195266272
0.347633136095
0.342702169625
0.345660749507
0.345167652860
0.353057199211
0.337278106509
0.351577909270
0.341222879684
0.358481262327
0.354043392505
0.361932938856
0.357495069034
0.366370808679
0.359467455621
0.368343195266
0.363905325444
0.372781065089
0.367357001972
0.378205128205
0.355029585799
0.370808678501
0.337278106509
0.370315581854
0.371794871795
0.380670611440
0.372781065089
0.377218934911
0.337771203156
0.304733727811
0.288461538462
0.276134122288
0.269230769231
0.299309664694
0.328895463511
0.344181459566
0.355522682446
0.354043392505
0.357988165680
0.359467455621
0.352564102564
0.348619329389
0.347140039448
0.353550295858
0.365877712032
0.371301775148
0.370315581854
0.378698224852
0.375739644970
0.389053254438
0.378205128205
0.389053254438
0.372287968442
0.385601577909
0.332840236686
0.316568047337
0.256903353057
0.307199211045
0.351084812623
0.378205128205
0.392504930966
0.397928994083
0.393984220907
0.394970414201
0.393491124260
0.388560157791
0.379191321499
0.381656804734
0.387080867850
0.392011834320
0.388067061144
0.393984220907
0.378698224852
0.386587771203
0.318540433925
0.373767258383
0.324457593688
0.362919132150
0.337771203156
0.412228796844
0.399408284024
0.405818540434
0.393491124260
0.390039447732
0.378205128205
0.383629191321
0.372781065089
0.373767258383
0.364398422091
0.388560157791
0.418639053254
0.413214990138
0.412228796844
0.409763313609
0.417652859961
0.403846153846
0.396942800789
0.339743589744
0.404339250493
0.429487179487
0.419132149901
0.387573964497
0.396449704142
0.411242603550
0.409763313609
0.399408284024
0.382642998028
0.346153846154
0.399408284024
0.429980276134
0.446252465483
0.430966469428
0.418145956607
0.424556213018
0.427021696252
0.432938856016
0.436390532544
0.433925049310
0.439842209073
0.425542406312
0.417652859961
0.351084812623
0.411735700197
0.418639053254
0.423570019724
0.437376725838
0.427514792899
0.441814595661
0.420118343195
0.430473372781
0.392504930966
0.427514792899
0.421104536489
0.438362919132
0.419132149901
0.432445759369
0.418639053254
0.439842209073
0.413708086785
0.449211045365
0.433925049310
0.453155818540
0.439349112426
0.446252465483
0.414694280079
0.386094674556
0.407790927022
0.375246548323
0.409270216963
0.438856015779
0.435897435897
0.434911242604
0.436883629191
0.444773175542
0.423570019724
0.423076923077
0.352071005917
0.392998027613
0.447731755424
0.461538461538
0.444280078895
0.446252465483
0.449211045365
0.447238658777
0.447238658777
0.447238658777
0.426528599606
0.405325443787
0.423570019724
0.469428007890
0.461538461538
0.449704142012
0.447731755424
0.453648915187
0.454635108481
0.467948717949
0.453648915187
0.473865877712
0.354536489152
0.432445759369
0.416666666667
0.484220907298
0.448717948718
0.472386587771
0.442307692308
0.468934911243
0.417652859961
0.454635108481
0.459072978304
0.460059171598
0.464497041420
0.449704142012
0.421104536489
0.412228796844
0.464990138067
0.494575936884
0.466469428008
0.473865877712
0.479783037475
0.488658777120
0.469921104536
0.502958579882
0.396449704142
0.459566074951
0.360946745562
0.457593688363
0.491617357002
0.451676528600
0.494082840237
0.424063116371
0.466469428008
0.455621301775
0.489644970414
0.485207100592
0.474358974359
0.469428007890
0.424063116371
0.420611439842
0.433431952663
0.452662721893
0.498027613412
0.484220907298
0.483234714004
0.492110453649
0.492603550296
0.495069033531
0.492603550296
0.489644970414
0.484714003945
0.420611439842
0.495069033531
0.372781065089
0.465483234714
0.495562130178
0.461538461538
0.475345167653
0.423570019724
0.426528599606
0.462524654832
0.492110453649
0.476824457594
0.488658777120
0.491124260355
0.500000000000
0.488165680473
0.479783037475
0.426528599606
0.403353057199
0.497534516765
0.494082840237
0.498027613412
0.482248520710
0.504930966469
0.456114398422
0.510848126233
0.314102564103
0.421597633136
0.433431952663
0.511341222880
0.513806706114
0.493096646943
0.495562130178
0.489151873767
0.499506903353
0.485700197239
0.444773175542
0.467455621302
0.467948717949
0.481755424063
0.457100591716
0.492110453649
0.468934911243
0.497041420118
0.492110453649
0.504437869822
0.454142011834
0.464497041420
0.456607495069
0.498520710059
0.513313609467
0.507889546351
0.501972386588
0.508875739645
0.502958579882
0.519230769231
0.453155818540
0.465976331361
0.402366863905
0.472879684418
0.529585798817
0.436883629191
0.524654832347
0.403846153846
0.518244575937
0.462524654832
0.525147928994
0.518737672584
0.499506903353
0.510848126233
0.460059171598
0.467455621302
0.465976331361
0.516272189349
0.520216962525
0.509368836292
0.530571992110
0.468934911243
0.515779092702
0.346153846154
0.495069033531
0.515779092702
0.486686390533
0.524654832347
0.493096646943
0.511834319527
0.439842209073
0.428994082840
0.532544378698
0.513806706114
0.519230769231
0.509861932939
0.528106508876
0.505917159763
0.533037475345
0.435897435897
0.529585798817
0.483234714004
0.548323471400
0.512327416174
0.523668639053
0.405325443787
0.473372781065
0.534516765286
0.521696252465
0.526134122288
0.520216962525
0.525641025641
0.532544378698
0.534516765286
0.531558185404
0.535996055227
0.456114398422
0.453155818540
0.470907297830
0.429487179487
0.505917159763
0.497534516765
0.539447731755
0.470414201183
0.542899408284
0.474358974359
0.534023668639
0.521203155819
0.520216962525
0.525147928994
0.455621301775
0.492603550296
0.549802761341
0.502465483235
0.534516765286
0.493589743590
0.547337278107
0.534516765286
0.548816568047
0.540927021696
0.542406311637
0.535502958580
0.449211045365
0.457593688363
0.368343195266
0.541913214990
0.527613412229
0.533530571992
0.520710059172
0.521696252465
0.519230769231
0.543885601578
0.522682445759
0.553747534517
0.466962524655
0.510355029586
0.466469428008
0.519230769231
0.556213017751
0.538954635108
0.559664694280
0.499013806706
0.540927021696
0.335798816568
0.512820512821
0.533037475345
0.563609467456
0.526134122288
0.548323471400
0.468934911243
0.480276134122
0.510848126233
0.545857988166
0.555226824458
0.543885601578
0.546351084813
0.535009861933
0.496548323471
0.480276134122
0.512327416174
0.562130177515
0.551282051282
0.560157790927
0.548816568047
0.565088757396
0.535502958580
0.554240631164
0.488658777120
0.513806706114
0.531065088757
0.507889546351
0.564102564103
0.555719921105
0.576429980276
0.559171597633
0.582347140039
0.507396449704
0.551282051282
0.362426035503
0.431952662722
0.459072978304
0.513313609467
0.547337278107
0.558678500986
0.548323471400
0.550788954635
0.527613412229
0.508875739645
0.420118343195
0.491617357002
0.539940828402
0.571005917160
0.571499013807
0.557692307692
0.566074950690
0.557199211045
0.547337278107
0.455621301775
0.469921104536
0.518737672584
0.527613412229
0.541913214990
0.549802761341
0.537968441815
0.543392504931
0.543885601578
0.553254437870
0.500493096647
0.521696252465
0.537968441815
0.485207100592
0.548323471400
0.577909270217
0.559171597633
0.582840236686
0.529585798817
0.570512820513
0.424063116371
0.435897435897
0.457100591716
0.565581854043
0.528599605523
0.545857988166
0.553254437870
0.562623274162
0.540927021696
0.575443786982
0.530571992110
0.592209072978
0.558678500986
0.591222879684
0.571005917160
0.595167652860
0.573471400394
0.596646942801
0.574457593688
0.561143984221
0.516765285996
0.419132149901
0.570019723866
0.565581854043
0.598619329389
0.542406311637
0.574457593688
0.558185404339
0.557199211045
0.514299802761
0.506903353057
0.593688362919
0.552761341223
0.597140039448
0.571005917160
0.604536489152
0.499013806706
0.590236686391
0.515285996055
0.564595660750
0.558185404339
0.565088757396
0.580867850099
0.539447731755
0.566568047337
0.571499013807
0.567061143984
0.575443786982
0.540433925049
0.578402366864
0.551282051282
0.599605522682
0.583826429980
0.570512820513
0.509861932939
0.520216962525
0.583826429980
0.569033530572
0.616370808679
0.569033530572
0.610453648915
0.473372781065
0.565088757396
0.490631163708
0.556706114398
0.586785009862
0.599112426036
0.568047337278
0.569526627219
0.390532544379
0.461045364892
0.479289940828
0.438362919132
0.473865877712
0.492110453649
0.533037475345
0.576429980276
0.574950690335
0.582840236686
0.581854043393
0.594181459566
0.560157790927
0.544871794872
0.567061143984
0.533530571992
0.587278106509
0.591715976331
0.595167652860
0.597140039448
0.611932938856
0.600098619329
0.610453648915
0.566568047337
0.563609467456
0.472386587771
0.516272189349
0.587278106509
0.531065088757
0.578895463511
0.595660749507
0.598126232742
0.573471400394
0.575936883629
0.501479289941
0.592209072978
0.611932938856
0.599605522682
0.608481262327
0.576923076923
0.550788954635
0.445759368836
0.582840236686
0.592702169625
0.604043392505
0.609467455621
0.589250493097
0.623767258383
0.512820512821
0.592702169625
0.411735700197
0.475838264300
0.558678500986
0.585798816568
0.618836291913
0.612919132150
0.608481262327
0.596153846154
0.568047337278
0.545857988166
0.488165680473
0.626232741617
0.601577909270
0.607495069034
0.607001972387
0.623767258383
0.611932938856
0.624753451677
0.594674556213
0.581854043393
0.557199211045
0.571005917160
0.617850098619
0.627712031558
0.607988165680
0.620315581854
0.574950690335
0.501972386588
0.555719921105
0.607988165680
0.623767258383
0.620808678501
0.606015779093
0.603550295858
0.513313609467
0.521696252465
0.511341222880
0.556213017751
0.610946745562
0.624753451677
0.604536489152
0.630177514793
0.574457593688
0.570019723866
0.421104536489
0.502958579882
0.585305719921
0.589250493097
0.600591715976
0.595660749507
0.593688362919
0.554240631164
0.516765285996
0.531558185404
0.608481262327
0.620315581854
0.601577909270
0.630670611440
0.562130177515
0.600591715976
0.440828402367
0.580374753452
0.630177514793
0.589743589744
0.615877712032
0.614398422091
0.627218934911
0.589743589744
0.607001972387
0.607988165680
0.630177514793
0.639546351085
0.630177514793
0.624753451677
0.587278106509
0.614891518738
0.632149901381
0.649901380671
0.642011834320
0.646449704142
0.630670611440
0.645956607495
0.566074950690
0.620808678501
0.576429980276
0.575936883629
0.654339250493
0.607495069034
0.592702169625
0.486686390533
0.593195266272
0.632149901381
0.526627218935
0.636587771203
0.607988165680
0.641025641026
0.619329388560
0.647435897436
0.627712031558
0.641518737673
0.629191321499
0.653353057199
0.625246548323
0.608481262327
0.611932938856
0.550295857988
0.538461538462
0.593195266272
0.531558185404
0.634615384615
0.659763313609
0.647435897436
0.653846153846
0.612919132150
0.632642998028
0.504437869822
0.654832347140
0.641025641026
0.652366863905
0.634615384615
0.632149901381
0.520216962525
0.558678500986
0.629684418146
0.637080867850
0.656311637081
0.659270216963
0.658777120316
0.647435897436
0.630670611440
0.598619329389
0.625739644970
0.664201183432
0.650887573964
0.662228796844
0.587771203156
0.625739644970
0.601577909270
0.648915187377
0.676528599606
0.654339250493
0.673076923077
0.539940828402
0.559171597633
0.621794871795
0.589250493097
0.618343195266
0.649901380671
0.646942800789
0.650394477318
0.641025641026
0.613412228797
0.576429980276
0.596646942801
0.676035502959
0.651873767258
0.670611439842
0.576429980276
0.656311637081
0.453155818540
0.626232741617
0.659270216963
0.606508875740
0.625246548323
0.539447731755
0.607495069034
0.667159763314
0.677021696252
0.653846153846
0.665187376726
0.589250493097
0.600591715976
0.624260355030
0.615384615385
0.598619329389
0.610453648915
0.663214990138
0.650394477318
0.682445759369
0.664694280079
0.662721893491
0.625739644970
0.602071005917
0.612426035503
0.645956607495
0.622781065089
0.665187376726
0.599605522682
0.674063116371
0.637573964497
0.667159763314
0.623767258383
0.611439842209
0.631163708087
0.654832347140
0.691814595661
0.676035502959
0.686390532544
0.670611439842
0.647928994083
0.575443786982
0.550788954635
0.658284023669
0.679980276134
0.688856015779
0.685897435897
0.680966469428
0.666173570020
0.615877712032
0.466469428008
0.465976331361
0.571005917160
0.614891518738
0.623274161736
0.610946745562
0.640532544379
0.586291913215
0.512327416174
0.400394477318
0.336785009862
0.404339250493
0.498520710059
0.537968441815
0.553254437870
0.563116370809
0.595167652860
0.602071005917
0.606015779093
0.612426035503
0.605029585799
0.594181459566
0.536982248521
0.606508875740
0.618836291913
0.642998027613
0.643491124260
0.643491124260
0.653846153846
0.654339250493
0.662721893491
0.641518737673
0.666666666667
0.374753451677
0.464497041420
0.549802761341
0.595660749507
0.601577909270
0.603057199211
0.609960552268
0.607495069034
0.605522682446
0.600591715976
0.606015779093
0.623274161736
0.622781065089
0.639546351085
0.600098619329
0.586291913215
0.388067061144
0.355522682446
0.505424063116
0.558185404339
0.582840236686
0.601084812623
0.609467455621
0.604536489152
0.603057199211
0.610453648915
0.616370808679
0.623274161736
0.625739644970
0.629191321499
0.493096646943
0.422583826430
0.277613412229
0.302268244576
0.378205128205
0.405325443787
0.416666666667
0.429980276134
0.452662721893
0.482248520710
0.503451676529
0.526627218935
0.535996055227
0.552268244576
0.558185404339
0.582347140039
0.588757396450
0.586291913215
0.557692307692
0.531558185404
0.484714003945
0.553747534517
0.566074950690
0.603057199211
0.601577909270
0.609467455621
0.605522682446
0.617357001972
0.620315581854
0.617850098619
0.609960552268
0.592702169625
0.585305719921
0.601084812623
0.618836291913
0.643491124260
0.618836291913
0.619329388560
0.538954635108
0.592209072978
0.635108481262
0.644477317554
0.641025641026
0.646449704142
0.642011834320
0.657297830375
0.616370808679
0.645956607495
0.484220907298
0.584812623274
0.632642998028
0.665680473373
0.635108481262
0.669132149901
0.607001972387
0.636094674556
0.494082840237
0.597140039448
0.602071005917
0.490631163708
0.540927021696
0.640532544379
0.665187376726
0.652366863905
0.653353057199
0.650887573964
0.665187376726
0.642011834320
0.634615384615
0.575936883629
0.658777120316
0.654339250493
0.675049309665
0.671597633136
0.671597633136
0.661735700197
0.652366863905
0.605522682446
0.583826429980
0.559664694280
0.603550295858
0.641518737673
0.666666666667
0.652859960552
0.670611439842
0.652366863905
0.671597633136
0.585305719921
0.634122287968
0.644970414201
0.648422090730
0.686390532544
0.627712031558
0.674063116371
0.591715976331
0.650887573964
0.631656804734
0.665187376726
0.694773175542
0.669132149901
0.699704142012
0.654339250493
0.678994082840
0.616370808679
0.620315581854
0.665187376726
0.676528599606
0.678007889546
0.661242603550
0.642504930966
0.540433925049
0.584812623274
0.666173570020
0.584812623274
0.663214990138
0.687869822485
0.693786982249
0.686883629191
0.699211045365
0.687376725838
0.666666666667
0.591222879684
0.607988165680
0.669132149901
0.693786982249
0.673570019724
0.692307692308
0.648915187377
0.609960552268
0.605522682446
0.678994082840
0.687869822485
0.670611439842
0.632642998028
0.617357001972
0.611439842209
0.704142011834
0.683431952663
0.700197238659
0.678994082840
0.681459566075
0.545364891519
0.617850098619
0.629684418146
0.669132149901
0.685897435897
0.677021696252
0.655818540434
0.590236686391
0.614398422091
0.682445759369
0.684418145957
0.690335305720
0.701676528600
0.666666666667
0.693786982249
0.473865877712
0.611932938856
0.637080867850
0.682938856016
0.689842209073
0.704635108481
0.693293885602
0.714003944773
0.664201183432
0.690828402367
0.539940828402
0.620808678501
0.674556213018
0.669132149901
0.684418145957
0.693293885602
0.669625246548
0.677514792899
0.641025641026
0.658284023669
0.715483234714
0.692307692308
0.715976331361
0.671104536489
0.692307692308
0.584812623274
0.684418145957
0.710059171598
0.683925049310
0.699211045365
0.579388560158
0.626725838264
0.652859960552
0.644477317554
0.668145956607
0.716469428008
0.698717948718
0.706114398422
0.687869822485
0.662721893491
0.535009861933
0.630670611440
0.688856015779
0.701183431953
0.698224852071
0.704635108481
0.647435897436
0.683925049310
0.587771203156
0.636094674556
0.694280078895
0.647928994083
0.716962524655
0.721893491124
0.725838264300
0.719921104536
0.717455621302
0.659763313609
0.638067061144
0.612426035503
0.586291913215
0.636587771203
0.708579881657
0.697238658777
0.704142011834
0.663214990138
0.672583826430
0.611932938856
0.731262327416
0.722386587771
0.718934911243
0.719428007890
0.705621301775
0.712031558185
0.624260355030
0.710059171598
0.683431952663
0.708086785010
0.702169625247
0.693786982249
0.630670611440
0.725838264300
0.588264299803
0.713510848126
0.716962524655
0.724852071006
0.700690335306
0.586291913215
0.531558185404
0.562623274162
0.671104536489
0.692800788955
0.703648915187
0.710059171598
0.717455621302
0.688362919132
0.646449704142
0.496055226824
0.595660749507
0.662228796844
0.659270216963
0.679980276134
0.678500986193
0.696252465483
0.683925049310
0.720414201183
0.625739644970
0.686390532544
0.571005917160
0.663708086785
0.697238658777
0.651873767258
0.689842209073
0.669132149901
0.721400394477
0.691321499014
0.714990138067
0.645956607495
0.680966469428
0.661735700197
0.687376725838
0.737179487179
0.740138067061
0.734220907298
0.741617357002
0.715976331361
0.729783037475
0.635601577909
0.678007889546
0.674556213018
0.600591715976
0.671104536489
0.745562130178
0.703155818540
0.736193293886
0.725838264300
0.734220907298
0.671104536489
0.710059171598
0.628698224852
0.697238658777
0.611439842209
0.678007889546
0.727810650888
0.696252465483
0.723865877712
0.729289940828
0.735207100592
0.719428007890
0.704635108481
0.690335305720
0.691814595661
0.724358974359
0.749013806706
0.740138067061
0.759368836292
0.665680473373
0.715976331361
0.494082840237
0.610946745562
0.721400394477
0.709072978304
0.728303747535
0.707100591716
0.717948717949
0.633136094675
0.607988165680
0.686883629191
0.709566074951
0.722879684418
0.719428007890
0.690335305720
0.624753451677
0.693786982249
0.729289940828
0.746548323471
0.753451676529
0.744082840237
0.721893491124
0.671597633136
0.613905325444
0.675049309665
0.741617357002
0.741124260355
0.751972386588
0.724852071006
0.737179487179
0.659270216963
0.677021696252
0.669625246548
0.689349112426
0.739151873767
0.713510848126
0.689349112426
0.690335305720
0.729783037475
0.746548323471
0.758875739645
0.760848126233
0.762327416174
0.680473372781
0.685404339250
0.589743589744
0.600591715976
0.679487179487
0.734220907298
0.737179487179
0.731262327416
0.749506903353
0.708086785010
0.707593688363
0.552268244576
0.553747534517
0.688856015779
0.723865877712
0.737179487179
0.734220907298
0.752958579882
0.737672583826
0.754437869822
0.679980276134
0.647928994083
0.662228796844
0.678007889546
0.717948717949
0.748520710059
0.747534516765
0.742110453649
0.751972386588
0.650394477318
0.666173570020
0.646449704142
0.713017751479
0.745069033531
0.755424063116
0.732248520710
0.738658777120
0.681459566075
0.646942800789
0.715483234714
0.714990138067
0.763313609467
0.755917159763
0.767751479290
0.728303747535
0.758875739645
0.693293885602
0.728796844181
0.740631163708
0.720414201183
0.753944773176
0.667652859961
0.747534516765
0.734220907298
0.755424063116
0.757889546351
0.772682445759
0.760355029586
0.723865877712
0.679487179487
0.728796844181
0.730769230769
0.745069033531
0.743096646943
0.748520710059
0.783530571992
0.719921104536
0.752465483235
0.648422090730
0.755917159763
0.718934911243
0.739151873767
0.729289940828
0.778106508876
0.774161735700
0.785996055227
0.708086785010
0.713017751479
0.562623274162
0.700690335306
0.744575936884
0.716962524655
0.773175542406
0.734220907298
0.750493096647
0.692800788955
0.676035502959
0.732741617357
0.746055226824
0.776627218935
0.750000000000
0.732248520710
0.630670611440
0.632149901381
0.738165680473
0.732248520710
0.777613412229
0.751972386588
0.769723865878
0.715976331361
0.732741617357
0.632642998028
0.729289940828
0.755917159763
0.750493096647
0.749506903353
0.676035502959
0.670611439842
0.661735700197
0.733234714004
0.766272189349
0.743589743590
0.761834319527
0.723372781065
0.714003944773
0.718934911243
0.753451676529
0.790433925049
0.714990138067
0.769230769231
0.665680473373
0.767751479290
0.743589743590
0.752465483235
0.751479289941
0.771696252465
0.743096646943
0.771203155819
0.727810650888
0.713510848126
0.682938856016
0.751972386588
0.747041420118
0.740138067061
0.650887573964
0.702662721893
0.768737672584
0.760355029586
0.803254437870
0.754930966469
0.778106508876
0.706607495069
0.767258382643
0.772682445759
0.788954635108
0.713017751479
0.669132149901
0.656804733728
0.707100591716
0.767258382643
0.778599605523
0.788954635108
0.784023668639
0.791913214990
0.752465483235
0.726331360947
0.545364891519
0.647928994083
0.720907297830
0.742110453649
0.754930966469
0.765285996055
0.748027613412
0.757889546351
0.603057199211
0.661242603550
0.687869822485
0.733727810651
0.753944773176
0.743096646943
0.774161735700
0.726331360947
0.721400394477
0.688856015779
0.762327416174
0.773668639053
0.780078895464
0.765779092702
0.719921104536
0.623767258383
0.624260355030
0.720907297830
0.791420118343
0.781558185404
0.786982248521
0.759861932939
0.788461538462
0.683925049310
0.708086785010
0.654832347140
0.775641025641
0.780078895464
0.795364891519
0.785009861933
0.792899408284
0.780078895464
0.743589743590
0.681459566075
0.652859960552
0.687376725838
0.763806706114
0.776134122288
0.781065088757
0.778106508876
0.797337278107
0.761834319527
0.739644970414
0.682445759369
0.722879684418
0.782544378698
0.701183431953
0.788461538462
0.785009861933
0.806213017751
0.794871794872
0.802761341223
0.739644970414
0.709072978304
0.541420118343
0.521696252465
0.662228796844
0.731262327416
0.735207100592
0.748027613412
0.726824457594
0.736193293886
0.726331360947
0.753451676529
0.618343195266
0.734714003945
0.637080867850
0.729783037475
0.759368836292
0.778106508876
0.775641025641
0.776627218935
0.772682445759
0.779092702170
0.759368836292
0.715976331361
0.558185404339
0.648915187377
0.723865877712
0.761341222880
0.764299802761
0.757396449704
0.764792899408
0.732248520710
0.677021696252
0.584319526627
0.635601577909
0.716962524655
0.761834319527
0.773668639053
0.785502958580
0.773668639053
0.790433925049
0.752958579882
0.742110453649
0.660749506903
0.721893491124
0.738658777120
0.756410256410
0.784023668639
0.748027613412
0.781558185404
0.724852071006
0.761341222880
0.773175542406
0.779092702170
0.788461538462
0.770710059172
0.783037475345
0.721400394477
0.752958579882
0.698224852071
0.717948717949
0.796351084813
0.763313609467
0.798816568047
0.731262327416
0.794871794872
0.748027613412
0.793392504931
0.785009861933
0.812130177515
0.812623274162
0.811143984221
0.795364891519
0.779585798817
0.749506903353
0.692307692308
0.746055226824
0.777120315582
0.738165680473
0.809171597633
0.777120315582
0.817554240631
0.762327416174
0.810157790927
0.731262327416
0.790433925049
0.779092702170
0.778106508876
0.752958579882
0.705621301775
0.757889546351
0.770216962525
0.772682445759
0.799802761341
0.732741617357
0.777613412229
0.756410256410
0.764792899408
0.799802761341
0.803254437870
0.820512820513
0.799309664694
0.781065088757
0.738165680473
0.702169625247
0.665187376726
0.765285996055
0.708579881657
0.786489151874
0.799802761341
0.794871794872
0.791420118343
0.757396449704
0.764299802761
0.785009861933
0.828895463511
0.812623274162
0.824950690335
0.764792899408
0.747534516765
0.736193293886
0.757889546351
0.714003944773
0.809171597633
0.786982248521
0.808678500986
0.791420118343
0.791420118343
0.758382642998
0.728796844181
0.790927021696
0.805719921105
0.821992110454
0.792406311637
0.781558185404
0.698224852071
0.725838264300
0.650887573964
0.672583826430
0.697238658777
0.579388560158
0.723865877712
0.777613412229
0.786982248521
0.795364891519
0.787968441815
0.801282051282
0.782544378698
0.802268244576
0.717948717949
0.721893491124
0.672583826430
0.775641025641
0.812623274162
0.784023668639
0.802761341223
0.659270216963
0.735207100592
0.734220907298
0.754930966469
0.767751479290
0.729783037475
0.675542406312
0.698224852071
0.642998027613
0.614891518738
0.701676528600
0.741617357002
0.747534516765
0.720907297830
0.740138067061
0.639546351085
0.699211045365
0.753451676529
0.781065088757
0.778106508876
0.782544378698
0.768244575937
0.735207100592
0.661735700197
0.718441814596
0.728303747535
0.768244575937
0.797337278107
0.788461538462
0.787968441815
0.792406311637
0.732741617357
0.699211045365
0.576923076923
0.693293885602
0.775641025641
0.790433925049
0.793392504931
0.780078895464
0.781065088757
0.720414201183
0.681952662722
0.701676528600
0.731755424063
0.767258382643
0.792899408284
0.802761341223
0.804240631164
0.801775147929
0.811143984221
0.735700197239
0.708086785010
0.511834319527
0.712031558185
0.762820512821
0.779585798817
0.773175542406
0.783037475345
0.785502958580
0.767258382643
0.719428007890
0.668145956607
0.603550295858
0.576923076923
0.741617357002
0.759368836292
0.784516765286
0.787968441815
0.786982248521
0.782051282051
0.795364891519
0.762327416174
0.738165680473
0.668145956607
0.651380670611
0.721893491124
0.782051282051
0.792899408284
0.788954635108
0.782051282051
0.722879684418
0.771696252465
0.715483234714
0.808678500986
0.791420118343
0.821005917160
0.777120315582
0.806213017751
0.691321499014
0.766272189349
0.749506903353
0.806213017751
0.831854043393
0.814102564103
0.816074950690
0.739151873767
0.704142011834
