0.077563768870
0.077563768870
0.074440395627
0.074440395627
0.073919833420
0.073919833420
0.073919833420
0.073919833420
0.073919833420
0.073919833420
0.073919833420
0.073919833420
0.073919833420
0.074440395627
0.075481520042
0.078084331078
0.080687142113
0.085892764185
0.093701197293
0.097865694951
0.106715252473
0.109838625716
0.115044247788
0.124934929724
0.128058302967
0.131181676210
0.134825611661
0.137428422697
0.146277980219
0.151483602290
0.155127537741
0.160853722020
0.164497657470
0.169703279542
0.177511712650
0.187922956793
0.186881832379
0.191046330036
0.201457574180
0.204060385216
0.211868818324
0.214471629360
0.217595002603
0.217595002603
0.220718375846
0.223321186882
0.224362311296
0.229047371161
0.232170744404
0.230609057782
0.236335242061
0.223841749089
0.187402394586
0.104633003644
0.147319104633
0.184799583550
0.206142634045
0.216033315981
0.216033315981
0.221238938053
0.229567933368
0.238938053097
0.241540864133
0.243102550755
0.244143675169
0.246225923998
0.247787610619
0.245705361791
0.247267048412
0.226444560125
0.203539823009
0.113482561166
0.168141592920
0.216033315981
0.220197813639
0.228526808954
0.242061426340
0.244664237376
0.243623112962
0.244143675169
0.244664237376
0.245184799584
0.245705361791
0.246225923998
0.250390421655
0.248308172827
0.242061426340
0.242061426340
0.233211868818
0.154086413326
0.149401353462
0.243623112962
0.238938053097
0.244143675169
0.247267048412
0.245184799584
0.248828735034
0.246746486205
0.247787610619
0.246225923998
0.249869859448
0.249349297241
0.251952108277
0.247787610619
0.247267048412
0.244143675169
0.199895887559
0.179073399271
0.180114523686
0.217074440396
0.246225923998
0.254034357106
0.248308172827
0.248308172827
0.251431546070
0.249349297241
0.242061426340
0.237376366476
0.237896928683
0.195210827694
0.205622071838
0.208745445081
0.234252993233
0.259760541385
0.254554919313
0.257678292556
0.262883914628
0.255596043727
0.235814679854
0.221238938053
0.198334200937
0.234252993233
0.260281103592
0.259760541385
0.259239979178
0.259760541385
0.255596043727
0.245184799584
0.232170744404
0.201978136387
0.219156689224
0.239979177512
0.255596043727
0.263925039042
0.257678292556
0.259760541385
0.233732431026
0.246225923998
0.218115564810
0.237896928683
0.259239979178
0.262363352421
0.267048412285
0.255596043727
0.246225923998
0.233211868818
0.234773555440
0.257157730349
0.264445601249
0.271733472150
0.266527850078
0.269130661114
0.251952108277
0.245705361791
0.233211868818
0.257157730349
0.261842790213
0.267568974492
0.246225923998
0.257157730349
0.235814679854
0.283706402915
0.269651223321
0.278500780843
0.266527850078
0.230609057782
0.220197813639
0.226965122332
0.274856845393
0.267048412285
0.275377407600
0.267568974492
0.279021343050
0.251431546070
0.281103591879
0.266007287871
0.276939094222
0.246225923998
0.261322228006
0.264966163457
0.273815720979
0.280062467465
0.286309213951
0.279021343050
0.278500780843
0.257157730349
0.251431546070
0.265486725664
0.286829776158
0.272254034357
0.292035398230
0.273295158771
0.293076522644
0.271212909943
0.289432587194
0.276418532015
0.287870900573
0.279021343050
0.289432587194
0.275377407600
0.266007287871
0.264445601249
0.275897969807
0.289953149401
0.287350338365
0.302967204581
0.261842790213
0.270692347736
0.274856845393
0.307131702238
0.290994273816
0.295158771473
0.283185840708
0.257678292556
0.267048412285
0.263925039042
0.260281103592
0.263925039042
0.297761582509
0.305570015617
0.302446642374
0.294117647059
0.290994273816
0.253513794898
0.270171785528
0.280583029672
0.308693388860
0.295158771473
0.307652264446
0.277980218636
0.296720458095
0.272254034357
0.307652264446
0.297241020302
0.296199895888
0.272254034357
0.283706402915
0.293597084852
0.287350338365
0.306611140031
0.293597084852
0.312337324310
0.293076522644
0.304008328995
0.288912024987
0.272254034357
0.260281103592
0.290994273816
0.311816762103
0.319625195211
0.308693388860
0.310255075482
0.260801665799
0.264966163457
0.259239979178
0.279021343050
0.293076522644
0.302967204581
0.317542946382
0.305049453410
0.299843831338
0.285788651744
0.280583029672
0.297241020302
0.293076522644
0.311296199896
0.297761582509
0.327433628319
0.313899010932
0.333680374805
0.301926080167
0.309734513274
0.269130661114
0.327954190526
0.306090577824
0.320145757418
0.274336283186
0.261322228006
0.287870900573
0.325871941697
0.323789692868
0.332118688183
0.312857886517
0.321186881832
0.282665278501
0.314419573139
0.316501821968
0.318584070796
0.318063508589
0.295679333680
0.312857886517
0.306611140031
0.319104633004
0.313899010932
0.327433628319
0.269130661114
0.323789692868
0.320145757418
0.323269130661
0.328995314940
0.322748568454
0.331598125976
0.302967204581
0.317542946382
0.301405517959
0.353982300885
0.308172826653
0.347214992192
0.276418532015
0.324830817283
0.285268089537
0.320145757418
0.330557001562
0.318584070796
0.320666319625
0.326392503904
0.320666319625
0.340968245705
0.316501821968
0.349817803227
0.316501821968
0.346694429984
0.314940135346
0.327954190526
0.314940135346
0.283185840708
0.327954190526
0.335242061426
0.335762623634
0.357105674128
0.338365434669
0.350858927642
0.333159812598
0.285268089537
0.311816762103
0.301405517959
0.346173867777
0.337844872462
0.368558042686
0.342009370120
0.365434669443
0.312337324310
0.339927121291
0.337324310255
0.339927121291
0.336803748048
0.306090577824
0.361270171786
0.341488807913
0.376887038001
0.320666319625
0.335242061426
0.273295158771
0.311816762103
0.347214992192
0.343571056741
0.366475793857
0.350338365435
0.365955231650
0.325351379490
0.317022384175
0.338365434669
0.363872982821
0.351379489849
0.354502863092
0.341488807913
0.346173867777
0.361270171786
0.351379489849
0.357626236335
0.312857886517
0.327954190526
0.268610098907
0.293076522644
0.352420614263
0.352941176471
0.371160853722
0.348256116606
0.372722540344
0.331077563769
0.359187922957
0.345653305570
0.375325351379
0.365955231650
0.318584070796
0.322748568454
0.312857886517
0.355543987507
0.360749609578
0.369599167100
0.355543987507
0.356064549714
0.297241020302
0.330557001562
0.353461738678
0.369599167100
0.349817803227
0.366996356065
0.329515877147
0.387298282145
0.340968245705
0.364393545029
0.319104633004
0.341488807913
0.380010411244
0.360229047371
0.383654346694
0.323789692868
0.349297241020
0.340447683498
0.390421655388
0.377928162415
0.372201978136
0.384695471109
0.310775637689
0.356585111921
0.342529932327
0.367516918272
0.375845913587
0.368558042686
0.376366475794
0.369599167100
0.356064549714
0.342529932327
0.362311296200
0.350338365435
0.365955231650
0.360749609578
0.381572097866
0.366475793857
0.391983342009
0.371160853722
0.387298282145
0.298802706923
0.298282144716
0.321707444040
0.327954190526
0.368558042686
0.365955231650
0.400832899531
0.356064549714
0.391462779802
0.312857886517
0.356064549714
0.376366475794
0.403956272775
0.381051535659
0.392503904217
0.353461738678
0.359708485164
0.348776678813
0.376366475794
0.374284226965
0.376366475794
0.319104633004
0.339406559084
0.337844872462
0.371160853722
0.377407600208
0.402394586153
0.376366475794
0.408641332639
0.337844872462
0.349817803227
0.378448724623
0.396668401874
0.407079646018
0.398750650703
0.405517959396
0.342529932327
0.363352420614
0.323269130661
0.317542946382
0.351379489849
0.363872982821
0.415408641333
0.365955231650
0.409161894846
0.355543987507
0.396147839667
0.363872982821
0.393545028631
0.369599167100
0.356064549714
0.379489849037
0.365955231650
0.415408641333
0.366475793857
0.395627277460
0.358667360750
0.377407600208
0.389380530973
0.376887038001
0.413326392504
0.359708485164
0.409161894846
0.334721499219
0.406559083811
0.360229047371
0.421134825612
0.358667360750
0.395627277460
0.324310255075
0.355023425299
0.411764705882
0.399791775117
0.395627277460
0.389901093181
0.363352420614
0.394586153045
0.370640291515
0.419052576783
0.372201978136
0.424778761062
0.366475793857
0.396668401874
0.376366475794
0.403435710567
0.401874023946
0.392503904217
0.397188964081
0.359187922957
0.333680374805
0.331598125976
0.381051535659
0.429463820927
0.393545028631
0.434669442998
0.343571056741
0.390421655388
0.357626236335
0.379489849037
0.413326392504
0.394065590838
0.418532014576
0.382092660073
0.406038521603
0.358667360750
0.399791775117
0.398230088496
0.400312337324
0.415408641333
0.356064549714
0.383654346694
0.378969286830
0.391983342009
0.408641332639
0.409682457054
0.431546069755
0.360229047371
0.347214992192
0.339406559084
0.442998438313
0.387298282145
0.444039562728
0.381051535659
0.415408641333
0.368558042686
0.416970327954
0.392503904217
0.368037480479
0.368037480479
0.357105674128
0.449245184800
0.392503904217
0.440395627277
0.376887038001
0.396668401874
0.377928162415
0.434148880791
0.401353461739
0.436751691827
0.389380530973
0.370640291515
0.344091618948
0.403435710567
0.403956272775
0.412805830297
0.387818844352
0.402394586153
0.375325351379
0.423217074440
0.412805830297
0.447683498178
0.411244143675
0.451327433628
0.378448724623
0.410203019261
0.355023425299
0.393545028631
0.416449765747
0.423217074440
0.403435710567
0.379489849037
0.348776678813
0.412285268090
0.404997397189
0.448724622592
0.386257157730
0.406038521603
0.357626236335
0.437272254034
0.381572097866
0.438833940656
0.386257157730
0.402394586153
0.411764705882
0.429984383134
0.433628318584
0.419052576783
0.435710567413
0.389901093181
0.432587194170
0.408120770432
0.385736595523
0.373763664758
0.373763664758
0.450286309214
0.413326392504
0.460176991150
0.406559083811
0.427381572098
0.376366475794
0.390421655388
0.427381572098
0.433628318584
0.455491931286
0.400832899531
0.420093701197
0.359708485164
0.425299323269
0.420093701197
0.418011452369
0.446121811556
0.396668401874
0.437792816242
0.393024466424
0.453930244664
0.411764705882
0.452889120250
0.409682457054
0.446642373764
0.409682457054
0.437272254034
0.419052576783
0.404476834982
0.424778761062
0.359187922957
0.441436751692
0.393024466424
0.424778761062
0.425299323269
0.423737636648
0.420093701197
0.431546069755
0.421134825612
0.452368558043
0.398230088496
0.446121811556
0.401874023946
0.466423737637
0.407079646018
0.453409682457
0.377407600208
0.407600208225
0.398750650703
0.453409682457
0.434148880791
0.441436751692
0.433107756377
0.401353461739
0.432066631963
0.398230088496
0.450806871421
0.434669442998
0.461738677772
0.432066631963
0.431025507548
0.377407600208
0.426861009891
0.454450806871
0.453409682457
0.453930244664
0.415408641333
0.418532014576
0.437272254034
0.419573138990
0.459135866736
0.408641332639
0.452889120250
0.394586153045
0.424778761062
0.437272254034
0.433107756377
0.477876106195
0.377407600208
0.396147839667
0.389901093181
0.470588235294
0.443519000521
0.482040603852
0.438833940656
0.467464862051
0.407600208225
0.447162935971
0.411764705882
0.474752732952
0.427902134305
0.463820926601
0.404997397189
0.407079646018
0.382092660073
0.456012493493
0.440916189485
0.467985424258
0.391983342009
0.445601249349
0.428422696512
0.470067673087
0.442477876106
0.436751691827
0.373243102551
0.431025507548
0.428943258719
0.468505986465
0.458094742322
0.470588235294
0.430504945341
0.459656428943
0.384695471109
0.464341488808
0.435190005206
0.469026548673
0.407600208225
0.393024466424
0.398750650703
0.468505986465
0.450286309214
0.473191046330
0.415408641333
0.390942217595
0.435190005206
0.454971369079
0.451327433628
0.483602290474
0.403435710567
0.421655387819
0.384695471109
0.409682457054
0.445080687142
0.470588235294
0.455491931286
0.460697553358
0.438313378449
0.433628318584
0.438313378449
0.468505986465
0.460176991150
0.474232170744
0.442998438313
0.434669442998
0.421134825612
0.453409682457
0.484122852681
0.435710567413
0.453409682457
0.349297241020
0.408641332639
0.471108797501
0.466423737637
0.467985424258
0.437272254034
0.471629359708
0.433107756377
0.469026548673
0.432587194170
0.462779802186
0.425819885476
0.461738677772
0.434669442998
0.463300364394
0.437792816242
0.467985424258
0.436751691827
0.470588235294
0.438833940656
0.464341488808
0.438313378449
0.459656428943
0.454450806871
0.441957313899
0.459135866736
0.418011452369
0.447683498178
0.400832899531
0.471629359708
0.448204060385
0.502342529932
0.445080687142
0.457053617907
0.397188964081
0.394065590838
0.457053617907
0.454450806871
0.472670484123
0.441957313899
0.453930244664
0.433107756377
0.474752732952
0.452368558043
0.492451847996
0.441436751692
0.479958355023
0.419573138990
0.475793857366
0.451327433628
0.476834981780
0.447683498178
0.454971369079
0.436231129620
0.448204060385
0.435710567413
0.481520041645
0.427902134305
0.477355543988
0.442477876106
0.474752732952
0.461738677772
0.459656428943
0.453930244664
0.453930244664
0.485163977095
0.456533055700
0.490369599167
0.423217074440
0.477355543988
0.440395627277
0.503383654347
0.442477876106
0.460697553358
0.424258198855
0.443519000521
0.456533055700
0.461218115565
0.487766788131
0.442998438313
0.466423737637
0.380530973451
0.446642373764
0.482040603852
0.479437792816
0.492972410203
0.474752732952
0.472149921916
0.457053617907
0.446121811556
0.464341488808
0.494013534617
0.466944299844
0.488287350338
0.394065590838
0.439875065070
0.436751691827
0.458094742322
0.475273295159
0.465903175429
0.478917230609
0.466944299844
0.476834981780
0.457574180115
0.478917230609
0.431025507548
0.454450806871
0.423737636648
0.470067673087
0.452368558043
0.470588235294
0.465382613222
0.496616345653
0.472670484123
0.499739718896
0.432066631963
0.469026548673
0.422696512233
0.482040603852
0.489849036960
0.484122852681
0.458615304529
0.453930244664
0.437272254034
0.493492972410
0.450806871421
0.478396668402
0.439354502863
0.488807912546
0.457053617907
0.473191046330
0.452889120250
0.480999479438
0.427381572098
0.489849036960
0.458615304529
0.499739718896
0.464862051015
0.459135866736
0.446121811556
0.440395627277
0.471629359708
0.477355543988
0.487766788131
0.479958355023
0.478917230609
0.464862051015
0.492972410203
0.460176991150
0.509630400833
0.449765747007
0.496616345653
0.412805830297
0.471629359708
0.474232170744
0.500260281104
0.493492972410
0.484643414888
0.449245184800
0.398750650703
0.477876106195
0.498178032275
0.488807912546
0.497657470068
0.453409682457
0.475273295159
0.471108797501
0.510671525247
0.496095783446
0.508589276419
0.459135866736
0.471629359708
0.444039562728
0.493492972410
0.498698594482
0.495575221239
0.497136907860
0.464862051015
0.458615304529
0.478396668402
0.485684539302
0.500260281104
0.471629359708
0.492451847996
0.439354502863
0.496616345653
0.441957313899
0.494534096825
0.453409682457
0.505986465383
0.457053617907
0.503383654347
0.467985424258
0.504945340968
0.473711608537
0.484122852681
0.452889120250
0.454971369079
0.443519000521
0.496616345653
0.467985424258
0.496616345653
0.465903175429
0.503904216554
0.431546069755
0.480478917231
0.479958355023
0.515877147319
0.497657470068
0.490890161374
0.460176991150
0.509630400833
0.480999479438
0.512753774076
0.482561166059
0.479958355023
0.476834981780
0.451327433628
0.524206142634
0.469547110880
0.511192087454
0.448724622592
0.489849036960
0.472149921916
0.492972410203
0.460697553358
0.441436751692
0.447162935971
0.433628318584
0.491410723581
0.499739718896
0.521603331598
0.488287350338
0.488287350338
0.438313378449
0.480478917231
0.508068714211
0.520041644977
0.511192087454
0.511192087454
0.490369599167
0.472670484123
0.436751691827
0.480999479438
0.460176991150
0.506507027590
0.484122852681
0.483602290474
0.475793857366
0.454971369079
0.510671525247
0.485684539302
0.525767829256
0.477876106195
0.513274336283
0.444039562728
0.472149921916
0.464341488808
0.471629359708
0.502342529932
0.497657470068
0.515356585112
0.467985424258
0.498698594482
0.438833940656
0.505465903175
0.508589276419
0.509109838626
0.520041644977
0.492972410203
0.490890161374
0.490369599167
0.454971369079
0.487246225924
0.444560124935
0.495054659032
0.511192087454
0.489849036960
0.493492972410
0.448724622592
0.479437792816
0.458615304529
0.507548152004
0.509109838626
0.518479958355
0.515877147319
0.497136907860
0.466423737637
0.433107756377
0.500260281104
0.527329515877
0.510150963040
0.531494013535
0.467464862051
0.496095783446
0.440395627277
0.519521082769
0.519000520562
0.518479958355
0.492972410203
0.474232170744
0.487766788131
0.502863092140
0.514315460698
0.516918271733
0.462259239979
0.451327433628
0.421655387819
0.519000520562
0.433107756377
0.460176991150
0.462259239979
0.496095783446
0.527329515877
0.513274336283
0.528370640292
0.489849036960
0.493492972410
0.454450806871
0.535658511192
0.501821967725
0.524206142634
0.493492972410
0.509630400833
0.465382613222
0.515356585112
0.465382613222
0.493492972410
0.439354502863
0.517959396148
0.520562207184
0.540343571057
0.521082769391
0.524206142634
0.480478917231
0.486725663717
0.487246225924
0.524206142634
0.494013534617
0.479958355023
0.468505986465
0.515356585112
0.491931285789
0.513794898490
0.466423737637
0.467464862051
0.517438833941
0.530452889120
0.545028630921
0.499739718896
0.516918271733
0.447683498178
0.522644456012
0.499219156689
0.459135866736
0.482561166059
0.462259239979
0.508589276419
0.512753774076
0.511192087454
0.507548152004
0.489328474753
0.504424778761
0.508068714211
0.515877147319
0.523685580427
0.471629359708
0.495575221239
0.470588235294
0.520041644977
0.512753774076
0.533576262363
0.496095783446
0.526288391463
0.488287350338
0.526808953670
0.507548152004
0.494013534617
0.511712649662
0.496095783446
0.516918271733
0.477876106195
0.500260281104
0.494013534617
0.513274336283
0.515356585112
0.516918271733
0.507548152004
0.511712649662
0.490890161374
0.516397709526
0.522644456012
0.535658511192
0.523165018220
0.527329515877
0.499739718896
0.507548152004
0.501821967725
0.509109838626
0.505465903175
0.492451847996
0.478917230609
0.537740760021
0.519521082769
0.528370640292
0.453930244664
0.482040603852
0.511712649662
0.537220197814
0.492451847996
0.497136907860
0.473711608537
0.538261322228
0.528891202499
0.502863092140
0.483602290474
0.423217074440
0.524726704841
0.537220197814
0.551275377408
0.527850078084
0.535137948985
0.467464862051
0.500780843311
0.495054659032
0.538261322228
0.531494013535
0.538261322228
0.505986465383
0.477355543988
0.481520041645
0.500780843311
0.481520041645
0.549713690786
0.538781884435
0.551275377408
0.528370640292
0.515356585112
0.481520041645
0.525767829256
0.516397709526
0.557522123894
0.503904216554
0.521603331598
0.425299323269
0.512233211869
0.545549193129
0.514836022905
0.520562207184
0.476314419573
0.524206142634
0.509109838626
0.542425819885
0.488807912546
0.535137948985
0.494013534617
0.538781884435
0.494013534617
0.537220197814
0.495575221239
0.553357626236
0.521603331598
0.541384695471
0.517959396148
0.487246225924
0.501821967725
0.500780843311
0.540343571057
0.534096824571
0.542946382093
0.522123893805
0.522644456012
0.497657470068
0.521082769391
0.522123893805
0.498178032275
0.533576262363
0.505465903175
0.547110879750
0.529411764706
0.545028630921
0.533055700156
0.526288391463
0.513794898490
0.482040603852
0.513274336283
0.526288391463
0.549713690786
0.539823008850
0.528370640292
0.501301405518
0.512753774076
0.500780843311
0.536699635606
0.481520041645
0.560124934930
0.508068714211
0.565851119209
0.510671525247
0.548672566372
0.505986465383
0.505986465383
0.483081728267
0.489328474753
0.511192087454
0.541905257678
0.551275377408
0.542425819885
0.524726704841
0.499739718896
0.508068714211
0.500780843311
0.546069755336
0.534617386778
0.533055700156
0.536699635606
0.542946382093
0.548672566372
0.550754815200
0.545549193129
0.542425819885
0.539823008850
0.526288391463
0.534096824571
0.497657470068
0.518479958355
0.467464862051
0.527329515877
0.543466944300
0.518479958355
0.517959396148
0.503904216554
0.561166059344
0.539302446642
0.562727745966
0.509630400833
0.514315460698
0.502342529932
0.554919312858
0.542946382093
0.545028630921
0.438313378449
0.501301405518
0.524726704841
0.564289432587
0.557001561687
0.543987506507
0.483602290474
0.498178032275
0.511192087454
0.543987506507
0.555960437272
0.534617386778
0.543466944300
0.520041644977
0.555439875065
0.546069755336
0.566892243623
0.505986465383
0.519521082769
0.514315460698
0.551275377408
0.571577303488
0.538261322228
0.532014575742
0.471629359708
0.509109838626
0.551795939615
0.547631441957
0.561686621551
0.523165018220
0.523165018220
0.526288391463
0.541384695471
0.541905257678
0.521603331598
0.518479958355
0.498178032275
0.542425819885
0.502342529932
0.569495054659
0.521603331598
0.565330557002
0.531494013535
0.537740760021
0.497136907860
0.490369599167
0.504424778761
0.568453930245
0.570015616866
0.574180114524
0.560645497137
0.507548152004
0.518479958355
0.503383654347
0.536699635606
0.560124934930
0.543987506507
0.534096824571
0.519000520562
0.543987506507
0.566371681416
0.578344612181
0.578344612181
0.580426861010
0.535137948985
0.533055700156
0.471629359708
0.520562207184
0.533576262363
0.561166059344
0.575741801145
0.551795939615
0.548672566372
0.542425819885
0.537220197814
0.536699635606
0.448724622592
0.540864133264
0.553357626236
0.573138990109
0.520041644977
0.515356585112
0.495575221239
0.572618427902
0.568453930245
0.514836022905
0.505465903175
0.495054659032
0.566371681416
0.574700676731
0.574700676731
0.539823008850
0.518479958355
0.510150963040
0.539823008850
0.567933368037
0.542946382093
0.559083810515
0.493492972410
0.547110879750
0.543466944300
0.575221238938
0.535658511192
0.544508068714
0.512233211869
0.559083810515
0.579385736596
0.557001561687
0.549193128579
0.498178032275
0.541384695471
0.570536179073
0.565851119209
0.566371681416
0.438313378449
0.465903175429
0.532535137949
0.566892243623
0.563248308173
0.564289432587
0.531494013535
0.516397709526
0.545028630921
0.569495054659
0.580947423217
0.564809994794
0.553878188444
0.502863092140
0.559083810515
0.548672566372
0.567933368037
0.517438833941
0.516918271733
0.523165018220
0.591879229568
0.562207183758
0.579906298803
0.479958355023
0.540864133264
0.590317542946
0.557001561687
0.572618427902
0.515356585112
0.540864133264
0.533055700156
0.586153045289
0.553878188444
0.550234252993
0.520562207184
0.565851119209
0.566371681416
0.598125976054
0.556480999479
0.567412805830
0.509109838626
0.543987506507
0.557522123894
0.539823008850
0.541905257678
0.516918271733
0.562727745966
0.573138990109
0.562727745966
0.559083810515
0.506507027590
0.566371681416
0.557522123894
0.575741801145
0.544508068714
0.532535137949
0.496616345653
0.515356585112
0.579385736596
0.550234252993
0.589796980739
0.522644456012
0.562207183758
0.516918271733
0.584070796460
0.564809994794
0.588755856325
0.505465903175
0.556480999479
0.561686621551
0.562727745966
0.585632483082
0.539823008850
0.545028630921
0.517438833941
0.601249349297
0.577824049974
0.581988547631
0.539823008850
0.487246225924
0.564809994794
0.581988547631
0.585632483082
0.563768870380
0.548672566372
0.541905257678
0.559083810515
0.567933368037
0.530973451327
0.541905257678
0.594482040604
0.571056741281
0.591358667361
0.492451847996
0.524206142634
0.537220197814
0.556480999479
0.570536179073
0.570536179073
0.578865174388
0.561166059344
0.567933368037
0.549193128579
0.545549193129
0.556480999479
0.558563248308
0.558563248308
0.576782925560
0.553878188444
0.572097865695
0.512753774076
0.574180114524
0.562727745966
0.589276418532
0.553357626236
0.587194169703
0.531494013535
0.579906298803
0.541384695471
0.569495054659
0.524206142634
0.549713690786
0.529411764706
0.574700676731
0.554919312858
0.601249349297
0.568453930245
0.606975533576
0.567933368037
0.599687662676
0.566892243623
0.582509109839
0.541905257678
0.508068714211
0.554919312858
0.556480999479
0.587714731910
0.537740760021
0.542425819885
0.541905257678
0.581467985424
0.588755856325
0.589796980739
0.574700676731
0.583029672046
0.548672566372
0.568974492452
0.514836022905
0.546590317543
0.563768870380
0.595523165018
0.558563248308
0.543987506507
0.566892243623
0.599687662676
0.591879229568
0.567412805830
0.574180114524
0.511712649662
0.600208224883
0.588235294118
0.619989588756
0.557001561687
0.543466944300
0.487766788131
0.532535137949
0.560124934930
0.600208224883
0.579385736596
0.597084851640
0.549193128579
0.589796980739
0.538261322228
0.598125976054
0.580947423217
0.601769911504
0.596564289433
0.567412805830
0.560645497137
0.503383654347
0.602811035919
0.625715773035
0.567412805830
0.538261322228
0.490369599167
0.557001561687
0.572618427902
0.572097865695
0.567933368037
0.566371681416
0.587194169703
0.569495054659
0.558042686101
0.563248308173
0.593440916189
0.608537220198
0.571577303488
0.558563248308
0.500780843311
0.585111920875
0.599687662676
0.562207183758
0.550754815200
0.481520041645
0.580947423217
0.610098906819
0.605413846955
0.592920353982
0.565851119209
0.563248308173
0.568974492452
0.587194169703
0.599167100469
0.575741801145
0.568974492452
0.557522123894
0.592399791775
0.563248308173
0.599167100469
0.559604372723
0.600208224883
0.572618427902
0.621551275377
0.568453930245
0.597605413847
0.524206142634
0.565330557002
0.587714731910
0.601249349297
0.573138990109
0.558042686101
0.518479958355
0.621030713170
0.618948464341
0.622071837585
0.555439875065
0.501821967725
0.435190005206
0.535658511192
0.533055700156
0.602290473712
0.596043727225
0.597084851640
0.572618427902
0.518479958355
0.554919312858
0.591358667361
0.611660593441
0.611660593441
0.586153045289
0.584070796460
0.541905257678
0.562727745966
0.579906298803
0.602290473712
0.606975533576
0.548152004164
0.598125976054
0.589276418532
0.617386777720
0.588235294118
0.527850078084
0.511712649662
0.532535137949
0.616345653306
0.609578344612
0.624154086413
0.585632483082
0.583550234253
0.509630400833
0.579906298803
0.572618427902
0.623112961999
0.597084851640
0.605934409162
0.529932326913
0.570015616866
0.558563248308
0.609578344612
0.610619469027
0.605934409162
0.591879229568
0.556480999479
0.553878188444
0.589796980739
0.619989588756
0.623112961999
0.587714731910
0.587714731910
0.539823008850
0.612181155648
0.606975533576
0.602290473712
0.520562207184
0.553878188444
0.529932326913
0.595523165018
0.573659552317
0.623112961999
0.572618427902
0.616866215513
0.570015616866
0.606975533576
0.590838105154
0.589276418532
0.586153045289
0.600728787090
0.597605413847
0.596564289433
0.571056741281
0.560645497137
0.575221238938
0.605413846955
0.616345653306
0.560124934930
0.568453930245
0.515356585112
0.592920353982
0.602290473712
0.612181155648
0.586673607496
0.568453930245
0.533055700156
0.583029672046
0.623112961999
0.621551275377
0.616345653306
0.599167100469
0.575741801145
0.576262363352
0.605413846955
0.633524206143
0.585632483082
0.583550234253
0.497657470068
0.581988547631
0.637168141593
0.601769911504
0.630921395107
0.566892243623
0.613742842270
0.583029672046
0.592399791775
0.555439875065
0.570015616866
0.601769911504
0.589276418532
0.573138990109
0.570015616866
0.586153045289
0.609057782405
0.613222280062
0.573138990109
0.599687662676
0.626236335242
0.612181155648
0.620510150963
0.504424778761
0.589276418532
0.595002602811
0.633524206143
0.578865174388
0.589796980739
0.523685580427
0.604372722540
0.637688703800
0.606454971369
0.617907339927
0.550234252993
0.596564289433
0.598125976054
0.626756897449
0.568453930245
0.546590317543
0.553878188444
0.621551275377
0.643414888079
0.601249349297
0.558042686101
0.518479958355
0.619989588756
0.630400832900
0.644976574701
0.611140031234
0.611660593441
0.577303487767
0.600728787090
0.598646538261
0.551275377408
0.552316501822
0.617386777720
0.633524206143
0.634044768350
0.534617386778
0.600208224883
0.570536179073
0.636127017179
0.625195210828
0.604372722540
0.523685580427
0.557522123894
0.624154086413
0.642373763665
0.649661634565
0.621551275377
0.620510150963
0.537220197814
0.611140031234
0.617907339927
0.610619469027
0.595523165018
0.573659552317
0.603852160333
0.601769911504
0.636647579386
0.560645497137
0.584070796460
0.580947423217
0.624674648621
0.640812077043
0.575741801145
0.605413846955
0.568453930245
0.632483081728
0.611140031234
0.600208224883
0.581467985424
0.581467985424
0.611140031234
0.621030713170
0.625715773035
0.622071837585
0.606975533576
0.571577303488
0.622071837585
0.613222280062
0.629359708485
0.561686621551
0.546590317543
0.561166059344
0.589796980739
0.644976574701
0.603852160333
0.604893284748
0.568453930245
0.632483081728
0.624674648621
0.639770952629
0.619989588756
0.606454971369
0.616866215513
0.571056741281
0.619469026549
0.603852160333
0.588755856325
0.599167100469
0.609578344612
0.632483081728
0.579906298803
0.599167100469
0.584070796460
0.642894325872
0.626756897449
0.608016657991
0.581467985424
0.596564289433
0.639770952629
0.589796980739
0.614263404477
0.533055700156
0.608016657991
0.618948464341
0.627277459656
0.633003643935
0.586673607496
0.614263404477
0.580947423217
0.650702758980
0.608537220198
0.586153045289
0.587714731910
0.619989588756
0.648620510151
0.623112961999
0.633524206143
0.578865174388
0.638209266007
0.619989588756
0.647579385737
0.605934409162
0.619989588756
0.575741801145
0.642373763665
0.656428943259
0.580947423217
0.578344612181
0.514836022905
0.640291514836
0.645497136908
0.625195210828
0.588235294118
0.583550234253
0.638729828214
0.646538261322
0.613222280062
0.617386777720
0.589796980739
0.603331598126
0.619989588756
0.628318584071
0.595002602811
0.622592399792
0.584591358667
0.645497136908
0.590317542946
0.603331598126
0.560645497137
0.602811035919
0.640812077043
0.644456012493
0.637168141593
0.623633524206
0.604372722540
0.617386777720
0.628318584071
0.629359708485
0.603331598126
0.586673607496
0.530452889120
0.640291514836
0.642894325872
0.622592399792
0.608537220198
0.568453930245
0.646538261322
0.652264445601
0.655908381052
0.634044768350
0.587194169703
0.613222280062
0.619469026549
0.674128058303
0.642894325872
0.621030713170
0.549713690786
0.530973451327
0.638729828214
0.628839146278
0.644456012493
0.599167100469
0.595523165018
0.621551275377
0.644456012493
0.643414888079
0.630400832900
0.596564289433
0.634044768350
0.582509109839
0.633003643935
0.587194169703
0.626756897449
0.591879229568
0.627798021864
0.664237376366
0.637168141593
0.649661634565
0.588235294118
0.642373763665
0.619989588756
