0.097172236504
0.096143958869
0.092030848329
0.092544987147
0.092030848329
0.092544987147
0.092544987147
0.092544987147
0.092544987147
0.092544987147
0.092544987147
0.092544987147
0.092544987147
0.092544987147
0.093059125964
0.095115681234
0.097686375321
0.104370179949
0.108483290488
0.116195372751
0.124421593830
0.133161953728
0.136246786632
0.141902313625
0.146015424165
0.150128534704
0.148586118252
0.150128534704
0.148071979434
0.152185089974
0.155784061697
0.157840616967
0.159897172237
0.166066838046
0.166580976864
0.167095115681
0.172750642674
0.178406169666
0.184061696658
0.192287917738
0.195372750643
0.200000000000
0.200000000000
0.198971722365
0.201028277635
0.204627249357
0.205141388175
0.208226221080
0.207712082262
0.210796915167
0.210796915167
0.219023136247
0.165552699229
0.094087403599
0.171722365039
0.190745501285
0.199485861183
0.202570694087
0.205141388175
0.207197943445
0.220565552699
0.223650385604
0.223650385604
0.226735218509
0.226735218509
0.228277634961
0.228791773779
0.223650385604
0.228277634961
0.221079691517
0.182005141388
0.099742930591
0.203598971722
0.224164524422
0.218508997429
0.212339331620
0.220565552699
0.226735218509
0.228277634961
0.231362467866
0.230848329049
0.230334190231
0.227249357326
0.228791773779
0.231362467866
0.233419023136
0.236503856041
0.232390745501
0.215938303342
0.148071979434
0.151670951157
0.241645244216
0.226735218509
0.228277634961
0.230848329049
0.231876606684
0.232904884319
0.235989717224
0.239588688946
0.242159383033
0.243701799486
0.242159383033
0.245758354756
0.243701799486
0.246272493573
0.234447300771
0.208226221080
0.167609254499
0.172750642674
0.240616966581
0.237017994859
0.242159383033
0.242673521851
0.251928020566
0.248329048843
0.251413881748
0.251928020566
0.234447300771
0.232390745501
0.201542416452
0.197429305913
0.218508997429
0.223136246787
0.244215938303
0.250385604113
0.249871465296
0.251928020566
0.246272493573
0.242159383033
0.209254498715
0.205655526992
0.228277634961
0.251928020566
0.259125964010
0.262210796915
0.268380462725
0.257583547558
0.248329048843
0.228791773779
0.210796915167
0.210796915167
0.247814910026
0.249871465296
0.261696658098
0.255526992288
0.254498714653
0.241131105398
0.229305912596
0.227249357326
0.234961439589
0.253470437018
0.268380462725
0.259125964010
0.269922879177
0.242673521851
0.242159383033
0.231362467866
0.267866323907
0.261182519280
0.276606683805
0.269408740360
0.278663239075
0.249871465296
0.251413881748
0.238560411311
0.266838046272
0.263239074550
0.276606683805
0.250385604113
0.255012853470
0.247300771208
0.270951156812
0.276606683805
0.282776349614
0.276606683805
0.246272493573
0.219537275064
0.237017994859
0.274550128535
0.278149100257
0.284832904884
0.273521850900
0.278663239075
0.260668380463
0.260154241645
0.265809768638
0.265809768638
0.260154241645
0.258097686375
0.282776349614
0.276092544987
0.290488431877
0.285861182519
0.288946015424
0.275064267352
0.272493573265
0.255012853470
0.275578406170
0.286375321337
0.283804627249
0.289974293059
0.281748071979
0.273007712082
0.282262210797
0.272493573265
0.289460154242
0.288946015424
0.293059125964
0.287403598972
0.289974293059
0.266323907455
0.278149100257
0.274550128535
0.293573264781
0.296658097686
0.285861182519
0.280205655527
0.269408740360
0.281748071979
0.298714652956
0.295115681234
0.301799485861
0.285347043702
0.268894601542
0.268894601542
0.282262210797
0.259640102828
0.295115681234
0.307455012853
0.319280205656
0.310539845758
0.312082262211
0.289460154242
0.269922879177
0.271465295630
0.291002570694
0.314652956298
0.307969151671
0.305912596401
0.289460154242
0.282262210797
0.292544987147
0.315167095116
0.312596401028
0.288946015424
0.288431876607
0.281748071979
0.303856041131
0.292030848329
0.314652956298
0.304370179949
0.316709511568
0.305398457584
0.303856041131
0.302827763496
0.270951156812
0.261182519280
0.329048843188
0.323907455013
0.324935732648
0.326478149100
0.311568123393
0.282262210797
0.238046272494
0.262724935733
0.298200514139
0.321850899743
0.325449871465
0.326478149100
0.316195372751
0.301799485861
0.300257069409
0.286889460154
0.312596401028
0.310025706941
0.312082262211
0.317223650386
0.327506426735
0.323907455013
0.329562982005
0.322365038560
0.304370179949
0.282776349614
0.320308483290
0.317223650386
0.314138817481
0.291002570694
0.258611825193
0.286889460154
0.336760925450
0.333676092545
0.319280205656
0.331619537275
0.308483290488
0.300257069409
0.321850899743
0.323393316195
0.326992287918
0.318766066838
0.308997429306
0.297686375321
0.316195372751
0.336760925450
0.328534704370
0.314652956298
0.294087403599
0.316709511568
0.333676092545
0.349614395887
0.338303341902
0.333676092545
0.332133676093
0.317737789203
0.313110539846
0.324935732648
0.347557840617
0.326992287918
0.329048843188
0.299742930591
0.304370179949
0.297686375321
0.333676092545
0.346015424165
0.316195372751
0.336760925450
0.322879177378
0.335218508997
0.335732647815
0.333161953728
0.342416452442
0.335732647815
0.342930591260
0.332133676093
0.333676092545
0.311053984576
0.307455012853
0.305912596401
0.349100257069
0.355269922879
0.361953727506
0.359897172237
0.352699228792
0.347557840617
0.311568123393
0.295629820051
0.331105398458
0.363496143959
0.361953727506
0.359383033419
0.358354755784
0.360925449871
0.332647814910
0.325964010283
0.333676092545
0.338817480720
0.326992287918
0.321850899743
0.360411311054
0.364010282776
0.370179948586
0.336246786632
0.318251928021
0.278149100257
0.329562982005
0.367609254499
0.359897172237
0.376863753213
0.365552699229
0.375321336761
0.340874035990
0.319280205656
0.343444730077
0.367095115681
0.367609254499
0.354241645244
0.344473007712
0.355784061697
0.359897172237
0.365038560411
0.355269922879
0.322365038560
0.297686375321
0.263753213368
0.314138817481
0.371208226221
0.388688946015
0.387660668380
0.369151670951
0.376349614396
0.352185089974
0.359897172237
0.356812339332
0.372750642674
0.365038560411
0.336246786632
0.310025706941
0.332133676093
0.383033419023
0.380976863753
0.380976863753
0.381491002571
0.371208226221
0.346015424165
0.341388174807
0.363496143959
0.364524421594
0.364524421594
0.362467866324
0.340359897172
0.372750642674
0.358868894602
0.348071979434
0.331619537275
0.336760925450
0.382519280206
0.392802056555
0.390231362468
0.352185089974
0.341388174807
0.358868894602
0.388174807198
0.388174807198
0.378406169666
0.364524421594
0.316195372751
0.338303341902
0.351670951157
0.383033419023
0.389717223650
0.387660668380
0.385089974293
0.383033419023
0.368123393316
0.368637532134
0.361439588689
0.366066838046
0.361439588689
0.372236503856
0.384061696658
0.388174807198
0.393830334190
0.383547557841
0.384061696658
0.319280205656
0.283804627249
0.330591259640
0.353727506427
0.407712082262
0.406683804627
0.412339331620
0.392287917738
0.370179948586
0.332133676093
0.338817480720
0.394344473008
0.404627249357
0.399485861183
0.390745501285
0.370179948586
0.353727506427
0.370179948586
0.385089974293
0.397429305913
0.384061696658
0.355784061697
0.322365038560
0.351670951157
0.411825192802
0.410282776350
0.410282776350
0.403598971722
0.403084832905
0.362982005141
0.333161953728
0.391259640103
0.419537275064
0.412339331620
0.421079691517
0.408740359897
0.386632390746
0.361953727506
0.349614395887
0.322879177378
0.347043701799
0.383033419023
0.416966580977
0.395886889460
0.398457583548
0.383547557841
0.390745501285
0.391773778920
0.412853470437
0.389717223650
0.352185089974
0.380462724936
0.373778920308
0.406683804627
0.389717223650
0.385604113111
0.388688946015
0.383547557841
0.392802056555
0.403598971722
0.414395886889
0.385604113111
0.395372750643
0.368123393316
0.378920308483
0.385604113111
0.409254498715
0.369665809769
0.386118251928
0.358868894602
0.381491002571
0.424678663239
0.415938303342
0.420051413882
0.402570694087
0.377377892031
0.386118251928
0.380462724936
0.428791773779
0.403084832905
0.425706940874
0.393316195373
0.389717223650
0.403598971722
0.421079691517
0.423136246787
0.402056555270
0.394858611825
0.376349614396
0.318251928021
0.352185089974
0.386632390746
0.434961439589
0.416452442159
0.421079691517
0.370179948586
0.376349614396
0.361953727506
0.394858611825
0.421079691517
0.416452442159
0.435989717224
0.403084832905
0.403598971722
0.378406169666
0.403598971722
0.410796915167
0.416966580977
0.412853470437
0.365552699229
0.369665809769
0.395372750643
0.430848329049
0.445244215938
0.439588688946
0.432904884319
0.389203084833
0.339845758355
0.367095115681
0.426221079692
0.417994858612
0.440102827763
0.402056555270
0.411311053985
0.388688946015
0.419023136247
0.406683804627
0.385604113111
0.371722365039
0.391773778920
0.446786632391
0.419023136247
0.433419023136
0.391773778920
0.382005141388
0.409254498715
0.448843187661
0.434961439589
0.438046272494
0.398971722365
0.374807197943
0.354755784062
0.414395886889
0.424678663239
0.416452442159
0.412339331620
0.410282776350
0.397943444730
0.429305912596
0.426735218509
0.445758354756
0.441645244216
0.445244215938
0.404627249357
0.384061696658
0.366580976864
0.414395886889
0.443701799486
0.434961439589
0.440102827763
0.376863753213
0.382005141388
0.404627249357
0.426735218509
0.456555269923
0.409254498715
0.390231362468
0.378920308483
0.430848329049
0.426221079692
0.439588688946
0.412339331620
0.406169665810
0.425706940874
0.430848329049
0.443187660668
0.429305912596
0.428791773779
0.406169665810
0.409768637532
0.428277634961
0.402570694087
0.395886889460
0.412339331620
0.451928020566
0.449357326478
0.456041131105
0.438560411311
0.416452442159
0.397943444730
0.381491002571
0.453470437018
0.455012853470
0.460668380463
0.408740359897
0.406683804627
0.356298200514
0.431362467866
0.436503856041
0.444730077121
0.452442159383
0.420565552699
0.432390745501
0.419537275064
0.462210796915
0.431362467866
0.462724935733
0.432904884319
0.458611825193
0.432390745501
0.456555269923
0.440616966581
0.432390745501
0.423136246787
0.392287917738
0.419537275064
0.413881748072
0.423650385604
0.438046272494
0.434961439589
0.428277634961
0.443187660668
0.421079691517
0.458097686375
0.407712082262
0.451928020566
0.419537275064
0.474550128535
0.439074550129
0.441645244216
0.413881748072
0.394858611825
0.417994858612
0.456041131105
0.450899742931
0.459125964010
0.427249357326
0.419023136247
0.432390745501
0.425706940874
0.457069408740
0.475064267352
0.482262210797
0.461696658098
0.438560411311
0.397429305913
0.433933161954
0.464781491003
0.467352185090
0.464781491003
0.436503856041
0.406683804627
0.413367609254
0.428791773779
0.471979434447
0.407712082262
0.464267352185
0.416452442159
0.436503856041
0.444215938303
0.465295629820
0.473521850900
0.422107969152
0.378920308483
0.428277634961
0.477634961440
0.469922879177
0.481748071979
0.467352185090
0.461696658098
0.448843187661
0.443187660668
0.450899742931
0.481748071979
0.456555269923
0.475064267352
0.427763496144
0.426735218509
0.384575835476
0.459640102828
0.443187660668
0.455012853470
0.384575835476
0.456555269923
0.458611825193
0.471979434447
0.464781491003
0.430848329049
0.384061696658
0.431362467866
0.435475578406
0.501285347044
0.479177377892
0.498200514139
0.437532133676
0.452956298201
0.393316195373
0.475064267352
0.452442159383
0.486889460154
0.434961439589
0.385089974293
0.420051413882
0.463239074550
0.493059125964
0.474035989717
0.452442159383
0.384061696658
0.453984575835
0.447814910026
0.485347043702
0.466838046272
0.416966580977
0.394858611825
0.376349614396
0.455526992288
0.457583547558
0.493573264781
0.483290488432
0.484832904884
0.460668380463
0.453470437018
0.456041131105
0.485861182519
0.491516709512
0.483290488432
0.462210796915
0.454498714653
0.448843187661
0.475578406170
0.503856041131
0.463753213368
0.451413881748
0.384575835476
0.386632390746
0.474550128535
0.482776349614
0.478149100257
0.453984575835
0.484832904884
0.452442159383
0.487917737789
0.459125964010
0.480205655527
0.444215938303
0.471979434447
0.457069408740
0.467352185090
0.443701799486
0.465295629820
0.443187660668
0.484832904884
0.441131105398
0.485347043702
0.435475578406
0.487403598972
0.450385604113
0.466323907455
0.453984575835
0.459125964010
0.442673521851
0.440102827763
0.464781491003
0.484318766067
0.508483290488
0.479177377892
0.461182519280
0.401542416452
0.383033419023
0.477120822622
0.480719794344
0.477120822622
0.455012853470
0.441645244216
0.445758354756
0.500771208226
0.484318766067
0.505398457584
0.478663239075
0.477120822622
0.453984575835
0.467352185090
0.479177377892
0.483290488432
0.470951156812
0.452442159383
0.466838046272
0.461182519280
0.448329048843
0.460154241645
0.440102827763
0.483290488432
0.462724935733
0.483804627249
0.487917737789
0.471465295630
0.484832904884
0.469408740360
0.503341902314
0.480205655527
0.485861182519
0.445244215938
0.467866323907
0.479177377892
0.501285347044
0.476606683805
0.466838046272
0.449357326478
0.418508997429
0.465809768638
0.469922879177
0.515167095116
0.451413881748
0.465809768638
0.391773778920
0.457583547558
0.499228791774
0.505398457584
0.511568123393
0.504884318766
0.477634961440
0.487403598972
0.454498714653
0.492544987147
0.509511568123
0.508483290488
0.496143958869
0.436503856041
0.424164524422
0.455526992288
0.459125964010
0.477634961440
0.487917737789
0.484318766067
0.482262210797
0.491516709512
0.474550128535
0.498200514139
0.461182519280
0.454498714653
0.449357326478
0.456555269923
0.452956298201
0.489460154242
0.474035989717
0.522365038560
0.484318766067
0.521336760925
0.444730077121
0.501799485861
0.455012853470
0.505912596401
0.509511568123
0.500771208226
0.486375321337
0.450385604113
0.449871465296
0.517223650386
0.481748071979
0.483804627249
0.473007712082
0.486889460154
0.491516709512
0.480205655527
0.474550128535
0.484832904884
0.464781491003
0.502313624679
0.485347043702
0.504884318766
0.480205655527
0.442159383033
0.449357326478
0.446272493573
0.472493573265
0.495115681234
0.507969151671
0.504370179949
0.503856041131
0.493573264781
0.507455012853
0.498714652956
0.523907455013
0.483290488432
0.495115681234
0.459125964010
0.462210796915
0.508483290488
0.522365038560
0.514138817481
0.493059125964
0.466323907455
0.411311053985
0.482776349614
0.511053984576
0.522365038560
0.502313624679
0.469922879177
0.480719794344
0.496143958869
0.526992287918
0.521336760925
0.523393316195
0.475064267352
0.488431876607
0.449357326478
0.511053984576
0.507969151671
0.523393316195
0.503856041131
0.486375321337
0.448329048843
0.494601542416
0.475578406170
0.522879177378
0.476606683805
0.512082262211
0.469408740360
0.499228791774
0.481748071979
0.496143958869
0.491002570694
0.501799485861
0.491002570694
0.492544987147
0.500257069409
0.511568123393
0.500771208226
0.510025706941
0.476092544987
0.492030848329
0.452956298201
0.510539845758
0.500257069409
0.512596401028
0.501799485861
0.513624678663
0.477120822622
0.469922879177
0.503341902314
0.529562982005
0.523393316195
0.497172236504
0.479691516710
0.512082262211
0.510025706941
0.533161953728
0.502827763496
0.496658097686
0.467866323907
0.468380462725
0.534704370180
0.498714652956
0.511053984576
0.483290488432
0.499228791774
0.510025706941
0.513110539846
0.503341902314
0.458097686375
0.451413881748
0.432390745501
0.515167095116
0.541388174807
0.531619537275
0.525964010283
0.488946015424
0.462210796915
0.466323907455
0.522879177378
0.534704370180
0.557326478149
0.530077120823
0.515167095116
0.488431876607
0.458097686375
0.500771208226
0.469408740360
0.531105398458
0.514138817481
0.492030848329
0.494087403599
0.467352185090
0.520308483290
0.511053984576
0.533161953728
0.502827763496
0.507455012853
0.462210796915
0.485347043702
0.492030848329
0.497172236504
0.534190231362
0.533676092545
0.534190231362
0.514138817481
0.498714652956
0.475578406170
0.506426735219
0.533676092545
0.530077120823
0.533676092545
0.503341902314
0.492544987147
0.504884318766
0.457069408740
0.512596401028
0.456041131105
0.516195372751
0.522365038560
0.528020565553
0.494087403599
0.485861182519
0.469922879177
0.480719794344
0.504370179949
0.544987146530
0.546529562982
0.554241645244
0.514652956298
0.484318766067
0.423136246787
0.525964010283
0.552699228792
0.547043701799
0.550128534704
0.496658097686
0.483290488432
0.460154241645
0.534190231362
0.541902313625
0.538303341902
0.514652956298
0.477634961440
0.516709511568
0.514138817481
0.547557840617
0.530077120823
0.502827763496
0.433933161954
0.446786632391
0.520308483290
0.467866323907
0.464781491003
0.460154241645
0.526992287918
0.554241645244
0.563496143959
0.542416452442
0.514652956298
0.485347043702
0.482776349614
0.532133676093
0.528020565553
0.543444730077
0.515167095116
0.530077120823
0.481748071979
0.536246786632
0.474550128535
0.494601542416
0.441131105398
0.543958868895
0.554755784062
0.570179948586
0.553727506427
0.543958868895
0.511053984576
0.491002570694
0.524935732648
0.536246786632
0.529562982005
0.476092544987
0.483804627249
0.526478149100
0.536760925450
0.534704370180
0.497172236504
0.499228791774
0.545501285347
0.564524421594
0.568123393316
0.532133676093
0.528020565553
0.480205655527
0.537275064267
0.534704370180
0.476606683805
0.506426735219
0.481233933162
0.533161953728
0.530591259640
0.552185089974
0.527506426735
0.506426735219
0.540874035990
0.523907455013
0.550642673522
0.536246786632
0.503341902314
0.489974293059
0.491516709512
0.543958868895
0.539845758355
0.550128534704
0.519280205656
0.533161953728
0.514138817481
0.530591259640
0.524421593830
0.482262210797
0.533676092545
0.505398457584
0.547043701799
0.505398457584
0.526478149100
0.521850899743
0.537789203085
0.553727506427
0.543958868895
0.544987146530
0.519280205656
0.519280205656
0.520308483290
0.540359897172
0.553727506427
0.549100257069
0.539845758355
0.515681233933
0.514138817481
0.533676092545
0.533161953728
0.528020565553
0.514138817481
0.500771208226
0.538303341902
0.542416452442
0.542416452442
0.470951156812
0.486375321337
0.533676092545
0.554241645244
0.521336760925
0.487917737789
0.503856041131
0.548071979434
0.560925449871
0.529562982005
0.499742930591
0.427249357326
0.533676092545
0.556812339332
0.577377892031
0.557840616967
0.556812339332
0.491002570694
0.493573264781
0.523907455013
0.559383033419
0.559383033419
0.550128534704
0.533676092545
0.475578406170
0.503856041131
0.519280205656
0.483290488432
0.564524421594
0.557840616967
0.585089974293
0.545501285347
0.548071979434
0.483804627249
0.556298200514
0.543958868895
0.587146529563
0.529048843188
0.544473007712
0.459640102828
0.515167095116
0.544473007712
0.553727506427
0.543958868895
0.515167095116
0.544473007712
0.535732647815
0.565552699229
0.524421593830
0.541902313625
0.531619537275
0.545501285347
0.535732647815
0.541902313625
0.532133676093
0.561439588689
0.554755784062
0.561439588689
0.541902313625
0.502313624679
0.520822622108
0.520308483290
0.577892030848
0.576349614396
0.578920308483
0.541902313625
0.560411311054
0.502313624679
0.560411311054
0.525449871465
0.533161953728
0.542416452442
0.528534704370
0.567095115681
0.554755784062
0.565552699229
0.554241645244
0.543958868895
0.542930591260
0.503341902314
0.544473007712
0.544473007712
0.567095115681
0.550128534704
0.520308483290
0.519280205656
0.512596401028
0.540874035990
0.541388174807
0.510539845758
0.558868894602
0.542930591260
0.574807197943
0.544473007712
0.562982005141
0.544987146530
0.527506426735
0.516709511568
0.503341902314
0.499742930591
0.560411311054
0.580976863753
0.576863753213
0.561439588689
0.505398457584
0.538303341902
0.510025706941
0.553727506427
0.544987146530
0.539331619537
0.546015424165
0.550128534704
0.570694087404
0.568637532134
0.572236503856
0.550128534704
0.561439588689
0.522879177378
0.566066838046
0.506940874036
0.549614395887
0.478663239075
0.535732647815
0.563496143959
0.557840616967
0.504370179949
0.536760925450
0.579948586118
0.570179948586
0.576863753213
0.536760925450
0.524935732648
0.528534704370
0.578406169666
0.577377892031
0.560925449871
0.473007712082
0.508483290488
0.542416452442
0.591773778920
0.588174807198
0.559897172237
0.491002570694
0.520308483290
0.504370179949
0.578920308483
0.578920308483
0.566066838046
0.549100257069
0.544473007712
0.557840616967
0.566580976864
0.565038560411
0.522879177378
0.505398457584
0.515167095116
0.573264781491
0.582519280206
0.566580976864
0.555784061697
0.505912596401
0.550128534704
0.584575835476
0.576863753213
0.590745501285
0.530077120823
0.560411311054
0.546529562982
0.569665809769
0.553727506427
0.539331619537
0.517737789203
0.527506426735
0.551670951157
0.532647814910
0.574807197943
0.549614395887
0.557840616967
0.559897172237
0.551670951157
0.525449871465
0.519794344473
0.503856041131
0.596915167095
0.602056555270
0.600514138817
0.586118251928
0.529562982005
0.513110539846
0.505398457584
0.565038560411
0.581491002571
0.573264781491
0.545501285347
0.533676092545
0.556812339332
0.596401028278
0.602570694087
0.593830334190
0.606169665810
0.552185089974
0.532133676093
0.484832904884
0.538817480720
0.556298200514
0.590745501285
0.603084832905
0.576349614396
0.578920308483
0.563496143959
0.571208226221
0.536760925450
0.487403598972
0.538817480720
0.579434447301
0.600000000000
0.522365038560
0.535218508997
0.510539845758
0.593316195373
0.594344473008
0.551670951157
0.542930591260
0.507455012853
0.590745501285
0.602570694087
0.600000000000
0.579948586118
0.516195372751
0.524421593830
0.565552699229
0.595372750643
0.579434447301
0.576349614396
0.514652956298
0.571722365039
0.569665809769
0.596915167095
0.551156812339
0.549614395887
0.528534704370
0.575321336761
0.594344473008
0.579434447301
0.587660668380
0.501799485861
0.584061696658
0.602570694087
0.596401028278
0.558354755784
0.480719794344
0.432904884319
0.567609254499
0.599485861183
0.589203084833
0.572750642674
0.542930591260
0.526478149100
0.566580976864
0.589717223650
0.617994858612
0.590745501285
0.575835475578
0.508483290488
0.587146529563
0.580462724936
0.594344473008
0.558354755784
0.539845758355
0.546529562982
0.615938303342
0.589717223650
0.581491002571
0.491516709512
0.542416452442
0.603598971722
0.600000000000
0.597943444730
0.540874035990
0.554241645244
0.555269922879
0.604627249357
0.591259640103
0.564524421594
0.558868894602
0.574807197943
0.595372750643
0.610796915167
0.589203084833
0.593316195373
0.517737789203
0.573264781491
0.572750642674
0.566066838046
0.526478149100
0.524421593830
0.577377892031
0.590231362468
0.587146529563
0.577377892031
0.535218508997
0.579434447301
0.572236503856
0.608740359897
0.558354755784
0.565038560411
0.503341902314
0.528020565553
0.614395886889
0.586632390746
0.606169665810
0.552185089974
0.573778920308
0.555784061697
0.604113110540
0.589203084833
0.600000000000
0.543444730077
0.553213367609
0.590231362468
0.602056555270
0.609254498715
0.552699228792
0.556812339332
0.536760925450
0.628791773779
0.607197943445
0.601028277635
0.562982005141
0.506940874036
0.590231362468
0.610282776350
0.605655526992
0.585604113111
0.576863753213
0.559897172237
0.588174807198
0.570179948586
0.555269922879
0.531105398458
0.608740359897
0.600000000000
0.610796915167
0.527506426735
0.546529562982
0.556812339332
0.590745501285
0.601542416452
0.598971722365
0.598971722365
0.592802056555
0.586118251928
0.573264781491
0.557840616967
0.559383033419
0.586632390746
0.576349614396
0.608740359897
0.567609254499
0.591259640103
0.533161953728
0.589717223650
0.601542416452
0.612339331620
0.586118251928
0.597943444730
0.562467866324
0.592802056555
0.583547557841
0.582519280206
0.555269922879
0.549614395887
0.558868894602
0.597429305913
0.569665809769
0.616966580977
0.586632390746
0.616966580977
0.589203084833
0.614910025707
0.588688946015
0.593316195373
0.552185089974
0.492544987147
0.553213367609
0.585089974293
0.612339331620
0.576349614396
0.580976863753
0.577377892031
0.621593830334
0.615938303342
0.616452442159
0.610282776350
0.602570694087
0.587660668380
0.584575835476
0.549100257069
0.548586118252
0.583547557841
0.608740359897
0.583033419023
0.559383033419
0.596401028278
0.613367609254
0.619537275064
0.578920308483
0.569665809769
0.528534704370
0.605141388175
0.627249357326
0.634961439589
0.574293059126
0.559383033419
0.499742930591
0.562982005141
0.573264781491
0.623136246787
0.610796915167
0.621079691517
0.587146529563
0.604113110540
0.578920308483
0.604627249357
0.612339331620
0.629820051414
0.624678663239
0.590745501285
0.573264781491
0.535218508997
0.624164524422
0.642159383033
0.594344473008
0.538817480720
0.519794344473
0.565038560411
0.599485861183
0.591773778920
0.591773778920
0.585604113111
0.612853470437
0.594858611825
0.566066838046
0.585089974293
0.612339331620
0.624678663239
0.591773778920
0.575321336761
0.530591259640
0.605655526992
0.637532133676
0.596915167095
0.585604113111
0.496143958869
0.598971722365
0.625192802057
0.633419023136
0.615424164524
0.573778920308
0.574293059126
0.602570694087
0.614910025707
0.616452442159
0.596401028278
0.592287917738
0.577892030848
0.598457583548
0.580462724936
0.604113110540
0.590231362468
0.605655526992
0.603598971722
0.623650385604
0.589717223650
0.597429305913
0.537275064267
0.570694087404
0.614395886889
0.633419023136
0.583547557841
0.569665809769
0.520308483290
0.640616966581
0.641131105398
0.634447300771
0.593316195373
0.485861182519
0.468894601542
0.535732647815
0.570694087404
0.626735218509
0.613881748072
0.622107969152
0.596915167095
0.538303341902
0.586632390746
0.615424164524
0.628791773779
0.623650385604
0.619023136247
0.591259640103
0.553727506427
0.572236503856
0.597429305913
0.626221079692
0.628277634961
0.562467866324
0.606683804627
0.610282776350
0.638560411311
0.616452442159
0.554241645244
0.503341902314
0.524421593830
0.643187660668
0.638560411311
0.651928020566
0.612339331620
0.606683804627
0.524421593830
0.604113110540
0.610796915167
0.642673521851
0.627249357326
0.620565552699
0.577377892031
0.588174807198
0.595886889460
0.627763496144
0.636503856041
0.637532133676
0.612339331620
0.557840616967
0.583547557841
0.614395886889
0.649871465296
0.643187660668
0.619537275064
0.580462724936
0.567609254499
0.640102827763
0.637532133676
0.612853470437
0.551670951157
0.542416452442
0.560925449871
0.597429305913
0.603084832905
0.629305912596
0.600514138817
0.621593830334
0.596401028278
0.623650385604
0.614910025707
0.614395886889
0.605655526992
0.629820051414
0.628277634961
0.627763496144
0.596915167095
0.574807197943
0.592802056555
0.619537275064
0.634447300771
0.574293059126
0.566066838046
0.530591259640
0.624678663239
0.627763496144
0.638046272494
0.622107969152
0.599485861183
0.571722365039
0.597943444730
0.650899742931
0.646786632391
0.634447300771
0.606169665810
0.582005141388
0.598457583548
0.625192802057
0.649357326478
0.609254498715
0.570179948586
0.518251928021
0.588174807198
0.636503856041
0.640102827763
0.628791773779
0.602570694087
0.616452442159
0.605141388175
0.617480719794
0.550128534704
0.609254498715
0.620051413882
0.610282776350
0.603084832905
0.579948586118
0.602570694087
0.635989717224
0.636503856041
0.608740359897
0.616966580977
0.657583547558
0.646272493573
0.631362467866
0.534704370180
0.590231362468
0.619023136247
0.651413881748
0.604627249357
0.592287917738
0.527506426735
0.631876606684
0.658611825193
0.625706940874
0.631362467866
0.564524421594
0.597943444730
0.633933161954
0.632904884319
0.588688946015
0.548071979434
0.573778920308
0.649871465296
0.655012853470
0.628277634961
0.584575835476
0.521850899743
0.633419023136
0.660668380463
0.668894601542
0.637532133676
0.628277634961
0.590231362468
0.641645244216
0.618508997429
0.573778920308
0.554241645244
0.632904884319
0.650385604113
0.642673521851
0.566066838046
0.600514138817
0.594858611825
0.659640102828
0.648329048843
0.624678663239
0.532133676093
0.576349614396
0.634961439589
0.659640102828
0.663239074550
0.642673521851
0.627249357326
0.559897172237
0.616452442159
0.640616966581
0.637017994859
0.623136246787
0.593830334190
0.616966580977
0.626735218509
0.633419023136
0.591259640103
0.573264781491
0.606169665810
0.648843187661
0.644215938303
0.621079691517
0.623650385604
0.608226221080
0.649871465296
0.635475578406
0.623136246787
0.596401028278
0.603084832905
0.641131105398
0.645244215938
0.656555269923
0.643701799486
0.630334190231
0.586118251928
0.634447300771
0.647300771208
0.645244215938
0.574807197943
0.566066838046
0.562982005141
0.625192802057
0.659640102828
0.616452442159
0.614910025707
0.578920308483
0.645758354756
0.648329048843
0.657069408740
0.640102827763
0.616966580977
0.628791773779
0.589203084833
0.637017994859
0.613881748072
0.591773778920
0.620565552699
0.639588688946
0.640102827763
0.606683804627
0.609768637532
0.608226221080
0.665295629820
0.646272493573
0.625192802057
0.578406169666
0.604113110540
0.651928020566
0.614395886889
0.623650385604
0.571208226221
0.617994858612
0.648329048843
0.643187660668
0.637532133676
0.612339331620
0.624678663239
0.602570694087
0.651413881748
0.636503856041
0.601028277635
0.616966580977
0.651413881748
0.663753213368
0.651928020566
0.639074550129
0.615424164524
0.649357326478
0.649871465296
0.658611825193
0.623650385604
0.620051413882
0.598971722365
0.669408740360
0.669922879177
0.620051413882
0.591259640103
0.547557840617
0.666838046272
0.666323907455
0.647300771208
0.589203084833
0.607712082262
0.641131105398
0.648843187661
0.635989717224
0.609768637532
0.606169665810
0.635989717224
0.625192802057
0.639074550129
0.607197943445
0.625706940874
0.608226221080
0.655526992288
0.615938303342
0.609254498715
0.604113110540
0.626221079692
0.656555269923
0.666323907455
0.660668380463
0.639588688946
0.623136246787
0.646786632391
0.650899742931
0.645758354756
0.628791773779
0.589717223650
0.563496143959
0.637017994859
0.655012853470
0.634447300771
0.626735218509
0.580462724936
0.662724935733
0.673521850900
0.667866323907
0.656555269923
0.587660668380
0.626221079692
0.636503856041
0.691002570694
0.664267352185
0.637532133676
0.556298200514
0.565038560411
0.655526992288
0.651928020566
0.662724935733
0.618508997429
0.616966580977
0.626221079692
0.666323907455
0.659125964010
0.650899742931
0.636503856041
0.652442159383
0.626221079692
0.649357326478
0.602056555270
0.634961439589
0.608740359897
0.650899742931
0.676606683805
0.651928020566
0.643187660668
0.595886889460
0.643701799486
0.631876606684
