0.052576782926
0.052576782926
0.054138469547
0.054659031754
0.054659031754
0.054659031754
0.054659031754
0.054659031754
0.054659031754
0.054659031754
0.054659031754
0.055179593961
0.055179593961
0.056741280583
0.057782404997
0.060385216033
0.062467464862
0.069755335763
0.076002082249
0.084851639771
0.088495575221
0.091098386257
0.097865694951
0.099947943779
0.100468505986
0.100989068194
0.106194690265
0.118688183238
0.121811556481
0.126496616346
0.131181676210
0.129619989589
0.135346173868
0.135866736075
0.135346173868
0.142634044768
0.146277980219
0.155127537741
0.162935970849
0.171264966163
0.181676210307
0.187402394586
0.194690265487
0.199375325351
0.204060385216
0.207183758459
0.208745445081
0.208224882874
0.209786569495
0.208745445081
0.211868818324
0.187402394586
0.211868818324
0.079646017699
0.117647058824
0.143154606976
0.163977095263
0.169182717335
0.171264966163
0.175429463821
0.188443519001
0.200937011973
0.212389380531
0.212909942738
0.211868818324
0.209786569495
0.216033315981
0.218115564810
0.220197813639
0.188964081208
0.214471629360
0.084331077564
0.145757418011
0.179073399271
0.176470588235
0.181676210307
0.200937011973
0.214471629360
0.215512753774
0.219156689224
0.219156689224
0.219677251432
0.221759500260
0.222800624675
0.223841749089
0.223841749089
0.228006246746
0.199375325351
0.233732431026
0.109838625716
0.152524726705
0.221759500260
0.229047371161
0.218636127017
0.220718375846
0.221759500260
0.223841749089
0.224882873503
0.228006246746
0.224882873503
0.232170744404
0.229047371161
0.232170744404
0.226444560125
0.225923997918
0.215512753774
0.165538781884
0.184799583550
0.128058302967
0.190525767829
0.197813638730
0.231129619990
0.218636127017
0.241540864133
0.216553878188
0.255075481520
0.194169703280
0.264445601249
0.145236855804
0.242581988548
0.121811556481
0.146277980219
0.210827693909
0.246746486205
0.226444560125
0.231129619990
0.234773555440
0.223321186882
0.209266007288
0.195731389901
0.153045288912
0.237376366476
0.209266007288
0.247787610619
0.225923997918
0.257678292556
0.206142634045
0.268610098907
0.142634044768
0.242581988548
0.130140551796
0.179073399271
0.235294117647
0.233211868818
0.224362311296
0.222800624675
0.200937011973
0.211348256117
0.176470588235
0.232691306611
0.200416449766
0.255075481520
0.220197813639
0.258198854763
0.172826652785
0.248828735034
0.146798542426
0.265486725664
0.207183758459
0.263925039042
0.227485684539
0.262883914628
0.195210827694
0.241020301926
0.168662155128
0.237896928683
0.216033315981
0.244664237376
0.210307131702
0.189484643415
0.221759500260
0.251952108277
0.248308172827
0.239979177512
0.247267048412
0.224362311296
0.147319104633
0.248828735034
0.190005205622
0.225923997918
0.249349297241
0.239458615305
0.220718375846
0.226965122332
0.212909942738
0.263404476835
0.218115564810
0.242581988548
0.193649141072
0.270692347736
0.223841749089
0.267568974492
0.255596043727
0.267568974492
0.239979177512
0.249869859448
0.191046330036
0.276418532015
0.209266007288
0.262883914628
0.252472670484
0.258198854763
0.244143675169
0.259239979178
0.255596043727
0.261842790213
0.261322228006
0.268089536700
0.253513794898
0.271733472150
0.219677251432
0.264966163457
0.235814679854
0.265486725664
0.243623112962
0.269651223321
0.226444560125
0.240499739719
0.264966163457
0.261322228006
0.279541905258
0.263925039042
0.284226965122
0.244664237376
0.241020301926
0.272254034357
0.185840707965
0.279541905258
0.277980218636
0.286829776158
0.289432587194
0.283706402915
0.285788651744
0.242581988548
0.241540864133
0.298802706923
0.259239979178
0.293076522644
0.283185840708
0.281624154086
0.264445601249
0.303487766788
0.276939094222
0.297761582509
0.276418532015
0.262883914628
0.247267048412
0.283706402915
0.252993232691
0.312857886517
0.247267048412
0.314419573139
0.262883914628
0.326913066111
0.272254034357
0.277459656429
0.251431546070
0.242061426340
0.289432587194
0.297241020302
0.309734513274
0.293597084852
0.286309213951
0.210307131702
0.319625195211
0.264966163457
0.316501821968
0.282144716294
0.313378448725
0.304008328995
0.283706402915
0.279541905258
0.275897969807
0.274856845393
0.281103591879
0.307652264446
0.279541905258
0.315981259761
0.282144716294
0.315981259761
0.284747527330
0.279021343050
0.300364393545
0.307131702238
0.312337324310
0.285788651744
0.300364393545
0.244143675169
0.284747527330
0.293076522644
0.317022384175
0.307652264446
0.334200937012
0.287350338365
0.317542946382
0.284747527330
0.330557001562
0.294638209266
0.323789692868
0.285788651744
0.280062467465
0.315460697553
0.265486725664
0.319104633004
0.294117647059
0.302446642374
0.309213951067
0.334721499219
0.288912024987
0.336283185841
0.294638209266
0.324310255075
0.274336283186
0.296720458095
0.284226965122
0.317022384175
0.296199895888
0.294638209266
0.299843831338
0.269651223321
0.333159812598
0.271733472150
0.320145757418
0.318063508589
0.329515877147
0.308693388860
0.330036439355
0.321707444040
0.338885996877
0.324830817283
0.343050494534
0.319104633004
0.338365434669
0.300884955752
0.313378448725
0.274856845393
0.317022384175
0.335762623634
0.302967204581
0.356064549714
0.322228006247
0.362311296200
0.297241020302
0.328995314940
0.249349297241
0.326913066111
0.345132743363
0.338365434669
0.360749609578
0.325351379490
0.360229047371
0.290994273816
0.339927121291
0.325351379490
0.329515877147
0.306090577824
0.295679333680
0.355543987507
0.348776678813
0.343571056741
0.343050494534
0.277459656429
0.329515877147
0.271733472150
0.294638209266
0.355023425299
0.352420614263
0.337324310255
0.356064549714
0.300364393545
0.340968245705
0.312337324310
0.373243102551
0.328995314940
0.352941176471
0.329515877147
0.340968245705
0.354502863092
0.348256116606
0.355023425299
0.324830817283
0.270171785528
0.344612181156
0.256116605934
0.332639250390
0.352941176471
0.374804789172
0.348256116606
0.369078604893
0.290473711609
0.344091618948
0.314419573139
0.382092660073
0.336283185841
0.346694429984
0.282144716294
0.357105674128
0.346173867777
0.356064549714
0.375845913587
0.352941176471
0.369599167100
0.299843831338
0.363352420614
0.382092660073
0.345132743363
0.359708485164
0.345653305570
0.342529932327
0.360229047371
0.371160853722
0.315460697553
0.355023425299
0.310775637689
0.378448724623
0.356064549714
0.382092660073
0.287870900573
0.334200937012
0.302967204581
0.399791775117
0.350338365435
0.399791775117
0.342529932327
0.347735554399
0.338365434669
0.360229047371
0.351900052056
0.376366475794
0.383654346694
0.366996356065
0.372722540344
0.336803748048
0.351379489849
0.356064549714
0.324310255075
0.377928162415
0.334200937012
0.387818844352
0.344091618948
0.379489849037
0.367516918272
0.367516918272
0.338885996877
0.248828735034
0.332639250390
0.353461738678
0.392503904217
0.377928162415
0.402915148360
0.339927121291
0.376366475794
0.295158771473
0.338365434669
0.358667360750
0.384695471109
0.398750650703
0.369078604893
0.375325351379
0.350858927642
0.342009370120
0.367516918272
0.380530973451
0.355023425299
0.353982300885
0.284747527330
0.382092660073
0.370119729308
0.396147839667
0.402915148360
0.383654346694
0.385216033316
0.336803748048
0.307131702238
0.419052576783
0.402394586153
0.414888079125
0.392503904217
0.411244143675
0.349297241020
0.366475793857
0.390421655388
0.280583029672
0.357105674128
0.347214992192
0.387298282145
0.366996356065
0.383654346694
0.333680374805
0.387818844352
0.352941176471
0.419573138990
0.336283185841
0.383133784487
0.346694429984
0.392503904217
0.383133784487
0.385736595523
0.376887038001
0.375325351379
0.353982300885
0.383133784487
0.344091618948
0.396668401874
0.339406559084
0.384695471109
0.321707444040
0.361270171786
0.380010411244
0.392503904217
0.396147839667
0.372201978136
0.388859968766
0.347735554399
0.393024466424
0.409161894846
0.400312337324
0.386257157730
0.385216033316
0.344091618948
0.383133784487
0.391983342009
0.400832899531
0.400832899531
0.391462779802
0.386777719938
0.409161894846
0.407600208225
0.415929203540
0.395106715252
0.393545028631
0.337844872462
0.363352420614
0.275897969807
0.379489849037
0.412285268090
0.413326392504
0.401874023946
0.376366475794
0.360229047371
0.398230088496
0.358667360750
0.405517959396
0.386777719938
0.423217074440
0.361270171786
0.410203019261
0.320666319625
0.399791775117
0.372722540344
0.424258198855
0.393545028631
0.377928162415
0.336283185841
0.390421655388
0.374804789172
0.418011452369
0.408120770432
0.423217074440
0.361790733993
0.363352420614
0.329515877147
0.401353461739
0.393545028631
0.420614263404
0.383133784487
0.403435710567
0.376366475794
0.396668401874
0.423737636648
0.338885996877
0.396147839667
0.345132743363
0.403435710567
0.401353461739
0.404476834982
0.381051535659
0.347214992192
0.421655387819
0.429463820927
0.433628318584
0.411764705882
0.418532014576
0.324310255075
0.377407600208
0.365955231650
0.393024466424
0.413326392504
0.405517959396
0.393024466424
0.408641332639
0.398230088496
0.425819885476
0.423737636648
0.427902134305
0.420614263404
0.396147839667
0.382613222280
0.356064549714
0.372201978136
0.399791775117
0.438833940656
0.378969286830
0.418532014576
0.297761582509
0.407079646018
0.409161894846
0.419052576783
0.399791775117
0.359187922957
0.408641332639
0.419052576783
0.409682457054
0.429463820927
0.375325351379
0.410723581468
0.385216033316
0.413326392504
0.416449765747
0.417490890161
0.417490890161
0.383133784487
0.401353461739
0.419573138990
0.348776678813
0.390942217595
0.377407600208
0.447683498178
0.419052576783
0.446121811556
0.396668401874
0.426340447683
0.344612181156
0.424258198855
0.395627277460
0.438313378449
0.415408641333
0.425819885476
0.357626236335
0.406038521603
0.426340447683
0.428943258719
0.399791775117
0.434669442998
0.366996356065
0.422696512233
0.370640291515
0.427902134305
0.406038521603
0.435710567413
0.410723581468
0.431025507548
0.411244143675
0.439354502863
0.416970327954
0.417490890161
0.415929203540
0.392503904217
0.401353461739
0.409682457054
0.409161894846
0.415408641333
0.387818844352
0.425819885476
0.370119729308
0.426861009891
0.397188964081
0.429463820927
0.387298282145
0.449245184800
0.450286309214
0.423737636648
0.440916189485
0.369078604893
0.388859968766
0.368558042686
0.462259239979
0.420614263404
0.442998438313
0.424258198855
0.403435710567
0.430504945341
0.413326392504
0.420093701197
0.450806871421
0.450286309214
0.436231129620
0.420614263404
0.378969286830
0.429463820927
0.410723581468
0.433628318584
0.422696512233
0.437272254034
0.390421655388
0.418011452369
0.462259239979
0.432587194170
0.447162935971
0.394586153045
0.435190005206
0.373243102551
0.434669442998
0.404476834982
0.445601249349
0.361790733993
0.360229047371
0.387298282145
0.480999479438
0.439354502863
0.489328474753
0.422696512233
0.474752732952
0.387298282145
0.453409682457
0.395106715252
0.464341488808
0.422696512233
0.450286309214
0.411764705882
0.393024466424
0.399271212910
0.403435710567
0.446121811556
0.405517959396
0.420614263404
0.436751691827
0.452368558043
0.459135866736
0.431025507548
0.437792816242
0.370119729308
0.374804789172
0.461218115565
0.459135866736
0.473191046330
0.434669442998
0.475273295159
0.382613222280
0.452368558043
0.393545028631
0.445601249349
0.453409682457
0.381572097866
0.411244143675
0.347735554399
0.464862051015
0.444560124935
0.462779802186
0.397709526288
0.413326392504
0.387818844352
0.457053617907
0.441436751692
0.466423737637
0.421134825612
0.383654346694
0.441436751692
0.403956272775
0.422696512233
0.462779802186
0.460697553358
0.458094742322
0.431546069755
0.419052576783
0.432587194170
0.423737636648
0.473191046330
0.443519000521
0.451847995836
0.418011452369
0.451327433628
0.440395627277
0.467464862051
0.436231129620
0.413326392504
0.354502863092
0.412285268090
0.481520041645
0.437792816242
0.464862051015
0.417490890161
0.445601249349
0.439875065070
0.432066631963
0.456533055700
0.421655387819
0.461218115565
0.427902134305
0.466423737637
0.445601249349
0.431546069755
0.427902134305
0.444039562728
0.409161894846
0.448204060385
0.411764705882
0.457574180115
0.421655387819
0.468505986465
0.403435710567
0.458094742322
0.407079646018
0.414367516918
0.423217074440
0.431025507548
0.457053617907
0.482561166059
0.432587194170
0.449245184800
0.355543987507
0.432587194170
0.467464862051
0.453930244664
0.460697553358
0.438833940656
0.443519000521
0.434669442998
0.442998438313
0.466423737637
0.476834981780
0.453409682457
0.458094742322
0.424258198855
0.456533055700
0.428943258719
0.477876106195
0.416449765747
0.430504945341
0.447683498178
0.454971369079
0.445601249349
0.452889120250
0.445601249349
0.420093701197
0.475793857366
0.446121811556
0.465903175429
0.450286309214
0.426861009891
0.466423737637
0.447162935971
0.469547110880
0.432066631963
0.447162935971
0.426340447683
0.454450806871
0.485163977095
0.439354502863
0.473711608537
0.393024466424
0.464341488808
0.409161894846
0.487246225924
0.447683498178
0.478396668402
0.402915148360
0.408641332639
0.424778761062
0.469547110880
0.480478917231
0.473711608537
0.474232170744
0.451327433628
0.421134825612
0.448724622592
0.409682457054
0.498698594482
0.451847995836
0.479437792816
0.415408641333
0.418011452369
0.480999479438
0.441436751692
0.451847995836
0.453409682457
0.463300364394
0.452368558043
0.460697553358
0.442477876106
0.466423737637
0.417490890161
0.471629359708
0.411764705882
0.461218115565
0.444039562728
0.409682457054
0.511192087454
0.467985424258
0.513794898490
0.432587194170
0.492972410203
0.391462779802
0.469026548673
0.467985424258
0.489328474753
0.491931285789
0.449765747007
0.462779802186
0.422696512233
0.474232170744
0.465903175429
0.454971369079
0.436751691827
0.472149921916
0.434148880791
0.475793857366
0.423737636648
0.447683498178
0.418011452369
0.485163977095
0.444039562728
0.487766788131
0.443519000521
0.456533055700
0.432066631963
0.457053617907
0.477355543988
0.477876106195
0.450286309214
0.485163977095
0.447683498178
0.482561166059
0.469547110880
0.481520041645
0.488287350338
0.465382613222
0.472149921916
0.427381572098
0.457053617907
0.449765747007
0.511712649662
0.471108797501
0.484643414888
0.411764705882
0.416449765747
0.458094742322
0.500780843311
0.474232170744
0.496616345653
0.430504945341
0.478396668402
0.475273295159
0.485684539302
0.505986465383
0.477876106195
0.500260281104
0.435710567413
0.467464862051
0.481520041645
0.496095783446
0.490369599167
0.489328474753
0.442998438313
0.461218115565
0.422175950026
0.510671525247
0.434148880791
0.502342529932
0.434148880791
0.478396668402
0.439875065070
0.466423737637
0.463820926601
0.444560124935
0.498178032275
0.442998438313
0.499739718896
0.448724622592
0.496616345653
0.459135866736
0.452368558043
0.464862051015
0.414367516918
0.446642373764
0.491931285789
0.480478917231
0.483602290474
0.468505986465
0.490369599167
0.439354502863
0.457053617907
0.472670484123
0.520562207184
0.474232170744
0.486725663717
0.429984383134
0.517959396148
0.515356585112
0.475273295159
0.509109838626
0.446642373764
0.488807912546
0.431546069755
0.470588235294
0.464341488808
0.454971369079
0.483081728267
0.456012493493
0.495575221239
0.489328474753
0.452889120250
0.464862051015
0.411244143675
0.441436751692
0.518479958355
0.485684539302
0.525247267048
0.464862051015
0.513274336283
0.404476834982
0.488807912546
0.497136907860
0.522644456012
0.498178032275
0.513794898490
0.480999479438
0.444560124935
0.453409682457
0.410723581468
0.464862051015
0.497136907860
0.482040603852
0.499739718896
0.442477876106
0.491931285789
0.482561166059
0.516918271733
0.495575221239
0.505986465383
0.474232170744
0.448724622592
0.487766788131
0.437272254034
0.499739718896
0.482040603852
0.511192087454
0.502342529932
0.490890161374
0.494013534617
0.473191046330
0.501821967725
0.497136907860
0.500260281104
0.494013534617
0.484122852681
0.461738677772
0.458615304529
0.482040603852
0.456533055700
0.463820926601
0.465903175429
0.523165018220
0.467985424258
0.496616345653
0.422175950026
0.455491931286
0.457574180115
0.467985424258
0.527329515877
0.520041644977
0.503904216554
0.505986465383
0.421655387819
0.456012493493
0.489328474753
0.498178032275
0.526288391463
0.489328474753
0.521082769391
0.422696512233
0.506507027590
0.480999479438
0.506507027590
0.498178032275
0.490369599167
0.464341488808
0.462259239979
0.535137948985
0.490890161374
0.538781884435
0.463820926601
0.446642373764
0.480478917231
0.481520041645
0.433628318584
0.458615304529
0.472670484123
0.435190005206
0.538781884435
0.494534096825
0.526288391463
0.463820926601
0.475273295159
0.428943258719
0.506507027590
0.504424778761
0.516918271733
0.477876106195
0.509109838626
0.460176991150
0.489849036960
0.471629359708
0.439875065070
0.488287350338
0.495575221239
0.547631441957
0.516918271733
0.534617386778
0.509109838626
0.497657470068
0.475793857366
0.455491931286
0.537740760021
0.458094742322
0.466423737637
0.467985424258
0.523685580427
0.512233211869
0.492972410203
0.499739718896
0.439354502863
0.507027589797
0.529932326913
0.509630400833
0.510671525247
0.466944299844
0.450286309214
0.539823008850
0.490369599167
0.491410723581
0.439875065070
0.463820926601
0.536699635606
0.531494013535
0.509109838626
0.512753774076
0.471108797501
0.493492972410
0.502342529932
0.508068714211
0.518479958355
0.476834981780
0.489849036960
0.474232170744
0.517438833941
0.501301405518
0.517438833941
0.483081728267
0.511192087454
0.472670484123
0.525247267048
0.482040603852
0.498698594482
0.471629359708
0.547110879750
0.475273295159
0.523165018220
0.454971369079
0.499219156689
0.501821967725
0.499739718896
0.529411764706
0.503904216554
0.506507027590
0.505465903175
0.503383654347
0.513274336283
0.536179073399
0.516397709526
0.535137948985
0.476314419573
0.528891202499
0.503383654347
0.509109838626
0.500780843311
0.470067673087
0.475273295159
0.513274336283
0.525767829256
0.519521082769
0.474232170744
0.482040603852
0.513274336283
0.535137948985
0.487766788131
0.480478917231
0.445080687142
0.557522123894
0.502863092140
0.537740760021
0.441436751692
0.486205101510
0.519521082769
0.552316501822
0.527329515877
0.538781884435
0.516397709526
0.489328474753
0.499219156689
0.471629359708
0.558042686101
0.495054659032
0.562207183758
0.470067673087
0.513274336283
0.470067673087
0.429984383134
0.493492972410
0.508589276419
0.535658511192
0.535137948985
0.523165018220
0.500260281104
0.483081728267
0.498698594482
0.516918271733
0.530452889120
0.519000520562
0.468505986465
0.474232170744
0.500260281104
0.530973451327
0.522644456012
0.501821967725
0.498698594482
0.504945340968
0.530452889120
0.535137948985
0.520041644977
0.512233211869
0.511712649662
0.523685580427
0.477355543988
0.530452889120
0.473191046330
0.537740760021
0.512233211869
0.534096824571
0.513794898490
0.476834981780
0.480999479438
0.509630400833
0.510671525247
0.552837064029
0.512753774076
0.545549193129
0.488807912546
0.506507027590
0.511712649662
0.502863092140
0.521082769391
0.522644456012
0.540864133264
0.535137948985
0.539823008850
0.543987506507
0.523685580427
0.545028630921
0.466944299844
0.516918271733
0.466944299844
0.528891202499
0.562207183758
0.500260281104
0.553357626236
0.461738677772
0.532535137949
0.484122852681
0.498178032275
0.497136907860
0.538781884435
0.539302446642
0.530973451327
0.540864133264
0.536699635606
0.534617386778
0.520562207184
0.468505986465
0.479958355023
0.462259239979
0.552837064029
0.541384695471
0.567412805830
0.480999479438
0.539823008850
0.450286309214
0.530973451327
0.532535137949
0.535137948985
0.526288391463
0.521603331598
0.543987506507
0.524726704841
0.558563248308
0.519000520562
0.565851119209
0.489849036960
0.565851119209
0.486205101510
0.526808953670
0.476834981780
0.475793857366
0.539823008850
0.520041644977
0.534096824571
0.478396668402
0.498178032275
0.558042686101
0.527850078084
0.555960437272
0.513794898490
0.511192087454
0.518479958355
0.558042686101
0.554398750651
0.508068714211
0.509109838626
0.457574180115
0.550234252993
0.559604372723
0.553878188444
0.540864133264
0.476834981780
0.491410723581
0.507548152004
0.527329515877
0.565851119209
0.514836022905
0.541384695471
0.505986465383
0.534096824571
0.535658511192
0.534096824571
0.508068714211
0.508068714211
0.532535137949
0.564289432587
0.535137948985
0.574700676731
0.464862051015
0.542946382093
0.432587194170
0.568974492452
0.548152004164
0.566371681416
0.504945340968
0.527329515877
0.538261322228
0.541384695471
0.532535137949
0.516397709526
0.478917230609
0.522123893805
0.496095783446
0.540864133264
0.539302446642
0.526288391463
0.564289432587
0.510150963040
0.551275377408
0.485163977095
0.487246225924
0.518479958355
0.554398750651
0.566371681416
0.571056741281
0.554919312858
0.523165018220
0.469547110880
0.546590317543
0.507027589797
0.579906298803
0.530452889120
0.548152004164
0.508589276419
0.529411764706
0.555960437272
0.576262363352
0.575221238938
0.566371681416
0.543466944300
0.496095783446
0.510671525247
0.517438833941
0.510150963040
0.577303487767
0.550234252993
0.581988547631
0.501301405518
0.572618427902
0.539302446642
0.517959396148
0.537740760021
0.487246225924
0.555960437272
0.562207183758
0.489849036960
0.532014575742
0.469026548673
0.585632483082
0.550234252993
0.550754815200
0.458615304529
0.515356585112
0.578344612181
0.583029672046
0.551275377408
0.573138990109
0.477355543988
0.518479958355
0.570015616866
0.528370640292
0.577824049974
0.496616345653
0.550234252993
0.521603331598
0.571577303488
0.559604372723
0.559083810515
0.515877147319
0.529932326913
0.558042686101
0.577303487767
0.550754815200
0.551795939615
0.490369599167
0.534096824571
0.575741801145
0.563248308173
0.548152004164
0.438313378449
0.450286309214
0.547631441957
0.572097865695
0.560645497137
0.573138990109
0.495575221239
0.538261322228
0.507548152004
0.586153045289
0.577824049974
0.563248308173
0.533055700156
0.512753774076
0.538781884435
0.578865174388
0.551795939615
0.524206142634
0.527850078084
0.505986465383
0.575221238938
0.589796980739
0.520562207184
0.568453930245
0.464341488808
0.583029672046
0.545549193129
0.599167100469
0.480478917231
0.574180114524
0.494534096825
0.589796980739
0.551795939615
0.557522123894
0.515356585112
0.557522123894
0.576262363352
0.577303487767
0.565851119209
0.545549193129
0.506507027590
0.563248308173
0.525767829256
0.558042686101
0.509109838626
0.497657470068
0.620510150963
0.537740760021
0.611140031234
0.503383654347
0.578865174388
0.497657470068
0.584591358667
0.545549193129
0.545028630921
0.526288391463
0.504424778761
0.549193128579
0.560124934930
0.574180114524
0.555960437272
0.553357626236
0.523165018220
0.562207183758
0.576262363352
0.585111920875
0.567933368037
0.559083810515
0.516397709526
0.567933368037
0.575221238938
0.555439875065
0.561686621551
0.483081728267
0.583550234253
0.589276418532
0.598646538261
0.564809994794
0.532014575742
0.532014575742
0.535658511192
0.602290473712
0.535658511192
0.613222280062
0.495575221239
0.580947423217
0.538781884435
0.551275377408
0.544508068714
0.488287350338
0.560124934930
0.588755856325
0.558042686101
0.539302446642
0.532535137949
0.547110879750
0.545028630921
0.562727745966
0.576262363352
0.577303487767
0.557001561687
0.584070796460
0.517959396148
0.584070796460
0.513794898490
0.576262363352
0.544508068714
0.564809994794
0.570015616866
0.546069755336
0.526808953670
0.570015616866
0.576262363352
0.587194169703
0.562727745966
0.574700676731
0.556480999479
0.557001561687
0.576262363352
0.542425819885
0.555960437272
0.526808953670
0.539302446642
0.563768870380
0.547631441957
0.596043727225
0.561686621551
0.594482040604
0.563768870380
0.596564289433
0.566892243623
0.574180114524
0.561686621551
0.462259239979
0.573138990109
0.579385736596
0.552837064029
0.585111920875
0.515877147319
0.564289432587
0.571577303488
0.600728787090
0.584070796460
0.602811035919
0.571056741281
0.591358667361
0.555439875065
0.538781884435
0.542425819885
0.545549193129
0.605413846955
0.549193128579
0.553878188444
0.574700676731
0.608537220198
0.573138990109
0.606975533576
0.509630400833
0.589796980739
0.539302446642
0.619469026549
0.574180114524
0.600728787090
0.459656428943
0.580426861010
0.532535137949
0.523165018220
0.599167100469
0.589796980739
0.601249349297
0.578865174388
0.580947423217
0.581467985424
0.581988547631
0.611140031234
0.601769911504
0.603852160333
0.582509109839
0.543987506507
0.539302446642
0.628839146278
0.600208224883
0.610619469027
0.497136907860
0.503383654347
0.557522123894
0.543987506507
0.588755856325
0.542946382093
0.576782925560
0.583550234253
0.563248308173
0.560124934930
0.557522123894
0.589796980739
0.592399791775
0.566371681416
0.549713690786
0.498178032275
0.624674648621
0.575741801145
0.621030713170
0.482040603852
0.535658511192
0.572097865695
0.622592399792
0.582509109839
0.630921395107
0.511192087454
0.593961478397
0.557522123894
0.579385736596
0.620510150963
0.547631441957
0.591879229568
0.541905257678
0.576782925560
0.577303487767
0.571577303488
0.601769911504
0.558563248308
0.617386777720
0.581467985424
0.614783966684
0.557001561687
0.535137948985
0.585111920875
0.554398750651
0.616866215513
0.559604372723
0.540343571057
0.541384695471
0.625195210828
0.614263404477
0.622592399792
0.570536179073
0.500260281104
0.459135866736
0.549713690786
0.593440916189
0.615304528891
0.600728787090
0.610098906819
0.554398750651
0.574700676731
0.520041644977
0.612701717855
0.604893284748
0.607496095783
0.610619469027
0.560645497137
0.581467985424
0.526808953670
0.589276418532
0.573659552317
0.602811035919
0.537740760021
0.607496095783
0.579906298803
0.639770952629
0.562207183758
0.586153045289
0.465382613222
0.445601249349
0.616345653306
0.615304528891
0.605413846955
0.609057782405
0.533055700156
0.588755856325
0.526808953670
0.622592399792
0.595002602811
0.616345653306
0.592920353982
0.571577303488
0.590317542946
0.568974492452
0.621030713170
0.612181155648
0.620510150963
0.588235294118
0.568974492452
0.543987506507
0.601769911504
0.622071837585
0.624154086413
0.607496095783
0.547110879750
0.558042686101
0.587714731910
0.614263404477
0.597605413847
0.515877147319
0.561166059344
0.554919312858
0.557522123894
0.596043727225
0.605934409162
0.593440916189
0.625715773035
0.573138990109
0.639250390422
0.562207183758
0.633524206143
0.546069755336
0.637688703800
0.579906298803
0.592920353982
0.591879229568
0.514836022905
0.572097865695
0.611140031234
0.576782925560
0.605934409162
0.485163977095
0.614783966684
0.567412805830
0.628839146278
0.592920353982
0.625195210828
0.532535137949
0.595002602811
0.560645497137
0.626236335242
0.617386777720
0.620510150963
0.586153045289
0.576262363352
0.558563248308
0.622071837585
0.619469026549
0.613222280062
0.553357626236
0.526288391463
0.593440916189
0.593440916189
0.656949505466
0.566371681416
0.645497136908
0.550754815200
0.614783966684
0.576782925560
0.535658511192
0.568974492452
0.613222280062
0.577824049974
0.580426861010
0.570536179073
0.563248308173
0.627798021864
0.583550234253
0.609578344612
0.598125976054
0.615825091098
0.648620510151
0.577824049974
0.577303487767
0.528370640292
0.625195210828
0.614783966684
0.601769911504
0.563768870380
0.528370640292
0.642894325872
0.615825091098
0.654346694430
0.560124934930
0.613222280062
0.554398750651
0.625195210828
0.629359708485
0.547110879750
0.571056741281
0.531494013535
0.659031754295
0.597084851640
0.629359708485
0.513794898490
0.552316501822
0.606454971369
0.630921395107
0.653826132223
0.604372722540
0.641853201458
0.550234252993
0.640812077043
0.573659552317
0.584070796460
0.524206142634
0.605413846955
0.652264445601
0.603852160333
0.609057782405
0.549713690786
0.643414888079
0.625195210828
0.640812077043
0.590838105154
0.542425819885
0.568453930245
0.632483081728
0.627277459656
0.652785007808
0.619989588756
0.601249349297
0.575741801145
0.590317542946
0.628839146278
0.591358667361
0.605413846955
0.569495054659
0.597084851640
0.621030713170
0.614263404477
0.586153045289
0.568974492452
0.552837064029
0.664237376366
0.602811035919
0.638209266007
0.580426861010
0.619469026549
0.650182196773
0.587194169703
0.642894325872
0.534617386778
0.610098906819
0.610619469027
0.618427902134
0.630921395107
0.622071837585
0.582509109839
0.580426861010
0.614783966684
0.642373763665
0.615304528891
0.579906298803
0.593961478397
0.509630400833
0.613742842270
0.663196251952
0.591879229568
0.629880270692
0.554919312858
0.654346694430
0.625715773035
0.646017699115
0.619989588756
0.624674648621
0.593440916189
0.615825091098
0.604372722540
0.624674648621
0.594482040604
0.587194169703
0.646538261322
0.588235294118
0.641332639250
0.521603331598
0.638729828214
0.611660593441
0.622071837585
0.635606454971
0.515356585112
0.656949505466
0.616866215513
0.632483081728
0.603331598126
0.578344612181
0.611140031234
0.621551275377
0.639770952629
0.601769911504
0.624154086413
0.566892243623
0.618948464341
0.635606454971
0.606454971369
0.614263404477
0.527329515877
0.664757938574
0.620510150963
0.663196251952
0.577824049974
0.640291514836
0.593440916189
0.662675689745
0.626756897449
0.624674648621
0.605413846955
0.581988547631
0.683498178032
0.592920353982
0.666319625195
0.479437792816
0.625715773035
0.658511192087
0.634565330557
0.643935450286
0.547110879750
0.591358667361
0.629880270692
0.626236335242
0.615825091098
0.608537220198
0.593961478397
0.624674648621
0.612181155648
0.624154086413
0.616345653306
0.606454971369
0.638209266007
0.634044768350
0.632483081728
0.613222280062
0.596564289433
0.648099947944
0.613222280062
0.660593440916
0.626236335242
0.646017699115
0.577303487767
0.626236335242
0.634565330557
0.613742842270
0.637168141593
0.557522123894
0.558563248308
0.627277459656
0.633524206143
0.646017699115
0.568974492452
0.614263404477
0.629880270692
0.659552316502
0.643935450286
0.631441957314
0.601249349297
0.584591358667
0.642894325872
0.678292555960
0.650182196773
0.651743883394
0.511712649662
0.592399791775
0.665278500781
0.624674648621
0.685059864654
0.576262363352
0.664757938574
0.579906298803
0.667360749610
0.638209266007
0.623633524206
0.612701717855
0.601769911504
0.647579385737
0.588235294118
0.633524206143
0.615825091098
0.603331598126
0.666840187402
0.636127017179
0.676210307132
0.590317542946
0.651743883394
0.601249349297
0.638729828214
