0.050755939525
0.052375809935
0.051295896328
0.050755939525
0.050755939525
0.050215982721
0.050215982721
0.050215982721
0.050215982721
0.050215982721
0.050215982721
0.050215982721
0.050215982721
0.050215982721
0.050755939525
0.051835853132
0.060475161987
0.071274298056
0.082613390929
0.095032397408
0.110691144708
0.123110151188
0.134989200864
0.141468682505
0.154427645788
0.160907127430
0.165766738661
0.174946004320
0.181425485961
0.194384449244
0.204103671706
0.210043196544
0.222462203024
0.230561555076
0.233261339093
0.237580993521
0.238120950324
0.246760259179
0.252699784017
0.258099352052
0.258639308855
0.264578833693
0.264578833693
0.268358531317
0.272138228942
0.271058315335
0.274298056156
0.279697624190
0.281317494600
0.280777537797
0.281317494600
0.265118790497
0.251619870410
0.122030237581
0.174406047516
0.206803455724
0.237580993521
0.254319654428
0.260799136069
0.271598272138
0.287257019438
0.288876889849
0.287796976242
0.287257019438
0.285097192225
0.287796976242
0.287257019438
0.288876889849
0.296436285097
0.265118790497
0.260799136069
0.126349892009
0.214362850972
0.266198704104
0.269978401728
0.286717062635
0.294276457883
0.295896328294
0.298596112311
0.296976241901
0.296436285097
0.297516198704
0.299136069114
0.299676025918
0.302375809935
0.300755939525
0.309935205184
0.288336933045
0.294276457883
0.182505399568
0.208423326134
0.312095032397
0.308315334773
0.300755939525
0.300755939525
0.302375809935
0.303995680346
0.304535637149
0.307775377970
0.307235421166
0.308855291577
0.308855291577
0.313174946004
0.308315334773
0.307235421166
0.308315334773
0.250000000000
0.225161987041
0.200863930886
0.273758099352
0.308315334773
0.311555075594
0.312634989201
0.320734341253
0.310475161987
0.324514038877
0.308315334773
0.299676025918
0.289956803456
0.244060475162
0.252159827214
0.266198704104
0.272678185745
0.328293736501
0.308855291577
0.320194384449
0.316414686825
0.314794816415
0.289956803456
0.265658747300
0.244060475162
0.287257019438
0.316954643629
0.327213822894
0.322894168467
0.326673866091
0.316414686825
0.300755939525
0.286717062635
0.237580993521
0.268358531317
0.298056155508
0.307775377970
0.325053995680
0.309395248380
0.321814254860
0.274298056156
0.293736501080
0.264038876890
0.286177105832
0.309935205184
0.325593952484
0.329913606911
0.312634989201
0.301295896328
0.278077753780
0.282397408207
0.314254859611
0.322894168467
0.340712742981
0.330453563715
0.330453563715
0.311015118790
0.298056155508
0.271058315335
0.305075593952
0.306695464363
0.342332613391
0.281317494600
0.313714902808
0.264038876890
0.336933045356
0.318574514039
0.334773218143
0.325053995680
0.268898488121
0.253239740821
0.276997840173
0.328833693305
0.315874730022
0.349892008639
0.313714902808
0.343412526998
0.288876889849
0.338552915767
0.306695464363
0.333153347732
0.287257019438
0.301835853132
0.323974082073
0.328293736501
0.338552915767
0.349352051836
0.332073434125
0.340172786177
0.293196544276
0.315334773218
0.316954643629
0.336933045356
0.329913606911
0.355831533477
0.319114470842
0.347192224622
0.305075593952
0.353131749460
0.314254859611
0.353131749460
0.327213822894
0.344492440605
0.322354211663
0.305075593952
0.319114470842
0.314794816415
0.341252699784
0.326673866091
0.347192224622
0.295896328294
0.320194384449
0.308855291577
0.338012958963
0.336933045356
0.334773218143
0.333693304536
0.298056155508
0.311015118790
0.305615550756
0.296436285097
0.333153347732
0.359071274298
0.362850971922
0.357991360691
0.348272138229
0.343412526998
0.280237580994
0.325053995680
0.342332613391
0.353671706263
0.346112311015
0.365010799136
0.322894168467
0.343412526998
0.342332613391
0.350971922246
0.356371490281
0.341792656587
0.328293736501
0.322354211663
0.353671706263
0.313714902808
0.363390928726
0.323434125270
0.366090712743
0.332613390929
0.355291576674
0.317494600432
0.313174946004
0.296976241901
0.355831533477
0.366090712743
0.366630669546
0.377969762419
0.360691144708
0.322354211663
0.271058315335
0.313714902808
0.330993520518
0.377429805616
0.368790496760
0.376889848812
0.358531317495
0.345572354212
0.333153347732
0.304535637149
0.351511879050
0.328833693305
0.375809935205
0.340712742981
0.378509719222
0.348272138229
0.376349892009
0.341792656587
0.349352051836
0.305615550756
0.370410367171
0.363930885529
0.359071274298
0.338552915767
0.296436285097
0.335853131749
0.351511879050
0.382289416847
0.373650107991
0.374730021598
0.345032397408
0.329373650108
0.347732181425
0.374190064795
0.350431965443
0.363930885529
0.313174946004
0.330453563715
0.362850971922
0.366090712743
0.378509719222
0.349892008639
0.329913606911
0.364470842333
0.393088552916
0.372030237581
0.390928725702
0.361771058315
0.379049676026
0.342332613391
0.353671706263
0.344492440605
0.382289416847
0.350971922246
0.362850971922
0.307775377970
0.331533477322
0.355291576674
0.364470842333
0.369870410367
0.349892008639
0.373650107991
0.361771058315
0.379049676026
0.371490280778
0.370410367171
0.383369330454
0.366090712743
0.381209503240
0.357991360691
0.357451403888
0.324514038877
0.300215982721
0.367710583153
0.405507559395
0.386069114471
0.406587473002
0.379589632829
0.403887688985
0.367170626350
0.349892008639
0.300215982721
0.374190064795
0.414146868251
0.389848812095
0.410907127430
0.378509719222
0.393088552916
0.345032397408
0.345032397408
0.357991360691
0.381749460043
0.357991360691
0.339092872570
0.408207343413
0.387688984881
0.401727861771
0.372570194384
0.349352051836
0.333693304536
0.359071274298
0.383369330454
0.390388768898
0.405507559395
0.388768898488
0.397408207343
0.347192224622
0.351511879050
0.352591792657
0.406047516199
0.382829373650
0.389308855292
0.366630669546
0.373110151188
0.385529157667
0.393088552916
0.389308855292
0.339092872570
0.302915766739
0.334233261339
0.349892008639
0.386609071274
0.399568034557
0.416846652268
0.390928725702
0.405507559395
0.356371490281
0.361231101512
0.371490280778
0.404967602592
0.394708423326
0.363930885529
0.301295896328
0.402807775378
0.414146868251
0.416846652268
0.410907127430
0.396328293737
0.389308855292
0.350431965443
0.353131749460
0.378509719222
0.396868250540
0.402807775378
0.392548596112
0.367710583153
0.408747300216
0.381749460043
0.359611231102
0.359071274298
0.370410367171
0.420626349892
0.394708423326
0.421706263499
0.348272138229
0.355831533477
0.358531317495
0.413066954644
0.403347732181
0.412526997840
0.400107991361
0.350971922246
0.330993520518
0.409287257019
0.414146868251
0.422246220302
0.415766738661
0.411987041037
0.386069114471
0.396328293737
0.354751619870
0.391468682505
0.369870410367
0.384989200864
0.386609071274
0.411987041037
0.389308855292
0.418466522678
0.391468682505
0.407667386609
0.354751619870
0.303455723542
0.373650107991
0.387149028078
0.428725701944
0.410907127430
0.428725701944
0.389848812095
0.406047516199
0.348812095032
0.368250539957
0.402267818575
0.420626349892
0.423326133909
0.410907127430
0.389848812095
0.380669546436
0.396328293737
0.413066954644
0.412526997840
0.412526997840
0.364470842333
0.304535637149
0.406587473002
0.428185745140
0.425485961123
0.438444924406
0.414146868251
0.420626349892
0.361231101512
0.354211663067
0.417386609071
0.426025917927
0.437365010799
0.432505399568
0.432505399568
0.391468682505
0.373650107991
0.389848812095
0.342872570194
0.361771058315
0.381209503240
0.426565874730
0.402807775378
0.411987041037
0.392548596112
0.402807775378
0.403887688985
0.423326133909
0.401727861771
0.375269978402
0.406587473002
0.407667386609
0.422786177106
0.417386609071
0.401187904968
0.414686825054
0.411987041037
0.422246220302
0.420086393089
0.424406047516
0.403347732181
0.413606911447
0.375269978402
0.388228941685
0.411447084233
0.421166306695
0.407127429806
0.416846652268
0.378509719222
0.407667386609
0.430345572354
0.435205183585
0.430885529158
0.413606911447
0.395788336933
0.383909287257
0.418466522678
0.431425485961
0.435205183585
0.433045356371
0.415766738661
0.417926565875
0.406047516199
0.439524838013
0.429265658747
0.435205183585
0.399028077754
0.395788336933
0.344492440605
0.362850971922
0.405507559395
0.430345572354
0.449784017279
0.435745140389
0.403347732181
0.374730021598
0.430885529158
0.417926565875
0.442224622030
0.430345572354
0.443304535637
0.420086393089
0.424946004320
0.390388768898
0.414146868251
0.423326133909
0.446544276458
0.423326133909
0.401187904968
0.372030237581
0.440064794816
0.449244060475
0.458423326134
0.449244060475
0.456263498920
0.406587473002
0.370410367171
0.382829373650
0.449244060475
0.447084233261
0.438444924406
0.427105831533
0.422786177106
0.415226781857
0.436285097192
0.441684665227
0.393628509719
0.382829373650
0.393628509719
0.432505399568
0.444924406048
0.440604751620
0.409287257019
0.410907127430
0.426565874730
0.457883369330
0.451403887689
0.450323974082
0.426025917927
0.369870410367
0.375269978402
0.412526997840
0.449784017279
0.449244060475
0.440064794816
0.423866090713
0.421166306695
0.448164146868
0.451943844492
0.469762419006
0.450323974082
0.462742980562
0.426025917927
0.380129589633
0.390388768898
0.453563714903
0.456803455724
0.463282937365
0.446004319654
0.417926565875
0.366630669546
0.417926565875
0.448164146868
0.461663066955
0.431965442765
0.421706263499
0.401187904968
0.443844492441
0.448704103672
0.458963282937
0.438444924406
0.428185745140
0.445464362851
0.458963282937
0.467602591793
0.456263498920
0.451943844492
0.419546436285
0.440064794816
0.450863930886
0.411987041037
0.401187904968
0.394168466523
0.458963282937
0.474622030238
0.465442764579
0.449784017279
0.424946004320
0.408207343413
0.417386609071
0.473542116631
0.467602591793
0.475161987041
0.445464362851
0.433045356371
0.399568034557
0.437365010799
0.472462203024
0.460043196544
0.465442764579
0.419546436285
0.448704103672
0.417926565875
0.443844492441
0.465442764579
0.456803455724
0.464902807775
0.457343412527
0.459503239741
0.457343412527
0.468682505400
0.451943844492
0.442764578834
0.420626349892
0.404427645788
0.446544276458
0.461123110151
0.457883369330
0.441684665227
0.441144708423
0.431965442765
0.464362850972
0.463822894168
0.455723542117
0.461663066955
0.460043196544
0.487580993521
0.456803455724
0.455183585313
0.430345572354
0.397408207343
0.433585313175
0.468142548596
0.475701943844
0.469222462203
0.452483801296
0.428725701944
0.419006479482
0.455723542117
0.481101511879
0.482721382289
0.497840172786
0.470302375810
0.454643628510
0.405507559395
0.477321814255
0.477321814255
0.503779697624
0.468142548596
0.485421166307
0.402807775378
0.466522678186
0.472462203024
0.485421166307
0.462203023758
0.444924406048
0.452483801296
0.428725701944
0.471922246220
0.478401727862
0.476241900648
0.428725701944
0.383369330454
0.442224622030
0.496760259179
0.485421166307
0.498920086393
0.476781857451
0.479481641469
0.464902807775
0.456803455724
0.475701943844
0.484881209503
0.478941684665
0.471382289417
0.460583153348
0.445464362851
0.400107991361
0.449244060475
0.486501079914
0.475161987041
0.426565874730
0.467062634989
0.492440604752
0.492980561555
0.471922246220
0.456803455724
0.411447084233
0.413606911447
0.489200863931
0.497840172786
0.508639308855
0.480021598272
0.488120950324
0.436825053996
0.463822894168
0.452483801296
0.488120950324
0.482181425486
0.444924406048
0.410907127430
0.422786177106
0.495140388769
0.496760259179
0.502699784017
0.450323974082
0.412526997840
0.433585313175
0.497300215983
0.485421166307
0.507019438445
0.448164146868
0.416306695464
0.436825053996
0.440064794816
0.460583153348
0.504859611231
0.503239740821
0.491360691145
0.468142548596
0.458963282937
0.467062634989
0.487580993521
0.496220302376
0.491360691145
0.467062634989
0.456263498920
0.457343412527
0.489740820734
0.496760259179
0.482181425486
0.453023758099
0.399568034557
0.408747300216
0.512958963283
0.507019438445
0.498380129590
0.480561555076
0.479481641469
0.470302375810
0.473542116631
0.490280777538
0.469222462203
0.486501079914
0.463822894168
0.477321814255
0.485421166307
0.452483801296
0.480021598272
0.478941684665
0.468142548596
0.474082073434
0.463282937365
0.477861771058
0.468142548596
0.492440604752
0.455183585313
0.487041036717
0.462742980562
0.450323974082
0.460043196544
0.481641468683
0.484881209503
0.508099352052
0.494060475162
0.469222462203
0.426025917927
0.424406047516
0.484881209503
0.495680345572
0.503779697624
0.465442764579
0.464362850972
0.481641468683
0.491360691145
0.509719222462
0.512958963283
0.502159827214
0.482181425486
0.473002159827
0.478941684665
0.477861771058
0.506479481641
0.477321814255
0.488660907127
0.460583153348
0.488120950324
0.463282937365
0.477321814255
0.476781857451
0.469762419006
0.498380129590
0.491360691145
0.488660907127
0.486501079914
0.465442764579
0.505939524838
0.492980561555
0.523758099352
0.472462203024
0.487041036717
0.461663066955
0.500539956803
0.507559395248
0.495140388769
0.483261339093
0.483801295896
0.472462203024
0.489740820734
0.500000000000
0.515118790497
0.484881209503
0.451403887689
0.420086393089
0.473542116631
0.512419006479
0.516198704104
0.512419006479
0.503779697624
0.500000000000
0.468682505400
0.487041036717
0.474082073434
0.535637149028
0.503239740821
0.505399568035
0.456803455724
0.414146868251
0.495140388769
0.491360691145
0.481641468683
0.507559395248
0.495680345572
0.512419006479
0.496760259179
0.508639308855
0.492980561555
0.478401727862
0.481641468683
0.453563714903
0.487041036717
0.498380129590
0.481101511879
0.489200863931
0.517818574514
0.517818574514
0.499460043197
0.497300215983
0.457883369330
0.495680345572
0.517818574514
0.516198704104
0.525917926566
0.485961123110
0.466522678186
0.481641468683
0.500539956803
0.505939524838
0.480561555076
0.483801295896
0.508099352052
0.482721382289
0.500000000000
0.484341252700
0.492440604752
0.473542116631
0.512958963283
0.506479481641
0.526457883369
0.510799136069
0.468682505400
0.487580993521
0.450323974082
0.500539956803
0.527537796976
0.509179265659
0.511879049676
0.503779697624
0.508099352052
0.510259179266
0.504859611231
0.526457883369
0.507559395248
0.494600431965
0.480561555076
0.467602591793
0.500539956803
0.541576673866
0.521598272138
0.525377969762
0.458963282937
0.444924406048
0.472462203024
0.532397408207
0.528077753780
0.512419006479
0.485421166307
0.489200863931
0.532397408207
0.530777537797
0.533477321814
0.524838012959
0.502159827214
0.481641468683
0.466522678186
0.526457883369
0.526457883369
0.531317494600
0.522678185745
0.494600431965
0.462742980562
0.478941684665
0.519438444924
0.495140388769
0.518358531317
0.484341252700
0.511879049676
0.490280777538
0.504859611231
0.492980561555
0.505939524838
0.517278617711
0.505939524838
0.531857451404
0.514038876890
0.522138228942
0.516198704104
0.501619870410
0.482181425486
0.463822894168
0.501619870410
0.533477321814
0.507019438445
0.532937365011
0.507559395248
0.519978401728
0.491900647948
0.465442764579
0.532397408207
0.545896328294
0.539956803456
0.512958963283
0.504859611231
0.485961123110
0.550215982721
0.528617710583
0.536177105832
0.505939524838
0.507019438445
0.496220302376
0.515658747300
0.513498920086
0.502699784017
0.509719222462
0.508639308855
0.520518358531
0.531857451404
0.486501079914
0.482721382289
0.449784017279
0.477861771058
0.535637149028
0.534557235421
0.544816414687
0.521598272138
0.491360691145
0.480021598272
0.465442764579
0.546436285097
0.561555075594
0.544816414687
0.550215982721
0.511879049676
0.491900647948
0.457343412527
0.475701943844
0.521598272138
0.542656587473
0.514578833693
0.534557235421
0.482181425486
0.522678185745
0.506479481641
0.545356371490
0.530237580994
0.534557235421
0.508639308855
0.496760259179
0.505939524838
0.489200863931
0.509179265659
0.546436285097
0.544276457883
0.543196544276
0.523218142549
0.501079913607
0.509179265659
0.528617710583
0.537257019438
0.546976241901
0.530237580994
0.531317494600
0.501079913607
0.495140388769
0.489200863931
0.496220302376
0.492440604752
0.518358531317
0.529697624190
0.515118790497
0.509719222462
0.483261339093
0.484881209503
0.512419006479
0.518898488121
0.544276457883
0.567494600432
0.545896328294
0.542116630670
0.478941684665
0.456803455724
0.553455723542
0.551295896328
0.570734341253
0.539416846652
0.539956803456
0.475701943844
0.523218142549
0.556695464363
0.551835853132
0.557775377970
0.518358531317
0.517818574514
0.489740820734
0.568574514039
0.547516198704
0.543736501080
0.505399568035
0.450323974082
0.465442764579
0.512419006479
0.481641468683
0.475701943844
0.503779697624
0.518358531317
0.563714902808
0.558855291577
0.546976241901
0.519978401728
0.489740820734
0.492440604752
0.526457883369
0.543736501080
0.545356371490
0.538876889849
0.511879049676
0.522678185745
0.520518358531
0.503779697624
0.500000000000
0.485961123110
0.538336933045
0.556155507559
0.578293736501
0.568574514039
0.549136069114
0.533477321814
0.500539956803
0.517278617711
0.543736501080
0.523758099352
0.474622030238
0.508639308855
0.525377969762
0.544816414687
0.524838012959
0.501079913607
0.492980561555
0.551295896328
0.570734341253
0.556695464363
0.551295896328
0.516198704104
0.506479481641
0.561555075594
0.529157667387
0.533477321814
0.474622030238
0.512419006479
0.515658747300
0.557775377970
0.552915766739
0.540496760259
0.526457883369
0.533477321814
0.550755939525
0.539416846652
0.540496760259
0.510799136069
0.501079913607
0.529157667387
0.550755939525
0.555615550756
0.558315334773
0.544816414687
0.537257019438
0.539416846652
0.545896328294
0.542656587473
0.504859611231
0.521598272138
0.536177105832
0.524838012959
0.529157667387
0.515118790497
0.517818574514
0.538876889849
0.540496760259
0.549676025918
0.541576673866
0.535637149028
0.528077753780
0.539416846652
0.552915766739
0.571814254860
0.552375809935
0.555075593952
0.525917926566
0.535637149028
0.549676025918
0.530237580994
0.525917926566
0.515118790497
0.500539956803
0.557775377970
0.544276457883
0.543736501080
0.509179265659
0.504859611231
0.560475161987
0.563174946004
0.547516198704
0.500000000000
0.515118790497
0.564254859611
0.568574514039
0.568034557235
0.484341252700
0.502159827214
0.541036717063
0.563714902808
0.583153347732
0.566414686825
0.556695464363
0.517278617711
0.498920086393
0.537257019438
0.562095032397
0.559935205184
0.558315334773
0.533477321814
0.510799136069
0.502699784017
0.508639308855
0.505399568035
0.559395248380
0.577213822894
0.581533477322
0.569654427646
0.539416846652
0.508099352052
0.543736501080
0.553455723542
0.564254859611
0.553995680346
0.501619870410
0.510259179266
0.532937365011
0.568574514039
0.567494600432
0.535637149028
0.532397408207
0.534017278618
0.559395248380
0.566414686825
0.535097192225
0.552915766739
0.557235421166
0.562634989201
0.538876889849
0.548056155508
0.536717062635
0.565874730022
0.566954643629
0.564254859611
0.556155507559
0.505939524838
0.518898488121
0.550755939525
0.572894168467
0.568574514039
0.563714902808
0.562634989201
0.518358531317
0.550755939525
0.549676025918
0.557235421166
0.543736501080
0.532937365011
0.569654427646
0.556155507559
0.579373650108
0.562095032397
0.572894168467
0.539416846652
0.536717062635
0.517278617711
0.518358531317
0.564254859611
0.570194384449
0.559395248380
0.547516198704
0.517818574514
0.558315334773
0.530237580994
0.542116630670
0.550755939525
0.586393088553
0.554535637149
0.589092872570
0.563714902808
0.573434125270
0.558855291577
0.542116630670
0.509719222462
0.497840172786
0.499460043197
0.590712742981
0.576133909287
0.591252699784
0.542116630670
0.544276457883
0.518898488121
0.553995680346
0.558315334773
0.576133909287
0.540496760259
0.578293736501
0.552375809935
0.590712742981
0.573974082073
0.588012958963
0.558315334773
0.565334773218
0.557235421166
0.533477321814
0.544276457883
0.515658747300
0.511339092873
0.563714902808
0.584233261339
0.569114470842
0.523758099352
0.563174946004
0.594492440605
0.590712742981
0.579913606911
0.552915766739
0.532397408207
0.546436285097
0.582073434125
0.591252699784
0.562095032397
0.503239740821
0.483261339093
0.567494600432
0.612311015119
0.577753779698
0.576133909287
0.498380129590
0.515658747300
0.572354211663
0.570734341253
0.579913606911
0.557775377970
0.555075593952
0.543736501080
0.562634989201
0.590712742981
0.572354211663
0.556695464363
0.525377969762
0.554535637149
0.586393088553
0.590712742981
0.582073434125
0.557235421166
0.510799136069
0.539416846652
0.570194384449
0.610151187905
0.573974082073
0.577753779698
0.546976241901
0.553455723542
0.578293736501
0.550215982721
0.570734341253
0.521058315335
0.565334773218
0.570194384449
0.526457883369
0.590172786177
0.563714902808
0.576133909287
0.584233261339
0.553455723542
0.549676025918
0.514038876890
0.517818574514
0.596112311015
0.599352051836
0.611771058315
0.580993520518
0.557235421166
0.507559395248
0.564794816415
0.559935205184
0.586393088553
0.564254859611
0.564794816415
0.545896328294
0.586933045356
0.595572354212
0.622030237581
0.609071274298
0.599892008639
0.576673866091
0.514578833693
0.522138228942
0.545896328294
0.562634989201
0.609071274298
0.597732181425
0.596112311015
0.564254859611
0.576673866091
0.562095032397
0.540496760259
0.523218142549
0.560475161987
0.590712742981
0.602051835853
0.542656587473
0.536717062635
0.548056155508
0.611771058315
0.602591792657
0.574514038877
0.503239740821
0.537257019438
0.597192224622
0.611231101512
0.604751619870
0.576133909287
0.526457883369
0.544276457883
0.558855291577
0.582073434125
0.578293736501
0.557235421166
0.549676025918
0.542656587473
0.606371490281
0.588552915767
0.592332613391
0.538876889849
0.573974082073
0.579373650108
0.609611231102
0.595572354212
0.564254859611
0.550755939525
0.559395248380
0.608531317495
0.603131749460
0.566954643629
0.501619870410
0.474622030238
0.594492440605
0.610691144708
0.609071274298
0.594492440605
0.584773218143
0.535097192225
0.583153347732
0.591792656587
0.619870410367
0.616630669546
0.549676025918
0.552915766739
0.569114470842
0.592872570194
0.598812095032
0.541036717063
0.544816414687
0.557775377970
0.612850971922
0.617170626350
0.598272138229
0.551835853132
0.561555075594
0.615550755940
0.605291576674
0.593952483801
0.555075593952
0.536717062635
0.561555075594
0.606371490281
0.592872570194
0.575593952484
0.557235421166
0.582073434125
0.597732181425
0.622570194384
0.596652267819
0.582073434125
0.560475161987
0.571274298056
0.586933045356
0.588552915767
0.534017278618
0.562095032397
0.569114470842
0.605831533477
0.586933045356
0.578293736501
0.563714902808
0.571814254860
0.609611231102
0.589092872570
0.598272138229
0.541036717063
0.536177105832
0.561555075594
0.584773218143
0.614470842333
0.593412526998
0.575053995680
0.563174946004
0.561015118790
0.614470842333
0.600971922246
0.610151187905
0.575593952484
0.569114470842
0.603131749460
0.612311015119
0.605291576674
0.591252699784
0.529697624190
0.583693304536
0.642548596112
0.605291576674
0.620950323974
0.545896328294
0.550755939525
0.582073434125
0.615550755940
0.604751619870
0.588012958963
0.576673866091
0.557775377970
0.606911447084
0.571814254860
0.585313174946
0.548596112311
0.602591792657
0.620410367171
0.596652267819
0.569654427646
0.541576673866
0.564794816415
0.592332613391
0.586393088553
0.613930885529
0.604211663067
0.597732181425
0.603671706263
0.571274298056
0.595032397408
0.575593952484
0.596112311015
0.612850971922
0.600971922246
0.600971922246
0.573974082073
0.550215982721
0.595572354212
0.596652267819
0.627429805616
0.589092872570
0.604211663067
0.591792656587
0.603131749460
0.610691144708
0.590172786177
0.564254859611
0.553455723542
0.582613390929
0.581533477322
0.594492440605
0.618790496760
0.600971922246
0.622570194384
0.602591792657
0.617710583153
0.615550755940
0.591252699784
0.597732181425
0.507559395248
0.570734341253
0.623650107991
0.592872570194
0.613930885529
0.547516198704
0.570194384449
0.614470842333
0.611771058315
0.631749460043
0.600431965443
0.621490280778
0.595572354212
0.604211663067
0.562634989201
0.546976241901
0.600431965443
0.612850971922
0.603671706263
0.544816414687
0.590172786177
0.625269978402
0.614470842333
0.611231101512
0.582073434125
0.591252699784
0.633369330454
0.635529157667
0.643628509719
0.585853131749
0.545356371490
0.507019438445
0.553455723542
0.601511879050
0.612311015119
0.630129589633
0.600431965443
0.607451403888
0.584773218143
0.595572354212
0.620410367171
0.621490280778
0.646868250540
0.615010799136
0.620950323974
0.567494600432
0.552915766739
0.648488120950
0.637688984881
0.627429805616
0.535637149028
0.540496760259
0.592332613391
0.593952483801
0.615550755940
0.576133909287
0.599892008639
0.614470842333
0.583693304536
0.586393088553
0.593412526998
0.627429805616
0.627429805616
0.615010799136
0.576673866091
0.564794816415
0.633369330454
0.619330453564
0.630669546436
0.553995680346
0.552375809935
0.608531317495
0.639308855292
0.648488120950
0.623650107991
0.606371490281
0.588012958963
0.611771058315
0.622570194384
0.604211663067
0.603671706263
0.569114470842
0.592872570194
0.602051835853
0.604211663067
0.631749460043
0.600431965443
0.636609071274
0.616630669546
0.638228941685
0.611771058315
0.606911447084
0.575593952484
0.586933045356
0.623650107991
0.648488120950
0.597192224622
0.559935205184
0.543736501080
0.637688984881
0.656047516199
0.635529157667
0.602591792657
0.487041036717
0.512958963283
0.539416846652
0.573434125270
0.634989200864
0.616630669546
0.637149028078
0.571814254860
0.579373650108
0.560475161987
0.627429805616
0.640928725702
0.634449244060
0.632289416847
0.589632829374
0.582613390929
0.590172786177
0.614470842333
0.637688984881
0.624730021598
0.593412526998
0.615010799136
0.630669546436
0.654427645788
0.607451403888
0.593412526998
0.496760259179
0.553995680346
0.647948164147
0.649028077754
0.651727861771
0.636609071274
0.582613390929
0.565334773218
0.578833693305
0.632829373650
0.643628509719
0.640388768898
0.617710583153
0.598272138229
0.589632829374
0.616630669546
0.628509719222
0.649028077754
0.645788336933
0.614470842333
0.592872570194
0.557775377970
0.640388768898
0.644708423326
0.656587473002
0.633369330454
0.596652267819
0.594492440605
0.652807775378
0.654427645788
0.626889848812
0.543736501080
0.558855291577
0.560475161987
0.596652267819
0.624730021598
0.632829373650
0.629049676026
0.623650107991
0.634989200864
0.624190064795
0.644708423326
0.610151187905
0.633909287257
0.616090712743
0.631209503240
0.614470842333
0.595572354212
0.566954643629
0.577213822894
0.643088552916
0.620410367171
0.618790496760
0.568034557235
0.580993520518
0.616630669546
0.639308855292
0.644168466523
0.611771058315
0.615550755940
0.572354211663
0.625809935205
0.644708423326
0.672246220302
0.641468682505
0.642008639309
0.597732181425
0.605831533477
0.636609071274
0.654427645788
0.631209503240
0.586933045356
0.555075593952
0.617710583153
0.642008639309
0.666846652268
0.620950323974
0.652807775378
0.589092872570
0.643628509719
0.606911447084
0.584233261339
0.598272138229
0.609611231102
0.638768898488
0.577213822894
0.623650107991
0.606911447084
0.640388768898
0.641468682505
0.601511879050
0.633369330454
0.636609071274
0.650107991361
0.627969762419
0.576133909287
0.604751619870
0.634989200864
0.660907127430
0.615010799136
0.604211663067
0.568574514039
0.655507559395
0.667386609071
0.654967602592
0.632289416847
0.626889848812
0.599352051836
0.647408207343
0.656047516199
0.612311015119
0.553455723542
0.608531317495
0.655507559395
0.657667386609
0.640928725702
0.542116630670
0.551835853132
0.628509719222
0.676025917927
0.647948164147
0.673866090713
0.600971922246
0.654967602592
0.615550755940
0.623110151188
0.601511879050
0.549136069114
0.661447084233
0.653887688985
0.639848812095
0.598812095032
0.597732181425
0.632829373650
0.666846652268
0.661987041037
0.622570194384
0.556155507559
0.558855291577
0.668466522678
0.669006479482
0.677105831533
0.661987041037
0.639308855292
0.598272138229
0.649568034557
0.640388768898
0.640388768898
0.610691144708
0.606911447084
0.620950323974
0.652807775378
0.647408207343
0.609611231102
0.593952483801
0.610151187905
0.662526997840
0.637688984881
0.640388768898
0.601511879050
0.641468682505
0.652807775378
0.639848812095
0.629589632829
0.604751619870
0.624190064795
0.651727861771
0.656047516199
0.669006479482
0.642548596112
0.650107991361
0.580993520518
0.646328293737
0.645788336933
0.647948164147
0.609071274298
0.576133909287
0.579913606911
0.645248380130
0.658747300216
0.644708423326
0.595032397408
0.605291576674
0.654427645788
0.648488120950
0.672786177106
0.630669546436
0.663066954644
0.596112311015
0.649028077754
0.634449244060
0.636609071274
0.614470842333
0.620950323974
0.649568034557
0.667386609071
0.610691144708
0.606911447084
0.591792656587
0.662526997840
0.643628509719
0.643088552916
0.593412526998
0.654427645788
0.649568034557
0.651187904968
0.617170626350
0.605291576674
0.629049676026
0.649028077754
0.657127429806
0.652267818575
0.637149028078
0.629049676026
0.634989200864
0.660907127430
0.638228941685
0.618250539957
0.609611231102
0.664686825054
0.670086393089
0.664686825054
0.654427645788
0.604211663067
0.674946004320
0.644708423326
0.679805615551
0.640928725702
0.640928725702
0.639308855292
0.689524838013
0.669006479482
0.624190064795
0.549136069114
0.572894168467
0.674946004320
0.672246220302
0.663066954644
0.604751619870
0.614470842333
0.661447084233
0.659287257019
0.651187904968
0.626349892009
0.631209503240
0.632289416847
0.670086393089
0.643628509719
0.665766738661
0.634989200864
0.654427645788
0.665226781857
0.650107991361
0.616090712743
0.604751619870
0.630669546436
0.681425485961
0.680885529158
0.684125269978
0.658747300216
0.631749460043
0.665766738661
0.639848812095
0.649028077754
0.629049676026
0.603131749460
0.582613390929
0.663606911447
0.659827213823
0.654967602592
0.625809935205
0.610151187905
0.678725701944
0.677645788337
0.694384449244
0.639848812095
0.654967602592
0.607991360691
0.692764578834
0.693304535637
0.693304535637
0.633909287257
0.607451403888
0.569114470842
0.642008639309
0.683045356371
0.660367170626
0.643628509719
0.611231101512
0.658747300216
0.671706263499
0.668466522678
0.654427645788
0.649028077754
0.625269978402
0.658207343413
0.627429805616
0.624730021598
0.629589632829
0.607451403888
0.649028077754
0.684665226782
0.672246220302
0.651727861771
0.649568034557
0.651727861771
0.678185745140
