0.050755939525
0.051835853132
0.051295896328
0.050755939525
0.050215982721
0.050215982721
0.050215982721
0.050215982721
0.050215982721
0.050215982721
0.050215982721
0.050215982721
0.050215982721
0.050215982721
0.050215982721
0.050755939525
0.051835853132
0.051835853132
0.059395248380
0.068574514039
0.076133909287
0.085313174946
0.096652267819
0.109071274298
0.118790496760
0.132829373650
0.140928725702
0.154427645788
0.170626349892
0.180345572354
0.191684665227
0.193844492441
0.204103671706
0.213822894168
0.220302375810
0.224082073434
0.230021598272
0.234341252700
0.239200863931
0.242440604752
0.247840172786
0.245140388769
0.243520518359
0.244060475162
0.245140388769
0.250000000000
0.257019438445
0.262958963283
0.264578833693
0.272678185745
0.273758099352
0.275917926566
0.273758099352
0.280237580994
0.256479481641
0.248920086393
0.131209503240
0.250000000000
0.255939524838
0.273758099352
0.281857451404
0.285097192225
0.286717062635
0.288876889849
0.285637149028
0.284557235421
0.286177105832
0.287257019438
0.287796976242
0.284017278618
0.302915766739
0.221382289417
0.191684665227
0.166846652268
0.207883369330
0.244060475162
0.257019438445
0.261879049676
0.276457883369
0.287796976242
0.289416846652
0.291036717063
0.294276457883
0.292656587473
0.298596112311
0.299136069114
0.301835853132
0.302375809935
0.305075593952
0.301295896328
0.309395248380
0.296436285097
0.303455723542
0.228941684665
0.199244060475
0.260799136069
0.268358531317
0.286717062635
0.299136069114
0.300755939525
0.301835853132
0.300755939525
0.300755939525
0.302375809935
0.304535637149
0.303455723542
0.302915766739
0.303995680346
0.306155507559
0.307235421166
0.313714902808
0.314254859611
0.295356371490
0.267278617711
0.199244060475
0.227321814255
0.283477321814
0.296976241901
0.307235421166
0.308315334773
0.308855291577
0.313174946004
0.311555075594
0.315874730022
0.305615550756
0.272138228942
0.293736501080
0.261339092873
0.311015118790
0.311555075594
0.314254859611
0.313174946004
0.308855291577
0.278617710583
0.233261339093
0.266738660907
0.290496760259
0.311015118790
0.316954643629
0.317494600432
0.318574514039
0.316954643629
0.282937365011
0.295356371490
0.257559395248
0.278077753780
0.296436285097
0.276457883369
0.311015118790
0.298056155508
0.319654427646
0.300755939525
0.320734341253
0.287257019438
0.301835853132
0.271058315335
0.303995680346
0.306695464363
0.325053995680
0.316414686825
0.318034557235
0.296976241901
0.259179265659
0.280777537797
0.320734341253
0.315334773218
0.329373650108
0.319654427646
0.332073434125
0.296436285097
0.304535637149
0.241360691145
0.275377969762
0.312634989201
0.328293736501
0.334773218143
0.305615550756
0.299676025918
0.261339092873
0.289416846652
0.333693304536
0.331533477322
0.335853131749
0.329373650108
0.336393088553
0.322894168467
0.300755939525
0.284557235421
0.298056155508
0.328293736501
0.328833693305
0.345572354212
0.269438444924
0.312634989201
0.320194384449
0.339092872570
0.346112311015
0.339092872570
0.347192224622
0.340712742981
0.350431965443
0.335853131749
0.350431965443
0.275377969762
0.255939524838
0.230561555076
0.302375809935
0.309395248380
0.329913606911
0.341792656587
0.347192224622
0.343412526998
0.348272138229
0.303995680346
0.275917926566
0.335313174946
0.319114470842
0.347732181425
0.345032397408
0.347192224622
0.339632829374
0.329373650108
0.320734341253
0.281317494600
0.307775377970
0.313714902808
0.327213822894
0.323434125270
0.351511879050
0.314254859611
0.348272138229
0.320194384449
0.350971922246
0.314794816415
0.343412526998
0.331533477322
0.334233261339
0.337473002160
0.343952483801
0.338012958963
0.346652267819
0.325053995680
0.350971922246
0.323434125270
0.354211663067
0.328293736501
0.360691144708
0.328833693305
0.363390928726
0.334233261339
0.356911447084
0.334233261339
0.361231101512
0.339092872570
0.338012958963
0.343952483801
0.333693304536
0.348812095032
0.326673866091
0.345572354212
0.307235421166
0.308855291577
0.296976241901
0.371490280778
0.340712742981
0.374190064795
0.346112311015
0.363390928726
0.322894168467
0.346652267819
0.338012958963
0.319654427646
0.340712742981
0.362850971922
0.366090712743
0.365550755940
0.369870410367
0.354751619870
0.347732181425
0.340712742981
0.338012958963
0.367710583153
0.365550755940
0.365010799136
0.311555075594
0.312095032397
0.295896328294
0.377429805616
0.346652267819
0.387149028078
0.345572354212
0.374190064795
0.329373650108
0.369330453564
0.326133909287
0.361771058315
0.348272138229
0.370950323974
0.359071274298
0.357451403888
0.346112311015
0.311015118790
0.298596112311
0.347192224622
0.394168466523
0.363390928726
0.389308855292
0.359611231102
0.376889848812
0.329373650108
0.344492440605
0.332073434125
0.385529157667
0.350431965443
0.375269978402
0.345572354212
0.362850971922
0.335853131749
0.338552915767
0.309395248380
0.326673866091
0.376349892009
0.379589632829
0.392008639309
0.368790496760
0.381749460043
0.327213822894
0.306695464363
0.341252699784
0.379049676026
0.380669546436
0.353671706263
0.367170626350
0.347732181425
0.361771058315
0.370410367171
0.369870410367
0.376349892009
0.365010799136
0.367710583153
0.370410367171
0.370410367171
0.384989200864
0.381749460043
0.386069114471
0.366630669546
0.376889848812
0.357451403888
0.372030237581
0.353131749460
0.375269978402
0.355831533477
0.359071274298
0.325593952484
0.337473002160
0.367170626350
0.389308855292
0.383909287257
0.381209503240
0.363390928726
0.353131749460
0.363390928726
0.368250539957
0.399568034557
0.370410367171
0.400107991361
0.344492440605
0.378509719222
0.344492440605
0.392008639309
0.367710583153
0.376349892009
0.321274298056
0.375809935205
0.384989200864
0.386069114471
0.369870410367
0.361231101512
0.344492440605
0.374190064795
0.394708423326
0.376349892009
0.356371490281
0.315874730022
0.301835853132
0.400107991361
0.382829373650
0.408207343413
0.386609071274
0.404967602592
0.365550755940
0.367170626350
0.366090712743
0.399568034557
0.376889848812
0.396868250540
0.375269978402
0.368790496760
0.389308855292
0.356911447084
0.322354211663
0.404427645788
0.373650107991
0.401187904968
0.386609071274
0.399028077754
0.364470842333
0.394168466523
0.363390928726
0.392548596112
0.369870410367
0.382829373650
0.355291576674
0.373650107991
0.374730021598
0.409287257019
0.379589632829
0.369870410367
0.334233261339
0.356911447084
0.408207343413
0.392548596112
0.425485961123
0.370950323974
0.411447084233
0.367170626350
0.408747300216
0.377429805616
0.411447084233
0.379589632829
0.339092872570
0.347192224622
0.397948164147
0.388768898488
0.413606911447
0.415766738661
0.409827213823
0.398488120950
0.378509719222
0.341252699784
0.348272138229
0.396868250540
0.394168466523
0.400107991361
0.354211663067
0.410907127430
0.407127429806
0.412526997840
0.400647948164
0.404427645788
0.383369330454
0.390928725702
0.406047516199
0.408207343413
0.408747300216
0.397408207343
0.360151187905
0.364470842333
0.386609071274
0.354751619870
0.391468682505
0.398488120950
0.424946004320
0.400107991361
0.409287257019
0.387149028078
0.365010799136
0.404967602592
0.400107991361
0.407667386609
0.375269978402
0.390928725702
0.414686825054
0.418466522678
0.418466522678
0.404427645788
0.393628509719
0.397408207343
0.396328293737
0.411447084233
0.399568034557
0.424946004320
0.392548596112
0.413066954644
0.382829373650
0.390928725702
0.378509719222
0.420086393089
0.411987041037
0.413066954644
0.402267818575
0.354751619870
0.357991360691
0.414686825054
0.413066954644
0.432505399568
0.410367170626
0.427645788337
0.373650107991
0.383369330454
0.356911447084
0.399568034557
0.400647948164
0.416846652268
0.389848812095
0.401727861771
0.389308855292
0.416306695464
0.414686825054
0.426025917927
0.390928725702
0.384989200864
0.399028077754
0.438984881210
0.427645788337
0.400647948164
0.326673866091
0.273218142549
0.382289416847
0.409287257019
0.446544276458
0.422246220302
0.437365010799
0.376889848812
0.373650107991
0.395248380130
0.435205183585
0.435205183585
0.441144708423
0.430345572354
0.433585313175
0.400647948164
0.416846652268
0.388768898488
0.438444924406
0.426565874730
0.400647948164
0.365010799136
0.351511879050
0.405507559395
0.441684665227
0.422786177106
0.413606911447
0.374730021598
0.356371490281
0.427105831533
0.423866090713
0.436825053996
0.403347732181
0.384989200864
0.396868250540
0.418466522678
0.415766738661
0.437904967603
0.423326133909
0.438444924406
0.416306695464
0.417386609071
0.393088552916
0.386069114471
0.325593952484
0.424406047516
0.444384449244
0.442224622030
0.434665226782
0.403347732181
0.419006479482
0.402267818575
0.453563714903
0.431965442765
0.452483801296
0.429265658747
0.433585313175
0.406587473002
0.388228941685
0.418466522678
0.412526997840
0.456263498920
0.409827213823
0.403347732181
0.410367170626
0.429265658747
0.443304535637
0.442764578834
0.432505399568
0.407667386609
0.415226781857
0.430885529158
0.449784017279
0.444384449244
0.428725701944
0.401187904968
0.370410367171
0.436825053996
0.448704103672
0.465982721382
0.430885529158
0.429805615551
0.381209503240
0.380669546436
0.429805615551
0.447624190065
0.448164146868
0.418466522678
0.427105831533
0.424406047516
0.436825053996
0.447084233261
0.428185745140
0.437365010799
0.417926565875
0.433585313175
0.439524838013
0.449784017279
0.444384449244
0.451403887689
0.440064794816
0.442224622030
0.405507559395
0.425485961123
0.381749460043
0.398488120950
0.464362850972
0.446544276458
0.452483801296
0.426565874730
0.414146868251
0.373110151188
0.413606911447
0.443304535637
0.453023758099
0.453563714903
0.453023758099
0.435745140389
0.433585313175
0.443304535637
0.428185745140
0.432505399568
0.424946004320
0.453023758099
0.455723542117
0.458963282937
0.449244060475
0.443304535637
0.431965442765
0.437365010799
0.459503239741
0.448164146868
0.451403887689
0.410907127430
0.385529157667
0.386609071274
0.397948164147
0.454643628510
0.461663066955
0.443304535637
0.456263498920
0.432505399568
0.457883369330
0.467062634989
0.452483801296
0.458423326134
0.418466522678
0.440604751620
0.441684665227
0.467062634989
0.446544276458
0.440064794816
0.391468682505
0.394168466523
0.458963282937
0.467602591793
0.463282937365
0.414686825054
0.405507559395
0.459503239741
0.464902807775
0.479481641469
0.461123110151
0.470302375810
0.431965442765
0.451943844492
0.440064794816
0.466522678186
0.466522678186
0.455723542117
0.437904967603
0.411987041037
0.450323974082
0.470302375810
0.459503239741
0.463822894168
0.430885529158
0.470302375810
0.452483801296
0.453563714903
0.414146868251
0.375269978402
0.435745140389
0.483261339093
0.476241900648
0.478941684665
0.457883369330
0.450323974082
0.439524838013
0.452483801296
0.462203023758
0.477861771058
0.470302375810
0.462742980562
0.438444924406
0.419546436285
0.416306695464
0.454103671706
0.481101511879
0.465442764579
0.434665226782
0.413606911447
0.426565874730
0.467062634989
0.460043196544
0.465982721382
0.449784017279
0.449244060475
0.465982721382
0.477861771058
0.483261339093
0.475701943844
0.478941684665
0.454103671706
0.465442764579
0.451943844492
0.462742980562
0.453563714903
0.434125269978
0.455723542117
0.427645788337
0.442764578834
0.473542116631
0.481101511879
0.476781857451
0.470302375810
0.465442764579
0.474622030238
0.478401727862
0.478941684665
0.428725701944
0.421166306695
0.413606911447
0.459503239741
0.477861771058
0.477861771058
0.476781857451
0.456263498920
0.446544276458
0.441684665227
0.469222462203
0.475161987041
0.462203023758
0.458963282937
0.434665226782
0.444924406048
0.476241900648
0.472462203024
0.500000000000
0.461663066955
0.464362850972
0.423866090713
0.482721382289
0.490820734341
0.484881209503
0.450863930886
0.409827213823
0.414686825054
0.489200863931
0.494060475162
0.498920086393
0.478401727862
0.485421166307
0.443304535637
0.473542116631
0.465982721382
0.473002159827
0.458423326134
0.448164146868
0.450863930886
0.455183585313
0.469222462203
0.501619870410
0.490820734341
0.465442764579
0.428185745140
0.460043196544
0.471382289417
0.497840172786
0.499460043197
0.474622030238
0.451943844492
0.407667386609
0.472462203024
0.484341252700
0.502159827214
0.488120950324
0.482181425486
0.440604751620
0.407667386609
0.458423326134
0.485421166307
0.501079913607
0.480021598272
0.469762419006
0.437904967603
0.491900647948
0.474082073434
0.487041036717
0.442224622030
0.443304535637
0.469762419006
0.495680345572
0.500539956803
0.491360691145
0.495680345572
0.471922246220
0.485961123110
0.444384449244
0.481641468683
0.469762419006
0.460043196544
0.481101511879
0.469222462203
0.495140388769
0.477321814255
0.486501079914
0.489200863931
0.485961123110
0.470842332613
0.475701943844
0.495680345572
0.482181425486
0.487041036717
0.444384449244
0.453563714903
0.479481641469
0.479481641469
0.510259179266
0.474082073434
0.494600431965
0.473542116631
0.487580993521
0.487580993521
0.473542116631
0.493520518359
0.467602591793
0.505939524838
0.494600431965
0.503239740821
0.484341252700
0.431965442765
0.445464362851
0.484881209503
0.502159827214
0.515658747300
0.458423326134
0.422786177106
0.424406047516
0.475701943844
0.509719222462
0.513498920086
0.510799136069
0.485421166307
0.487041036717
0.457883369330
0.512419006479
0.491900647948
0.524298056156
0.470302375810
0.488120950324
0.440604751620
0.518358531317
0.495680345572
0.513498920086
0.487041036717
0.459503239741
0.463822894168
0.483801295896
0.517818574514
0.520518358531
0.503239740821
0.471922246220
0.448704103672
0.478941684665
0.496220302376
0.501619870410
0.458963282937
0.440064794816
0.473542116631
0.509719222462
0.520518358531
0.502159827214
0.489200863931
0.439524838013
0.458963282937
0.501079913607
0.511339092873
0.507559395248
0.496220302376
0.473542116631
0.451403887689
0.459503239741
0.497840172786
0.504859611231
0.521598272138
0.489200863931
0.489740820734
0.442764578834
0.467602591793
0.519438444924
0.510259179266
0.529697624190
0.474622030238
0.489740820734
0.447624190065
0.516738660907
0.506479481641
0.525377969762
0.487041036717
0.492980561555
0.439524838013
0.523758099352
0.512958963283
0.524838012959
0.488660907127
0.473542116631
0.449244060475
0.483261339093
0.531317494600
0.518358531317
0.512419006479
0.480021598272
0.453563714903
0.496220302376
0.519978401728
0.517818574514
0.508099352052
0.483801295896
0.468682505400
0.492980561555
0.516738660907
0.513498920086
0.502699784017
0.459503239741
0.416306695464
0.505939524838
0.488660907127
0.512958963283
0.518898488121
0.502159827214
0.489740820734
0.465442764579
0.506479481641
0.529157667387
0.532397408207
0.522678185745
0.525377969762
0.486501079914
0.467602591793
0.460583153348
0.495140388769
0.505939524838
0.537796976242
0.482721382289
0.509179265659
0.455723542117
0.519438444924
0.514578833693
0.538336933045
0.498380129590
0.514038876890
0.463282937365
0.505939524838
0.527537796976
0.488120950324
0.501079913607
0.487580993521
0.530237580994
0.526457883369
0.524838012959
0.521598272138
0.493520518359
0.436285097192
0.422786177106
0.478401727862
0.519438444924
0.526457883369
0.511339092873
0.507019438445
0.482181425486
0.477321814255
0.503239740821
0.485961123110
0.523218142549
0.491360691145
0.505939524838
0.488120950324
0.516738660907
0.502699784017
0.523758099352
0.516198704104
0.524838012959
0.512419006479
0.514578833693
0.522138228942
0.516198704104
0.495140388769
0.500539956803
0.506479481641
0.517278617711
0.512958963283
0.501619870410
0.517818574514
0.501079913607
0.514578833693
0.532397408207
0.520518358531
0.495140388769
0.445464362851
0.477321814255
0.548596112311
0.522138228942
0.535097192225
0.486501079914
0.501079913607
0.487580993521
0.536177105832
0.522138228942
0.518358531317
0.512958963283
0.479481641469
0.534017278618
0.534017278618
0.538876889849
0.526457883369
0.498380129590
0.487041036717
0.486501079914
0.454643628510
0.516738660907
0.545356371490
0.536177105832
0.542116630670
0.506479481641
0.509719222462
0.485421166307
0.520518358531
0.522138228942
0.516738660907
0.467062634989
0.476781857451
0.534017278618
0.534557235421
0.556155507559
0.521598272138
0.538876889849
0.490280777538
0.515118790497
0.509179265659
0.532397408207
0.518358531317
0.482181425486
0.485421166307
0.483261339093
0.533477321814
0.530237580994
0.498380129590
0.486501079914
0.475161987041
0.525377969762
0.532937365011
0.532937365011
0.510799136069
0.509719222462
0.511339092873
0.532937365011
0.534017278618
0.541036717063
0.487041036717
0.512419006479
0.534557235421
0.529697624190
0.546976241901
0.519438444924
0.511339092873
0.495140388769
0.516738660907
0.528617710583
0.516738660907
0.523758099352
0.500539956803
0.538336933045
0.532397408207
0.557235421166
0.542116630670
0.550215982721
0.534017278618
0.521598272138
0.518358531317
0.528617710583
0.524298056156
0.539416846652
0.483801295896
0.496220302376
0.498920086393
0.549676025918
0.534017278618
0.507559395248
0.456263498920
0.504319654428
0.533477321814
0.546436285097
0.543736501080
0.522138228942
0.483801295896
0.498380129590
0.536717062635
0.528617710583
0.543736501080
0.496760259179
0.478941684665
0.501619870410
0.543736501080
0.543196544276
0.535097192225
0.520518358531
0.490280777538
0.517278617711
0.523218142549
0.556695464363
0.541576673866
0.529697624190
0.487041036717
0.469222462203
0.492440604752
0.539416846652
0.538336933045
0.563174946004
0.545896328294
0.557235421166
0.523218142549
0.545356371490
0.521598272138
0.544276457883
0.537257019438
0.524298056156
0.501079913607
0.497840172786
0.528077753780
0.540496760259
0.554535637149
0.535637149028
0.544276457883
0.529157667387
0.526997840173
0.531857451404
0.494600431965
0.531317494600
0.488660907127
0.554535637149
0.531857451404
0.559395248380
0.537796976242
0.536717062635
0.532397408207
0.518898488121
0.543736501080
0.529697624190
0.497840172786
0.525917926566
0.531317494600
0.565874730022
0.551295896328
0.523218142549
0.490820734341
0.534557235421
0.550755939525
0.563714902808
0.544816414687
0.506479481641
0.456263498920
0.439524838013
0.518898488121
0.539956803456
0.552915766739
0.541576673866
0.547516198704
0.497840172786
0.521058315335
0.501079913607
0.556695464363
0.535097192225
0.559935205184
0.540496760259
0.531317494600
0.543196544276
0.522138228942
0.516198704104
0.554535637149
0.550755939525
0.561015118790
0.543196544276
0.542656587473
0.522678185745
0.532937365011
0.553995680346
0.557235421166
0.555075593952
0.552915766739
0.548596112311
0.541036717063
0.528617710583
0.548596112311
0.551835853132
0.548056155508
0.537796976242
0.532397408207
0.511879049676
0.498380129590
0.529157667387
0.557235421166
0.537796976242
0.556695464363
0.506479481641
0.544816414687
0.530237580994
0.570194384449
0.562634989201
0.551835853132
0.520518358531
0.523218142549
0.529697624190
0.570734341253
0.579373650108
0.541576673866
0.525917926566
0.450863930886
0.534017278618
0.572894168467
0.558855291577
0.537257019438
0.497840172786
0.512958963283
0.552375809935
0.536177105832
0.552375809935
0.501619870410
0.537796976242
0.558855291577
0.563174946004
0.559395248380
0.550215982721
0.538336933045
0.548596112311
0.521058315335
0.539956803456
0.518358531317
0.573434125270
0.568034557235
0.584773218143
0.560475161987
0.561555075594
0.518358531317
0.523218142549
0.509179265659
0.565874730022
0.558855291577
0.568034557235
0.564254859611
0.551835853132
0.559935205184
0.556155507559
0.531857451404
0.502699784017
0.516198704104
0.551835853132
0.563174946004
0.551295896328
0.509179265659
0.497840172786
0.550215982721
0.538876889849
0.576673866091
0.558315334773
0.541576673866
0.528617710583
0.554535637149
0.568574514039
0.564794816415
0.524298056156
0.496220302376
0.507019438445
0.568034557235
0.580453563715
0.570734341253
0.585313174946
0.525377969762
0.513498920086
0.477861771058
0.540496760259
0.572354211663
0.568574514039
0.578293736501
0.542656587473
0.572354211663
0.557235421166
0.569654427646
0.544276457883
0.529697624190
0.501619870410
0.575593952484
0.582073434125
0.577213822894
0.549676025918
0.535637149028
0.495680345572
0.541576673866
0.571274298056
0.555615550756
0.546436285097
0.542656587473
0.580453563715
0.577213822894
0.580453563715
0.550755939525
0.494060475162
0.508099352052
0.561015118790
0.597192224622
0.577213822894
0.592872570194
0.543736501080
0.550755939525
0.507559395248
0.569654427646
0.573434125270
0.558315334773
0.529157667387
0.445464362851
0.484341252700
0.536177105832
0.546976241901
0.589092872570
0.570194384449
0.576133909287
0.564254859611
0.538336933045
0.524298056156
0.565334773218
0.559935205184
0.559935205184
0.544276457883
0.555615550756
0.588012958963
0.594492440605
0.594492440605
0.571814254860
0.569114470842
0.498380129590
0.525377969762
0.556695464363
0.582073434125
0.561015118790
0.509719222462
0.543196544276
0.583693304536
0.580453563715
0.580993520518
0.558315334773
0.545356371490
0.522678185745
0.565334773218
0.564794816415
0.570194384449
0.559395248380
0.539416846652
0.572354211663
0.567494600432
0.596652267819
0.571814254860
0.569654427646
0.525377969762
0.523218142549
0.551295896328
0.592332613391
0.577213822894
0.561015118790
0.544816414687
0.540496760259
0.564254859611
0.589632829374
0.580993520518
0.578833693305
0.532937365011
0.535637149028
0.504319654428
0.526997840173
0.562634989201
0.578293736501
0.573434125270
0.576133909287
0.565874730022
0.554535637149
0.548056155508
0.563174946004
0.576673866091
0.592872570194
0.568034557235
0.564794816415
0.506479481641
0.556155507559
0.552375809935
0.607991360691
0.572354211663
0.562095032397
0.532937365011
0.546976241901
0.592872570194
0.576133909287
0.569114470842
0.532397408207
0.522678185745
0.573974082073
0.600971922246
0.586933045356
0.569114470842
0.531857451404
0.499460043197
0.542656587473
0.537257019438
0.552915766739
0.583693304536
0.565874730022
0.572354211663
0.574514038877
0.589632829374
0.589092872570
0.592872570194
0.589092872570
0.580993520518
0.585313174946
0.580453563715
0.575053995680
0.582073434125
0.566414686825
0.553455723542
0.573434125270
0.583693304536
0.577213822894
0.596112311015
0.563174946004
0.584233261339
0.545896328294
0.567494600432
0.562095032397
0.576133909287
0.559395248380
0.496220302376
0.504319654428
0.597192224622
0.594492440605
0.597732181425
0.525917926566
0.524838012959
0.524298056156
0.600431965443
0.609611231102
0.604211663067
0.600971922246
0.559395248380
0.542116630670
0.537257019438
0.592332613391
0.588012958963
0.531857451404
0.505939524838
0.557775377970
0.597192224622
0.606911447084
0.603131749460
0.569654427646
0.515658747300
0.489740820734
0.560475161987
0.605291576674
0.597192224622
0.596112311015
0.564254859611
0.580993520518
0.598812095032
0.607991360691
0.605291576674
0.551295896328
0.526997840173
0.542116630670
0.589092872570
0.595572354212
0.583153347732
0.582613390929
0.575053995680
0.550215982721
0.590172786177
0.585853131749
0.604211663067
0.593412526998
0.590712742981
0.578293736501
0.566954643629
0.588552915767
0.573974082073
0.550215982721
0.516198704104
0.566414686825
0.604211663067
0.601511879050
0.582613390929
0.530777537797
0.514578833693
0.609071274298
0.612850971922
0.613930885529
0.604751619870
0.558855291577
0.491360691145
0.533477321814
0.605831533477
0.615550755940
0.607991360691
0.613930885529
0.580993520518
0.595032397408
0.563714902808
0.561555075594
0.561015118790
0.598272138229
0.609071274298
0.618790496760
0.597732181425
0.592872570194
0.557775377970
0.516738660907
0.582613390929
0.581533477322
0.607991360691
0.571274298056
0.597732181425
0.556695464363
0.576133909287
0.534557235421
0.528617710583
0.610151187905
0.607991360691
0.627969762419
0.593412526998
0.607451403888
0.573434125270
0.585853131749
0.607451403888
0.593412526998
0.615010799136
0.585853131749
0.589632829374
0.555615550756
0.576673866091
0.565874730022
0.552375809935
0.578833693305
0.590712742981
0.549676025918
0.546436285097
0.531317494600
0.622570194384
0.616090712743
0.626889848812
0.597192224622
0.594492440605
0.538876889849
0.561555075594
0.605291576674
0.642008639309
0.608531317495
0.612850971922
0.566954643629
0.539956803456
0.619330453564
0.629589632829
0.609611231102
0.589632829374
0.542116630670
0.544276457883
0.592872570194
0.609611231102
0.596112311015
0.548596112311
0.585313174946
0.568574514039
0.623110151188
0.579373650108
0.607451403888
0.542656587473
0.546436285097
0.592872570194
0.554535637149
0.625269978402
0.598272138229
0.619870410367
0.586933045356
0.553455723542
0.570734341253
0.593952483801
0.595572354212
0.542656587473
0.476241900648
0.541576673866
0.578293736501
0.612850971922
0.607991360691
0.588012958963
0.558315334773
0.556695464363
0.560475161987
0.614470842333
0.607991360691
0.582073434125
0.573974082073
0.584773218143
0.617710583153
0.599892008639
0.590172786177
0.558315334773
0.558315334773
0.620950323974
0.609071274298
0.613390928726
0.579373650108
0.589632829374
0.586933045356
0.590172786177
0.608531317495
0.583693304536
0.588552915767
0.599892008639
0.594492440605
0.607451403888
0.592872570194
0.575593952484
0.569114470842
0.585853131749
0.593952483801
0.623110151188
0.606911447084
0.619330453564
0.608531317495
0.630669546436
0.602591792657
0.631209503240
0.578293736501
0.595572354212
0.593952483801
0.586393088553
0.602051835853
0.556155507559
0.551835853132
0.554535637149
0.605291576674
0.627429805616
0.626349892009
0.611231101512
0.572894168467
0.551295896328
0.563714902808
0.588552915767
0.634449244060
0.600431965443
0.582073434125
0.550755939525
0.568574514039
0.580453563715
0.606371490281
0.618790496760
0.621490280778
0.609071274298
0.623650107991
0.593412526998
0.599892008639
0.592872570194
0.613930885529
0.610151187905
0.607991360691
0.603131749460
0.594492440605
0.598812095032
0.568574514039
0.542656587473
0.601511879050
0.647408207343
0.608531317495
0.589092872570
0.557775377970
0.570194384449
0.592332613391
0.583693304536
0.602051835853
0.615550755940
0.618790496760
0.575593952484
0.575053995680
0.586933045356
0.640388768898
0.613390928726
0.608531317495
0.524838012959
0.575593952484
0.652807775378
0.632829373650
0.640928725702
0.581533477322
0.584773218143
0.597732181425
0.600431965443
0.616090712743
0.587473002160
0.622030237581
0.617710583153
0.632289416847
0.637149028078
0.602591792657
0.593952483801
0.567494600432
0.601511879050
0.618790496760
0.643088552916
0.612850971922
0.574514038877
0.537257019438
0.597732181425
0.640388768898
0.645248380130
0.603131749460
0.597732181425
0.556695464363
0.629049676026
0.651187904968
0.646328293737
0.632829373650
0.584773218143
0.561555075594
0.562095032397
0.631749460043
0.621490280778
0.599352051836
0.571274298056
0.536177105832
0.639848812095
0.631749460043
0.625269978402
0.592872570194
0.564794816415
0.616090712743
0.605831533477
0.595032397408
0.629589632829
0.643088552916
0.639308855292
0.627969762419
0.623650107991
0.606911447084
0.643628509719
0.643088552916
0.650107991361
0.593412526998
0.589092872570
0.585313174946
0.648488120950
0.632829373650
0.613390928726
0.559395248380
0.541036717063
0.621490280778
0.643088552916
0.626349892009
0.605291576674
0.591252699784
0.649568034557
0.625809935205
0.623110151188
0.586393088553
0.546436285097
0.636069114471
0.630669546436
0.619330453564
0.568574514039
0.604751619870
0.587473002160
0.651727861771
0.638768898488
0.643088552916
0.579373650108
0.602591792657
0.580993520518
0.614470842333
0.611771058315
0.610691144708
0.632289416847
0.647948164147
0.640928725702
0.612311015119
0.556155507559
0.629589632829
0.625269978402
0.655507559395
0.618790496760
0.571814254860
0.580453563715
0.639308855292
0.640928725702
0.622030237581
0.595032397408
0.582613390929
0.637149028078
0.640388768898
0.640388768898
0.594492440605
0.578293736501
0.577213822894
0.631749460043
0.645788336933
0.599352051836
0.555075593952
0.564794816415
0.651187904968
0.649568034557
0.638768898488
0.608531317495
0.578833693305
0.618790496760
0.602051835853
0.643628509719
0.624190064795
0.631749460043
0.604211663067
0.591252699784
0.643628509719
0.630129589633
0.651727861771
0.598272138229
0.612850971922
0.599352051836
0.624190064795
0.640928725702
0.620410367171
0.599892008639
0.588012958963
0.650107991361
0.613390928726
0.624190064795
0.550215982721
0.615010799136
0.652267818575
0.637688984881
0.636069114471
0.580993520518
0.603131749460
0.632829373650
0.627969762419
0.642548596112
0.603131749460
0.609611231102
0.639848812095
0.658747300216
0.659827213823
0.630669546436
0.610691144708
0.546976241901
0.616630669546
0.639848812095
0.624190064795
0.591252699784
0.557775377970
0.629589632829
0.634449244060
0.634449244060
0.610151187905
0.600971922246
0.632829373650
0.646868250540
0.653887688985
0.623650107991
0.626349892009
0.584773218143
0.629589632829
0.634989200864
0.616630669546
0.579373650108
0.632289416847
0.653887688985
0.656587473002
0.617710583153
0.633909287257
0.630669546436
0.670626349892
0.655507559395
0.643628509719
0.606911447084
0.602591792657
0.630129589633
0.647408207343
0.631209503240
0.582613390929
0.526997840173
0.600971922246
0.651727861771
0.634449244060
0.635529157667
0.630129589633
0.650647948164
0.671706263499
0.626889848812
0.609071274298
0.579913606911
0.632829373650
0.659827213823
0.665766738661
0.638228941685
0.632829373650
0.583153347732
0.643088552916
0.637149028078
0.661447084233
0.637688984881
0.590712742981
0.593952483801
0.579913606911
0.638228941685
0.646328293737
0.638228941685
0.640928725702
0.663606911447
0.671166306695
0.651187904968
0.612850971922
0.550755939525
0.599892008639
0.671166306695
0.676565874730
0.653887688985
0.624190064795
0.551295896328
0.585313174946
0.678725701944
0.651187904968
0.659287257019
0.590172786177
0.640928725702
0.672246220302
0.660367170626
0.640928725702
0.561555075594
0.592332613391
0.664146868251
0.683045356371
0.665766738661
0.632289416847
0.577213822894
0.604751619870
0.665226781857
0.688444924406
0.652267818575
0.656587473002
0.593952483801
0.629049676026
0.650647948164
0.651187904968
0.648488120950
0.599352051836
0.618790496760
0.629589632829
0.660367170626
0.637688984881
0.613390928726
0.619870410367
0.625809935205
0.633909287257
0.629589632829
0.627969762419
0.638228941685
0.632289416847
0.659287257019
0.649568034557
0.644708423326
0.611771058315
0.588012958963
0.643628509719
