4.135380268097
4.053427219391
3.976796627045
3.858300209045
4.004899501801
3.821575641632
3.760925531387
3.702279567719
3.642604351044
3.566195487976
3.732536077499
3.741381168365
3.670426368713
3.610146522522
3.553080558777
3.485374689102
3.932140111923
4.357152462006
4.253337860107
4.369037628174
4.308213233948
4.928009510040
4591.113281250000
266564074995712.000000000000
nan
nan
nan
nan
nan
nan
nan
nan
nan
nan
nan
nan
nan
nan
nan
nan
nan
nan
nan
nan
nan
nan
nan
nan
nan
nan
nan
nan
nan
nan
nan
nan
nan
nan
nan
nan
nan
nan
nan
nan
nan
nan
nan
nan
nan
nan
nan
nan
nan
nan
nan
nan
nan
nan
nan
nan
nan
nan
nan
nan
nan
nan
nan
nan
nan
nan
nan
nan
nan
nan
nan
nan
nan
nan
nan
nan
