4.135808467865
4.057395935059
3.976099967957
3.898790836334
3.924569129944
3.822807788849
3.761853694916
3.702718973160
3.642804622650
3.566998243332
3.729191541672
3.753128528595
3.652384519577
3.596621513367
3.535917758942
3.462899923325
3.966030359268
4.297536373138
4.220147132874
4.228741168976
4.287331104279
4.835333824158
5859.286132812500
115068817637376.000000000000
nan
nan
nan
nan
nan
nan
nan
nan
nan
nan
nan
nan
nan
nan
nan
nan
nan
nan
nan
nan
nan
nan
nan
nan
nan
nan
nan
nan
nan
nan
nan
nan
nan
nan
nan
nan
nan
nan
nan
nan
nan
nan
nan
nan
nan
nan
nan
nan
nan
nan
nan
nan
nan
nan
nan
nan
nan
nan
nan
nan
nan
nan
nan
nan
nan
nan
nan
nan
nan
nan
nan
nan
nan
nan
nan
nan
