4.143454074860
4.070526123047
3.987909317017
3.899335384369
3.961560726166
3.816483497620
3.757585287094
3.700227975845
3.641573905945
3.566621541977
3.749538898468
3.725306272507
3.663731575012
3.606191158295
3.554442405701
3.507714986801
3.935146808624
4.322640419006
4.237905025482
4.321542263031
4.285636901855
4.972002983093
4227.891113281250
222516467466240.000000000000
nan
nan
nan
nan
nan
nan
nan
nan
nan
nan
nan
nan
nan
nan
nan
nan
nan
nan
nan
nan
nan
nan
nan
nan
nan
nan
nan
nan
nan
nan
nan
nan
nan
nan
nan
nan
nan
nan
nan
nan
nan
nan
nan
nan
nan
nan
nan
nan
nan
nan
nan
nan
nan
nan
nan
nan
nan
nan
nan
nan
nan
nan
nan
nan
nan
nan
nan
nan
nan
nan
nan
nan
nan
nan
nan
nan
