4.136039733887
4.060435771942
3.979373455048
3.905755043030
3.905398845673
3.828208446503
3.765099763870
3.704964876175
3.645050764084
3.574150562286
3.811907768250
3.705570697784
3.646805763245
3.592231750488
3.529288291931
3.471751689911
3.784274578094
4.350382804871
4.246657848358
4.230213642120
4.338648796082
4.891745567322
4933.292480468750
188821777940480.000000000000
nan
nan
nan
nan
nan
nan
nan
nan
nan
nan
nan
nan
nan
nan
nan
nan
nan
nan
nan
nan
nan
nan
nan
nan
nan
nan
nan
nan
nan
nan
nan
nan
nan
nan
nan
nan
nan
nan
nan
nan
nan
nan
nan
nan
nan
nan
nan
nan
nan
nan
nan
nan
nan
nan
nan
nan
nan
nan
nan
nan
nan
nan
nan
nan
nan
nan
nan
nan
nan
nan
nan
nan
nan
nan
nan
nan
