2.427018880844
1.712378263474
1.288361072540
1.133263826370
0.976014435291
0.929111003876
0.848488330841
0.819599211216
0.780097544193
0.756079018116
0.733059287071
0.714156687260
0.697592616081
0.683087706566
0.670240819454
0.658772349358
0.648461282253
0.639132797718
0.630645632744
0.622885346413
0.615757226944
0.609182417393
0.603094995022
0.597439169884
0.592167198658
0.587237954140
0.582616567612
0.578272163868
0.574177861214
0.570310533047
0.566649198532
0.563175499439
0.559873640537
0.556728780270
0.553728103638
0.550860166550
0.548114657402
0.545481860638
0.542953670025
0.540522277355
0.538180947304
0.535923242569
0.533743917942
0.531637251377
0.529599010944
0.527624487877
0.525710403919
0.523852527142
0.522047877312
0.520293653011
