4.136076927185
4.131346225739
4.126757144928
4.122319698334
4.117967605591
4.113672256470
4.109425544739
4.105211734772
4.101015090942
4.096833705902
4.092651367188
4.088493824005
4.084357738495
4.080226898193
4.076090812683
4.071939945221
4.067756175995
4.063563823700
4.059335231781
4.055080890656
4.050755977631
4.046351432800
4.041840076447
4.037227153778
4.032500743866
4.027648925781
4.022647857666
4.017472743988
4.012114524841
4.006542682648
4.000720500946
3.994614124298
3.988133907318
3.981244564056
3.973910808563
3.966089725494
3.957767009735
3.948935508728
3.939575195312
3.929934024811
3.919775009155
3.909170627594
3.897585391998
3.886284828186
3.874798297882
3.863650083542
3.852386236191
3.841168880463
3.830154657364
3.818829059601
3.808157920837
3.796463727951
3.787998199463
3.773777961731
3.799048423767
3.863042831421
4.042621612549
3.819242954254
3.790740966797
3.766831398010
3.747872352600
3.733266353607
3.720758914948
3.710026264191
3.700002193451
3.690969944000
3.681640625000
3.674168586731
3.664868354797
3.663037776947
3.654478549957
3.777710914612
3.934464454651
3.831145763397
3.769290924072
3.733232975006
3.698416233063
3.667619228363
3.644545793533
3.629336833954
3.618681430817
3.609711647034
3.601699352264
3.594314336777
3.587621688843
3.581329345703
3.575357198715
3.570059776306
3.563849687576
3.560430526733
3.551820755005
3.561818838120
3.557704925537
3.741206645966
3.779685497284
3.661429405212
3.616419792175
3.578646183014
3.552401065826
3.537122726440
3.527241230011
3.519176006317
3.511972904205
3.505837917328
3.499587297440
3.493878126144
3.488186597824
3.482735633850
3.477735519409
3.471433162689
3.469473838806
3.460436344147
3.493241310120
3.536571502686
3.804473876953
3.591128110886
3.534688472748
3.496942758560
3.475419759750
3.457298278809
3.449795246124
3.435520410538
3.435565948486
3.417447090149
3.439589977264
3.412605285645
3.496498346329
3.421097755432
3.452027320862
3.394342899323
3.400840759277
3.395542144775
3.400121212006
3.503030776978
3.538472652435
3.520350456238
3.404370784760
3.386298656464
3.361477613449
3.364082813263
3.339432239532
3.367613315582
3.328180789948
3.455390453339
3.339100837708
3.483194112778
3.375084877014
3.416644096375
3.359667062759
3.360123634338
3.329670429230
3.338184118271
3.328704833984
3.357738018036
3.354311466217
3.388646602631
3.335475683212
3.342622756958
3.284275054932
3.316586256027
3.268135547638
3.369299411774
3.290595531464
3.465149402618
3.267158985138
3.275013923645
3.245389938354
3.251096725464
3.245164394379
3.274491786957
3.318051815033
3.375083446503
3.319917201996
3.284938335419
3.213090181351
3.251327753067
3.202176094055
3.385705709457
3.236507415771
3.360994815826
3.209287643433
3.213924884796
3.180650234222
3.195491075516
3.173066854477
3.225389957428
3.215758800507
3.334268569946
3.226872444153
3.233428001404
3.151006221771
3.207200527191
3.167555809021
3.393481731415
3.156768321991
3.142029762268
3.124909877777
3.119650363922
3.110613346100
3.106189727783
3.100769042969
3.092237949371
3.117409467697
3.125113487244
3.599886894226
3.333168506622
3.266425132751
3.170239448547
3.138330459595
3.091823577881
3.094977617264
3.061549425125
3.122967720032
3.087781429291
3.422797679901
3.177887439728
3.127778530121
3.082775592804
3.056392192841
3.058345794678
3.044078826904
3.072584629059
3.086281538010
3.146142721176
3.201296806335
3.088999986649
3.177765369415
3.031305789948
3.146368026733
3.012216091156
3.138843059540
3.003376007080
3.111676692963
3.010756254196
3.142417907715
3.030529975891
3.093973159790
3.018672943115
3.070896625519
3.001510620117
3.071682453156
2.994476318359
3.091814517975
2.984113693237
3.087470293045
2.967496871948
3.067545413971
2.955707550049
3.055938720703
2.947270393372
3.047390937805
2.943822622299
3.050788879395
2.956298828125
3.061378002167
2.984828948975
3.040935993195
2.979663372040
2.990158081055
2.988796234131
2.969179153442
3.074810028076
2.940644741058
2.981554031372
2.900592803955
2.944190502167
2.888752460480
2.993451595306
2.912254810333
3.052739143372
2.946723461151
3.084533691406
2.944657802582
2.940363407135
2.881558656693
2.906863689423
2.864453315735
2.942471504211
2.883442401886
3.025114297867
2.896605730057
2.923304080963
2.863489627838
2.906221151352
2.929302692413
3.044081211090
2.921447038651
2.910891532898
2.850242137909
2.854469299316
2.845026493073
2.869281768799
2.863833665848
2.913176536560
2.872369527817
2.883556365967
2.846339225769
2.844667434692
2.819978237152
2.855833530426
2.827932596207
3.114237070084
2.961196899414
3.007550239563
2.873510122299
2.804603099823
2.811527490616
2.782940387726
2.846571683884
2.805288791656
2.936017751694
2.794106960297
2.814606666565
2.773833274841
2.796243667603
2.784850120544
2.821514606476
2.860477924347
2.856587409973
3.053382396698
2.870999813080
2.820600032806
2.757900238037
2.755321025848
2.736179828644
2.782377243042
2.797088146210
3.004695653915
2.787122726440
2.740790367126
2.782407760620
2.741955041885
2.887893676758
2.775804519653
2.840681076050
2.747524261475
2.813264369965
2.719390392303
2.817916870117
2.723584175110
2.827114105225
2.714021444321
2.783188104630
2.688999176025
2.775383710861
2.686362266541
2.806164026260
2.687579393387
2.808668136597
2.681866645813
2.773278713226
2.685525894165
2.750170707703
2.775799274445
2.810262680054
2.680716276169
2.704360246658
2.652750492096
2.744268417358
2.703085184097
2.907152652740
2.719771385193
2.728553771973
2.661577224731
2.672032833099
2.674071550369
2.705175876617
2.758003711700
2.687758445740
2.696482419968
2.628787755966
2.717347383499
2.699358224869
2.747063398361
2.627205371857
2.653782367706
2.644176006317
2.707036972046
2.696530818939
2.627090215683
2.620465517044
2.610743045807
2.743797540665
2.730166673660
3.023064613342
2.689618110657
2.644721984863
2.597542285919
2.613370895386
2.592195272446
2.657383441925
2.663859844208
2.636558294296
2.589366912842
2.606041431427
2.586715698242
2.632576942444
2.611152887344
2.695881128311
2.630606889725
2.981645345688
2.630160570145
2.614924192429
2.593922615051
2.581229448318
2.594470500946
2.591401100159
2.610977888107
2.584398031235
2.578554391861
2.570516109467
2.591897249222
2.610648870468
2.627850294113
2.569151401520
2.593108415604
2.536162853241
2.824975013733
2.674806594849
2.744565725327
2.584647178650
2.543291091919
2.545668601990
2.559643268585
2.633930683136
2.574324131012
2.587436437607
2.540216445923
2.522514820099
2.611766338348
2.636870384216
2.796018600464
2.578954696655
2.561006069183
2.481593132019
2.497271060944
2.473344802856
2.519381999969
2.520040750504
2.690383434296
2.554964303970
2.588207721710
2.482391119003
2.608920097351
2.535788536072
2.615520000458
2.472397565842
2.510176897049
2.470302820206
2.549710988998
2.513791561127
2.615584373474
2.471382141113
2.539417266846
2.453489303589
2.577877998352
2.556632995605
2.571965694427
2.542087793350
2.527033805847
2.588321924210
2.470401287079
2.448071241379
2.467895030975
2.453348636627
2.546691894531
2.531793117523
2.521208286285
2.447339773178
2.567494153976
2.478121280670
2.644560813904
2.419352293015
2.470960855484
2.410321235657
2.488348484039
2.450634956360
2.510893344879
2.432570934296
2.471835613251
2.405730724335
2.468889236450
2.416008472443
2.552464962006
2.455096483231
2.540799140930
2.435328722000
2.425790786743
2.446415424347
2.414661169052
2.537525653839
2.527739048004
2.675988912582
2.447338581085
2.417399883270
2.382113456726
2.386049747467
2.425253391266
2.439859867096
2.641292095184
2.452586650848
2.483593940735
2.377393722534
2.409131288528
2.413399934769
2.478540658951
2.416560888290
2.394107818604
2.369107246399
2.412394523621
2.412810087204
2.512724637985
2.378032684326
2.384854793549
2.347399950027
2.546370744705
2.622072696686
2.776775360107
2.540663480759
2.401943683624
2.370587110519
2.336657285690
2.393387317657
2.382877826691
2.608049869537
2.358324289322
2.361749410629
2.316281080246
2.332406997681
2.311143159866
2.354541063309
2.334134340286
2.446605920792
2.353252887726
2.400740861893
2.324467658997
2.461440563202
2.503012657166
2.588667869568
2.400822401047
2.346507072449
2.301484346390
2.405413627625
2.368453264236
2.609907150269
2.317037105560
2.320215225220
2.306519031525
2.357973575592
2.414643049240
2.364676952362
2.349170684814
2.315798282623
2.307576894760
2.307631015778
2.301553964615
2.337849855423
2.338518857956
2.449502468109
2.411035299301
2.622245550156
2.304777145386
2.324908971786
2.259098052979
2.321864604950
2.287938117981
2.435837745667
2.300253629684
2.300378799438
2.244723558426
2.302121639252
2.259618759155
2.372570991516
2.347724437714
2.475083589554
2.352007389069
2.319472074509
2.291342735291
2.286890029907
2.431868791580
2.281655788422
2.385241508484
2.233657360077
2.311451435089
2.272850990295
2.439572811127
2.309781551361
2.368881225586
2.236107826233
2.291490077972
2.256358861923
2.395796298981
2.344418764114
2.299084424973
2.224393367767
2.234585046768
2.242248535156
2.339374780655
2.368407487869
2.417032241821
2.272989988327
2.225598812103
2.282776832581
2.252933979034
2.352472305298
2.249923944473
2.388141155243
2.224165916443
2.301399707794
2.229438543320
2.312504291534
2.232481718063
2.275094270706
2.207628726959
2.245028495789
2.210545778275
2.249901056290
2.260642528534
2.270666122437
2.341821670532
2.294727802277
2.429614067078
2.195466518402
2.209338903427
2.198089122772
2.233425140381
2.305096149445
2.353809356689
2.274238824844
2.208663940430
2.200834751129
2.173775196075
2.219988346100
2.200732707977
2.273531436920
2.205186605453
2.340494632721
2.213695049286
2.380071878433
2.169504404068
2.202730417252
2.146876335144
2.199772596359
2.153682231903
2.228852272034
2.153466939926
2.214201450348
2.151335239410
2.253828763962
2.257493972778
2.387828111649
2.327833414078
2.211028814316
2.311212778091
2.158155441284
2.195358753204
2.148313760757
2.221963405609
2.152256250381
2.182113647461
2.140255451202
2.209446907043
2.181442737579
2.287439346313
2.182514190674
2.166183233261
2.187386512756
2.201109409332
2.358514785767
2.254167556763
2.206620454788
2.127022266388
2.210058212280
2.225486278534
2.424189567566
2.152002334595
2.145237922668
2.115457057953
2.122967958450
2.138530492783
2.166242599487
2.200231075287
2.148954629898
2.126229047775
2.106082677841
2.168173074722
2.148629903793
2.321702480316
2.101953268051
2.161630630493
2.112498760223
2.180073738098
2.144542217255
2.184795856476
2.107410430908
2.200798034668
2.241796255112
2.435529232025
2.216146945953
2.182004928589
2.078284263611
2.134218215942
2.083606719971
2.208721637726
2.106902122498
2.212747573853
2.072225570679
2.098627567291
2.077471971512
2.106310844421
2.167649269104
2.199591159821
2.221352100372
2.098269701004
2.121242761612
2.089235067368
2.209753990173
2.177161693573
2.234846830368
2.089597225189
2.150727748871
2.095566749573
2.179875135422
2.125009298325
2.157406806946
2.052792310715
2.099220752716
2.043796062469
2.138617038727
2.093228340149
2.170566320419
2.090086460114
2.115466833115
2.121694087982
2.143508434296
2.194593906403
2.126578330994
2.167545318604
2.044701337814
2.072653532028
2.028122901917
2.099953651428
2.047501564026
2.080661296844
2.050159931183
2.069728136063
2.137986660004
2.171765565872
2.288855552673
2.084067821503
2.110199928284
2.040440082550
2.096613883972
2.085592508316
2.153441905975
2.102909326553
2.075440406799
2.049774646759
2.053526401520
2.161518573761
2.099174261093
2.183919191360
2.063747406006
2.037206172943
2.008504152298
2.095757961273
2.072663068771
2.163197994232
2.011517047882
2.051604509354
1.996119499207
2.175396442413
2.127047061920
2.266444683075
2.022260427475
2.014586925507
1.990116119385
2.017776966095
2.034596920013
2.075390815735
2.080777883530
2.040569305420
2.061974525452
2.065313339233
2.132160425186
2.099299192429
2.061705112457
2.040387868881
1.978257417679
2.065039396286
2.036063671112
2.260266304016
2.080583572388
2.092468261719
1.963700652122
2.017556667328
1.985502958298
2.163973331451
2.092732191086
2.147372007370
2.010989665985
1.969495534897
2.002842426300
2.012402772903
2.139559268951
2.127244234085
2.037107944489
1.978655338287
1.960279941559
1.996384978294
2.034645795822
2.063274621964
1.983888268471
2.056094646454
1.985903382301
2.193655252457
2.045371055603
2.087715864182
1.947318553925
1.977874994278
1.931259632111
1.992278695107
1.952282905579
2.078028202057
2.024423599243
2.098142385483
1.995224714279
2.038470268250
1.975155353546
2.012669086456
1.979384422302
1.994457483292
2.015051364899
1.992929220200
2.039276123047
1.974115967751
2.041820526123
1.931819915771
2.033039569855
1.974219799042
2.153602600098
2.031359910965
2.039113998413
1.962159872055
1.931109786034
1.960564613342
1.939163208008
1.984799861908
1.955937623978
1.982510805130
1.984288454056
2.026152372360
2.001134395599
2.008415937424
1.938716650009
1.941391944885
1.972460985184
2.054491043091
2.082812070847
1.921099424362
1.926077842712
1.907338738441
2.063021659851
2.097070217133
2.304100751877
2.006306648254
1.939627408981
1.903343200684
1.940029144287
1.932538747787
2.051017522812
1.963085651398
1.980323910713
1.900395154953
1.927714109421
1.940787553787
2.026329278946
1.988311290741
1.931526422501
1.935974955559
1.912990093231
1.981514453888
2.037556409836
2.030470371246
1.975764751434
1.895292043686
1.893641471863
1.903105139732
1.998521685600
1.995671272278
1.966970205307
1.965701222420
1.893341541290
2.084100008011
2.016259908676
2.090378284454
1.904780507088
1.905062079430
1.906670451164
1.974918603897
1.992415308952
2.084275484085
1.874826908112
1.898605823517
1.860742211342
1.933700919151
1.944284915924
2.047684192657
1.979455471039
1.908238887787
1.906604528427
1.852096915245
1.954607963562
1.914468765259
2.133837938309
1.972138404846
1.988595247269
1.865316987038
1.895504593849
1.898293256760
2.042087554932
1.940730333328
1.929984569550
1.860483884811
1.863701105118
1.911605238914
1.938983440399
2.008809566498
1.869420766830
1.871762752533
1.854491829872
1.968062877655
1.968624234200
2.085666418076
1.926327466965
1.842938184738
1.855797648430
1.846614122391
1.943461894989
1.964088678360
2.021861553192
1.850926876068
1.884168028831
1.849082350731
1.968613743782
1.885207653046
1.935468912125
1.840061068535
1.871357202530
1.917133331299
1.951348781586
2.198355913162
1.898882031441
1.912842035294
1.863609790802
1.871435999870
1.881067633629
1.934340715408
1.957410335541
1.944899439812
1.835558652878
1.845012426376
1.818204522133
1.880758047104
1.876687049866
2.034453630447
1.924179911613
1.942453265190
1.820475578308
1.859879374504
1.854540348053
1.952732443810
1.886233091354
1.881924629211
1.815884351730
1.812500000000
1.844747185707
1.848184704781
1.970048785210
1.849697828293
1.873265385628
1.903853297234
1.947315096855
1.910767436028
1.851920604706
1.825515985489
1.803050994873
1.839921951294
1.862232685089
2.124383211136
2.040798664093
2.096713066101
1.863611698151
1.834900140762
1.800766944885
1.889391779900
1.832537412643
1.937993526459
1.820671081543
1.893036246300
1.827008485794
1.854526519775
1.879068017006
1.853479385376
1.874557971954
1.805081486702
1.845144748688
1.787096142769
1.886113882065
1.791424155235
1.921185016632
1.808831691742
1.911463737488
1.859922766685
1.968226909637
1.839339494705
1.897782802582
1.822464108467
1.889984369278
1.820744991302
1.900225758553
1.797336578369
1.827783107758
1.811421751976
1.872206091881
2.042799949646
1.871819019318
1.860084056854
1.799494862556
1.827486634254
1.851818799973
1.907724261284
1.840638399124
1.800175189972
1.780693769455
1.820506453514
1.831818223000
1.871992707253
1.793301224709
1.761917829514
1.767806172371
1.812704324722
1.849980235100
2.062516689301
1.916285276413
2.006434679031
1.818291902542
1.791786670685
1.744771718979
1.819140672684
1.793579339981
1.954614162445
1.850028514862
1.827928662300
1.802623867989
1.807054877281
1.956037044525
1.843237519264
1.858770132065
1.768393874168
1.772378683090
1.779310345650
1.813926815987
1.830541610718
1.857902288437
1.799045324326
1.798287153244
1.778637647629
1.890346050262
1.871220350266
1.917988181114
1.767518758774
1.844661474228
1.823662281036
1.978483438492
1.857504606247
1.835816383362
1.732157707214
1.807816028595
1.751591801643
1.863092660904
1.768631935120
1.823772430420
1.779543519020
1.793702006340
1.879559636116
1.806178092957
1.823474407196
1.770094275475
1.762270450592
1.789338827133
1.802392244339
1.890033602715
1.819666743279
1.890559911728
1.771477222443
1.844699263573
1.782987833023
1.814426422119
1.730846881866
1.762462377548
1.715052723885
1.775774002075
1.731817483902
1.843564033508
1.764306902885
1.843654274940
1.750935673714
1.778715848923
1.811367988586
1.854229569435
1.799551725388
1.740062117577
1.767968773842
1.822642087936
1.959702014923
1.836523771286
1.761480212212
1.711305856705
1.744882345200
1.787105917931
1.980041146278
1.875059247017
1.851698994637
1.733175635338
1.807116508484
1.785730361938
1.937812328339
1.781670331955
1.777608275414
1.739039897919
1.751106023788
1.842066764832
1.851250290871
1.852522015572
1.744958877563
1.756223201752
1.745074629784
1.837777614594
1.856831312180
1.991227269173
1.769150018692
1.786812305450
1.692564725876
1.709509372711
1.694884061813
1.726081490517
1.746665835381
1.728806972504
1.760896682739
1.686461806297
1.774352431297
1.726761698723
1.904606819153
1.794890642166
1.826362848282
1.716016530991
1.767849206924
1.740779161453
1.798467516899
1.761441588402
1.787560701370
1.731151103973
1.842455983162
1.770949244499
1.786371707916
1.763385772705
1.713795661926
1.710154056549
1.719155311584
1.726853966713
1.766478538513
1.772357225418
1.744934201241
1.813327789307
1.822430133820
1.867401242256
1.708047866821
1.728190660477
1.682453274727
1.849375247955
1.756995439529
1.809936404228
1.678689002991
1.716648221016
1.707502245903
1.959213256836
1.965684413910
2.073699712753
1.784075737000
1.736204862595
1.691427350044
1.713347434998
1.713141322136
1.804714918137
1.766616106033
1.759093046188
1.720717549324
1.723224878311
1.728048443794
1.731966018677
1.809793233871
1.711156487465
1.831542968750
1.747786402702
1.763297677040
1.699826717377
1.682495951653
1.743922948837
1.701597213745
1.785327672958
1.677453279495
1.754775404930
1.656159639359
1.735298156738
1.671460151672
1.758906364441
1.710213065147
1.802999019623
1.698250889778
1.698096513748
1.725769639015
1.679914355278
1.781476259232
1.721935510635
1.907425642014
1.768301963806
1.777155637741
1.708666920662
1.745691776276
1.766215562820
1.745757341385
1.703810930252
1.675750851631
1.659365415573
1.700657010078
1.754116654396
1.733968734741
1.722435951233
1.636169195175
1.652121305466
1.681911706924
1.829244732857
1.900069952011
1.793355584145
1.653961062431
1.703361392021
1.700708866119
1.858728051186
1.736808896065
1.779525041580
1.684395551682
1.781998753548
1.767149090767
1.844430446625
1.669010043144
1.699359655380
1.631220102310
1.708731412888
1.663393735886
1.755656480789
1.741398334503
1.763137698174
1.816218614578
1.650547266006
1.681944727898
1.613577485085
1.680941224098
1.640538454056
1.755775451660
1.771478533745
1.726699590683
1.729204416275
1.634878277779
1.705595970154
1.625398874283
1.736550450325
1.643097043037
1.767511487007
1.694661140442
1.907221317291
1.744385004044
1.746688246727
1.676714420319
1.664648652077
1.808978557587
1.768686056137
1.765917062759
1.682273030281
1.708756446838
1.700325727463
1.763823270798
1.759221792221
1.687180638313
1.655198574066
1.641440749168
1.706501483917
1.765603899956
1.720049381256
1.649241089821
1.616547942162
1.623674631119
1.628210306168
1.734868288040
1.779649615288
1.874975204468
1.709705114365
1.818944454193
1.656523466110
1.697039604187
1.666253209114
1.677883386612
1.615582346916
1.683554887772
1.660621523857
1.815619945526
1.826285600662
1.654025077820
1.614414691925
1.603104829788
1.687178492546
1.696372032166
1.843272089958
1.699057102203
1.690177559853
1.693217992783
1.771892547607
1.707829356194
1.655551671982
1.592907905579
1.629019141197
1.634333372116
1.784786462784
1.735793113708
1.653458118439
1.606796741486
1.594434261322
1.618926167488
1.642523407936
1.767261505127
1.757591605186
1.660093069077
1.621019721031
1.682074069977
1.719180941582
2.111868381500
1.800923109055
1.788994073868
1.635672330856
1.659817576408
1.586577057838
1.652399420738
1.610920667648
1.750138163567
1.684574484825
1.744668245316
1.675795555115
1.688305974007
1.744982957840
1.674937486649
1.620687246323
1.579691410065
1.585915088654
1.625136256218
1.638269186020
1.756980538368
1.659472942352
1.666752099991
1.625580310822
1.697758197784
1.798980593681
1.899161577225
1.633960247040
1.633887529373
1.618206024170
1.705687522888
1.667464375496
1.786108613014
1.649652004242
1.631860613823
1.632673263550
1.672771096230
1.667173147202
1.675575971603
1.600581407547
1.608049988747
1.607009887695
1.657315254211
1.749263286591
1.759128212929
1.617579579353
1.636063575745
1.571071863174
1.706681489944
1.637076497078
1.741486549377
1.614357709885
1.597848176956
1.595783233643
1.633847832680
1.739610075951
1.828722715378
1.747627854347
1.842351198196
1.602159738541
1.649933338165
1.562335014343
1.632817506790
1.587715625763
1.689969182014
1.651343584061
1.635408639908
1.616899728775
1.585654377937
1.641214013100
1.692144155502
1.789858341217
1.693128228188
1.614941835403
1.581289291382
1.588235616684
1.666937828064
1.706577301025
1.653522253036
1.659621357918
1.581850767136
1.696781635284
1.676120638847
1.817061543465
1.600500822067
1.589070796967
1.580213546753
1.652900457382
1.702110648155
1.910161614418
1.654279947281
1.756816506386
1.651774883270
1.641569733620
1.623952150345
1.645534753799
1.619222164154
1.604521989822
1.581831216812
1.583601236343
1.581666827202
1.592935681343
1.600170731544
1.602599501610
1.636724591255
1.602613568306
1.656547546387
1.654110670090
1.608818531036
1.672188758850
1.547915697098
1.667498826981
1.534290313721
1.678972601891
1.558955192566
1.681727051735
1.567371487617
1.669874310493
1.628519535065
1.936079263687
1.802497267723
1.721948862076
1.565760612488
1.627087950706
1.682122588158
1.826664924622
1.714241743088
1.566814899445
1.548487424850
1.537713646889
1.574835300446
1.646908283234
1.745312929153
1.685098767281
1.631635904312
1.564263105392
1.775542259216
1.730858564377
1.650689721107
1.523526787758
1.556091308594
1.510332822800
1.651049613953
1.634136795998
1.860808968544
1.643639564514
1.596804738045
1.567964792252
1.602044343948
1.679988980293
1.665698289871
1.587639212608
1.556178569794
1.557724475861
1.653208613396
1.713521361351
1.675282955170
1.598780393600
1.531706809998
1.613842725754
1.564203023911
1.712628006935
1.619573473930
1.642513036728
1.533768653870
1.562668561935
1.535196661949
1.567467451096
1.627606749535
1.593857765198
1.667977452278
1.595022916794
1.727082610130
1.746263027191
1.639903664589
1.535345077515
1.534308314323
1.582383036613
1.693846940994
1.780970335007
1.664747953415
1.522257089615
1.543748617172
1.519789338112
1.713592886925
1.777996540070
1.860722303391
1.593382716179
1.522759675980
1.527322292328
1.518439650536
1.577562928200
1.584635257721
1.611833453178
1.677474021912
1.586739063263
1.647373676300
1.507617354393
1.548771739006
1.488911867142
1.605999588966
1.568395018578
1.745692729950
1.621488809586
1.549443960190
1.585975527763
1.520579338074
1.626264691353
1.543899893761
1.669248938560
1.666566967964
1.728908300400
1.572677731514
1.508996486664
1.515421986580
1.518791794777
1.568004131317
1.567785024643
1.578659296036
1.547981977463
1.534907221794
1.539611458778
1.592890977859
1.640774846077
1.676862597466
1.690526247025
1.598519563675
1.743902564049
1.583125352859
1.636469841003
1.657846212387
1.755063295364
1.712670087814
1.611213684082
1.481869220734
1.535689830780
1.471669077873
1.697485923767
1.577816843987
1.755909085274
1.519345521927
1.507095336914
1.507068634033
1.554300785065
1.667255640030
1.718296766281
1.512446880341
1.504228472710
1.510285139084
1.577786803246
1.690115571022
1.661730408669
1.548068523407
1.526924729347
1.528549313545
1.688450217247
1.597076654434
1.582830786705
1.528078198433
1.510102987289
1.563067317009
1.626383900642
1.672050237656
1.648943901062
1.611578702927
1.541431903839
1.526360988617
1.510669469833
1.580565214157
1.603547692299
1.657165527344
1.502677440643
1.621583223343
1.631184577942
2.034212589264
1.737295389175
1.614156126976
1.525013685226
1.527448296547
1.516654372215
1.612829208374
1.590318799019
1.597312927246
1.550965189934
1.507707238197
1.663744449615
1.547067999840
1.583613753319
1.506469368935
1.532330751419
1.586330413818
1.681701421738
1.639954328537
1.576930642128
1.495614171028
1.554233908653
1.523423790932
1.605736136436
1.536019086838
1.552418231964
1.612087368965
1.536266326904
1.678469538689
1.534378767014
1.626080989838
1.516474127769
1.596957683563
1.592287659645
1.601466298103
1.581992626190
1.543433427811
1.529318213463
1.511011958122
1.533740758896
1.508772969246
1.541544675827
1.509818315506
1.556295990944
1.545339703560
1.575316667557
1.591949224472
1.538326501846
1.607824087143
1.579457044601
1.745580911636
1.611660361290
1.575041055679
1.469665527344
1.511461853981
1.502519845963
1.655909538269
1.683953762054
1.744751214981
1.510524272919
1.501640200615
1.508032560349
1.566311120987
1.690741896629
1.582248687744
1.643148422241
1.540280461311
1.517791867256
1.570603132248
1.502167940140
1.565727591515
1.494960665703
1.591459274292
1.483079314232
1.544815301895
1.474334239960
1.544737935066
1.530443906784
1.543086647987
1.614072442055
1.573666810989
1.807396769524
1.489512920380
1.502840757370
1.473845124245
1.636235475540
1.593662858009
1.697210907936
1.575507879257
1.605261206627
1.540793538094
1.503170967102
1.519604921341
1.547383666039
1.642897844315
1.532989382744
1.507565975189
1.484112262726
1.599586367607
1.697576403618
1.599539518356
1.506984591484
1.436602950096
1.520454406738
1.493098497391
1.701949357986
1.493303537369
1.577059745789
1.511822223663
1.607262849808
1.523013710976
1.537483096123
1.474528908730
1.504386544228
1.530127286911
1.679865717888
1.644336700439
1.646263003349
1.497977256775
1.495747804642
1.472366452217
1.627214908600
1.602782487869
1.551072359085
1.464669704437
1.447983860970
1.497101545334
1.538704156876
1.588739514351
1.459971666336
1.442512273788
1.425210833549
1.468604922295
1.545000314713
1.656866192818
1.558031201363
1.558917045593
1.475363373756
1.566508531570
1.618098616600
1.631100296974
1.561864614487
1.443632125854
1.560899734497
1.530775189400
1.711366176605
1.546752691269
1.590252280235
1.566555261612
1.503730416298
1.468590974808
1.442768812180
1.532312631607
1.456355094910
1.633804798126
1.442367911339
1.454459309578
1.449926614761
1.547597765923
1.626555919647
1.573386669159
1.444186568260
1.475932121277
1.471496224403
1.699727535248
1.582880735397
1.504901885986
1.480978965759
1.479578137398
1.630381584167
1.533793568611
1.501732587814
1.463530659676
1.487418770790
1.588672399521
1.585786223412
1.581175923347
1.437664389610
1.622641921043
1.553272604942
1.639547348022
1.530821084976
1.474975824356
1.405852556229
1.492033958435
1.455767989159
1.621795177460
1.481800079346
1.610604047775
1.545619368553
1.576701283455
1.534943342209
1.452738404274
1.506174802780
1.506446361542
1.813398718834
1.574245929718
1.450777530670
1.446315050125
1.475445389748
1.608753085136
1.563357830048
1.472011327744
1.483186364174
1.482298851013
1.613134384155
1.553773283958
1.511653780937
1.416984319687
1.478093147278
1.515366911888
1.581939220428
1.611778497696
1.445867776871
1.475280523300
1.501552939415
1.774812340736
1.571996808052
1.454029560089
1.450094342232
1.414149999619
1.559039950371
1.543961882591
1.625558972359
1.520036220551
1.523987770081
1.474622726440
1.523769855499
1.544596433640
1.543568491936
1.506974816322
1.450729966164
1.514931678772
1.482783436775
1.602757930756
1.493079423904
1.487091422081
1.454723715782
1.483653306961
1.584404468536
1.543986320496
1.558106541634
1.486356496811
1.540404558182
1.605295538902
1.506768345833
1.469948410988
1.427833557129
1.540284395218
1.580151677132
1.665765523911
1.507563591003
1.465031385422
1.416904330254
1.513458848000
1.445791840553
1.531606554985
1.401980876923
1.442121386528
1.445777058601
1.536390066147
1.630167007446
1.491598248482
1.482643365860
1.458061456680
1.658621311188
1.617756962776
1.569746613503
1.442587494850
1.520371675491
1.516267538071
1.590916872025
1.494681835175
1.427800059319
1.448116421700
1.423752427101
1.541005969048
1.484991431236
1.508952975273
1.501937747002
1.522286891937
1.701154232025
1.509859681129
1.428337812424
1.462448239326
1.450935363770
1.608190059662
1.408518314362
1.477771520615
1.379994153976
1.520258188248
1.513489246368
1.629366636276
1.480916380882
1.486497998238
1.465625286102
1.652954459190
1.655203819275
1.626954197884
1.398493766785
1.489369511604
1.406530141830
1.535332918167
1.381963372231
1.439533233643
1.425687670708
1.559004068375
1.556345820427
1.458841443062
1.454706430435
1.394568681717
1.487596631050
1.502352237701
1.555859804153
1.502465963364
1.405810475349
1.431680202484
1.400745630264
1.560303688049
1.522669315338
1.635051012039
1.520791411400
1.439719796181
1.522143006325
1.454785108566
1.483760476112
1.412827968597
1.508227348328
1.554249525070
1.780604600906
1.579918146133
1.461860060692
1.383491277695
1.416846752167
1.457182049751
1.682372093201
1.507112503052
1.444688320160
1.389069199562
1.526289939880
1.480861902237
1.588789701462
1.399922847748
1.437826156616
1.463336229324
1.615671634674
1.575976967812
1.423523426056
1.402915000916
1.382158041000
1.528261423111
1.600149989128
1.696990013123
1.422535300255
1.385095119476
1.407391905785
1.450604677200
1.518143057823
1.470671653748
1.411193847656
1.410669088364
1.458400487900
1.480563998222
1.571635365486
1.447589993477
1.434285283089
1.476334929466
1.491611242294
1.607170343399
1.553905010223
1.454146385193
1.601397275925
1.416643381119
1.549794316292
1.394264221191
1.467133164406
1.393322229385
1.481888294220
1.553889513016
1.621399879456
1.503456354141
