0.140000000000
0.194117647059
0.200000000000
0.162352941176
0.088235294118
0.088235294118
0.088235294118
0.109411764706
0.163529411765
0.127058823529
0.127058823529
0.048235294118
0.087058823529
0.101176470588
0.161176470588
0.180000000000
0.048235294118
0.087058823529
0.101176470588
0.155294117647
0.148235294118
0.061176470588
0.048235294118
0.087058823529
0.088235294118
0.088235294118
0.088235294118
0.088235294118
0.088235294118
0.088235294118
0.088235294118
0.088235294118
0.088235294118
0.088235294118
0.088235294118
0.088235294118
0.088235294118
0.088235294118
0.088235294118
0.088235294118
0.088235294118
0.088235294118
0.088235294118
0.088235294118
0.088235294118
0.088235294118
0.088235294118
0.088235294118
0.088235294118
0.088235294118
0.088235294118
0.088235294118
0.088235294118
0.088235294118
0.088235294118
0.088235294118
0.088235294118
0.088235294118
0.088235294118
0.088235294118
0.088235294118
0.088235294118
0.088235294118
0.088235294118
0.088235294118
0.088235294118
0.088235294118
0.088235294118
0.088235294118
0.088235294118
0.088235294118
0.088235294118
0.088235294118
0.088235294118
0.088235294118
0.088235294118
0.088235294118
0.088235294118
0.088235294118
0.088235294118
0.088235294118
0.088235294118
0.088235294118
0.088235294118
0.088235294118
0.088235294118
0.088235294118
0.088235294118
0.088235294118
0.088235294118
0.088235294118
0.088235294118
0.088235294118
0.088235294118
0.088235294118
0.088235294118
0.088235294118
0.088235294118
0.088235294118
0.088235294118
