0.089855072464
0.166183574879
0.164251207729
0.116908212560
0.116908212560
0.110144927536
0.110144927536
0.140096618357
0.134299516908
0.118840579710
0.162318840580
0.138164251208
0.116908212560
0.120772946860
0.138164251208
0.128502415459
0.138164251208
0.116908212560
0.088888888889
0.142995169082
0.106280193237
0.077294685990
0.139130434783
0.116908212560
0.110144927536
0.110144927536
0.110144927536
0.110144927536
0.110144927536
0.110144927536
0.110144927536
0.110144927536
0.110144927536
0.110144927536
0.110144927536
0.110144927536
0.110144927536
0.110144927536
0.110144927536
0.110144927536
0.110144927536
0.110144927536
0.110144927536
0.110144927536
0.110144927536
0.110144927536
0.110144927536
0.110144927536
0.110144927536
0.110144927536
0.110144927536
0.110144927536
0.110144927536
0.110144927536
0.110144927536
0.110144927536
0.110144927536
0.110144927536
0.110144927536
0.110144927536
0.110144927536
0.110144927536
0.110144927536
0.110144927536
0.110144927536
0.110144927536
0.110144927536
0.110144927536
0.110144927536
0.110144927536
0.110144927536
0.110144927536
0.110144927536
0.110144927536
0.110144927536
0.110144927536
0.110144927536
0.110144927536
0.110144927536
0.110144927536
0.110144927536
0.110144927536
0.110144927536
0.110144927536
0.110144927536
0.110144927536
0.110144927536
0.110144927536
0.110144927536
0.110144927536
0.110144927536
0.110144927536
0.110144927536
0.110144927536
0.110144927536
0.110144927536
0.110144927536
0.110144927536
0.110144927536
0.110144927536
