0.079084287201
0.143600416233
0.172736732570
0.154006243496
0.162330905307
0.071800208117
0.071800208117
0.093652445369
0.129032258065
0.096774193548
0.142559833507
0.143600416233
0.164412070760
0.138397502601
0.063475546306
0.119667013528
0.142559833507
0.164412070760
0.124869927159
0.062434963580
0.130072840791
0.181061394381
0.142559833507
0.164412070760
0.071800208117
0.071800208117
0.071800208117
0.071800208117
0.071800208117
0.071800208117
0.071800208117
0.071800208117
0.071800208117
0.071800208117
0.071800208117
0.071800208117
0.071800208117
0.071800208117
0.071800208117
0.071800208117
0.071800208117
0.071800208117
0.071800208117
0.071800208117
0.071800208117
0.071800208117
0.071800208117
0.071800208117
0.071800208117
0.071800208117
0.071800208117
0.071800208117
0.071800208117
0.071800208117
0.071800208117
0.071800208117
0.071800208117
0.071800208117
0.071800208117
0.071800208117
0.071800208117
0.071800208117
0.071800208117
0.071800208117
0.071800208117
0.071800208117
0.071800208117
0.071800208117
0.071800208117
0.071800208117
0.071800208117
0.071800208117
0.071800208117
0.071800208117
0.071800208117
0.071800208117
0.071800208117
0.071800208117
0.071800208117
0.071800208117
0.071800208117
0.071800208117
0.071800208117
0.071800208117
0.071800208117
0.071800208117
0.071800208117
0.071800208117
0.071800208117
0.071800208117
0.071800208117
0.071800208117
0.071800208117
0.071800208117
0.071800208117
0.071800208117
0.071800208117
0.071800208117
0.071800208117
0.071800208117
