0.108418367347
0.119897959184
0.118622448980
0.091836734694
0.085459183673
0.076530612245
0.076530612245
0.128826530612
0.091836734694
0.093112244898
0.108418367347
0.048469387755
0.085459183673
0.093112244898
0.099489795918
0.093112244898
0.048469387755
0.085459183673
0.084183673469
0.096938775510
0.068877551020
0.114795918367
0.048469387755
0.085459183673
0.076530612245
0.076530612245
0.076530612245
0.076530612245
0.076530612245
0.076530612245
0.076530612245
0.076530612245
0.076530612245
0.076530612245
0.076530612245
0.076530612245
0.076530612245
0.076530612245
0.076530612245
0.076530612245
0.076530612245
0.076530612245
0.076530612245
0.076530612245
0.076530612245
0.076530612245
0.076530612245
0.076530612245
0.076530612245
0.076530612245
0.076530612245
0.076530612245
0.076530612245
0.076530612245
0.076530612245
0.076530612245
0.076530612245
0.076530612245
0.076530612245
0.076530612245
0.076530612245
0.076530612245
0.076530612245
0.076530612245
0.076530612245
0.076530612245
0.076530612245
0.076530612245
0.076530612245
0.076530612245
0.076530612245
0.076530612245
0.076530612245
0.076530612245
0.076530612245
0.076530612245
0.076530612245
0.076530612245
0.076530612245
0.076530612245
0.076530612245
0.076530612245
0.076530612245
0.076530612245
0.076530612245
0.076530612245
0.076530612245
0.076530612245
0.076530612245
0.076530612245
0.076530612245
0.076530612245
0.076530612245
0.076530612245
0.076530612245
0.076530612245
0.076530612245
0.076530612245
0.076530612245
0.076530612245
