0.074923547401
0.172782874618
0.173547400612
0.107798165138
0.094036697248
0.085626911315
0.085626911315
0.097094801223
0.115443425076
0.100917431193
0.122324159021
0.086391437309
0.094036697248
0.121559633028
0.141437308869
0.129204892966
0.085626911315
0.094036697248
0.064220183486
0.141437308869
0.090978593272
0.144495412844
0.086391437309
0.094036697248
0.085626911315
0.085626911315
0.085626911315
0.085626911315
0.085626911315
0.085626911315
0.085626911315
0.085626911315
0.085626911315
0.085626911315
0.085626911315
0.085626911315
0.085626911315
0.085626911315
0.085626911315
0.085626911315
0.085626911315
0.085626911315
0.085626911315
0.085626911315
0.085626911315
0.085626911315
0.085626911315
0.085626911315
0.085626911315
0.085626911315
0.085626911315
0.085626911315
0.085626911315
0.085626911315
0.085626911315
0.085626911315
0.085626911315
0.085626911315
0.085626911315
0.085626911315
0.085626911315
0.085626911315
0.085626911315
0.085626911315
0.085626911315
0.085626911315
0.085626911315
0.085626911315
0.085626911315
0.085626911315
0.085626911315
0.085626911315
0.085626911315
0.085626911315
0.085626911315
0.085626911315
0.085626911315
0.085626911315
0.085626911315
0.085626911315
0.085626911315
0.085626911315
0.085626911315
0.085626911315
0.085626911315
0.085626911315
0.085626911315
0.085626911315
0.085626911315
0.085626911315
0.085626911315
0.085626911315
0.085626911315
0.085626911315
0.085626911315
0.085626911315
0.085626911315
0.085626911315
0.085626911315
0.085626911315
