0.067005076142
0.220304568528
0.244670050761
0.182741116751
0.022335025381
0.045685279188
0.045685279188
0.083248730964
0.121827411168
0.081218274112
0.065989847716
0.104568527919
0.022335025381
0.059898477157
0.124873096447
0.161421319797
0.104568527919
0.023350253807
0.155329949239
0.127918781726
0.149238578680
0.291370558376
0.104568527919
0.023350253807
0.045685279188
0.045685279188
0.045685279188
0.045685279188
0.045685279188
0.045685279188
0.045685279188
0.045685279188
0.045685279188
0.045685279188
0.045685279188
0.045685279188
0.045685279188
0.045685279188
0.045685279188
0.045685279188
0.045685279188
0.045685279188
0.045685279188
0.045685279188
0.045685279188
0.045685279188
0.045685279188
0.045685279188
0.045685279188
0.045685279188
0.045685279188
0.045685279188
0.045685279188
0.045685279188
0.045685279188
0.045685279188
0.045685279188
0.045685279188
0.045685279188
0.045685279188
0.045685279188
0.045685279188
0.045685279188
0.045685279188
0.045685279188
0.045685279188
0.045685279188
0.045685279188
0.045685279188
0.045685279188
0.045685279188
0.045685279188
0.045685279188
0.045685279188
0.045685279188
0.045685279188
0.045685279188
0.045685279188
0.045685279188
0.045685279188
0.045685279188
0.045685279188
0.045685279188
0.045685279188
0.045685279188
0.045685279188
0.045685279188
0.045685279188
0.045685279188
0.045685279188
0.045685279188
0.045685279188
0.045685279188
0.045685279188
0.045685279188
0.045685279188
0.045685279188
0.045685279188
0.045685279188
0.045685279188
