0.117775354417
0.189749182116
0.209378407852
0.169029443839
0.087241003272
0.136314067612
0.136314067612
0.159214830971
0.170119956379
0.150490730643
0.169029443839
0.057797164667
0.087241003272
0.117775354417
0.129770992366
0.152671755725
0.057797164667
0.087241003272
0.117775354417
0.133042529989
0.141766630316
0.151581243184
0.058887677208
0.087241003272
0.136314067612
0.136314067612
0.136314067612
0.136314067612
0.136314067612
0.136314067612
0.136314067612
0.136314067612
0.136314067612
0.136314067612
0.136314067612
0.136314067612
0.136314067612
0.136314067612
0.136314067612
0.136314067612
0.136314067612
0.136314067612
0.136314067612
0.136314067612
0.136314067612
0.136314067612
0.136314067612
0.136314067612
0.136314067612
0.136314067612
0.136314067612
0.136314067612
0.136314067612
0.136314067612
0.136314067612
0.136314067612
0.136314067612
0.136314067612
0.136314067612
0.136314067612
0.136314067612
0.136314067612
0.136314067612
0.136314067612
0.136314067612
0.136314067612
0.136314067612
0.136314067612
0.136314067612
0.136314067612
0.136314067612
0.136314067612
0.136314067612
0.136314067612
0.136314067612
0.136314067612
0.136314067612
0.136314067612
0.136314067612
0.136314067612
0.136314067612
0.136314067612
0.136314067612
0.136314067612
0.136314067612
0.136314067612
0.136314067612
0.136314067612
0.136314067612
0.136314067612
0.136314067612
0.136314067612
0.136314067612
0.136314067612
0.136314067612
0.136314067612
0.136314067612
0.136314067612
0.136314067612
0.136314067612
