2.487894058228
1.598190307617
1.203629255295
1.016909241676
0.901095688343
0.822646677494
0.773798763752
0.729743301868
0.703104317188
0.678387999535
0.658990085125
0.642143487930
0.627675890923
0.615028798580
0.603874146938
0.593950510025
0.585056304932
0.577032089233
0.569750845432
0.563109099865
0.557022035122
0.551419496536
0.546242833138
0.541442215443
0.536975800991
0.532807409763
0.528905868530
0.525244414806
0.521799564362
0.518550813198
0.515479981899
0.512571275234
0.509810447693
0.507184863091
0.504683375359
0.502295851707
0.500013411045
0.497827649117
0.495731443167
0.493717938662
0.491781324148
0.489915937185
0.488117128611
0.486380219460
0.484700948000
0.483075857162
0.481501370668
0.479974299669
0.478491902351
0.477051585913
