0.072186836518
0.069532908705
0.069002123142
0.069002123142
0.069002123142
0.069002123142
0.069002123142
0.069002123142
0.068471337580
0.069532908705
0.075371549894
0.100849256900
0.138004246285
0.165605095541
0.180997876858
0.199044585987
0.215498938429
0.222929936306
0.232484076433
0.233545647558
0.234076433121
0.232484076433
0.232484076433
0.223991507431
0.220276008493
0.222929936306
0.227707006369
0.237261146497
0.236199575372
0.162951167728
0.119426751592
0.069532908705
0.074309978769
0.076963906582
0.076963906582
0.079087048832
0.083864118896
0.085456475584
0.084394904459
0.083864118896
0.075371549894
0.069002123142
0.068471337580
0.068471337580
0.070063694268
0.071125265393
0.080679405520
0.096602972399
0.107218683652
0.118365180467
0.138535031847
0.163481953291
0.169320594480
0.186305732484
0.186836518047
0.149150743100
0.162951167728
0.085456475584
0.079087048832
0.073248407643
0.082271762208
0.102972399151
0.150212314225
0.177282377919
0.177282377919
0.163481953291
0.158174097665
0.141188959660
0.110934182590
0.164012738854
0.170382165605
0.152866242038
0.141719745223
0.151804670913
0.161358811040
0.172505307856
0.178874734607
0.183121019108
0.185774946921
0.176220806794
0.152866242038
0.072186836518
0.098726114650
0.135350318471
0.183121019108
0.201698513800
0.170912951168
0.161358811040
0.171443736730
0.187898089172
0.180997876858
0.180997876858
0.184713375796
0.190021231423
0.196921443737
0.197983014862
0.199044585987
0.202229299363
0.199044585987
0.200636942675
0.202760084926
0.201167728238
0.201167728238
0.204883227176
0.204352441614
0.204883227176
0.203290870488
0.203821656051
0.206475583864
0.209660297240
0.213375796178
0.213375796178
0.213375796178
0.126857749469
0.134819532909
0.182590233546
0.182590233546
0.182590233546
0.182590233546
0.182590233546
0.182590233546
0.182590233546
0.182590233546
0.182590233546
0.182590233546
0.182590233546
0.182590233546
0.182590233546
0.182590233546
0.182590233546
0.182590233546
0.178343949045
0.155520169851
0.131634819533
0.122080679406
0.116772823779
0.117834394904
0.131104033970
0.149681528662
0.139065817410
0.140127388535
0.166135881104
0.176220806794
0.173036093418
0.171974522293
0.173036093418
0.171974522293
0.174628450106
0.181528662420
0.190021231423
0.199044585987
0.191082802548
0.185774946921
0.185244161359
0.182059447983
0.177282377919
0.165074309979
0.158704883227
0.143842887473
0.147558386412
0.139596602972
0.142781316348
0.102972399151
0.139065817410
0.134819532909
0.139596602972
0.139065817410
0.143312101911
0.138535031847
0.142250530786
0.153397027601
0.171974522293
0.192144373673
0.206475583864
0.209660297240
0.223991507431
0.229299363057
0.230360934183
0.230891719745
0.232484076433
0.232484076433
0.233545647558
0.228237791932
0.229299363057
0.228237791932
0.230360934183
0.231422505308
0.235138004246
0.239384288747
0.241507430998
0.246815286624
0.253715498938
0.262208067941
0.266454352442
0.271762208068
0.279193205945
0.275477707006
0.283970276008
0.252653927813
0.103503184713
0.141719745223
0.197983014862
0.185244161359
0.171974522293
0.165605095541
0.187898089172
0.205414012739
0.211783439490
0.217622080679
0.218152866242
0.223991507431
0.229299363057
0.231953290870
0.239915074310
0.235668789809
0.217622080679
0.133757961783
0.133757961783
0.125265392781
0.120488322718
0.118895966030
0.124734607219
0.128450106157
0.183121019108
0.200636942675
0.205944798301
0.200106157113
0.188959660297
0.168259023355
0.180997876858
0.177282377919
0.183121019108
0.183121019108
0.187367303609
0.190021231423
0.157112526539
0.202760084926
0.166666666667
0.231953290870
0.229830148620
0.234076433121
0.229830148620
0.213375796178
0.164012738854
0.237261146497
0.231422505308
0.227707006369
0.210191082803
0.147027600849
0.207006369427
0.240976645435
0.251592356688
0.231953290870
0.239384288747
0.229299363057
0.247346072187
0.255307855626
0.255307855626
0.256900212314
0.243099787686
0.260084925690
0.256369426752
0.262738853503
0.263800424628
0.261677282378
0.267515923567
0.263269639066
0.254777070064
0.250000000000
0.238322717622
0.248407643312
0.266454352442
0.272823779193
0.271231422505
0.261677282378
0.271231422505
0.278662420382
0.280785562633
0.283970276008
0.286093418259
0.286624203822
0.287685774947
0.287685774947
0.289808917197
0.290339702760
0.292462845011
0.290870488323
0.292993630573
0.242038216561
0.287154989384
0.169320594480
0.171443736730
0.179405520170
0.177282377919
0.181528662420
0.186836518047
0.211252653928
0.275477707006
0.291932059448
0.289808917197
0.282377919321
0.248938428875
0.221868365180
0.106687898089
0.108811040340
0.089702760085
0.079617834395
0.073779193206
0.072186836518
0.072717622081
0.076433121019
0.078556263270
0.081740976645
0.098195329087
0.119957537155
0.130573248408
0.142781316348
0.149681528662
0.152866242038
0.161358811040
0.158704883227
0.172505307856
0.175159235669
0.184713375796
0.187898089172
0.187367303609
0.194798301486
0.228237791932
0.237791932059
0.246284501062
0.253184713376
0.257961783439
0.256900212314
0.254246284501
0.259023354565
0.264331210191
0.270169851380
0.271231422505
0.274946921444
0.271762208068
0.240445859873
0.152866242038
0.061571125265
0.061571125265
0.061571125265
0.061571125265
0.061571125265
0.061571125265
0.061571125265
0.061571125265
0.061571125265
0.061571125265
0.061571125265
0.061571125265
0.061571125265
0.061571125265
0.061571125265
0.061571125265
0.061571125265
0.061571125265
0.061571125265
0.061571125265
0.061571125265
0.061571125265
0.061571125265
0.061571125265
0.061571125265
0.061571125265
0.061571125265
0.061571125265
0.061571125265
0.061571125265
0.061571125265
0.061571125265
0.061571125265
0.062101910828
0.063163481953
0.063163481953
0.063694267516
0.064755838641
0.064225053079
0.063694267516
0.063694267516
0.089702760085
0.110403397028
0.115711252654
0.124734607219
0.134288747346
0.137473460722
0.139065817410
0.143312101911
0.145435244161
0.144904458599
0.145435244161
0.144373673036
0.144904458599
0.145966029724
0.146496815287
0.148089171975
0.148619957537
0.152335456476
0.155520169851
0.173036093418
0.213906581741
0.222399150743
0.228237791932
0.226645435244
0.217622080679
0.217091295117
0.216560509554
0.219214437367
0.224522292994
0.226645435244
0.233014861996
0.219745222930
0.224522292994
0.222929936306
0.226645435244
0.233545647558
0.237261146497
0.236730360934
0.236199575372
0.231953290870
0.227707006369
0.219214437367
0.212845010616
0.218152866242
0.194267515924
0.121549893843
0.060509554140
0.061571125265
0.061571125265
0.061571125265
0.063694267516
0.067940552017
0.070594479830
0.080679405520
0.090764331210
0.093949044586
0.102972399151
0.107749469214
0.115180467091
0.121019108280
0.139596602972
0.141719745223
0.142250530786
0.147027600849
0.149150743100
0.153397027601
0.151804670913
0.154989384289
0.157112526539
0.159235668790
0.153927813163
0.151273885350
0.148619957537
0.152866242038
0.155520169851
0.160297239915
0.165605095541
0.159766454352
0.157643312102
0.161889596603
0.167197452229
0.163481953291
0.164012738854
0.220806794055
0.219214437367
0.213375796178
0.205944798301
0.205414012739
0.205944798301
0.212845010616
0.209129511677
0.203290870488
0.190552016985
0.180997876858
0.175159235669
0.173036093418
0.172505307856
0.173036093418
0.175159235669
0.182590233546
0.186305732484
0.188428874735
0.190021231423
0.189490445860
0.194267515924
0.198513800425
0.200106157113
0.203821656051
0.208598726115
0.211783439490
0.217091295117
0.218683651805
0.227707006369
0.206475583864
0.203821656051
0.104564755839
0.097664543524
0.084925690021
0.083864118896
0.083864118896
0.089702760085
0.098726114650
0.109872611465
0.115711252654
0.124734607219
0.132165605096
0.133227176221
0.135881104034
0.139596602972
0.151273885350
0.166135881104
0.179936305732
0.179405520170
0.179936305732
0.180997876858
0.179405520170
0.173036093418
0.168789808917
0.164012738854
0.157112526539
0.157643312102
0.161358811040
0.180467091295
0.189490445860
0.194798301486
0.198513800425
0.203821656051
0.212314225053
0.208598726115
0.205944798301
0.207006369427
0.207537154989
0.206475583864
0.215498938429
0.214968152866
0.219745222930
0.222929936306
0.225583864119
0.221337579618
0.224522292994
0.222929936306
0.227707006369
0.225053078556
0.231422505308
0.228768577495
0.230360934183
0.229830148620
0.234607218684
0.240976645435
0.244161358811
0.246815286624
0.247346072187
0.247876857749
0.248938428875
0.247876857749
0.245222929936
0.242038216561
0.241507430998
0.240445859873
0.241507430998
0.244161358811
0.244161358811
0.246284501062
0.244161358811
0.196921443737
0.180997876858
0.061571125265
0.061571125265
0.061571125265
0.061571125265
0.061571125265
0.061571125265
0.061571125265
0.061571125265
0.061571125265
0.061571125265
0.061571125265
0.061571125265
0.061571125265
0.061571125265
0.061571125265
0.061571125265
0.061571125265
0.061571125265
0.061571125265
0.061571125265
0.061571125265
0.061571125265
0.061571125265
0.061040339703
0.072186836518
0.067940552017
0.082271762208
0.087048832272
0.086518046709
0.085987261146
0.101910828025
0.107218683652
0.112526539278
0.117303609342
0.118365180467
0.117303609342
0.118895966030
0.122080679406
0.130573248408
0.134819532909
0.144904458599
0.149681528662
0.156050955414
0.156581740977
0.155520169851
0.158704883227
0.160828025478
0.160297239915
0.160297239915
0.161358811040
0.161358811040
0.160828025478
0.160828025478
0.159766454352
0.159235668790
0.157112526539
0.157112526539
0.157112526539
0.158174097665
0.157112526539
0.156581740977
0.156581740977
0.156581740977
0.157112526539
0.155520169851
0.155520169851
0.153927813163
0.153397027601
0.152335456476
0.151273885350
0.151273885350
0.150212314225
0.149150743100
0.165074309979
0.162951167728
0.162951167728
0.162420382166
0.161889596603
0.160828025478
0.162420382166
0.163481953291
0.160828025478
0.161889596603
0.161889596603
0.111995753715
0.107218683652
0.105095541401
0.104564755839
0.104564755839
0.102972399151
0.101910828025
0.100318471338
0.102441613588
0.101380042463
0.100849256900
0.099787685775
0.099787685775
0.100318471338
0.100318471338
0.101380042463
0.100318471338
0.099787685775
0.097133757962
0.096072186837
0.093418259023
0.093418259023
0.095010615711
0.093949044586
0.095010615711
0.096072186837
0.099256900212
0.101910828025
0.107218683652
0.102972399151
0.106157112527
0.112526539278
0.115711252654
0.122080679406
0.126857749469
0.128450106157
0.128980891720
0.132165605096
0.141719745223
0.140658174098
0.145435244161
0.147027600849
0.146496815287
0.150212314225
0.150743099788
0.152866242038
0.153397027601
0.151273885350
0.149150743100
0.145435244161
0.145966029724
0.148089171975
0.149150743100
0.153927813163
0.150743099788
0.155520169851
0.153397027601
0.148089171975
0.147558386412
0.148089171975
0.147558386412
0.148089171975
0.148619957537
0.150743099788
0.151804670913
0.151804670913
0.150743099788
0.149150743100
0.151273885350
0.149681528662
0.148089171975
0.150212314225
0.150743099788
0.151804670913
0.151804670913
0.152335456476
0.151273885350
0.152335456476
0.151273885350
0.154989384289
0.154989384289
0.156050955414
0.159235668790
0.157643312102
0.158704883227
0.163481953291
0.165074309979
0.166135881104
0.167197452229
0.168259023355
0.169851380042
0.169851380042
0.170382165605
0.173036093418
0.174097664544
0.175690021231
0.175159235669
0.175159235669
0.175690021231
0.177282377919
0.178343949045
0.180467091295
0.180467091295
0.182059447983
0.182059447983
0.183121019108
0.183121019108
0.184182590234
0.186836518047
0.186836518047
0.187367303609
0.186836518047
0.186836518047
0.187898089172
0.187898089172
0.188959660297
0.188959660297
0.188959660297
0.187898089172
0.186836518047
0.186836518047
0.187367303609
0.187898089172
0.187898089172
0.190021231423
0.189490445860
0.188959660297
0.188959660297
0.190552016985
0.190021231423
0.190552016985
0.191082802548
0.191082802548
0.192144373673
0.192675159236
0.193205944798
0.192144373673
0.190552016985
0.191082802548
0.190021231423
0.188959660297
0.188428874735
0.188428874735
0.188959660297
0.189490445860
0.188428874735
0.188428874735
0.188959660297
0.187367303609
0.187367303609
0.187367303609
0.187898089172
0.190021231423
0.189490445860
0.191082802548
0.191082802548
0.190021231423
0.187367303609
0.184182590234
0.183651804671
0.182059447983
0.179936305732
0.176751592357
0.176220806794
0.176751592357
0.176751592357
0.179405520170
0.180997876858
0.179936305732
0.180467091295
0.181528662420
0.185244161359
0.192144373673
0.166666666667
0.061571125265
0.202760084926
0.189490445860
0.200636942675
0.208067940552
0.201167728238
0.204883227176
0.213375796178
0.199044585987
0.196921443737
0.193205944798
0.191613588110
0.192144373673
0.193205944798
0.192675159236
0.192144373673
0.192675159236
0.193205944798
0.196921443737
0.197983014862
0.196921443737
0.192144373673
0.194267515924
0.197983014862
0.198513800425
0.152335456476
0.149150743100
0.147558386412
0.147558386412
0.147558386412
0.146496815287
0.142781316348
0.139596602972
0.140127388535
0.139596602972
0.140127388535
0.138004246285
0.136411889597
0.135350318471
0.135350318471
0.134819532909
0.131104033970
0.132696390658
0.133227176221
0.133227176221
0.131104033970
0.132165605096
0.132696390658
0.133757961783
0.130573248408
0.134288747346
0.132165605096
0.134288747346
0.136942675159
0.133757961783
0.134819532909
0.124734607219
0.123142250531
0.095010615711
0.119426751592
0.128980891720
0.058917197452
0.058917197452
0.058917197452
0.058917197452
0.058917197452
0.058917197452
0.058917197452
0.058917197452
0.058917197452
0.058917197452
0.058917197452
0.058917197452
0.058917197452
0.058917197452
0.058917197452
0.058917197452
0.058917197452
0.058917197452
0.058917197452
0.058917197452
0.058917197452
0.058917197452
0.058917197452
0.058917197452
0.058917197452
0.058917197452
0.058917197452
0.058917197452
0.058917197452
0.069002123142
0.069002123142
0.069002123142
0.069002123142
0.069002123142
0.069002123142
0.069002123142
0.069002123142
0.069002123142
0.069002123142
0.069002123142
0.069002123142
0.069002123142
0.069002123142
0.133227176221
0.133227176221
0.133227176221
0.133227176221
0.133227176221
0.133227176221
0.133227176221
0.133227176221
0.133227176221
0.133227176221
0.133227176221
0.133227176221
0.133227176221
0.133227176221
0.133227176221
0.133227176221
0.133227176221
0.133227176221
0.133227176221
0.133227176221
0.133227176221
0.133227176221
0.133227176221
0.133227176221
0.133227176221
0.133227176221
0.133227176221
0.133227176221
0.133227176221
0.133227176221
0.133227176221
0.133227176221
0.133227176221
0.133227176221
0.132696390658
0.133227176221
0.133757961783
0.133227176221
0.132165605096
0.131634819533
0.130573248408
0.130042462845
0.131104033970
0.131634819533
0.130573248408
0.129511677282
0.131104033970
0.131634819533
0.131104033970
0.132165605096
0.132696390658
0.130573248408
0.127919320594
0.129511677282
0.130042462845
0.130573248408
0.131104033970
0.132165605096
0.132165605096
0.131634819533
0.132696390658
0.132165605096
0.132165605096
0.132696390658
0.133227176221
0.132165605096
0.133757961783
0.133757961783
0.133757961783
0.133757961783
0.133227176221
0.133227176221
0.132696390658
0.132165605096
0.131634819533
0.132165605096
0.132165605096
0.132165605096
0.132165605096
0.134819532909
0.138535031847
0.143842887473
0.159766454352
0.171974522293
0.181528662420
0.187898089172
0.197452229299
0.204883227176
0.203290870488
0.209129511677
0.205414012739
0.202229299363
0.194267515924
0.194267515924
0.193205944798
0.193205944798
0.193736730361
0.193205944798
0.195329087049
0.196921443737
0.198513800425
0.197983014862
0.201698513800
0.201698513800
0.200106157113
0.202760084926
0.207537154989
0.204883227176
0.201698513800
0.203290870488
0.202229299363
0.203290870488
0.201167728238
0.199044585987
0.197983014862
0.196390658174
0.197452229299
0.195859872611
0.192675159236
0.191613588110
0.190552016985
0.191613588110
0.192675159236
0.194798301486
0.192675159236
0.192675159236
0.194798301486
0.195329087049
0.196390658174
0.195859872611
0.199575371550
0.202760084926
0.203821656051
0.204883227176
0.209129511677
0.213906581741
0.213375796178
0.208067940552
0.214437367304
0.220806794055
0.220806794055
0.221337579618
0.218152866242
0.217622080679
0.212845010616
0.212845010616
0.212314225053
0.211252653928
0.210191082803
0.210721868365
0.208598726115
0.208598726115
0.209129511677
0.210721868365
0.208598726115
0.209129511677
0.209129511677
0.209660297240
0.209129511677
0.210191082803
0.209129511677
0.208598726115
0.210191082803
0.211783439490
0.212314225053
0.211783439490
0.213906581741
0.213906581741
0.213906581741
0.211783439490
0.211783439490
0.212314225053
0.212845010616
0.213375796178
0.213375796178
0.215498938429
0.219214437367
0.218152866242
0.218683651805
0.220806794055
0.221337579618
0.221868365180
0.221337579618
0.221337579618
0.221337579618
0.221868365180
0.220806794055
0.220276008493
0.220806794055
0.223460721868
0.225583864119
0.223991507431
0.225053078556
0.225583864119
0.226645435244
0.225583864119
0.226114649682
0.224522292994
0.223991507431
0.225583864119
0.225053078556
0.227707006369
0.227176220807
0.227176220807
0.226645435244
0.226114649682
0.226645435244
0.227176220807
0.226114649682
0.226114649682
0.225583864119
0.225583864119
0.225583864119
0.223991507431
0.223460721868
0.222399150743
0.221337579618
0.220276008493
0.220276008493
0.219214437367
0.219214437367
0.218683651805
0.217622080679
0.215498938429
0.213375796178
0.214437367304
0.214968152866
0.216029723992
0.216560509554
0.216029723992
0.217091295117
0.217091295117
0.216029723992
0.216560509554
0.218152866242
0.218683651805
0.218683651805
0.216029723992
0.216560509554
0.214968152866
0.216029723992
0.215498938429
0.216029723992
0.213375796178
0.212314225053
0.211252653928
0.210721868365
0.213375796178
0.212845010616
0.213906581741
0.212314225053
0.213906581741
0.213375796178
0.184182590234
0.157112526539
0.145435244161
0.143842887473
0.116772823779
0.061571125265
0.061571125265
0.061571125265
0.061571125265
0.061571125265
0.061571125265
0.061571125265
0.061571125265
0.061571125265
0.061571125265
0.134819532909
0.133227176221
0.133227176221
0.133227176221
0.133227176221
0.133227176221
0.133227176221
0.133227176221
0.133227176221
0.133227176221
0.133227176221
0.133227176221
0.133227176221
0.133227176221
0.133227176221
0.133227176221
0.133227176221
0.133227176221
0.133227176221
0.133227176221
0.133227176221
0.133227176221
0.133227176221
0.128980891720
0.115180467091
0.083333333333
0.070063694268
0.069002123142
0.069002123142
0.069002123142
0.069002123142
0.069002123142
0.069002123142
0.069002123142
0.069002123142
0.069002123142
0.069002123142
0.069002123142
0.069002123142
0.069002123142
0.069002123142
0.069002123142
0.069002123142
0.069002123142
0.069002123142
0.069002123142
0.069002123142
0.069002123142
0.069002123142
0.078556263270
0.117303609342
0.152335456476
0.170912951168
0.176220806794
0.179405520170
0.180997876858
0.183651804671
0.183121019108
0.183121019108
0.183651804671
0.184182590234
0.184713375796
0.184713375796
0.187367303609
0.188959660297
0.192144373673
0.196921443737
0.200106157113
0.201167728238
0.198513800425
0.201698513800
0.204352441614
0.199575371550
0.200636942675
0.205944798301
0.203821656051
0.203821656051
0.203290870488
0.205944798301
0.207006369427
0.205944798301
0.204883227176
0.206475583864
0.210191082803
0.211252653928
0.211783439490
0.211252653928
0.212314225053
0.211252653928
0.215498938429
0.215498938429
0.218152866242
0.218152866242
0.222929936306
0.223460721868
0.220806794055
0.225053078556
0.227176220807
0.223460721868
0.223460721868
0.218683651805
0.218683651805
0.218152866242
0.214968152866
0.215498938429
0.213375796178
0.209660297240
0.208598726115
0.206475583864
0.209129511677
0.210721868365
0.211252653928
0.209660297240
0.209660297240
0.208067940552
0.208067940552
0.209660297240
0.211252653928
0.210721868365
0.212845010616
0.211783439490
0.212845010616
0.211783439490
0.213906581741
0.211252653928
0.209129511677
0.208598726115
0.209129511677
0.210191082803
0.211783439490
0.211783439490
0.210191082803
0.210191082803
0.210721868365
0.209660297240
0.211783439490
0.212314225053
0.213375796178
0.214968152866
0.215498938429
0.215498938429
0.216029723992
0.215498938429
0.214437367304
0.212314225053
0.211252653928
0.211783439490
0.211252653928
0.212314225053
0.211783439490
0.212845010616
0.212845010616
0.213375796178
0.214437367304
0.212845010616
0.213906581741
0.212314225053
0.210191082803
0.210191082803
0.210191082803
0.210191082803
0.209660297240
0.207537154989
0.207537154989
0.205944798301
0.205414012739
0.204883227176
0.204352441614
0.203290870488
0.201698513800
0.203290870488
0.211783439490
0.172505307856
0.170912951168
0.096072186837
0.101380042463
0.071656050955
0.100849256900
0.150212314225
0.192144373673
0.198513800425
0.194798301486
0.200636942675
0.205944798301
0.197452229299
0.190021231423
0.171443736730
0.171443736730
0.183121019108
0.212314225053
0.219745222930
0.222399150743
0.221868365180
0.228237791932
0.226645435244
0.224522292994
0.220276008493
0.222929936306
0.226114649682
0.233014861996
0.230891719745
0.225583864119
0.225583864119
0.220806794055
0.219745222930
0.219214437367
0.214968152866
0.211783439490
0.212314225053
0.212845010616
0.216029723992
0.215498938429
0.214437367304
0.218152866242
0.220806794055
0.221337579618
0.223460721868
0.224522292994
0.227707006369
0.226114649682
0.226114649682
0.225053078556
0.223991507431
0.227707006369
0.228768577495
0.228237791932
0.226645435244
0.227176220807
0.227176220807
0.225583864119
0.225053078556
0.225053078556
0.223991507431
0.224522292994
0.223460721868
0.222929936306
0.222929936306
0.225053078556
0.222929936306
0.221337579618
0.220806794055
0.219745222930
0.218683651805
0.214968152866
0.213906581741
0.213906581741
0.213906581741
0.214968152866
0.214437367304
0.212845010616
0.211252653928
0.211252653928
0.212314225053
0.211783439490
0.209660297240
0.208067940552
0.207537154989
0.205944798301
0.206475583864
0.204883227176
0.204352441614
0.202229299363
0.201167728238
0.197983014862
0.177282377919
0.146496815287
0.133757961783
0.135350318471
0.134819532909
0.136942675159
0.138535031847
0.137473460722
0.138004246285
0.137473460722
0.135881104034
0.134288747346
0.133757961783
0.131634819533
0.132165605096
0.133227176221
0.132696390658
0.136411889597
0.136411889597
0.135881104034
0.136942675159
0.135350318471
0.134819532909
0.133757961783
0.133757961783
0.133227176221
0.133757961783
0.133757961783
0.135881104034
0.135881104034
0.137473460722
0.139596602972
0.139596602972
0.135881104034
0.136942675159
0.139065817410
0.137473460722
0.138004246285
0.137473460722
0.136942675159
0.135881104034
0.138535031847
0.135881104034
0.139596602972
0.135881104034
0.141719745223
0.139065817410
0.143842887473
0.139596602972
0.145435244161
0.141719745223
0.147027600849
0.142250530786
0.147027600849
0.143312101911
0.144904458599
0.139596602972
0.146496815287
0.140658174098
0.149150743100
0.143312101911
0.135881104034
0.100849256900
0.114649681529
0.069532908705
0.073779193206
0.082271762208
0.090764331210
0.100849256900
0.119957537155
0.123673036093
0.129511677282
0.170912951168
0.155520169851
0.146496815287
0.135350318471
0.139596602972
0.135881104034
0.135350318471
0.132165605096
0.136411889597
0.144373673036
0.149681528662
0.148619957537
0.149150743100
0.156581740977
0.183121019108
0.174628450106
0.160828025478
0.161889596603
0.164543524416
0.162951167728
0.166135881104
0.160297239915
0.158704883227
0.164543524416
0.169320594480
0.171443736730
0.176751592357
0.176220806794
0.173036093418
0.170382165605
0.169320594480
0.167197452229
0.167728237792
0.166666666667
0.164543524416
0.164543524416
0.164543524416
0.162951167728
0.162951167728
0.166135881104
0.165605095541
0.168259023355
0.168259023355
0.167197452229
0.166666666667
0.167197452229
0.168259023355
0.168789808917
0.168789808917
0.166666666667
0.167197452229
0.167197452229
0.163481953291
0.162951167728
0.163481953291
0.165074309979
0.165605095541
0.167728237792
0.167728237792
0.168259023355
0.166666666667
0.165605095541
0.165074309979
0.165074309979
0.164543524416
0.164543524416
0.165074309979
0.164543524416
0.164012738854
0.162951167728
0.161889596603
0.159766454352
0.160828025478
0.156050955414
0.155520169851
0.156050955414
0.154989384289
0.158174097665
0.157112526539
0.158174097665
0.156581740977
0.157643312102
0.154989384289
0.156581740977
0.151804670913
0.156050955414
0.153397027601
0.154458598726
0.152866242038
0.156581740977
0.154458598726
0.157112526539
0.158174097665
0.158704883227
0.158704883227
0.158704883227
0.158704883227
0.158704883227
0.159766454352
0.158704883227
0.157112526539
0.156581740977
0.156050955414
0.157112526539
0.158704883227
0.157643312102
0.157112526539
0.159766454352
0.153927813163
0.157112526539
0.154989384289
0.145435244161
0.121019108280
0.132696390658
0.074309978769
0.138004246285
0.234076433121
0.162420382166
0.158174097665
0.154989384289
0.150743099788
0.153927813163
0.158704883227
0.159235668790
0.163481953291
0.163481953291
0.159766454352
0.159235668790
0.165074309979
0.162420382166
0.160297239915
0.159235668790
0.158704883227
0.160297239915
0.160828025478
0.162951167728
0.161358811040
0.162420382166
0.160297239915
0.159766454352
0.157112526539
0.154458598726
0.153927813163
0.151804670913
0.152335456476
0.151273885350
0.149681528662
0.149150743100
0.147558386412
0.147558386412
0.148089171975
0.149150743100
0.150212314225
0.151273885350
0.153397027601
0.154989384289
0.155520169851
0.154458598726
0.154458598726
0.154458598726
0.152335456476
0.149150743100
0.148089171975
0.146496815287
0.145435244161
0.145435244161
0.146496815287
0.147558386412
0.147027600849
0.150212314225
0.148619957537
0.149681528662
0.150212314225
0.149150743100
0.150212314225
0.151804670913
0.150743099788
0.149150743100
0.151273885350
0.151804670913
0.148089171975
0.154458598726
0.114118895966
0.149150743100
0.167728237792
0.158174097665
0.086518046709
0.139596602972
0.150743099788
0.171974522293
0.185244161359
0.187898089172
0.194798301486
0.202229299363
0.225583864119
0.193205944798
0.183651804671
0.180997876858
0.191613588110
0.186836518047
0.183121019108
0.187898089172
0.188959660297
0.190021231423
0.184713375796
0.173036093418
0.172505307856
0.164012738854
0.164543524416
0.161889596603
0.156581740977
0.153927813163
0.157643312102
0.156050955414
0.159235668790
0.158704883227
0.159766454352
0.156050955414
0.153927813163
0.152866242038
0.151804670913
0.151804670913
0.152866242038
0.152866242038
0.152866242038
0.151804670913
0.152866242038
0.154989384289
0.157112526539
0.160828025478
0.161358811040
0.160828025478
0.171974522293
0.174097664544
0.176220806794
0.178343949045
0.180467091295
0.183651804671
0.186836518047
0.194267515924
0.198513800425
0.202229299363
0.208067940552
0.210191082803
0.210191082803
0.210191082803
0.211252653928
0.210721868365
0.211252653928
0.211783439490
0.212314225053
0.211783439490
0.212314225053
0.214968152866
0.214437367304
0.214968152866
0.216029723992
0.216029723992
0.217091295117
0.216029723992
0.215498938429
0.216029723992
0.216029723992
0.216560509554
0.216560509554
0.217622080679
0.217091295117
0.218152866242
0.217622080679
0.217091295117
0.217091295117
0.217622080679
0.218152866242
0.218683651805
0.218683651805
0.218152866242
0.218152866242
0.216560509554
0.216560509554
0.218683651805
0.219214437367
0.220276008493
0.216560509554
0.217091295117
0.211783439490
0.195329087049
0.152866242038
0.136942675159
0.142781316348
0.219214437367
0.266985138004
0.202229299363
0.183651804671
0.211252653928
0.195859872611
0.198513800425
0.202760084926
0.210191082803
0.212314225053
0.210191082803
0.214437367304
0.217091295117
0.217622080679
0.213375796178
0.197452229299
0.186305732484
0.176751592357
0.176220806794
0.177282377919
0.177813163482
0.173566878981
0.176220806794
0.174097664544
0.171974522293
0.167197452229
0.164543524416
0.166666666667
0.169320594480
0.171443736730
0.169320594480
0.167197452229
0.169320594480
0.168259023355
0.169851380042
0.184182590234
0.196390658174
0.217622080679
0.216029723992
0.216029723992
0.214968152866
0.214968152866
0.218152866242
0.217622080679
0.219214437367
0.217622080679
0.217622080679
0.218683651805
0.218152866242
0.217622080679
0.215498938429
0.217622080679
0.217622080679
0.218152866242
0.216560509554
0.216560509554
0.217091295117
0.218683651805
0.219745222930
0.219214437367
0.220276008493
0.219214437367
0.218683651805
0.217091295117
0.218683651805
0.223460721868
0.223460721868
0.219214437367
0.180997876858
0.192675159236
0.225583864119
0.149150743100
0.128450106157
0.124203821656
0.125265392781
0.129511677282
0.157112526539
0.190552016985
0.196390658174
0.186305732484
0.174097664544
0.174097664544
0.162951167728
0.149681528662
0.147558386412
0.144904458599
0.142781316348
0.145966029724
0.151804670913
0.153397027601
0.157112526539
0.164543524416
0.158174097665
0.158174097665
0.158174097665
0.157112526539
0.162951167728
0.164012738854
0.171974522293
0.173566878981
0.182059447983
0.180467091295
0.189490445860
0.190021231423
0.202229299363
0.193736730361
0.200106157113
0.191082802548
0.190021231423
0.168789808917
0.183651804671
0.154989384289
0.089171974522
0.102441613588
0.142781316348
0.212845010616
0.150743099788
0.137473460722
0.171443736730
0.173036093418
0.203290870488
0.194798301486
0.205414012739
0.205944798301
0.196390658174
0.201167728238
0.184182590234
0.202760084926
0.204352441614
0.213906581741
0.204883227176
0.222929936306
0.199044585987
0.219214437367
0.221337579618
0.224522292994
0.225053078556
0.226114649682
0.225053078556
0.224522292994
0.224522292994
0.223460721868
0.221868365180
0.206475583864
0.207537154989
0.209660297240
0.209129511677
0.208067940552
0.207537154989
0.207006369427
0.206475583864
0.205944798301
0.205414012739
0.205414012739
0.204352441614
0.204352441614
0.203821656051
0.202760084926
0.202229299363
0.202229299363
0.203290870488
0.201698513800
0.203290870488
0.203290870488
0.204352441614
0.202760084926
0.202760084926
0.203290870488
0.204352441614
0.205944798301
0.203821656051
0.204352441614
0.204352441614
0.207006369427
0.204883227176
0.205944798301
