0.099270664506
0.104132901135
0.106158833063
0.106564019449
0.106564019449
0.106564019449
0.106564019449
0.106564019449
0.106969205835
0.108995137763
0.116288492707
0.127633711507
0.141815235008
0.153565640194
0.164505672609
0.170988654781
0.174230145867
0.176661264182
0.177066450567
0.177066450567
0.176661264182
0.181928687196
0.184359805511
0.194894651540
0.206239870340
0.207455429498
0.206239870340
0.207050243112
0.211912479741
0.159643435981
0.121150729335
0.091166936791
0.101296596434
0.110210696921
0.115478119935
0.121961102107
0.124797406807
0.128038897893
0.124392220421
0.114262560778
0.104538087520
0.091572123177
0.088330632091
0.088735818476
0.089951377634
0.089951377634
0.096029173420
0.097244732577
0.103322528363
0.116288492707
0.132901134522
0.145867098865
0.160048622366
0.181118314425
0.182739059968
0.171393841167
0.152755267423
0.130470016207
0.123581847650
0.113452188006
0.115883306321
0.132090761750
0.153565640194
0.150324149109
0.158833063209
0.143435980551
0.152350081037
0.111831442464
0.112236628849
0.142220421394
0.149108589951
0.153160453809
0.153970826580
0.149108589951
0.142625607780
0.147082658023
0.154376012966
0.160453808752
0.149513776337
0.166126418152
0.115072933549
0.112236628849
0.114262560778
0.122366288493
0.148298217180
0.163695299838
0.164910858995
0.158427876823
0.163695299838
0.168152350081
0.162074554295
0.162884927066
0.169773095624
0.180307941653
0.173014586710
0.174635332253
0.175850891410
0.177066450567
0.177876823339
0.179497568882
0.178687196110
0.181928687196
0.184359805511
0.187601296596
0.188411669368
0.190842787682
0.192463533225
0.196515397083
0.197730956240
0.198541329011
0.198946515397
0.208265802269
0.207050243112
0.154376012966
0.071717990276
0.075769854133
0.075769854133
0.075769854133
0.075769854133
0.075769854133
0.075769854133
0.075769854133
0.075769854133
0.075769854133
0.075769854133
0.075769854133
0.075769854133
0.075769854133
0.075769854133
0.075769854133
0.075769854133
0.074554294976
0.067260940032
0.058346839546
0.051053484603
0.051458670989
0.050648298217
0.061993517018
0.083873581848
0.086709886548
0.084683954619
0.101701782820
0.109400324149
0.108184764992
0.114667747164
0.130875202593
0.137763371151
0.138168557536
0.140599675851
0.143030794165
0.145056726094
0.145461912480
0.149108589951
0.153160453809
0.184359805511
0.191653160454
0.195705024311
0.192058346840
0.191247974068
0.195705024311
0.180307941653
0.170178282010
0.126418152350
0.171799027553
0.168152350081
0.167341977310
0.165721231767
0.165316045381
0.167747163695
0.169367909238
0.170178282010
0.179497568882
0.178282009724
0.173014586710
0.164910858995
0.162074554295
0.160048622366
0.161669367909
0.161264181524
0.162479740681
0.164910858995
0.167341977310
0.167341977310
0.168962722853
0.170988654781
0.174635332253
0.174230145867
0.175850891410
0.178282009724
0.179092382496
0.184359805511
0.191653160454
0.197325769854
0.203403565640
0.211912479741
0.214343598055
0.219205834684
0.218395461912
0.235413290113
0.099675850891
0.107779578606
0.131280388979
0.149108589951
0.164910858995
0.171799027553
0.182333873582
0.188006482982
0.187196110211
0.190437601297
0.186385737439
0.185980551053
0.188006482982
0.187601296596
0.189627228525
0.168557536467
0.169773095624
0.072528363047
0.071717990276
0.070502431118
0.071717990276
0.075364667747
0.072528363047
0.076175040519
0.091977309562
0.098460291734
0.097649918963
0.101701782820
0.115883306321
0.138978930308
0.147487844408
0.152755267423
0.153565640194
0.153565640194
0.156401944895
0.160048622366
0.106158833063
0.177876823339
0.140599675851
0.183549432739
0.188816855754
0.193679092382
0.199351701783
0.190842787682
0.160453808752
0.209481361426
0.204619124797
0.212317666126
0.198946515397
0.123176661264
0.179497568882
0.205024311183
0.202593192869
0.212317666126
0.223662884927
0.219611021070
0.220016207455
0.222042139384
0.217585089141
0.220421393841
0.187601296596
0.220826580227
0.194084278768
0.222447325770
0.217585089141
0.219611021070
0.221231766613
0.221636952998
0.217990275527
0.221231766613
0.191247974068
0.220826580227
0.209886547812
0.229335494327
0.223662884927
0.230145867099
0.227714748784
0.226904376013
0.228930307942
0.230551053485
0.231766612642
0.232982171799
0.235818476499
0.237439222042
0.236628849271
0.237034035656
0.236628849271
0.241085899514
0.235818476499
0.231361426256
0.163290113452
0.212317666126
0.220016207455
0.220016207455
0.217179902755
0.217585089141
0.218800648298
0.224878444084
0.194084278768
0.191653160454
0.200972447326
0.225688816856
0.228119935170
0.210696920583
0.154781199352
0.099270664506
0.100486223663
0.094003241491
0.089951377634
0.089141004862
0.089141004862
0.089546191248
0.092382495948
0.094813614263
0.100486223663
0.103322528363
0.111021069692
0.110615883306
0.109805510535
0.109805510535
0.111426256078
0.109805510535
0.124392220421
0.145056726094
0.159643435981
0.164910858995
0.175445705024
0.180713128039
0.185980551053
0.176256077796
0.174230145867
0.180713128039
0.184359805511
0.196920583468
0.205429497569
0.207050243112
0.212722852512
0.213938411669
0.216774716370
0.214343598055
0.209481361426
0.195299837925
0.160048622366
0.083873581848
0.083873581848
0.083873581848
0.083873581848
0.083873581848
0.083873581848
0.083873581848
0.083873581848
0.083873581848
0.083873581848
0.083873581848
0.083873581848
0.083873581848
0.083873581848
0.083873581848
0.083873581848
0.083873581848
0.083873581848
0.083873581848
0.083873581848
0.083873581848
0.083873581848
0.083873581848
0.083873581848
0.083873581848
0.083873581848
0.083873581848
0.083873581848
0.083873581848
0.083873581848
0.083873581848
0.083873581848
0.083873581848
0.083873581848
0.084278768233
0.084278768233
0.084278768233
0.084278768233
0.085494327391
0.085899513776
0.083873581848
0.066045380875
0.074554294976
0.079821717990
0.084278768233
0.092382495948
0.097649918963
0.105348460292
0.106564019449
0.108589951378
0.108995137763
0.111831442464
0.120745542950
0.118314424635
0.117909238250
0.120340356564
0.123581847650
0.127633711507
0.130875202593
0.135332252836
0.136952998379
0.136142625608
0.130875202593
0.128849270665
0.120745542950
0.111021069692
0.110615883306
0.109400324149
0.110615883306
0.110615883306
0.117504051864
0.144651539708
0.150729335494
0.151539708266
0.149918962723
0.153970826580
0.159238249595
0.162074554295
0.169367909238
0.173014586710
0.177066450567
0.184764991896
0.187601296596
0.188006482982
0.186385737439
0.189222042139
0.123987034036
0.099270664506
0.083873581848
0.083873581848
0.083873581848
0.079416531605
0.064424635332
0.059967585089
0.059157212318
0.059967585089
0.063209076175
0.062398703404
0.067666126418
0.070502431118
0.077390599676
0.090356564019
0.093598055105
0.101701782820
0.105348460292
0.109400324149
0.113857374392
0.118719611021
0.121961102107
0.124797406807
0.134116693679
0.136952998379
0.142220421394
0.143435980551
0.149108589951
0.150324149109
0.151944894652
0.152350081037
0.143435980551
0.136547811994
0.147487844408
0.156807131280
0.155996758509
0.153565640194
0.180713128039
0.185575364668
0.184764991896
0.185170178282
0.183144246353
0.182739059968
0.183549432739
0.186790923825
0.195299837925
0.195705024311
0.192463533225
0.193679092382
0.200972447326
0.201377633712
0.198541329011
0.199351701783
0.198541329011
0.197730956240
0.198946515397
0.202593192869
0.205834683955
0.205834683955
0.208670988655
0.210291734198
0.212317666126
0.216774716370
0.218395461912
0.220826580227
0.223257698541
0.221636952998
0.213128038898
0.143841166937
0.137763371151
0.090761750405
0.098460291734
0.093192868720
0.089951377634
0.090356564019
0.089546191248
0.093598055105
0.095218800648
0.096029173420
0.096029173420
0.095218800648
0.096839546191
0.096029173420
0.111021069692
0.118314424635
0.124392220421
0.121555915721
0.123987034036
0.124797406807
0.123581847650
0.120340356564
0.122771474878
0.120340356564
0.119935170178
0.115478119935
0.113857374392
0.124392220421
0.129659643436
0.136547811994
0.140194489465
0.146272285251
0.147893030794
0.148298217180
0.147487844408
0.149108589951
0.149513776337
0.152350081037
0.176256077796
0.183549432739
0.183144246353
0.191653160454
0.194084278768
0.197730956240
0.200972447326
0.206645056726
0.204619124797
0.208670988655
0.207860615883
0.212317666126
0.211507293355
0.213128038898
0.213533225284
0.215964343598
0.216369529984
0.216369529984
0.217990275527
0.220016207455
0.223662884927
0.222042139384
0.222042139384
0.222447325770
0.222042139384
0.224068071313
0.222852512156
0.223257698541
0.222852512156
0.219611021070
0.227714748784
0.175040518639
0.197325769854
0.083873581848
0.083873581848
0.083873581848
0.083873581848
0.083873581848
0.083873581848
0.083873581848
0.083873581848
0.083873581848
0.083873581848
0.083873581848
0.083873581848
0.083873581848
0.083873581848
0.083873581848
0.083873581848
0.083873581848
0.083873581848
0.083873581848
0.083873581848
0.083873581848
0.083873581848
0.083468395462
0.081847649919
0.093598055105
0.064019448947
0.069286871961
0.070907617504
0.070502431118
0.063614262561
0.066855753647
0.068476499190
0.070502431118
0.069692058347
0.069286871961
0.070097244733
0.074149108590
0.080632090762
0.091572123177
0.098055105348
0.107779578606
0.118314424635
0.123176661264
0.128444084279
0.132090761750
0.132901134522
0.135332252836
0.135332252836
0.136142625608
0.135737439222
0.135737439222
0.135737439222
0.134116693679
0.133306320908
0.132901134522
0.133306320908
0.132495948136
0.131685575365
0.129659643436
0.129659643436
0.129254457050
0.128849270665
0.128038897893
0.128444084279
0.127228525122
0.124392220421
0.122771474878
0.123176661264
0.123176661264
0.122366288493
0.121555915721
0.119935170178
0.119935170178
0.127633711507
0.127633711507
0.125607779579
0.126012965964
0.126418152350
0.127633711507
0.125607779579
0.125607779579
0.125202593193
0.124392220421
0.125202593193
0.122771474878
0.123987034036
0.122366288493
0.123581847650
0.125202593193
0.125202593193
0.125202593193
0.125202593193
0.126012965964
0.125607779579
0.126418152350
0.126823338736
0.126012965964
0.125202593193
0.126823338736
0.126418152350
0.126418152350
0.123987034036
0.124797406807
0.123176661264
0.123581847650
0.123987034036
0.119935170178
0.117098865478
0.116693679092
0.115072933549
0.114667747164
0.120340356564
0.121555915721
0.130064829822
0.135332252836
0.144246353323
0.144246353323
0.147487844408
0.149513776337
0.151134521880
0.147893030794
0.142625607780
0.141410048622
0.143030794165
0.143435980551
0.144651539708
0.144651539708
0.146272285251
0.150324149109
0.148703403566
0.150729335494
0.152755267423
0.151944894652
0.155186385737
0.158022690438
0.158022690438
0.160858995138
0.163290113452
0.167341977310
0.171393841167
0.170988654781
0.168962722853
0.167341977310
0.168962722853
0.169773095624
0.170988654781
0.170583468395
0.168962722853
0.167747163695
0.169367909238
0.168152350081
0.166531604538
0.166936790924
0.168557536467
0.168557536467
0.169367909238
0.169367909238
0.172204213938
0.174230145867
0.176661264182
0.177876823339
0.181118314425
0.181523500810
0.180307941653
0.182333873582
0.184359805511
0.183549432739
0.183954619125
0.182739059968
0.185170178282
0.183954619125
0.184359805511
0.186790923825
0.188411669368
0.188816855754
0.189627228525
0.190032414911
0.190437601297
0.190032414911
0.190032414911
0.190437601297
0.191247974068
0.192058346840
0.192463533225
0.193273905997
0.193679092382
0.193273905997
0.193679092382
0.194084278768
0.194084278768
0.193273905997
0.191653160454
0.193273905997
0.192868719611
0.193273905997
0.192463533225
0.194084278768
0.194489465154
0.194894651540
0.194489465154
0.195705024311
0.196110210697
0.196515397083
0.196920583468
0.197730956240
0.197730956240
0.197730956240
0.198946515397
0.199351701783
0.199756888169
0.200567260940
0.200972447326
0.200162074554
0.200162074554
0.199756888169
0.199756888169
0.200162074554
0.198541329011
0.199351701783
0.199756888169
0.200567260940
0.200162074554
0.199756888169
0.200567260940
0.201377633712
0.202188006483
0.202998379254
0.203403565640
0.202188006483
0.203403565640
0.203808752026
0.202593192869
0.203808752026
0.203808752026
0.202998379254
0.204213938412
0.204619124797
0.206645056726
0.206645056726
0.205429497569
0.205429497569
0.205429497569
0.206239870340
0.205024311183
0.204213938412
0.203808752026
0.206239870340
0.205834683955
0.205834683955
0.209481361426
0.212317666126
0.211912479741
0.210291734198
0.209481361426
0.211507293355
0.205834683955
0.209076175041
0.183144246353
0.098865478120
0.104132901135
0.099270664506
0.109805510535
0.133306320908
0.142625607780
0.147082658023
0.147082658023
0.161669367909
0.139789303079
0.133306320908
0.132495948136
0.133711507293
0.133711507293
0.134927066451
0.135332252836
0.135737439222
0.138978930308
0.141410048622
0.142220421394
0.141410048622
0.139789303079
0.135737439222
0.133711507293
0.136952998379
0.151134521880
0.153160453809
0.156807131280
0.156807131280
0.158427876823
0.160048622366
0.160858995138
0.162479740681
0.162884927066
0.164910858995
0.163695299838
0.163290113452
0.164100486224
0.165316045381
0.165721231767
0.164910858995
0.164505672609
0.165316045381
0.164100486224
0.165316045381
0.166936790924
0.169773095624
0.172204213938
0.175040518639
0.174230145867
0.176256077796
0.178282009724
0.177471636953
0.175850891410
0.177471636953
0.178687196110
0.181523500810
0.180307941653
0.130875202593
0.144246353323
0.136547811994
0.099270664506
0.098460291734
0.098460291734
0.098460291734
0.098460291734
0.098460291734
0.098460291734
0.098460291734
0.098460291734
0.098460291734
0.098460291734
0.098460291734
0.098460291734
0.098460291734
0.098460291734
0.098460291734
0.098460291734
0.098460291734
0.098460291734
0.098460291734
0.098460291734
0.098460291734
0.098460291734
0.098460291734
0.098460291734
0.098460291734
0.098460291734
0.098460291734
0.098460291734
0.106564019449
0.106564019449
0.106564019449
0.106564019449
0.106564019449
0.106564019449
0.106564019449
0.106564019449
0.106564019449
0.106564019449
0.106564019449
0.106564019449
0.106564019449
0.106564019449
0.071312803890
0.071312803890
0.071312803890
0.071312803890
0.071312803890
0.071312803890
0.071312803890
0.071312803890
0.071312803890
0.071312803890
0.071312803890
0.071312803890
0.071312803890
0.071312803890
0.071312803890
0.071312803890
0.071312803890
0.071312803890
0.071312803890
0.071312803890
0.071312803890
0.071312803890
0.071312803890
0.071312803890
0.071312803890
0.071312803890
0.071312803890
0.071312803890
0.071312803890
0.071312803890
0.071312803890
0.071312803890
0.071312803890
0.070502431118
0.070907617504
0.070502431118
0.070097244733
0.071312803890
0.071312803890
0.070907617504
0.069692058347
0.068881685575
0.069692058347
0.070502431118
0.069286871961
0.068476499190
0.067260940032
0.067666126418
0.068071312804
0.067666126418
0.067666126418
0.066450567261
0.066450567261
0.066450567261
0.067260940032
0.067260940032
0.068071312804
0.068071312804
0.068071312804
0.068476499190
0.068071312804
0.068476499190
0.070097244733
0.069692058347
0.069692058347
0.069286871961
0.068881685575
0.068881685575
0.069692058347
0.069286871961
0.069692058347
0.069692058347
0.070097244733
0.069692058347
0.069692058347
0.069692058347
0.069286871961
0.068881685575
0.068881685575
0.069692058347
0.071717990276
0.073743922204
0.078200972447
0.081847649919
0.085089141005
0.091977309562
0.105348460292
0.113857374392
0.115883306321
0.116288492707
0.114667747164
0.113047001621
0.108184764992
0.111426256078
0.108995137763
0.108995137763
0.108184764992
0.116288492707
0.119935170178
0.129659643436
0.136142625608
0.139789303079
0.146677471637
0.149513776337
0.148298217180
0.147893030794
0.150729335494
0.147082658023
0.147893030794
0.147893030794
0.150729335494
0.155591572123
0.148703403566
0.152755267423
0.154781199352
0.161264181524
0.166531604538
0.166531604538
0.168557536467
0.169367909238
0.168557536467
0.167341977310
0.165721231767
0.164910858995
0.164100486224
0.164505672609
0.165316045381
0.166936790924
0.165721231767
0.166936790924
0.164505672609
0.164910858995
0.165316045381
0.166531604538
0.168557536467
0.167747163695
0.168152350081
0.168962722853
0.170988654781
0.167747163695
0.169367909238
0.170988654781
0.170583468395
0.169773095624
0.168962722853
0.168152350081
0.171393841167
0.169773095624
0.171393841167
0.170988654781
0.170988654781
0.170178282010
0.169367909238
0.170583468395
0.168962722853
0.167747163695
0.165316045381
0.165721231767
0.167341977310
0.167747163695
0.166531604538
0.166126418152
0.164100486224
0.164505672609
0.164505672609
0.166126418152
0.166126418152
0.166126418152
0.166126418152
0.166936790924
0.168152350081
0.169773095624
0.170178282010
0.170988654781
0.170988654781
0.170988654781
0.171393841167
0.171799027553
0.171393841167
0.171799027553
0.171393841167
0.170988654781
0.170988654781
0.171799027553
0.170583468395
0.170583468395
0.170178282010
0.171393841167
0.172204213938
0.170583468395
0.170988654781
0.170583468395
0.170988654781
0.171393841167
0.171393841167
0.171393841167
0.171393841167
0.170583468395
0.170988654781
0.170583468395
0.169773095624
0.170178282010
0.170178282010
0.169773095624
0.169367909238
0.169367909238
0.167747163695
0.168152350081
0.166531604538
0.166936790924
0.166531604538
0.166531604538
0.165721231767
0.166126418152
0.164910858995
0.163290113452
0.162074554295
0.162884927066
0.162884927066
0.162884927066
0.162074554295
0.162074554295
0.162479740681
0.162884927066
0.162479740681
0.161264181524
0.160858995138
0.160048622366
0.160048622366
0.160453808752
0.161669367909
0.164100486224
0.165316045381
0.163290113452
0.165316045381
0.164910858995
0.165721231767
0.166126418152
0.166531604538
0.166126418152
0.166936790924
0.167747163695
0.167341977310
0.168152350081
0.169367909238
0.168557536467
0.169773095624
0.170583468395
0.170583468395
0.170988654781
0.171393841167
0.168962722853
0.169367909238
0.174230145867
0.180307941653
0.172609400324
0.175445705024
0.160048622366
0.083873581848
0.083873581848
0.083873581848
0.083873581848
0.083873581848
0.083873581848
0.083873581848
0.083873581848
0.083873581848
0.083873581848
0.083063209076
0.071312803890
0.071312803890
0.071312803890
0.071312803890
0.071312803890
0.071312803890
0.071312803890
0.071312803890
0.071312803890
0.071312803890
0.071312803890
0.071312803890
0.071312803890
0.071312803890
0.071312803890
0.071312803890
0.071312803890
0.071312803890
0.071312803890
0.071312803890
0.071312803890
0.071312803890
0.072123176661
0.096029173420
0.110210696921
0.107779578606
0.107374392220
0.106969205835
0.106564019449
0.106564019449
0.106564019449
0.106564019449
0.106564019449
0.106564019449
0.106564019449
0.106564019449
0.106564019449
0.106564019449
0.106564019449
0.106564019449
0.106564019449
0.106564019449
0.106564019449
0.106564019449
0.106564019449
0.106564019449
0.106564019449
0.106564019449
0.111831442464
0.110210696921
0.089546191248
0.078606158833
0.078606158833
0.075769854133
0.075364667747
0.075769854133
0.076580226904
0.076580226904
0.076175040519
0.075769854133
0.075769854133
0.076580226904
0.079416531605
0.083873581848
0.089141004862
0.090761750405
0.089951377634
0.094813614263
0.105348460292
0.113452188006
0.119935170178
0.120340356564
0.124797406807
0.130470016207
0.128444084279
0.134927066451
0.138573743922
0.141004862237
0.137763371151
0.141410048622
0.144246353323
0.144246353323
0.146677471637
0.147893030794
0.150729335494
0.153970826580
0.153970826580
0.153565640194
0.158833063209
0.162074554295
0.160858995138
0.163290113452
0.165316045381
0.157617504052
0.158022690438
0.162884927066
0.169367909238
0.170988654781
0.171799027553
0.168962722853
0.170988654781
0.167341977310
0.164910858995
0.165316045381
0.162884927066
0.161669367909
0.162074554295
0.162479740681
0.167747163695
0.169773095624
0.169773095624
0.170583468395
0.169773095624
0.169367909238
0.170988654781
0.172609400324
0.172204213938
0.173014586710
0.174230145867
0.175445705024
0.175445705024
0.175040518639
0.174635332253
0.174635332253
0.173014586710
0.173014586710
0.174230145867
0.172609400324
0.171393841167
0.171393841167
0.172609400324
0.172609400324
0.170178282010
0.170583468395
0.170178282010
0.170988654781
0.168962722853
0.169367909238
0.168557536467
0.167747163695
0.168962722853
0.169773095624
0.169773095624
0.169773095624
0.169367909238
0.169367909238
0.170178282010
0.170178282010
0.167747163695
0.167341977310
0.167341977310
0.165316045381
0.163695299838
0.163695299838
0.163695299838
0.164100486224
0.165721231767
0.166936790924
0.166936790924
0.166936790924
0.167747163695
0.168152350081
0.168152350081
0.166936790924
0.168557536467
0.166936790924
0.167747163695
0.166936790924
0.165316045381
0.166126418152
0.166936790924
0.177066450567
0.177066450567
0.118719611021
0.153565640194
0.091166936791
0.133711507293
0.151944894652
0.145461912480
0.144246353323
0.139384116694
0.138978930308
0.136952998379
0.139789303079
0.144246353323
0.144651539708
0.151134521880
0.157212317666
0.160453808752
0.156401944895
0.159643435981
0.162074554295
0.158833063209
0.153970826580
0.154781199352
0.155591572123
0.154781199352
0.155996758509
0.155591572123
0.161669367909
0.164100486224
0.160858995138
0.157212317666
0.155186385737
0.156807131280
0.154781199352
0.156807131280
0.155186385737
0.156807131280
0.160453808752
0.160858995138
0.159643435981
0.160048622366
0.161669367909
0.160048622366
0.162074554295
0.162074554295
0.161669367909
0.164910858995
0.166126418152
0.166936790924
0.166531604538
0.165721231767
0.165316045381
0.165316045381
0.166936790924
0.164910858995
0.164910858995
0.164910858995
0.164505672609
0.163695299838
0.164505672609
0.166531604538
0.165316045381
0.164505672609
0.165316045381
0.166126418152
0.166126418152
0.166126418152
0.166936790924
0.168962722853
0.167341977310
0.166936790924
0.168152350081
0.168152350081
0.169367909238
0.170583468395
0.170178282010
0.169367909238
0.167747163695
0.168557536467
0.169773095624
0.169367909238
0.168152350081
0.166936790924
0.166531604538
0.165721231767
0.164505672609
0.167341977310
0.166531604538
0.170988654781
0.170583468395
0.170178282010
0.172609400324
0.177066450567
0.179902755267
0.180713128039
0.181928687196
0.181118314425
0.179497568882
0.178687196110
0.180713128039
0.180713128039
0.179497568882
0.181118314425
0.181118314425
0.181118314425
0.182333873582
0.182333873582
0.182333873582
0.182739059968
0.182333873582
0.183144246353
0.183954619125
0.184359805511
0.184764991896
0.185170178282
0.185980551053
0.185170178282
0.184764991896
0.183144246353
0.183954619125
0.184359805511
0.183144246353
0.183144246353
0.185170178282
0.185575364668
0.185170178282
0.184359805511
0.184359805511
0.184359805511
0.185575364668
0.183954619125
0.185170178282
0.187196110211
0.187196110211
0.188411669368
0.187601296596
0.187601296596
0.189222042139
0.188006482982
0.190437601297
0.189627228525
0.190842787682
0.191653160454
0.191247974068
0.190842787682
0.191653160454
0.190842787682
0.194894651540
0.190842787682
0.194894651540
0.187196110211
0.194084278768
0.184359805511
0.138573743922
0.158833063209
0.085899513776
0.087925445705
0.094408427877
0.103727714749
0.111831442464
0.124797406807
0.130875202593
0.137358184765
0.144651539708
0.145461912480
0.143435980551
0.134521880065
0.134927066451
0.132090761750
0.133306320908
0.136142625608
0.139384116694
0.140599675851
0.140599675851
0.140194489465
0.137358184765
0.137358184765
0.138573743922
0.144246353323
0.143841166937
0.167341977310
0.171799027553
0.170178282010
0.173419773096
0.176256077796
0.172609400324
0.172204213938
0.175040518639
0.170988654781
0.172204213938
0.170178282010
0.170583468395
0.167747163695
0.168152350081
0.167747163695
0.167747163695
0.170583468395
0.170178282010
0.171799027553
0.174230145867
0.174635332253
0.175850891410
0.174230145867
0.173824959481
0.171799027553
0.171799027553
0.170583468395
0.170988654781
0.170988654781
0.168962722853
0.166936790924
0.168152350081
0.168962722853
0.169773095624
0.170583468395
0.169773095624
0.170583468395
0.169367909238
0.168557536467
0.170583468395
0.170178282010
0.170178282010
0.170178282010
0.170178282010
0.170178282010
0.171393841167
0.171799027553
0.173014586710
0.173419773096
0.171799027553
0.170583468395
0.171393841167
0.170988654781
0.171799027553
0.171393841167
0.170988654781
0.172609400324
0.172204213938
0.172609400324
0.171799027553
0.172609400324
0.174635332253
0.172609400324
0.174635332253
0.172204213938
0.174635332253
0.172204213938
0.175445705024
0.173824959481
0.173824959481
0.173824959481
0.175040518639
0.175040518639
0.175850891410
0.175445705024
0.174635332253
0.174230145867
0.176256077796
0.176256077796
0.177471636953
0.178282009724
0.180713128039
0.181523500810
0.182739059968
0.181928687196
0.183549432739
0.182739059968
0.183549432739
0.183144246353
0.186790923825
0.180713128039
0.185575364668
0.182333873582
0.185575364668
0.185170178282
0.146272285251
0.178687196110
0.098460291734
0.146677471637
0.164100486224
0.187196110211
0.193679092382
0.191247974068
0.188816855754
0.188006482982
0.188006482982
0.184359805511
0.185980551053
0.185575364668
0.185575364668
0.184764991896
0.184359805511
0.185170178282
0.186385737439
0.185575364668
0.184359805511
0.185170178282
0.188816855754
0.190032414911
0.189627228525
0.188816855754
0.189627228525
0.190032414911
0.190437601297
0.190032414911
0.190842787682
0.188816855754
0.188006482982
0.187196110211
0.185980551053
0.187601296596
0.186385737439
0.186790923825
0.186790923825
0.186385737439
0.188816855754
0.190437601297
0.188816855754
0.188411669368
0.188411669368
0.188411669368
0.189627228525
0.189627228525
0.187196110211
0.185980551053
0.184764991896
0.186790923825
0.187601296596
0.185575364668
0.185980551053
0.186790923825
0.185575364668
0.185980551053
0.188411669368
0.187196110211
0.187601296596
0.189222042139
0.189222042139
0.186790923825
0.188006482982
0.185980551053
0.188006482982
0.190842787682
0.189627228525
0.183549432739
0.141815235008
0.194894651540
0.160453808752
0.152755267423
0.113857374392
0.156807131280
0.188006482982
0.175445705024
0.172609400324
0.164910858995
0.162884927066
0.167341977310
0.174635332253
0.188411669368
0.190032414911
0.189222042139
0.195705024311
0.195705024311
0.199351701783
0.195299837925
0.190437601297
0.188816855754
0.190437601297
0.190437601297
0.189627228525
0.193273905997
0.191653160454
0.193273905997
0.190842787682
0.192463533225
0.190842787682
0.189222042139
0.189627228525
0.190842787682
0.190842787682
0.188816855754
0.190437601297
0.189222042139
0.191247974068
0.190032414911
0.191247974068
0.189627228525
0.188816855754
0.190032414911
0.190437601297
0.192463533225
0.192058346840
0.192058346840
0.191653160454
0.193679092382
0.189627228525
0.190437601297
0.192058346840
0.193679092382
0.194084278768
0.194489465154
0.193679092382
0.190842787682
0.189627228525
0.192058346840
0.193679092382
0.193679092382
0.193273905997
0.192463533225
0.193679092382
0.192058346840
0.190032414911
0.189627228525
0.190032414911
0.189222042139
0.189627228525
0.190032414911
0.188411669368
0.188411669368
0.187601296596
0.187601296596
0.188411669368
0.188006482982
0.186790923825
0.185980551053
0.186790923825
0.186790923825
0.188006482982
0.189627228525
0.188006482982
0.188816855754
0.188411669368
0.186790923825
0.186385737439
0.187601296596
0.188006482982
0.186790923825
0.186790923825
0.187601296596
0.187601296596
0.185575364668
0.187601296596
0.184764991896
0.188006482982
0.184764991896
0.188816855754
0.186385737439
0.178282009724
0.140194489465
0.158833063209
0.075769854133
0.086304700162
0.129659643436
0.151134521880
0.177876823339
0.173824959481
0.175040518639
0.182333873582
0.186790923825
0.188006482982
0.185980551053
0.188006482982
0.194894651540
0.195299837925
0.191653160454
0.191247974068
0.190842787682
0.196515397083
0.202998379254
0.203403565640
0.200162074554
0.200972447326
0.195299837925
0.197325769854
0.199756888169
0.197730956240
0.197325769854
0.198541329011
0.197730956240
0.197325769854
0.198136142626
0.198946515397
0.200567260940
0.200567260940
0.202188006483
0.200162074554
0.196920583468
0.198946515397
0.192463533225
0.191653160454
0.193273905997
0.192463533225
0.191653160454
0.191653160454
0.192463533225
0.191653160454
0.192058346840
0.191247974068
0.190437601297
0.190437601297
0.190032414911
0.190437601297
0.192058346840
0.191653160454
0.190032414911
0.188006482982
0.188411669368
0.187196110211
0.185575364668
0.185170178282
0.183549432739
0.183144246353
0.181523500810
0.181523500810
0.181523500810
0.184764991896
0.180713128039
0.185980551053
0.184764991896
0.179497568882
0.132090761750
0.181118314425
0.144246353323
0.141815235008
0.073743922204
0.074959481361
0.076985413290
0.079011345219
0.086709886548
0.099675850891
0.111831442464
0.109400324149
0.108589951378
0.112236628849
0.141815235008
0.149108589951
0.140599675851
0.135332252836
0.136142625608
0.143435980551
0.157212317666
0.166936790924
0.168152350081
0.168557536467
0.168152350081
0.166531604538
0.163695299838
0.163695299838
0.159643435981
0.161264181524
0.162479740681
0.160858995138
0.158022690438
0.160858995138
0.159643435981
0.164100486224
0.160453808752
0.167747163695
0.161669367909
0.170583468395
0.165316045381
0.174635332253
0.164100486224
0.179092382496
0.099675850891
0.108184764992
0.159643435981
0.174230145867
0.175040518639
0.172609400324
0.171799027553
0.172609400324
0.167341977310
0.167341977310
0.170178282010
0.172204213938
0.173014586710
0.177066450567
0.177876823339
0.177066450567
0.174635332253
0.174635332253
0.173419773096
0.173824959481
0.171393841167
0.171393841167
0.171799027553
0.170583468395
0.170178282010
0.169773095624
0.169773095624
0.170178282010
0.166936790924
0.167341977310
0.165316045381
0.156807131280
0.157212317666
0.156401944895
0.156401944895
0.156807131280
0.158427876823
0.158427876823
0.158833063209
0.158833063209
0.159643435981
0.160048622366
0.160048622366
0.160453808752
0.160858995138
0.160453808752
0.160858995138
0.161669367909
0.162479740681
0.161669367909
0.162479740681
0.162074554295
0.161669367909
0.161669367909
0.161669367909
0.161264181524
0.159238249595
0.160048622366
0.159643435981
0.158833063209
0.158833063209
0.158022690438
0.158022690438
0.157617504052
