0.052576782926
0.052576782926
0.054138469547
0.054659031754
0.054659031754
0.054659031754
0.054659031754
0.054659031754
0.055179593961
0.058302967205
0.062988027069
0.079646017699
0.095783446122
0.108276939094
0.122852680895
0.130140551796
0.135866736075
0.136907860489
0.133784487246
0.135866736075
0.134825611661
0.136387298282
0.141072358147
0.152524726705
0.176470588235
0.194690265487
0.198854763144
0.184799583550
0.207704320666
0.130661114003
0.175429463821
0.089536699636
0.105674128058
0.111400312337
0.117647058824
0.123893805310
0.127537740760
0.127017178553
0.120249869859
0.112961998959
0.108276939094
0.095783446122
0.087975013014
0.086413326393
0.086413326393
0.088495575221
0.089016137428
0.090577824050
0.090577824050
0.098386257158
0.116605934409
0.120249869859
0.125976054138
0.127537740760
0.148880791255
0.161894846434
0.140031233732
0.150442477876
0.112961998959
0.085372201978
0.084851639771
0.103591879230
0.120770432067
0.136387298282
0.131181676210
0.149921915669
0.127017178553
0.137428422697
0.176470588235
0.135866736075
0.146277980219
0.151483602290
0.166059344092
0.169182717335
0.170744403956
0.165538781884
0.162935970849
0.164497657470
0.147319104633
0.185840707965
0.095262883915
0.163977095263
0.170744403956
0.167100468506
0.167100468506
0.148880791255
0.118167621031
0.118167621031
0.123893805310
0.166579906299
0.176470588235
0.184799583550
0.191046330036
0.187402394586
0.184279021343
0.176991150442
0.178552837064
0.174908901614
0.174388339407
0.173867777199
0.178552837064
0.179593961478
0.176991150442
0.179073399271
0.182196772514
0.182196772514
0.185320145757
0.189484643415
0.192087454451
0.197293076523
0.201457574180
0.209266007288
0.207704320666
0.207183758459
0.043206663196
0.051015096304
0.051015096304
0.051015096304
0.051015096304
0.051015096304
0.051015096304
0.051015096304
0.051015096304
0.051015096304
0.051015096304
0.051015096304
0.051015096304
0.051015096304
0.051015096304
0.051015096304
0.051015096304
0.050494534097
0.045809474232
0.037480478917
0.034357105674
0.033315981260
0.036439354503
0.060905778240
0.095262883915
0.104112441437
0.106715252473
0.103591879230
0.095262883915
0.083810515357
0.077043206663
0.083810515357
0.088495575221
0.090057261843
0.092660072879
0.097345132743
0.108276939094
0.112961998959
0.123893805310
0.140551795940
0.172306090578
0.195210827694
0.209786569495
0.217595002603
0.220197813639
0.224882873503
0.221238938053
0.219156689224
0.154606975534
0.215512753774
0.209786569495
0.209786569495
0.208224882874
0.209786569495
0.209786569495
0.209266007288
0.209266007288
0.206142634045
0.199895887559
0.179073399271
0.159812597605
0.149921915669
0.137948984904
0.135866736075
0.135866736075
0.135866736075
0.141592920354
0.150442477876
0.156168662155
0.160853722020
0.164497657470
0.169703279542
0.170223841749
0.172826652785
0.173347214992
0.175950026028
0.174388339407
0.178552837064
0.180635085893
0.179593961478
0.180114523686
0.181155648100
0.193128578865
0.183237896929
0.229047371161
0.090057261843
0.127017178553
0.122332118688
0.166579906299
0.186881832379
0.192608016658
0.195210827694
0.190005205622
0.180114523686
0.180114523686
0.175429463821
0.171264966163
0.170744403956
0.162415408641
0.164497657470
0.134825611661
0.151483602290
0.042686100989
0.042686100989
0.047891723061
0.058302967205
0.060905778240
0.058302967205
0.057261842790
0.071317022384
0.068714211348
0.065590838105
0.072878709006
0.096304008329
0.152524726705
0.140031233732
0.135866736075
0.129099427382
0.136907860489
0.134305049453
0.155127537741
0.069234773555
0.165018219677
0.108797501301
0.147319104633
0.152004164498
0.169703279542
0.170223841749
0.203539823009
0.127017178553
0.195731389901
0.202498698594
0.179593961478
0.211868818324
0.105674128058
0.133263925039
0.159292035398
0.164497657470
0.221759500260
0.214471629360
0.220718375846
0.200416449766
0.199375325351
0.182196772514
0.194690265487
0.146277980219
0.216033315981
0.159292035398
0.214992191567
0.196772514315
0.223321186882
0.197813638730
0.219156689224
0.187922956793
0.215512753774
0.156689224362
0.225923997918
0.162415408641
0.218636127017
0.200416449766
0.226444560125
0.215512753774
0.217595002603
0.212389380531
0.210827693909
0.212909942738
0.210307131702
0.220718375846
0.215512753774
0.213430504945
0.219156689224
0.214471629360
0.216553878188
0.207704320666
0.188443519001
0.119208745445
0.220197813639
0.247787610619
0.231129619990
0.235294117647
0.231650182197
0.229567933368
0.222800624675
0.144716293597
0.134825611661
0.143675169183
0.175950026028
0.208224882874
0.191046330036
0.217074440396
0.085372201978
0.083810515357
0.083810515357
0.084851639771
0.083810515357
0.083289953149
0.084331077564
0.086413326393
0.087454450807
0.089016137428
0.091098386257
0.092660072879
0.093701197293
0.087975013014
0.085892764185
0.084851639771
0.085372201978
0.100468505986
0.111400312337
0.124934929724
0.147319104633
0.159812597605
0.181676210307
0.161894846434
0.153565851119
0.145236855804
0.146798542426
0.152004164498
0.160333159813
0.171264966163
0.171785528371
0.172826652785
0.178032274857
0.183758459136
0.179073399271
0.172826652785
0.149921915669
0.194169703280
0.079646017699
0.079646017699
0.079646017699
0.079646017699
0.079646017699
0.079646017699
0.079646017699
0.079646017699
0.079646017699
0.079646017699
0.079646017699
0.079646017699
0.079646017699
0.079646017699
0.079646017699
0.079646017699
0.079646017699
0.079646017699
0.079646017699
0.079646017699
0.079646017699
0.079646017699
0.079646017699
0.079646017699
0.079646017699
0.079646017699
0.079646017699
0.079646017699
0.079646017699
0.079646017699
0.079646017699
0.079646017699
0.079646017699
0.079646017699
0.079646017699
0.080687142113
0.080687142113
0.081207704321
0.081207704321
0.082769390942
0.083289953149
0.064029151484
0.070275897970
0.081728266528
0.084331077564
0.083289953149
0.082769390942
0.085892764185
0.085892764185
0.085372201978
0.087454450807
0.089536699636
0.092660072879
0.093701197293
0.100468505986
0.102550754815
0.106715252473
0.112441436752
0.118167621031
0.121290994274
0.123373243103
0.115044247788
0.104112441437
0.098386257158
0.095783446122
0.091098386257
0.093180635086
0.091618948464
0.087454450807
0.093180635086
0.097865694951
0.117126496616
0.119208745445
0.118688183238
0.117647058824
0.121290994274
0.123893805310
0.131702238417
0.138990109318
0.138469547111
0.153045288912
0.165018219677
0.166579906299
0.177511712650
0.176991150442
0.212909942738
0.120770432067
0.165538781884
0.079646017699
0.079646017699
0.079646017699
0.070796460177
0.056741280583
0.049973971890
0.046850598647
0.043727225403
0.042686100989
0.042686100989
0.043727225403
0.047371160854
0.052576782926
0.059864653826
0.067673086934
0.074440395627
0.079125455492
0.082769390942
0.086933888600
0.086933888600
0.090057261843
0.091618948464
0.100989068194
0.111920874545
0.113482561166
0.117126496616
0.119729307652
0.123893805310
0.123893805310
0.123373243103
0.107235814680
0.102030192608
0.111400312337
0.121290994274
0.123893805310
0.119208745445
0.156168662155
0.155648099948
0.158771473191
0.158771473191
0.162935970849
0.166059344092
0.167621030713
0.169703279542
0.176470588235
0.182196772514
0.180114523686
0.180114523686
0.181676210307
0.181155648100
0.185840707965
0.185840707965
0.186881832379
0.188443519001
0.188443519001
0.189484643415
0.191566892244
0.194690265487
0.194690265487
0.193649141072
0.196251952108
0.196772514315
0.196251952108
0.198334200937
0.197813638730
0.199895887559
0.198334200937
0.122852680895
0.124414367517
0.134825611661
0.147319104633
0.143154606976
0.141072358147
0.140031233732
0.140551795940
0.136907860489
0.135346173868
0.129099427382
0.127017178553
0.125455491931
0.124414367517
0.122332118688
0.109838625716
0.106715252473
0.098906819365
0.093701197293
0.094221759500
0.095783446122
0.099947943779
0.104112441437
0.105674128058
0.112961998959
0.117647058824
0.119729307652
0.119729307652
0.132222800625
0.134305049453
0.133784487246
0.129099427382
0.134305049453
0.132222800625
0.134305049453
0.136387298282
0.142113482561
0.144195731390
0.148880791255
0.173867777199
0.179073399271
0.180635085893
0.183758459136
0.184799583550
0.193649141072
0.190525767829
0.194690265487
0.190525767829
0.195731389901
0.196251952108
0.198334200937
0.200416449766
0.201457574180
0.197293076523
0.198854763144
0.200416449766
0.196251952108
0.197813638730
0.199895887559
0.198854763144
0.198854763144
0.203019260802
0.200416449766
0.204580947423
0.202498698594
0.208745445081
0.199895887559
0.204580947423
0.196251952108
0.203539823009
0.150442477876
0.217074440396
0.079646017699
0.079646017699
0.079646017699
0.079646017699
0.079646017699
0.079646017699
0.079646017699
0.079646017699
0.079646017699
0.079646017699
0.079646017699
0.079646017699
0.079646017699
0.079646017699
0.079646017699
0.079646017699
0.079646017699
0.079646017699
0.079646017699
0.079646017699
0.079646017699
0.079646017699
0.079646017699
0.081207704321
0.095262883915
0.081728266528
0.096824570536
0.102030192608
0.102030192608
0.087975013014
0.086413326393
0.080687142113
0.073399271213
0.071317022384
0.070275897970
0.068714211348
0.071317022384
0.073919833420
0.081728266528
0.092660072879
0.102030192608
0.108797501301
0.115564809995
0.119208745445
0.119729307652
0.122332118688
0.123893805310
0.124934929724
0.124934929724
0.124414367517
0.124414367517
0.123893805310
0.123373243103
0.121811556481
0.121811556481
0.121811556481
0.118688183238
0.117647058824
0.117126496616
0.117126496616
0.115044247788
0.114003123373
0.113482561166
0.113482561166
0.112441436752
0.111920874545
0.111920874545
0.110879750130
0.110879750130
0.110879750130
0.110879750130
0.110359187923
0.110879750130
0.094221759500
0.098386257158
0.095262883915
0.096824570536
0.094221759500
0.091098386257
0.089536699636
0.089016137428
0.087975013014
0.087454450807
0.087975013014
0.102550754815
0.107756376887
0.109318063509
0.109318063509
0.111400312337
0.111920874545
0.110879750130
0.110879750130
0.110359187923
0.109838625716
0.108797501301
0.107756376887
0.107235814680
0.106715252473
0.105153565851
0.106715252473
0.105674128058
0.105674128058
0.104112441437
0.103071317022
0.104112441437
0.104633003644
0.105153565851
0.104633003644
0.101509630401
0.099947943779
0.103071317022
0.107235814680
0.122332118688
0.130140551796
0.133784487246
0.138469547111
0.135866736075
0.135346173868
0.134825611661
0.133263925039
0.133263925039
0.127537740760
0.113482561166
0.115564809995
0.110359187923
0.114003123373
0.116605934409
0.119208745445
0.129099427382
0.132222800625
0.135866736075
0.149921915669
0.154086413326
0.160333159813
0.164497657470
0.172306090578
0.187402394586
0.197813638730
0.206142634045
0.201457574180
0.199375325351
0.193649141072
0.190005205622
0.188964081208
0.188964081208
0.187402394586
0.188964081208
0.187402394586
0.187402394586
0.188443519001
0.190005205622
0.190525767829
0.190005205622
0.191046330036
0.192608016658
0.192608016658
0.192608016658
0.193128578865
0.191046330036
0.190525767829
0.192087454451
0.193128578865
0.192608016658
0.193649141072
0.190525767829
0.191566892244
0.193649141072
0.195210827694
0.197293076523
0.196772514315
0.197293076523
0.198334200937
0.199375325351
0.197813638730
0.198854763144
0.198334200937
0.199375325351
0.199375325351
0.200937011973
0.201457574180
0.201457574180
0.202498698594
0.204060385216
0.204060385216
0.203539823009
0.203019260802
0.203019260802
0.204580947423
0.204580947423
0.203539823009
0.206142634045
0.206663196252
0.207183758459
0.207183758459
0.207183758459
0.207704320666
0.206663196252
0.207704320666
0.208224882874
0.209786569495
0.209786569495
0.209786569495
0.210307131702
0.210827693909
0.210827693909
0.210827693909
0.210307131702
0.213951067153
0.214992191567
0.214471629360
0.214471629360
0.214471629360
0.213430504945
0.213951067153
0.214471629360
0.214471629360
0.214992191567
0.215512753774
0.218636127017
0.219156689224
0.219677251432
0.220718375846
0.220197813639
0.221759500260
0.225403435711
0.225403435711
0.225923997918
0.226965122332
0.224362311296
0.224362311296
0.224882873503
0.224882873503
0.226444560125
0.227485684539
0.227485684539
0.228526808954
0.229047371161
0.231129619990
0.230609057782
0.233211868818
0.234773555440
0.235814679854
0.234773555440
0.237896928683
0.237376366476
0.237896928683
0.238938053097
0.241020301926
0.242581988548
0.242581988548
0.241540864133
0.242061426340
0.241020301926
0.243102550755
0.242581988548
0.241540864133
0.248828735034
0.206663196252
0.164497657470
0.094742321707
0.093180635086
0.108276939094
0.134305049453
0.155648099948
0.142113482561
0.138469547111
0.156689224362
0.138469547111
0.128578865174
0.127017178553
0.123893805310
0.125455491931
0.125455491931
0.127537740760
0.132222800625
0.132222800625
0.134305049453
0.136387298282
0.134305049453
0.134305049453
0.132222800625
0.129619989589
0.127017178553
0.197813638730
0.201978136387
0.206663196252
0.212389380531
0.211348256117
0.213951067153
0.213430504945
0.216553878188
0.217595002603
0.217074440396
0.220718375846
0.219677251432
0.221238938053
0.222800624675
0.224362311296
0.224362311296
0.224882873503
0.225403435711
0.226444560125
0.226444560125
0.226965122332
0.228526808954
0.229047371161
0.230088495575
0.232170744404
0.229567933368
0.228006246746
0.231129619990
0.232170744404
0.234252993233
0.234252993233
0.241020301926
0.224882873503
0.180635085893
0.176991150442
0.162415408641
0.164497657470
0.163977095263
0.163977095263
0.163977095263
0.163977095263
0.163977095263
0.163977095263
0.163977095263
0.163977095263
0.163977095263
0.163977095263
0.163977095263
0.163977095263
0.163977095263
0.163977095263
0.163977095263
0.163977095263
0.163977095263
0.163977095263
0.163977095263
0.163977095263
0.163977095263
0.163977095263
0.163977095263
0.163977095263
0.163977095263
0.163977095263
0.163977095263
0.163977095263
0.054659031754
0.054659031754
0.054659031754
0.054659031754
0.054659031754
0.054659031754
0.054659031754
0.054659031754
0.054659031754
0.054659031754
0.054659031754
0.054659031754
0.054659031754
0.054659031754
0.042686100989
0.042686100989
0.042686100989
0.042686100989
0.042686100989
0.042686100989
0.042686100989
0.042686100989
0.042686100989
0.042686100989
0.042686100989
0.042686100989
0.042686100989
0.042686100989
0.042686100989
0.042686100989
0.042686100989
0.042686100989
0.042686100989
0.042686100989
0.042686100989
0.042686100989
0.042686100989
0.042686100989
0.042686100989
0.042686100989
0.042686100989
0.042686100989
0.042686100989
0.042686100989
0.042686100989
0.042686100989
0.042686100989
0.042165538782
0.042165538782
0.042165538782
0.043727225403
0.043727225403
0.043727225403
0.044247787611
0.045288912025
0.045288912025
0.044768349818
0.044768349818
0.044768349818
0.044768349818
0.045809474232
0.046330036439
0.046330036439
0.047371160854
0.047891723061
0.048932847475
0.049973971890
0.050494534097
0.050494534097
0.050494534097
0.051015096304
0.051535658511
0.052576782926
0.053097345133
0.052576782926
0.053097345133
0.053097345133
0.053097345133
0.053097345133
0.053097345133
0.053097345133
0.052576782926
0.052576782926
0.052576782926
0.053097345133
0.052576782926
0.052576782926
0.052056220718
0.051535658511
0.051535658511
0.051535658511
0.051535658511
0.051535658511
0.052576782926
0.056220718376
0.060385216033
0.066111400312
0.069755335763
0.072358146799
0.073919833420
0.081207704321
0.089536699636
0.094742321707
0.091618948464
0.089536699636
0.090057261843
0.092139510672
0.093701197293
0.089016137428
0.089536699636
0.090057261843
0.093180635086
0.099947943779
0.105153565851
0.107756376887
0.109318063509
0.108797501301
0.110359187923
0.110359187923
0.109838625716
0.110879750130
0.115564809995
0.114523685580
0.115564809995
0.116085372202
0.117126496616
0.114523685580
0.114523685580
0.115564809995
0.120770432067
0.122332118688
0.124934929724
0.126496616346
0.129619989589
0.131181676210
0.130661114003
0.129099427382
0.125976054138
0.127017178553
0.129619989589
0.130661114003
0.125455491931
0.127017178553
0.125976054138
0.125976054138
0.126496616346
0.124934929724
0.127537740760
0.129619989589
0.131181676210
0.133263925039
0.132743362832
0.131702238417
0.130140551796
0.131702238417
0.133263925039
0.131181676210
0.129619989589
0.132222800625
0.132222800625
0.134305049453
0.133263925039
0.133263925039
0.132222800625
0.132222800625
0.131702238417
0.132222800625
0.131702238417
0.131181676210
0.131702238417
0.132743362832
0.132222800625
0.131181676210
0.130140551796
0.130140551796
0.131181676210
0.130661114003
0.131702238417
0.131181676210
0.130140551796
0.128578865174
0.128578865174
0.130140551796
0.131702238417
0.131702238417
0.132222800625
0.133784487246
0.133263925039
0.133263925039
0.133263925039
0.136907860489
0.137948984904
0.136907860489
0.135866736075
0.135346173868
0.134825611661
0.134305049453
0.133263925039
0.134305049453
0.131181676210
0.130661114003
0.129619989589
0.130140551796
0.128578865174
0.126496616346
0.125455491931
0.125455491931
0.123893805310
0.124414367517
0.122852680895
0.122852680895
0.122332118688
0.123373243103
0.123373243103
0.123893805310
0.121811556481
0.120770432067
0.121290994274
0.120770432067
0.121811556481
0.122332118688
0.122332118688
0.122852680895
0.124934929724
0.124414367517
0.125976054138
0.125976054138
0.127017178553
0.124934929724
0.125976054138
0.124414367517
0.124414367517
0.125976054138
0.125976054138
0.124414367517
0.123373243103
0.123373243103
0.121811556481
0.120770432067
0.118167621031
0.118167621031
0.118167621031
0.119208745445
0.121811556481
0.120249869859
0.120249869859
0.119208745445
0.120249869859
0.119729307652
0.118167621031
0.117647058824
0.119208745445
0.118167621031
0.118167621031
0.117126496616
0.118167621031
0.117126496616
0.117126496616
0.117647058824
0.118167621031
0.118167621031
0.116605934409
0.116605934409
0.117126496616
0.116085372202
0.115564809995
0.118688183238
0.142634044768
0.178032274857
0.184279021343
0.183758459136
0.203539823009
0.079646017699
0.079646017699
0.079646017699
0.079646017699
0.079646017699
0.079646017699
0.079646017699
0.079646017699
0.079646017699
0.079646017699
0.056741280583
0.042686100989
0.042686100989
0.042686100989
0.042686100989
0.042686100989
0.042686100989
0.042686100989
0.042686100989
0.042686100989
0.042686100989
0.042686100989
0.042686100989
0.042686100989
0.042686100989
0.042686100989
0.042686100989
0.042686100989
0.042686100989
0.042686100989
0.042686100989
0.042686100989
0.042686100989
0.043727225403
0.058302967205
0.062467464862
0.057261842790
0.055179593961
0.054659031754
0.054659031754
0.054659031754
0.054659031754
0.054659031754
0.054659031754
0.054659031754
0.054659031754
0.054659031754
0.054659031754
0.054659031754
0.054659031754
0.054659031754
0.054659031754
0.054659031754
0.054659031754
0.054659031754
0.054659031754
0.054659031754
0.054659031754
0.054659031754
0.059864653826
0.064029151484
0.054659031754
0.051015096304
0.051535658511
0.052056220718
0.053097345133
0.052576782926
0.052576782926
0.052576782926
0.052576782926
0.053097345133
0.054138469547
0.055179593961
0.060385216033
0.062988027069
0.068193649141
0.072878709006
0.079646017699
0.085372201978
0.094221759500
0.102550754815
0.102030192608
0.104633003644
0.103071317022
0.108276939094
0.106194690265
0.106715252473
0.108797501301
0.110359187923
0.114523685580
0.121290994274
0.125455491931
0.125455491931
0.124414367517
0.125976054138
0.128578865174
0.128578865174
0.129099427382
0.124414367517
0.129099427382
0.127537740760
0.125455491931
0.129099427382
0.131702238417
0.136387298282
0.135866736075
0.134305049453
0.137428422697
0.135866736075
0.136907860489
0.138469547111
0.133784487246
0.132743362832
0.133784487246
0.128578865174
0.127537740760
0.128578865174
0.128578865174
0.131702238417
0.134305049453
0.133784487246
0.137428422697
0.136907860489
0.138990109318
0.138469547111
0.138990109318
0.138990109318
0.140551795940
0.137948984904
0.137428422697
0.139510671525
0.137428422697
0.134825611661
0.133263925039
0.136387298282
0.137428422697
0.136907860489
0.137948984904
0.136387298282
0.136387298282
0.133263925039
0.130140551796
0.129619989589
0.128578865174
0.128578865174
0.128578865174
0.127017178553
0.127017178553
0.127537740760
0.127537740760
0.126496616346
0.128058302967
0.127537740760
0.127537740760
0.127537740760
0.127017178553
0.128058302967
0.129099427382
0.128058302967
0.126496616346
0.125976054138
0.125455491931
0.125976054138
0.125976054138
0.125976054138
0.127017178553
0.128058302967
0.129099427382
0.128058302967
0.129619989589
0.130661114003
0.128578865174
0.127017178553
0.126496616346
0.125455491931
0.126496616346
0.124414367517
0.124934929724
0.125455491931
0.122852680895
0.123893805310
0.127017178553
0.147839666840
0.180635085893
0.102550754815
0.192087454451
0.083289953149
0.100989068194
0.129099427382
0.130140551796
0.120249869859
0.115564809995
0.116085372202
0.111920874545
0.121290994274
0.128058302967
0.155648099948
0.160853722020
0.157730348777
0.131702238417
0.125455491931
0.129619989589
0.128058302967
0.127017178553
0.122852680895
0.122332118688
0.120249869859
0.123893805310
0.125976054138
0.128058302967
0.125455491931
0.129099427382
0.125976054138
0.122852680895
0.120770432067
0.125455491931
0.127017178553
0.126496616346
0.132222800625
0.131181676210
0.132743362832
0.132222800625
0.132222800625
0.129099427382
0.127537740760
0.127017178553
0.121811556481
0.120249869859
0.118688183238
0.117126496616
0.116605934409
0.115564809995
0.115564809995
0.117126496616
0.117647058824
0.118688183238
0.118167621031
0.118688183238
0.119208745445
0.119208745445
0.119208745445
0.118688183238
0.119729307652
0.119729307652
0.119208745445
0.119208745445
0.118167621031
0.119208745445
0.118688183238
0.118688183238
0.120249869859
0.120249869859
0.120249869859
0.120770432067
0.120249869859
0.121290994274
0.120770432067
0.120770432067
0.121290994274
0.120770432067
0.119729307652
0.120249869859
0.121290994274
0.120770432067
0.120249869859
0.119729307652
0.120249869859
0.120770432067
0.119729307652
0.118688183238
0.118167621031
0.120770432067
0.120770432067
0.120249869859
0.133784487246
0.171785528371
0.183758459136
0.182717334721
0.183758459136
0.183758459136
0.183758459136
0.185320145757
0.184279021343
0.184279021343
0.183237896929
0.183237896929
0.184799583550
0.182717334721
0.185840707965
0.186361270172
0.185840707965
0.186361270172
0.185840707965
0.183758459136
0.183758459136
0.181676210307
0.181155648100
0.180114523686
0.181155648100
0.183237896929
0.186881832379
0.186361270172
0.185840707965
0.187402394586
0.186881832379
0.187922956793
0.190005205622
0.190525767829
0.191046330036
0.188964081208
0.188443519001
0.189484643415
0.190005205622
0.194169703280
0.190005205622
0.191566892244
0.191046330036
0.195731389901
0.195210827694
0.199375325351
0.196251952108
0.202498698594
0.197293076523
0.202498698594
0.195210827694
0.202498698594
0.197813638730
0.199895887559
0.199375325351
0.199895887559
0.196251952108
0.197293076523
0.193649141072
0.202498698594
0.203019260802
0.218115564810
0.124934929724
0.214992191567
0.083810515357
0.084331077564
0.087454450807
0.086413326393
0.090057261843
0.099947943779
0.104633003644
0.112961998959
0.104112441437
0.113482561166
0.106715252473
0.140551795940
0.163977095263
0.168141592920
0.169182717335
0.168141592920
0.165018219677
0.157209786569
0.149921915669
0.145757418011
0.146277980219
0.143675169183
0.144195731390
0.152004164498
0.155127537741
0.182717334721
0.190005205622
0.193649141072
0.191566892244
0.190005205622
0.187922956793
0.187402394586
0.186361270172
0.187402394586
0.185840707965
0.187922956793
0.191566892244
0.191046330036
0.190005205622
0.193649141072
0.193649141072
0.197293076523
0.196772514315
0.199895887559
0.198854763144
0.199375325351
0.199375325351
0.203019260802
0.201457574180
0.203539823009
0.201978136387
0.201978136387
0.204060385216
0.205101509630
0.205101509630
0.204580947423
0.203539823009
0.201978136387
0.204060385216
0.204060385216
0.205622071838
0.204580947423
0.207704320666
0.205622071838
0.204580947423
0.204580947423
0.206142634045
0.206142634045
0.203539823009
0.204060385216
0.203539823009
0.204060385216
0.205101509630
0.205622071838
0.205622071838
0.205101509630
0.205101509630
0.204060385216
0.204060385216
0.204580947423
0.202498698594
0.202498698594
0.202498698594
0.201978136387
0.203539823009
0.202498698594
0.205622071838
0.202498698594
0.206142634045
0.202498698594
0.204060385216
0.203539823009
0.206142634045
0.207183758459
0.207183758459
0.208224882874
0.211868818324
0.211868818324
0.214471629360
0.212389380531
0.212389380531
0.212389380531
0.212389380531
0.210307131702
0.213430504945
0.214471629360
0.214471629360
0.214992191567
0.213951067153
0.213430504945
0.213430504945
0.215512753774
0.213430504945
0.216553878188
0.211868818324
0.216553878188
0.214992191567
0.215512753774
0.210827693909
0.222280062467
0.133263925039
0.225403435711
0.087975013014
0.122332118688
0.132222800625
0.176470588235
0.228526808954
0.216553878188
0.217074440396
0.212389380531
0.207183758459
0.201978136387
0.198854763144
0.197813638730
0.205101509630
0.204580947423
0.208745445081
0.214992191567
0.213430504945
0.213951067153
0.212909942738
0.212909942738
0.213951067153
0.211348256117
0.210827693909
0.211348256117
0.212389380531
0.211348256117
0.208224882874
0.209786569495
0.210307131702
0.208224882874
0.209786569495
0.208224882874
0.208745445081
0.209786569495
0.208745445081
0.207183758459
0.204060385216
0.207183758459
0.204580947423
0.206142634045
0.203539823009
0.203019260802
0.204060385216
0.202498698594
0.203019260802
0.200937011973
0.200416449766
0.198334200937
0.197293076523
0.197293076523
0.195731389901
0.197813638730
0.197813638730
0.198854763144
0.198334200937
0.198854763144
0.198334200937
0.199375325351
0.194690265487
0.194169703280
0.192087454451
0.192608016658
0.192608016658
0.195210827694
0.193128578865
0.201978136387
0.196772514315
0.222800624675
0.128578865174
0.232691306611
0.140031233732
0.205622071838
0.099427381572
0.147839666840
0.224362311296
0.186361270172
0.186881832379
0.183237896929
0.179073399271
0.175429463821
0.175950026028
0.183758459136
0.174908901614
0.180114523686
0.196772514315
0.211348256117
0.220197813639
0.221759500260
0.218115564810
0.218636127017
0.221238938053
0.221238938053
0.221759500260
0.219156689224
0.214992191567
0.209266007288
0.207183758459
0.207704320666
0.204580947423
0.204060385216
0.208224882874
0.206663196252
0.205101509630
0.205101509630
0.204060385216
0.200937011973
0.198854763144
0.195731389901
0.197293076523
0.197293076523
0.195210827694
0.195731389901
0.193128578865
0.192087454451
0.192608016658
0.192087454451
0.191566892244
0.192608016658
0.175429463821
0.172826652785
0.174908901614
0.171264966163
0.168662155128
0.168662155128
0.168141592920
0.167621030713
0.168141592920
0.168662155128
0.168141592920
0.168141592920
0.169182717335
0.168141592920
0.168662155128
0.167100468506
0.166579906299
0.167100468506
0.166059344092
0.165018219677
0.162935970849
0.163456533056
0.163977095263
0.162935970849
0.163977095263
0.163977095263
0.165018219677
0.164497657470
0.165018219677
0.164497657470
0.164497657470
0.163977095263
0.164497657470
0.162935970849
0.163456533056
0.161894846434
0.161894846434
0.162415408641
0.162935970849
0.161894846434
0.161894846434
0.160853722020
0.160333159813
0.159812597605
0.160333159813
0.158250910984
0.158771473191
0.157730348777
0.163456533056
0.161894846434
0.168141592920
0.169703279542
0.196251952108
0.117647058824
0.210307131702
0.045288912025
0.054138469547
0.090577824050
0.104633003644
0.200937011973
0.204580947423
0.197293076523
0.205101509630
0.201978136387
0.201457574180
0.191566892244
0.186881832379
0.190005205622
0.194690265487
0.191566892244
0.189484643415
0.186361270172
0.186881832379
0.197813638730
0.195210827694
0.199375325351
0.199895887559
0.195210827694
0.194690265487
0.193649141072
0.192087454451
0.192087454451
0.190525767829
0.192608016658
0.192608016658
0.191566892244
0.194169703280
0.192608016658
0.187402394586
0.187402394586
0.187402394586
0.183237896929
0.188964081208
0.188964081208
0.169703279542
0.168141592920
0.170223841749
0.171264966163
0.172306090578
0.169182717335
0.166059344092
0.165538781884
0.165538781884
0.162935970849
0.163977095263
0.165018219677
0.164497657470
0.163977095263
0.163456533056
0.160853722020
0.159812597605
0.158771473191
0.157730348777
0.157209786569
0.157209786569
0.157209786569
0.156168662155
0.155127537741
0.155127537741
0.152004164498
0.157209786569
0.152524726705
0.165018219677
0.167100468506
0.197293076523
0.097865694951
0.203019260802
0.103071317022
0.196251952108
0.051535658511
0.048412285268
0.048932847475
0.049453409682
0.061946902655
0.079125455492
0.099427381572
0.114003123373
0.115044247788
0.123893805310
0.164497657470
0.171264966163
0.163456533056
0.166059344092
0.169182717335
0.162935970849
0.172306090578
0.174388339407
0.169703279542
0.165538781884
0.169703279542
0.171785528371
0.173867777199
0.172306090578
0.166579906299
0.166579906299
0.164497657470
0.165538781884
0.151483602290
0.154606975534
0.145236855804
0.149401353462
0.142634044768
0.149401353462
0.142634044768
0.156689224362
0.157209786569
0.184799583550
0.149921915669
0.199375325351
0.091098386257
0.097345132743
0.132743362832
0.133263925039
0.195210827694
0.213430504945
0.178032274857
0.179593961478
0.146798542426
0.153045288912
0.144195731390
0.147839666840
0.160853722020
0.156168662155
0.172826652785
0.156689224362
0.150963040083
0.138990109318
0.153045288912
0.132743362832
0.156689224362
0.134825611661
0.134305049453
0.131181676210
0.132222800625
0.131702238417
0.132222800625
0.132222800625
0.132222800625
0.132222800625
0.125976054138
0.121290994274
0.120770432067
0.120770432067
0.121811556481
0.122852680895
0.122332118688
0.122852680895
0.122332118688
0.121811556481
0.121811556481
0.121290994274
0.119729307652
0.119729307652
0.119729307652
0.119208745445
0.119208745445
0.119208745445
0.120249869859
0.120249869859
0.120249869859
0.120249869859
0.119208745445
0.119208745445
0.118167621031
0.118167621031
0.118167621031
0.119208745445
0.119208745445
0.121290994274
0.121290994274
0.121811556481
0.122852680895
0.120770432067
