4.133774757385
4.132962226868
4.131753921509
4.130159854889
4.128194808960
4.125872612000
4.123217105865
4.120232582092
4.116930484772
4.113321304321
4.109407424927
4.105191230774
4.100682258606
4.095881938934
4.090776443481
4.085372447968
4.079653263092
4.073616981506
4.067250251770
4.060553073883
4.053525924683
4.046173095703
4.038493633270
4.030476570129
4.022113800049
4.013393402100
4.004295349121
3.994800567627
3.984884023666
3.974521636963
3.963679313660
3.952324151993
3.940410614014
3.927841901779
3.914585828781
3.900567531586
3.885734081268
3.870058059692
3.853502511978
3.836014032364
3.817693710327
3.798640251160
3.779008865356
3.759069442749
3.739023923874
3.719048500061
3.699403762817
3.680233955383
3.661831855774
3.644600868225
3.628666877747
3.613579988480
3.598785400391
3.583617210388
3.568196773529
3.553347110748
3.538393497467
3.523264646530
3.507851600647
3.492271423340
3.476079225540
3.458758831024
3.439826965332
3.419663429260
3.400632381439
3.382305145264
3.365654230118
3.353570699692
3.343982219696
3.335557460785
3.325215816498
3.315678119659
3.299816608429
3.282214641571
3.263719081879
3.244891405106
3.224849939346
3.206548929214
3.189225673676
3.175480365753
3.157587528229
3.147569656372
3.130326271057
3.119495391846
3.101398944855
3.092783451080
3.071053266525
3.097061872482
3.095253705978
3.174270629883
3.210440397263
3.068964958191
3.027045249939
2.996491193771
2.974773406982
2.960069656372
2.948770523071
2.938788414001
2.927754402161
2.915771007538
2.902463674545
2.888821363449
2.874635219574
2.860140800476
2.845943689346
2.832333087921
2.818958044052
2.806881666183
2.795667409897
2.784545898438
2.774816036224
2.764798641205
2.753313541412
2.740696191788
2.727652311325
2.714759111404
2.702011108398
2.689398765564
2.676674842834
2.663774490356
2.650715589523
2.636969566345
2.622849941254
2.608526945114
2.594216108322
2.580143690109
2.566699504852
2.553573369980
2.540173768997
2.527452707291
2.514771699905
2.502575397491
2.490651130676
2.478990077972
2.467467308044
2.455658197403
2.442681789398
2.429570198059
2.417270183563
2.405357122421
2.393488883972
2.381976366043
2.370825767517
2.360198736191
2.350339412689
2.340753793716
2.331092834473
2.321264266968
2.311306953430
2.301031112671
2.290921688080
2.281195402145
2.271867036819
2.262611150742
2.253019332886
2.242953538895
2.233123779297
2.223688602448
2.214292287827
2.205875396729
2.196229696274
2.189119815826
2.181170940399
2.175825357437
2.165276050568
2.178884983063
2.356723785400
6.841725349426
3.503620147705
2.711704730988
2.583874940872
2.559860944748
2.566663026810
2.586988925934
2.612061738968
2.636182069778
2.657062053680
2.674319267273
2.688720703125
2.701087713242
2.711978912354
2.721734762192
2.730577468872
2.738604784012
2.745806694031
2.752144098282
2.757579565048
2.762312412262
2.766982078552
2.772534847260
2.780021667480
2.789599418640
2.800624132156
2.813234090805
2.828283071518
2.843936681747
2.859273910522
2.872828006744
2.891373872757
2.905609607697
2.926444053650
2.939105272293
2.991366147995
3.000152111053
3.111450195312
3.125628232956
3.142017126083
3.154923915863
3.168677568436
3.187306404114
3.206671476364
3.225774288177
3.245273590088
3.264238357544
3.284489870071
3.305742979050
3.327572584152
3.349833011627
3.373121023178
3.394392013550
3.416812896729
3.436534643173
3.457313776016
3.473123550415
3.503199577332
3.657547235489
3.803873777390
3.677788734436
3.677221298218
3.682350873947
3.683101415634
3.698184967041
3.716357231140
3.737164974213
3.762152194977
3.785582304001
3.811022043228
3.835890769958
3.862446784973
3.886786460876
3.908411264420
3.926303863525
3.943312644958
3.961394071579
3.980469703674
3.999231338501
4.017880439758
4.035676002502
4.052676200867
4.071384429932
4.090484619141
4.121805191040
4.236382007599
4.255986213684
4.273989677429
4.291195869446
4.306219100952
4.317125797272
4.324673175812
4.331303596497
4.340506553650
4.352868556976
4.368035316467
4.385096549988
4.402424812317
4.419604301453
4.435935020447
4.450428962708
4.461842536926
4.468800544739
4.473759651184
4.483171463013
4.495090484619
4.503976821899
4.511977672577
4.522330284119
4.534673690796
4.547743320465
4.558758735657
4.569183349609
4.577648162842
4.585139274597
4.593132972717
4.601087093353
4.607952117920
4.613375663757
4.617825508118
4.622201919556
4.626655578613
4.630327224731
4.634302139282
4.639011859894
4.639127731323
4.656747817993
4.741219997406
5.572658538818
4.875376701355
4.877196311951
4.870779037476
4.857650756836
4.837742805481
4.818828105927
4.810949325562
4.825058460236
4.804660797119
4.792607307434
4.774315834045
4.762127399445
4.751038551331
4.740768909454
4.732038021088
4.724936485291
4.721441268921
4.718043327332
4.716342449188
4.715968608856
4.714460849762
4.713134765625
4.718926906586
4.713326454163
4.754880905151
4.734948158264
4.731413841248
4.731269836426
4.733751296997
4.735770702362
4.735382080078
4.734875202179
4.733558177948
4.730448722839
4.725582122803
4.719559669495
4.713493347168
4.707281589508
4.702219009399
4.696227073669
4.692341804504
4.688380241394
4.683914184570
4.678579807281
4.673300266266
4.667797565460
4.662533283234
4.657874107361
4.653102874756
4.649041175842
4.644352912903
4.640910148621
4.635393142700
4.632866859436
4.625374794006
4.626317977905
4.623671531677
4.749303817749
4.938608169556
4.815650463104
4.812358856201
4.790558815002
4.748788833618
4.711604118347
4.681760787964
4.662312507629
4.653353214264
4.645387172699
4.634037971497
4.625147819519
4.617329120636
4.608954906464
4.598407745361
4.585346221924
4.571814537048
4.558547019958
4.546330451965
4.534701824188
4.522942543030
4.510832309723
4.498509407043
4.486113071442
4.473998069763
4.463077068329
4.452664375305
4.442622184753
4.432646751404
4.422869205475
4.413246631622
4.403162479401
4.393074989319
4.382918834686
4.372188568115
4.361371040344
4.350288391113
4.339044094086
4.327442169189
4.315452575684
4.303155422211
4.290916919708
4.278635025024
4.266589164734
4.254507064819
4.242290019989
4.230095386505
4.217930316925
4.205865383148
4.193767547607
4.181734561920
4.169669151306
4.157651901245
4.145669937134
4.133518695831
4.121421337128
4.109272003174
4.097012042999
4.084793567657
4.072580337524
4.060278415680
4.047676086426
4.034726619720
4.021656513214
4.008402824402
3.994988441467
3.981476545334
3.967808008194
3.954060316086
3.940148353577
3.926008701324
3.911879062653
3.897892951965
3.883897304535
3.869874000549
3.855884075165
3.841854572296
3.827749490738
3.813613891602
3.799420118332
3.785152435303
3.770865917206
3.756694793701
3.742651462555
3.728768587112
3.715064764023
3.701460599899
3.687968730927
3.674572706223
3.661188602448
3.647756576538
3.634356975555
3.621057033539
3.607854366302
3.594638586044
3.581380844116
3.568228721619
3.555144071579
3.542092800140
3.529099464417
3.516072511673
3.503077983856
3.490085124969
3.477067232132
3.463984966278
3.450944423676
3.437912702560
3.424891948700
3.411942243576
3.399065017700
3.386206150055
3.373487472534
3.360881567001
3.348449707031
3.336079359055
3.323745012283
3.311452627182
3.299160480499
3.286882877350
3.274673461914
3.262537002563
3.250512599945
3.238582372665
3.226737976074
3.214931011200
3.203125953674
3.191282987595
3.179490327835
3.167622566223
3.155748605728
3.143851280212
3.131939411163
3.120018005371
3.108130931854
3.096308231354
3.084450244904
3.072609901428
3.060830831528
3.049120187759
3.037366867065
3.025592803955
3.013791799545
3.002017021179
2.990264892578
2.978545904160
2.966872930527
2.955242395401
2.943661212921
2.932032823563
2.920470714569
2.908907890320
2.897475957870
2.886094808578
2.874563694000
2.863217353821
2.851786136627
2.840529918671
2.829205989838
2.818008422852
2.807133674622
2.796146392822
2.785282611847
2.774554729462
2.764254331589
2.753690719604
2.743357181549
2.733432292938
2.723147630692
2.712991714478
2.703188180923
2.693243741989
2.683715820312
2.674008846283
2.664621114731
2.655351638794
2.646024703979
2.637444972992
2.627852439880
2.619301080704
2.610104084015
2.601946353912
2.592917680740
2.585078477859
2.576181888580
2.568510770798
2.559552431107
2.552291631699
2.543683528900
2.536493062973
2.528144836426
2.522092103958
2.513170957565
2.507584095001
2.498546123505
2.493191480637
2.483683824539
2.478736400604
2.468636512756
2.463695764542
2.453268527985
2.449931144714
2.438260793686
2.437580108643
2.424765825272
2.488773345947
2.864027261734
4.400007247925
2.833877086639
2.661453962326
2.724095344543
2.808282613754
2.867961645126
2.901032209396
2.915157556534
2.915969610214
2.905741930008
2.886359930038
2.858510732651
2.822298288345
2.780236244202
2.737365722656
2.699202775955
2.667986869812
2.640601634979
2.615458011627
2.594088077545
2.578031539917
2.566458940506
2.558228254318
2.552419662476
2.548900127411
2.546856403351
2.546256065369
2.546814203262
2.548664808273
2.551960945129
2.557051897049
2.563925981522
2.571928977966
2.579726934433
2.586074352264
2.590129613876
2.592051029205
2.592110395432
2.590427637100
2.587204933167
2.582472324371
2.576668739319
2.569957971573
2.562796115875
2.554726123810
2.545896291733
2.536344766617
2.526101112366
2.514747381210
2.501945495605
2.487418174744
2.471886157990
2.456527471542
2.442905187607
2.431861400604
2.424251317978
2.420105934143
2.418268680573
2.417458057404
2.417052984238
2.417418479919
2.418788671494
2.420696258545
2.422970533371
2.426796913147
2.432688713074
2.440185070038
2.448173522949
2.455641031265
2.462141275406
2.467212677002
2.469943761826
2.470361471176
2.468937635422
2.465757846832
2.461539268494
2.456451416016
2.451959848404
2.446814537048
2.443841695786
2.443744182587
2.460959911346
2.488299846649
2.482989311218
2.483772277832
2.455370187759
2.463934659958
2.432679891586
2.460504293442
2.429051637650
2.440191745758
2.418457508087
2.428837537766
2.419861316681
2.429852485657
2.420244693756
2.422743797302
2.418698787689
2.419727563858
2.421485185623
2.421598911285
2.422024011612
2.421203136444
2.419236898422
2.415861129761
2.412017583847
2.407176971436
2.401801109314
2.395803451538
2.390363693237
2.384357452393
2.379586935043
2.375030040741
2.371145248413
2.367715835571
2.365345001221
2.362223148346
2.361995458603
2.359260559082
2.361020803452
2.357434272766
2.366950511932
2.373449087143
2.538555383682
2.746057510376
3.077526092529
2.851469993591
2.789503574371
2.781227111816
2.776985168457
2.771461963654
2.763039827347
2.752167224884
2.744292974472
2.750313758850
2.754660606384
2.746219158173
2.735302448273
2.727262258530
2.719671249390
2.711726665497
2.702705621719
2.692862033844
2.682280540466
2.672342300415
2.664705038071
2.658270359039
2.650504112244
2.642740964890
2.636911153793
2.632026672363
2.627926588058
2.624034881592
2.619889259338
2.615260362625
2.610425710678
2.604863882065
2.598679065704
2.592119216919
2.585638046265
2.579027652740
2.572559356689
2.566095590591
2.559462308884
2.552840471268
2.546151876450
2.539805412292
2.533868789673
2.528415441513
2.523634433746
2.519460201263
2.516142606735
2.513581275940
2.511418581009
2.509661674500
2.508340835571
2.507493019104
2.507249593735
2.507004499435
2.506062746048
2.503669261932
2.500146389008
2.495818614960
2.490595340729
2.485698938370
2.481068134308
2.476908445358
2.473165988922
2.469731807709
2.466436386108
2.463004827499
2.458799600601
2.453268766403
2.446304321289
2.438504219055
2.430297851562
2.422144174576
2.414067268372
2.406968355179
2.401489257812
2.397933244705
2.396697282791
2.397319316864
2.399068593979
2.401930332184
2.403058767319
2.402699947357
2.399321079254
2.395632982254
2.389944553375
2.388256311417
2.412329673767
2.659914731979
3.062518358231
2.585263729095
2.589722394943
2.578562974930
2.561929941177
2.552107810974
2.545036315918
2.536308765411
2.531164646149
2.530536651611
2.532782316208
2.535294532776
2.534913778305
2.531385421753
2.525717735291
2.519388437271
2.514656782150
2.511376857758
2.509185314178
2.507517814636
2.506024599075
2.504691600800
2.503798723221
2.502936601639
2.502283811569
2.501724720001
2.500927925110
2.499575376511
2.497757196426
2.495661258698
2.493412733078
2.491131305695
2.488740444183
2.486226558685
2.483680009842
2.481218576431
2.478834629059
2.476456165314
2.474322080612
2.472384452820
2.470803022385
2.469348669052
2.467855453491
2.466484069824
2.465131998062
2.463765859604
2.462390661240
2.461173057556
2.460163831711
2.459011554718
2.458102226257
2.457618713379
2.457369089127
2.457236051559
2.457159280777
2.457023382187
2.456923007965
2.456649541855
2.456522226334
2.456162452698
2.456085920334
2.455528497696
2.455598115921
2.455652236938
2.455849170685
2.455700635910
2.455715656281
2.455388069153
2.454860448837
2.454004764557
2.452835798264
2.451517820358
2.449900150299
2.448219299316
2.446440935135
2.444682121277
2.443077564240
2.441617965698
2.440183162689
2.439049959183
2.437851667404
2.436691284180
2.435542106628
2.434364795685
2.433095455170
2.431812286377
2.430212259293
2.428488016129
2.426559448242
2.424487352371
2.422125339508
2.419574737549
2.416865825653
2.414015054703
2.411066055298
2.408138036728
2.405132293701
2.402116298676
2.399076938629
2.396037101746
2.393225431442
2.390424013138
2.387610673904
2.384894847870
2.382123470306
2.379441976547
2.376955747604
2.374530315399
2.372444629669
2.370440244675
2.368322134018
2.366164922714
2.363947153091
2.361681699753
2.359270811081
2.356944084167
2.354218006134
2.351731061935
2.348304748535
2.345470428467
2.342407464981
2.339718103409
2.337494134903
2.334772825241
2.332266330719
2.329722166061
2.327427625656
2.324295997620
2.321916341782
2.319029808044
2.315998792648
2.312704563141
2.309322357178
2.305923461914
2.302344799042
2.299368858337
2.296423435211
2.293171405792
2.290117025375
2.287045001984
2.284058094025
2.281044244766
2.277989387512
2.275138378143
2.272006034851
2.269254684448
2.265948772430
2.262907028198
2.259370565414
2.255848884583
2.252382993698
2.248948812485
2.245541095734
2.242154598236
2.238648414612
2.235340833664
2.231976747513
2.228477478027
2.225071668625
2.221419334412
2.217947483063
2.214270353317
2.210879564285
2.207590103149
2.204610347748
2.201145410538
2.198049545288
2.194836616516
2.192454814911
2.189249515533
2.186181545258
2.182956218719
2.179934024811
2.176673412323
2.173268318176
2.169941902161
2.166076421738
2.162530422211
2.158799171448
2.155036211014
2.151200294495
2.147226333618
2.143663167953
2.140280961990
2.136708974838
2.133297681808
2.130341291428
2.127177476883
2.124254226685
2.121482849121
2.118762254715
2.116235256195
2.113350868225
2.111044883728
2.109064817429
2.107024192810
2.105150222778
2.103237628937
2.100439071655
2.098251342773
2.095995426178
2.093814373016
2.091760158539
2.089715003967
2.087584733963
2.085312128067
2.082897424698
2.080043554306
2.078108072281
2.074619770050
2.071335792542
2.068395137787
2.065135240555
2.061373949051
2.059001207352
2.054843664169
2.054466247559
2.048781871796
2.051173686981
2.041872262955
2.097951412201
2.323026657104
3.999369382858
3.513605594635
2.733370780945
2.561610937119
2.612705945969
2.650587558746
2.671308040619
2.681492328644
2.685710191727
2.686142444611
2.684921264648
2.683101654053
2.681134700775
2.679137229919
2.676917314529
2.674405813217
2.671939611435
2.669706106186
2.667586803436
2.665302753448
2.663128614426
2.661187410355
2.658863544464
2.656514644623
2.654271364212
2.651928901672
2.649181842804
2.645859003067
2.640884399414
2.633751153946
2.625635862350
2.618602752686
2.613520860672
2.611379384995
2.609602451324
2.605949640274
2.601503610611
2.594180583954
2.591130495071
2.581219434738
2.596799373627
2.581960439682
2.608199119568
2.578836679459
2.586290359497
2.586603164673
2.581387042999
2.578646421432
2.578623533249
2.580576181412
2.583168745041
2.588174343109
2.592037200928
2.598185539246
2.604367733002
2.612174034119
2.616648197174
2.624139308929
2.629985094070
2.634000539780
2.637438058853
2.641057729721
2.643780469894
2.644321441650
2.643585443497
2.642583847046
2.642387866974
2.640891313553
2.642993927002
2.642874240875
2.657057762146
2.826030731201
4.144427299500
2.950185060501
2.949171781540
2.951345682144
2.950155973434
2.948830366135
2.946674585342
2.945177316666
2.944419860840
2.946036100388
2.949893712997
2.955127716064
2.963104009628
2.971563339233
2.978359222412
2.982866048813
2.984144210815
2.981925249100
2.981457710266
2.981845855713
2.981268882751
2.977142095566
2.971843719482
2.967444896698
2.965381145477
2.967951059341
2.976758241653
2.982462167740
3.000039815903
3.112941265106
3.145408630371
3.154736995697
3.154101610184
3.147299528122
3.136291027069
3.126003265381
3.120039224625
3.121743202209
3.129938602448
3.140981435776
3.151994466782
3.162625312805
3.171725511551
3.177873611450
3.181940317154
3.185468912125
3.189036846161
3.193466186523
3.197599172592
3.204980611801
3.210167407990
3.216109275818
3.220733165741
3.229219436646
3.236350059509
3.251412868500
3.257462263107
3.265510559082
3.270150661469
3.274237155914
3.277544736862
3.282526493073
3.287690162659
3.294343471527
3.302377700806
3.309736490250
3.316215753555
3.322466850281
3.328919410706
3.336120605469
3.343556404114
3.351300716400
3.359190464020
3.367867469788
3.376402378082
3.383421182632
3.389735221863
3.394187450409
3.397629976273
3.400286912918
3.403082847595
3.405666112900
3.408257484436
3.411820888519
3.415996313095
3.421003818512
3.426018714905
3.431445837021
3.434248447418
3.438365459442
3.439038753510
3.488375186920
3.883511781693
3.689523696899
3.675011873245
3.678665637970
3.678972244263
3.684829950333
3.687747716904
3.690804004669
3.689066886902
3.677782535553
3.653258800507
3.621692895889
3.708120346069
3.620392560959
3.612848997116
3.619054794312
3.675559759140
3.589648246765
3.573204755783
3.586955070496
3.593446731567
3.602745532990
3.568355083466
3.563830137253
3.557296752930
3.552743196487
3.548123359680
3.542645454407
3.537662029266
3.531344175339
3.529613494873
3.527622222900
3.790266513824
3.596796512604
5.471342563629
3.849983215332
3.841122150421
3.799785614014
3.751248836517
3.660748720169
3.686610221863
3.670950174332
3.674388408661
3.678131103516
3.678174972534
3.679056644440
3.677477836609
3.681789875031
3.665752887726
3.693140745163
3.654834032059
3.919692516327
3.709978580475
3.704120635986
3.748111963272
3.715239524841
3.795379877090
3.737089872360
3.877956867218
3.764200687408
3.836007118225
3.769409179688
3.804366588593
3.793667793274
3.896917819977
3.911583662033
4.024699211121
4.002700328827
3.916939258575
3.901564359665
3.919867992401
3.926862716675
3.936312198639
3.945101976395
3.950966358185
3.955242633820
3.959660053253
3.963292121887
3.969173431396
3.978927373886
3.999517917633
4.242107391357
4.495498657227
4.977615833282
4.316875457764
4.113920211792
4.123812198639
4.120326995850
4.119509696960
4.138156414032
4.159903526306
4.181660652161
4.197824478149
4.211227416992
4.220932006836
4.236205101013
4.279957771301
4.747225761414
4.507479667664
4.421842098236
4.379184246063
4.386898994446
4.403599739075
4.422358512878
4.440345764160
4.459253787994
4.479375839233
4.502549648285
4.528856277466
4.557706356049
4.589130878448
4.621800422668
4.653236389160
4.682594299316
4.710980415344
4.739714622498
4.767940998077
4.794334411621
4.817802429199
4.837040901184
4.852927684784
4.870808124542
4.892151832581
4.918296813965
4.948107242584
4.977512359619
5.004641532898
5.027978420258
5.048983573914
5.069820880890
5.089949131012
5.116527080536
5.171323776245
5.509536743164
5.290131568909
5.258062362671
5.265887260437
5.279646396637
5.298344135284
5.317742824554
5.335754394531
5.352324485779
5.367584228516
5.381734371185
5.396123886108
5.410797119141
5.425451755524
5.440468311310
5.455084800720
5.468898773193
5.482165336609
5.495288848877
5.508769989014
5.522301673889
5.536053657532
5.550124168396
5.564868450165
5.579701423645
5.594791889191
5.609456062317
5.622694969177
5.634159564972
5.645464420319
5.656662464142
5.667824268341
5.678851127625
5.689361095428
5.699066162109
5.707756519318
5.715250492096
5.721928596497
5.727581977844
5.732622146606
5.736641883850
5.741053581238
5.745500564575
5.749064922333
5.751168727875
5.755352973938
5.758899688721
5.762224674225
5.765974998474
5.770134449005
5.772174835205
5.773222446442
5.773458480835
5.773323059082
5.772749423981
5.771667957306
5.769864082336
5.767511367798
5.765078544617
5.762337684631
5.759542942047
5.756446838379
5.752222537994
5.747503280640
5.741637229919
5.735185623169
5.728357315063
5.721376419067
5.713908195496
5.706394195557
5.698953628540
5.691381931305
5.683955669403
5.675820350647
5.668080329895
5.659605503082
5.651841163635
5.641946315765
5.634186744690
5.623006820679
5.615134239197
5.603802680969
5.596234321594
5.583770751953
5.576159954071
5.562616825104
5.555727958679
5.539316177368
5.535614013672
5.513685226440
5.555955886841
5.536724090576
5.757827758789
5.540123939514
5.506800174713
5.483747482300
5.464185714722
5.438551902771
5.406245231628
5.375452041626
5.353573322296
5.339167118073
5.319630622864
5.297200202942
5.275774002075
5.257065296173
5.240061283112
5.222940921783
5.204524040222
5.184967994690
5.164719581604
5.143834114075
5.123280048370
5.102154731750
5.080654621124
5.058527946472
5.036211967468
5.013922691345
4.991935253143
4.970160484314
4.948148727417
4.926721572876
4.904538154602
4.882534980774
4.860041618347
4.836901187897
4.813796520233
4.790236473083
4.766941070557
4.743618488312
4.720583915710
4.698143005371
4.675236701965
4.653037071228
4.630436897278
4.607971191406
4.585726261139
4.564253807068
4.542119979858
4.520312786102
4.499061107635
4.476981639862
4.456126213074
4.432940006256
4.411906719208
4.388467788696
4.367158412933
4.342236995697
4.320452690125
4.295866966248
4.274484157562
4.249856472015
4.230529308319
4.206343650818
4.235707283020
4.483401298523
5.822492599487
4.559509277344
4.352583885193
4.352347373962
4.355097770691
4.349495887756
4.337649345398
4.322366237640
4.302119255066
4.276135444641
4.245797157288
4.212108612061
4.175828456879
4.137866020203
4.100454807281
4.065546512604
4.034325599670
4.006442070007
3.980883121490
3.956147193909
3.932140111923
3.909734249115
3.889038562775
3.870277404785
3.852807044983
3.836533069611
3.820826053619
3.805223941803
3.788859844208
3.771226882935
3.752229213715
3.731404542923
3.709403514862
3.686959266663
3.664255857468
3.641406059265
3.620955705643
3.600436687469
3.580549716949
3.561139583588
3.541350603104
3.522258996964
3.502115249634
3.483455181122
3.463130950928
3.444132328033
3.426418304443
3.404195308685
3.391175031662
3.364193439484
3.425489425659
3.519931316376
3.438132762909
3.395334720612
3.350061893463
3.303561687469
3.250016689301
3.229060173035
3.197844028473
3.185569524765
3.164983272552
3.149459362030
3.125217437744
3.107931137085
3.079224109650
3.071456909180
3.035949230194
3.053248882294
3.005635976791
3.049978256226
2.984900951385
2.998855113983
2.947671890259
2.928855419159
2.906860828400
2.884809494019
2.872635841370
2.852851390839
2.843067646027
2.826882362366
2.838145971298
2.857719898224
3.085891485214
3.334409475327
2.822768926620
2.832702636719
2.831613779068
2.826289653778
2.816295385361
2.801635980606
2.783071994781
2.762423515320
2.739982366562
2.715923547745
2.690176010132
2.663938522339
2.639901876450
2.619661569595
2.604724884033
2.594453811646
2.587410449982
2.580957889557
2.572135210037
2.559657573700
2.544745445251
2.528924465179
2.512877941132
2.498370409012
2.485503673553
2.472916603088
2.461494922638
2.451113700867
2.441708326340
2.432556867599
2.423891067505
2.415374517441
2.406003952026
2.396395444870
2.386976242065
2.377520561218
2.368515968323
2.360320091248
2.352254152298
2.344013214111
2.335684776306
2.327305793762
2.318780899048
2.310081720352
2.301379680634
2.292561054230
2.283894300461
2.274922370911
2.266053676605
2.256879806519
2.247435808182
2.238296747208
2.229312658310
2.220232963562
2.211149454117
2.202057123184
2.193204402924
2.184624671936
2.176223039627
2.168175220490
2.160659790039
2.153734445572
2.147209405899
2.140907764435
2.134792804718
2.128517866135
2.122311592102
2.116143941879
2.109690189362
2.102864742279
2.096124410629
2.089689493179
2.083607912064
2.077521324158
2.072144985199
2.067210435867
2.062450170517
2.058100223541
2.053678512573
2.049486160278
2.045095920563
2.040865898132
2.036808252335
2.033002853394
2.028783321381
2.024906873703
2.021018266678
2.017611980438
2.014170646667
2.010256528854
2.006618261337
2.003306150436
1.999835014343
1.995951414108
1.992954015732
1.988586425781
1.985996007919
1.981013774872
1.980053901672
1.974076986313
1.980318546295
1.973545551300
2.287321090698
3.827180147171
2.408482551575
2.340585947037
2.281513929367
2.235314130783
2.211222648621
2.201799631119
2.200560808182
2.203987121582
2.205863714218
2.200235128403
2.188355684280
2.176148414612
2.166462898254
2.159308671951
2.155135869980
2.153761386871
2.154540538788
2.156833410263
2.161121129990
2.165826559067
2.168502330780
2.167545795441
2.162598371506
2.154204607010
2.143167018890
2.130735874176
2.118668794632
2.108013391495
2.099174976349
2.093492746353
2.090011596680
2.089613437653
2.089711666107
2.091448783875
2.093835592270
2.096524477005
2.098636865616
2.100467681885
2.100662469864
2.100029230118
2.095543622971
2.096822738647
2.086497306824
2.143217563629
2.380244016647
3.883706331253
2.791665554047
2.583735466003
2.598591327667
2.629625320435
2.655009031296
2.672836065292
2.675579071045
2.663648128510
2.645535945892
2.628190994263
2.612900018692
2.602015018463
2.597702026367
2.596133708954
2.590849876404
2.582131385803
2.574046134949
2.567169904709
2.560080289841
2.551486968994
2.541092395782
2.527882814407
2.512757778168
2.498602151871
2.486673116684
2.477541923523
2.470549345016
2.463137865067
2.453813552856
2.442794322968
2.431579113007
2.420630693436
2.409145355225
2.396754741669
2.384764909744
2.374076604843
2.365875482559
2.360564708710
2.357744216919
2.354908704758
2.349484443665
2.341980218887
2.334379911423
2.326225042343
2.318942308426
2.315201997757
2.317012548447
2.322813987732
2.331940174103
2.341304540634
2.348695516586
2.352432966232
2.359781265259
2.502563238144
3.383011817932
2.906004428864
2.576294898987
2.558788537979
2.537235021591
2.538447618484
2.542923688889
2.543317079544
2.539908170700
2.537835121155
2.541409254074
2.550487995148
2.565200090408
2.581935644150
2.592975139618
2.591637849808
2.578129768372
2.560191154480
2.544315576553
2.535110473633
2.532892704010
2.535468578339
2.537355899811
2.538317441940
2.536170482635
2.531714916229
2.527481555939
2.524136543274
2.522671699524
2.522469997406
2.522768259048
2.523386001587
2.524534702301
2.526353359222
2.528654098511
2.531780242920
2.535751104355
2.540847539902
2.547304630280
2.553817272186
2.560749053955
2.566815376282
2.572452306747
2.578130483627
2.582603931427
2.587295055389
2.591791152954
2.597032785416
2.601194381714
2.605870246887
2.609329700470
2.616372823715
2.624278306961
2.724634647369
3.313682079315
3.405896425247
2.976870536804
3.005871772766
3.049244403839
3.056964159012
3.051091432571
3.044889688492
3.036484003067
3.025550365448
3.011293888092
2.992332696915
2.968423843384
2.942250728607
2.919421911240
2.905253410339
2.899217605591
2.892019987106
2.886394023895
2.883075475693
2.882952690125
2.885857343674
2.890504598618
2.896157026291
2.902374267578
2.908609390259
2.914540529251
2.919940948486
2.924759387970
2.929105758667
2.933058023453
2.936609268188
2.940090656281
2.943744897842
2.947738409042
2.952272891998
2.956942558289
2.961785793304
2.966728210449
2.971835136414
2.977064371109
2.982405424118
2.987545251846
2.991974830627
2.995407819748
2.997584581375
2.999200582504
3.000365972519
3.000810384750
3.000516891479
2.999346733093
2.997382879257
2.994678020477
2.990860462189
2.985972881317
2.980832815170
2.975737333298
2.971316576004
2.971877336502
3.043745279312
3.059440851212
3.011259555817
2.999499559402
3.004203319550
3.002119302750
3.001770257950
3.003479719162
3.005547285080
3.006869316101
3.008158922195
3.009105682373
3.009908914566
3.010208606720
3.009708404541
3.008310556412
3.005928993225
3.002142667770
2.997475147247
2.992207527161
2.986474752426
2.980476617813
2.974253416061
2.968663454056
2.963784217834
2.959789752960
2.956696748734
2.954263687134
2.951934576035
2.948580741882
2.946685075760
2.974510431290
2.974525451660
2.960682153702
2.956419944763
2.958039999008
2.956942558289
2.953536987305
2.950196027756
2.946893930435
2.942400455475
2.936579942703
2.930283069611
2.923779726028
2.917421102524
2.911470413208
2.906341075897
2.901929140091
2.898146390915
2.894866943359
2.892091512680
2.889600276947
2.886839389801
2.883731365204
2.880088567734
2.875749111176
2.870579242706
2.865200042725
2.859434127808
2.853485107422
2.847688674927
2.842217206955
2.837273836136
2.833018541336
2.829478502274
2.826350212097
2.823431491852
2.820235252380
2.816729307175
2.812602519989
2.808047771454
2.802927732468
2.797859191895
2.792405128479
2.786929845810
2.781511306763
2.776381731033
2.771361351013
2.766680479050
2.762181520462
2.757973670959
2.753973960876
2.750201702118
2.746722221375
2.743414878845
2.740041971207
2.736768484116
2.733435153961
2.730244398117
2.727281093597
2.723882675171
2.722352266312
2.717885971069
2.736821413040
2.745428800583
3.095797061920
3.275405168533
3.373795032501
3.154481410980
3.054092884064
2.974599838257
2.899677276611
2.850941896439
2.833129882812
2.818081378937
2.799192905426
2.785569667816
2.777405023575
2.771972656250
2.768862724304
2.769788026810
2.775403022766
2.782211065292
2.784439563751
2.780685424805
2.773490190506
2.764555692673
2.754841804504
2.744648933411
2.735050678253
2.726558685303
2.719471693039
2.713727951050
2.709154129028
2.705174922943
2.701135635376
2.697141408920
2.693208694458
2.689071178436
2.684430122375
2.679145812988
2.673344135284
2.667151689529
2.660887956619
2.654784202576
2.649050474167
2.643859624863
2.639038085938
2.634783744812
2.630615949631
2.626379013062
2.622072696686
2.617623329163
2.612977743149
2.608179092407
2.603303194046
2.598288774490
2.593134164810
2.587915420532
2.582735300064
2.577602863312
