4.131286144257
4.130485057831
4.129294872284
4.127728462219
4.125800609589
4.123517513275
4.120906829834
4.117973327637
4.114725589752
4.111169815063
4.107311248779
4.103155612946
4.098704338074
4.093959808350
4.088907241821
4.083549976349
4.077882289886
4.071897983551
4.065592765808
4.058971405029
4.052031993866
4.044777393341
4.037201404572
4.029299736023
4.021067619324
4.012492656708
4.003557205200
3.994249343872
3.984548568726
3.974430084229
3.963860988617
3.952804565430
3.941219806671
3.929035425186
3.916207313538
3.902677059174
3.888388156891
3.873298883438
3.857366800308
3.840563535690
3.822948455811
3.804583549500
3.785603523254
3.766160488129
3.746389865875
3.726404666901
3.706413269043
3.686536788940
3.667068958282
3.648590087891
3.631435394287
3.615525007248
3.600304603577
3.585275650024
3.570476055145
3.555810928345
3.540682554245
3.524666547775
3.508153438568
3.491346120834
3.474385738373
3.457021713257
3.439129829407
3.421423912048
3.406373977661
3.391857624054
3.380347967148
3.373388051987
3.368763923645
3.364988088608
3.358192205429
3.352296829224
3.337673187256
3.321612834930
3.302947044373
3.284208536148
3.262335777283
3.243504285812
3.224694728851
3.212222099304
3.191373348236
3.185624599457
3.166381359100
3.159227848053
3.138169050217
3.132809400558
3.100793838501
3.138866186142
3.098649024963
3.217131614685
3.181953191757
3.105020761490
3.041520118713
3.016071081161
2.993086338043
2.975739717484
2.961797952652
2.949968814850
2.937828540802
2.926242828369
2.913913726807
2.901493072510
2.888749837875
2.874985933304
2.860874652863
2.846795558929
2.832525491714
2.819674730301
2.807717561722
2.796019077301
2.785830497742
2.775346994400
2.763212680817
2.750163793564
2.736971855164
2.724153995514
2.711701631546
2.699313163757
2.686695575714
2.673922538757
2.661026954651
2.647181510925
2.633189439774
2.618859291077
2.604382991791
2.589923381805
2.576081275940
2.562538146973
2.548862934113
2.535991907120
2.523179054260
2.511024713516
2.498917102814
2.487035274506
2.475345849991
2.463350772858
2.451043844223
2.438733339310
2.426566123962
2.414380311966
2.402474880219
2.391280174255
2.380441188812
2.370251178741
2.360665082932
2.351344347000
2.342339515686
2.332991600037
2.323835372925
2.314201354980
2.304808139801
2.295635700226
2.287252902985
2.278548240662
2.269861936569
2.260072469711
2.250807762146
2.241173267365
2.232157707214
2.223189353943
2.214496135712
2.206832170486
2.200288295746
2.193983554840
2.187183856964
2.192482233047
2.430955648422
6.869201183319
3.572353601456
2.748980283737
2.606278181076
2.576407432556
2.581538438797
2.600936174393
2.624953269958
2.647748231888
2.667498588562
2.683975696564
2.697863340378
2.709941387177
2.720731496811
2.730642795563
2.739886760712
2.748505830765
2.756436347961
2.763566017151
2.769862651825
2.775457859039
2.781012773514
2.787371158600
2.795502424240
2.805642127991
2.817361354828
2.830914258957
2.846962690353
2.863520145416
2.879330158234
2.892255306244
2.910517215729
2.922990322113
2.943716287613
2.952210187912
3.004290819168
3.003932237625
3.096220493317
3.116445064545
3.135149717331
3.147322654724
3.159771442413
3.179059743881
3.199223995209
3.219337463379
3.240411758423
3.261121273041
3.283201694489
3.305852651596
3.328752517700
3.351733684540
3.375590562820
3.397078037262
3.419950246811
3.440235853195
3.461717367172
3.478505134583
3.509005069733
3.665955543518
3.764653444290
3.679584980011
3.684087753296
3.689038515091
3.691969633102
3.710032939911
3.729128122330
3.751082181931
3.777199029922
3.800491094589
3.824310302734
3.846617698669
3.870889663696
3.893226385117
3.913405179977
3.930037498474
3.946427583694
3.964274883270
3.983469486237
4.002049446106
4.021202087402
4.038926601410
4.056666374207
4.074839591980
4.095377445221
4.120292186737
4.245820522308
4.264854907990
4.281875133514
4.298212051392
4.312770843506
4.323910713196
4.332288265228
4.340244293213
4.350697517395
4.364034175873
4.379595756531
4.396614074707
4.413430213928
4.429883003235
4.445405006409
4.458912372589
4.469133377075
4.474523067474
4.475195884705
4.483138084412
4.496932506561
4.506525993347
4.514162063599
4.523337364197
4.533993244171
4.544734954834
4.553106307983
4.561114311218
4.567939758301
4.574988842010
4.583032608032
4.590749740601
4.597610473633
4.603579998016
4.609597682953
4.615942001343
4.622544288635
4.628246307373
4.634232997894
4.639902114868
4.642312049866
4.657402992249
4.764054298401
5.478975772858
4.874140739441
4.876790046692
4.872153282166
4.862552165985
4.848893165588
4.839457035065
4.843473434448
4.865885734558
4.846135139465
4.830323696136
4.807102203369
4.790879249573
4.775982856750
4.762033462524
4.749578475952
4.738969326019
4.732139110565
4.725164890289
4.719938278198
4.716434478760
4.710392951965
4.705658912659
4.708423137665
4.699826240540
4.742637157440
4.715974807739
4.715669631958
4.719540119171
4.723983764648
4.726389884949
4.725179672241
4.723717689514
4.722148895264
4.720284461975
4.718121051788
4.716013908386
4.713599681854
4.710163116455
4.706819534302
4.701770305634
4.698673725128
4.694728851318
4.689656257629
4.683238029480
4.676556587219
4.669087409973
4.661313056946
4.654165267944
4.646944522858
4.640815258026
4.634840011597
4.630509376526
4.624453067780
4.622037887573
4.615991592407
4.618382453918
4.616789817810
4.745880126953
4.912152290344
4.779655933380
4.754843711853
4.736108779907
4.711567401886
4.684321403503
4.661612510681
4.647956848145
4.642088413239
4.631685256958
4.612586975098
4.599323272705
4.592105865479
4.584393978119
4.575039863586
4.562778472900
4.549354553223
4.536598682404
4.524256706238
4.512779235840
4.501653671265
4.490311622620
4.478832721710
4.467499732971
4.456325054169
4.445619583130
4.435705184937
4.426191329956
4.417138099670
4.407842159271
4.398262023926
4.388878822327
4.379079818726
4.368960380554
4.359201431274
4.349200248718
4.338710784912
4.327779769897
4.316614627838
4.305256843567
4.293923377991
4.282371520996
4.270863056183
4.259421348572
4.247992515564
4.236769676208
4.225485801697
4.214242935181
4.202754497528
4.191190719604
4.179450035095
4.167591094971
4.155490875244
4.143153667450
4.130545616150
4.118112564087
4.105593681335
4.093106746674
4.080566406250
4.067993640900
4.055186271667
4.042169094086
4.029033660889
4.015529155731
4.001954555511
3.988552093506
3.975225448608
3.962031364441
3.948827981949
3.935561656952
3.922133922577
3.908627033234
3.895056247711
3.881486892700
3.867868900299
3.854185104370
3.840470790863
3.826709270477
3.812926769257
3.799109220505
3.785242080688
3.771584033966
3.757891654968
3.744207859039
3.730536699295
3.716907978058
3.703372240067
3.689927577972
3.676560640335
3.663158416748
3.649760246277
3.636396408081
3.623048305511
3.609800338745
3.596735954285
3.583662033081
3.570789337158
3.557978391647
3.545195579529
3.532470703125
3.519768714905
3.507166862488
3.494654655457
3.482197523117
3.469692230225
3.457208156586
3.444748163223
3.432294845581
3.420036792755
3.407697439194
3.395524501801
3.383352994919
3.371216058731
3.359543800354
3.347840785980
3.336119651794
3.324371099472
3.312544345856
3.300744533539
3.289059638977
3.277599334717
3.266332149506
3.255194664001
3.244149208069
3.233166217804
3.222124338150
3.210998058319
3.199754476547
3.188303947449
3.176877260208
3.165399551392
3.153916835785
3.142277717590
3.130610704422
3.118984699249
3.107185363770
3.095349788666
3.083532094955
3.071838617325
3.060028076172
3.048238515854
3.036419153214
3.024587869644
3.012805223465
3.001048564911
2.989316463470
2.977623701096
2.965981960297
2.954178094864
2.942596435547
2.930860280991
2.919400930405
2.907959461212
2.896147966385
2.884845256805
2.873248100281
2.862171411514
2.850803613663
2.839558601379
2.829064130783
2.818125486374
2.807372093201
2.796875238419
2.787285089493
2.776864290237
2.766875267029
2.757765293121
2.747715234756
2.738019466400
2.728892087936
2.719187736511
2.710393667221
2.700979232788
2.692079544067
2.683296442032
2.674196004868
2.666466951370
2.656464338303
2.648607254028
2.639243125916
2.631732225418
2.622364521027
2.615083217621
2.605709552765
2.598733186722
2.589387416840
2.582945823669
2.574028968811
2.567395448685
2.558982133865
2.554401397705
2.545094013214
2.540764808655
2.531086444855
2.526998043060
2.516890525818
2.513479948044
2.502422809601
2.498983383179
2.487653732300
2.485514163971
2.473484277725
2.471972465515
2.458282470703
2.520129442215
2.853922605515
4.300234794617
2.730528831482
2.607840538025
2.693496942520
2.784008502960
2.844640254974
2.877640724182
2.891119241714
2.891032934189
2.879679203033
2.858738422394
2.829052209854
2.790874719620
2.746163606644
2.700057506561
2.658259391785
2.624389648438
2.596760272980
2.574145793915
2.557314395905
2.546465635300
2.539274692535
2.535190343857
2.533689022064
2.534203529358
2.536290645599
2.539813041687
2.544263362885
2.549731254578
2.556511878967
2.564964771271
2.574907302856
2.585464239120
2.595276355743
2.603005409241
2.607788562775
2.609801054001
2.609690666199
2.607883214951
2.604744672775
2.600536108017
2.595505237579
2.590066432953
2.584185123444
2.577711582184
2.570325374603
2.561988115311
2.552911043167
2.542809486389
2.531240463257
2.517810821533
2.502920389175
2.487680673599
2.473421812057
2.461142539978
2.451915502548
2.446563720703
2.444703340530
2.445053577423
2.446558475494
2.449370861053
2.453338861465
2.456883430481
2.460079908371
2.464104652405
2.469661712646
2.476495742798
2.483875751495
2.491040945053
2.497388839722
2.502192974091
2.505255222321
2.506368160248
2.505062818527
2.501672744751
2.495356559753
2.490119457245
2.481501102448
2.479761123657
2.467469215393
2.487679958344
2.460517883301
2.562875747681
2.562309741974
2.549309015274
2.518934488297
2.507354974747
2.454374313354
2.476229906082
2.431326150894
2.456705570221
2.434971570969
2.457457065582
2.448983669281
2.459334611893
2.446784734726
2.444455623627
2.436146020889
2.432635068893
2.429959058762
2.427840471268
2.426104068756
2.424250125885
2.421962022781
2.419324874878
2.415560007095
2.410826444626
2.405112028122
2.398773431778
2.392076969147
2.385832309723
2.379951238632
2.375165224075
2.371281385422
2.368331909180
2.365724563599
2.364442825317
2.362529754639
2.361595392227
2.359991550446
2.360129356384
2.362843990326
2.385714530945
2.517464160919
2.809578895569
3.058694839478
2.837975263596
2.780951499939
2.775350809097
2.769662380219
2.759197950363
2.742109060287
2.717373371124
2.690418481827
2.680766344070
2.683436870575
2.686133861542
2.688449382782
2.690075397491
2.689174652100
2.685331821442
2.678542375565
2.668874025345
2.656990528107
2.644811153412
2.634765863419
2.627310991287
2.621473312378
2.617706060410
2.615218877792
2.613278388977
2.612107038498
2.611572980881
2.611067056656
2.610476493835
2.609416723251
2.607187986374
2.604001760483
2.600180149078
2.596169948578
2.592031955719
2.587718009949
2.583316802979
2.578863859177
2.574459791183
2.570302724838
2.566463232040
2.562683582306
2.559135913849
2.555925130844
2.552780866623
2.550240278244
2.548435449600
2.547276496887
2.546681880951
2.546704530716
2.547274589539
2.548153877258
2.548835515976
2.548323631287
2.546020746231
2.542200565338
2.537608623505
2.532373428345
2.527183055878
2.521741867065
2.516299009323
2.510605096817
2.504621028900
2.498342037201
2.491619825363
2.483871698380
2.475288629532
2.465954780579
2.455921649933
2.445189952850
2.434735298157
2.425170421600
2.416996002197
2.410767555237
2.406850576401
2.406384229660
2.409337997437
2.415434122086
2.421567916870
2.425054311752
2.427685260773
2.425200462341
2.421341896057
2.415223121643
2.414991855621
2.430067539215
2.708223819733
3.117735385895
2.574544668198
2.564835786819
2.562012910843
2.556932210922
2.558211326599
2.555593252182
2.548890590668
2.543357133865
2.541543006897
2.542825460434
2.545020103455
2.545518875122
2.543784379959
2.540309429169
2.536518335342
2.534157991409
2.533524513245
2.534300804138
2.535891294479
2.537763357162
2.539658546448
2.541594982147
2.543411254883
2.545042753220
2.546581029892
2.547452688217
2.547315120697
2.546153545380
2.544169902802
2.541507005692
2.538552284241
2.535291671753
2.531713485718
2.527787446976
2.523582696915
2.519231796265
2.514732360840
2.510045528412
2.505299568176
2.500588655472
2.495857715607
2.491327285767
2.487064599991
2.482977390289
2.479037284851
2.475206375122
2.471513271332
2.468199729919
2.465499401093
2.463232040405
2.461393356323
2.460144996643
2.459316730499
2.458693742752
2.458200931549
2.457765340805
2.457338333130
2.456629514694
2.456235647202
2.455437183380
2.455476760864
2.454628944397
2.454212427139
2.453312635422
2.452473163605
2.451091289520
2.449792623520
2.448076725006
2.446139812469
2.443924188614
2.441565036774
2.439227819443
2.436978340149
2.434964656830
2.433263301849
2.431882858276
2.430505990982
2.429908752441
2.428790092468
2.428190469742
2.427512407303
2.426977396011
2.425922393799
2.424891471863
2.423341035843
2.421643495560
2.419276952744
2.416716814041
2.413773536682
2.410889625549
2.407833814621
2.404943943024
2.401990652084
2.399266719818
2.396771669388
2.394631862640
2.392656564713
2.390983104706
2.389432907104
2.388132333755
2.387013435364
2.385665416718
2.384268283844
2.382821083069
2.381251811981
2.379666328430
2.378185749054
2.376802444458
2.375384807587
2.373898983002
2.372360467911
2.370812177658
2.369126319885
2.366977691650
2.364501476288
2.361355543137
2.358182430267
2.354220628738
2.351036787033
2.348002910614
2.345240354538
2.343098402023
2.340849399567
2.339272022247
2.337518453598
2.336168289185
2.333830833435
2.332056283951
2.329456329346
2.326562643051
2.323289155960
2.319980382919
2.316754817963
2.313169956207
2.310041427612
2.307319402695
2.304950475693
2.302433490753
2.299745559692
2.296825885773
2.293908834457
2.290960311890
2.288363695145
2.285120010376
2.282592535019
2.279242515564
2.276820659637
2.273588895798
2.270666837692
2.267856597900
2.265120983124
2.262572765350
2.260090827942
2.257693529129
2.255360126495
2.253136157990
2.250904321671
2.248549461365
2.246183395386
2.243696212769
2.240820407867
2.237492322922
2.234464168549
2.231435060501
2.228864669800
2.226177930832
2.223656177521
2.221505165100
2.219207286835
2.216150760651
2.212875604630
2.209366798401
2.205861091614
2.201978445053
2.197925806046
2.193862199783
2.189388513565
2.184962511063
2.180386543274
2.175692558289
2.170721292496
2.165598630905
2.160745143890
2.156267166138
2.151881933212
2.147838354111
2.144262075424
2.141017198563
2.138072013855
2.135381221771
2.132715463638
2.130129575729
2.127655982971
2.125280380249
2.123141050339
2.121166229248
2.119732618332
2.118329286575
2.116730213165
2.115086793900
2.113006830215
2.111080646515
2.108879327774
2.106508731842
2.104091405869
2.101701259613
2.099003553391
2.096741199493
2.093448877335
2.089942693710
2.086630344391
2.082706212997
2.078608751297
2.075232028961
2.070968627930
2.069347858429
2.064975500107
2.064267873764
2.060004711151
2.100955963135
2.390769958496
4.033330440521
3.562539815903
2.794572114944
2.600225687027
2.648565530777
2.682893991470
2.701739311218
2.710695028305
2.713535308838
2.713019847870
2.710912942886
2.708532333374
2.706317663193
2.704169511795
2.701646566391
2.698144674301
2.693994760513
2.689512014389
2.684911251068
2.680245399475
2.675706863403
2.671393632889
2.666610240936
2.661762475967
2.656792402267
2.652689695358
2.649667739868
2.647207498550
2.643982410431
2.638879537582
2.631854295731
2.626973867416
2.625819921494
2.628125190735
2.629505872726
2.626156091690
2.618224143982
2.605384111404
2.595878124237
2.579516887665
2.588775157928
2.569011449814
2.592520713806
2.555422782898
2.560741424561
2.558940887451
2.551979064941
2.548707723618
2.549451828003
2.553582191467
2.557773590088
2.565284013748
2.569331645966
2.575899124146
2.581373929977
2.589369773865
2.591164350510
2.598249673843
2.603653192520
2.607100248337
2.610420465469
2.615516185760
2.620525836945
2.623643875122
2.626386642456
2.629324913025
2.632719993591
2.635554552078
2.642840147018
2.645376682281
2.666964054108
2.805324554443
4.202013015747
2.931624650955
2.927083492279
2.928997039795
2.929271936417
2.926712036133
2.923166990280
2.920094251633
2.918117523193
2.919751167297
2.923643112183
2.929272174835
2.939137458801
2.949652194977
2.957758426666
2.963320255280
2.964348554611
2.958850383759
2.957683563232
2.959487438202
2.960749626160
2.958237886429
2.956032514572
2.956567764282
2.959597587585
2.967330455780
2.981849908829
2.987263679504
3.005676746368
3.083172321320
3.124802112579
3.189399242401
3.186946153641
3.178479671478
3.165561199188
3.151997804642
3.140734672546
3.137389659882
3.142564773560
3.151580572128
3.160832881927
3.170040607452
3.177525043488
3.181802034378
3.183789491653
3.185279607773
3.187136650085
3.190296888351
3.193465471268
3.201758623123
3.206919431686
3.213419437408
3.217793226242
3.227550745010
3.233021736145
3.250375270844
3.254299402237
3.264166355133
3.270179271698
3.275913238525
3.280342578888
3.287210464478
3.292932510376
3.300147056580
3.309260845184
3.316788673401
3.324461221695
3.330989837646
3.338093280792
3.346405744553
3.354326725006
3.362567663193
3.370685100555
3.379679441452
3.388817548752
3.396902084351
3.404323101044
3.409431457520
3.412392616272
3.413914203644
3.415747642517
3.416453599930
3.417394161224
3.419387817383
3.421199083328
3.424162626266
3.427411079407
3.432343959808
3.433650016785
3.438973903656
3.436422586441
3.492912769318
3.842071294785
3.679053306580
3.661446571350
3.665881156921
3.664669513702
3.670796632767
3.673561334610
3.676617145538
3.674223661423
3.661493301392
3.634967327118
3.599207401276
3.702276229858
3.603885889053
3.607689619064
3.619658946991
3.687804937363
3.598083496094
3.581690073013
3.601992607117
3.603154659271
3.619092464447
3.583606243134
3.578815937042
3.572436809540
3.568341970444
3.564575672150
3.560642242432
3.557544231415
3.553800582886
3.554997920990
3.554731845856
3.789892673492
3.619753599167
5.437362670898
3.844905614853
3.835377693176
3.787563323975
3.738955974579
3.631387233734
3.668102741241
3.649299144745
3.653608322144
3.659255981445
3.660903930664
3.663568973541
3.663835048676
3.671309471130
3.654983043671
3.690712213516
3.644998550415
3.920820474625
3.709594249725
3.705493927002
3.757410526276
3.724075794220
3.808356761932
3.752361536026
3.892387866974
3.780928373337
3.859308242798
3.790906429291
3.845868110657
3.827425479889
3.949861526489
3.946101188660
4.025343894958
4.013535022736
3.927428245544
3.935433149338
3.957048416138
3.960606098175
3.968138217926
3.976794481277
3.981907367706
3.985315322876
3.990244388580
3.995220184326
4.004448413849
4.010083198547
4.043045997620
4.251155853271
4.548067569733
4.830943107605
4.370236396790
4.154150962830
4.161178112030
4.161405563354
4.156066894531
4.179461479187
4.208819389343
4.237390518188
4.253806114197
4.264446258545
4.269503593445
4.287841796875
4.327027320862
4.807922363281
4.509960651398
4.414877891541
4.401356220245
4.424409389496
4.451518058777
4.474925041199
4.491842269897
4.507780075073
4.524307727814
4.543010711670
4.564157962799
4.587832450867
4.613028526306
4.639595031738
4.666135311127
4.693222045898
4.722198486328
4.752900123596
4.785102844238
4.815325737000
4.841103076935
4.861400604248
4.878652095795
4.895611763000
4.917401313782
4.946644783020
4.979927062988
5.014702320099
5.046769618988
5.073095321655
5.094546794891
5.116010665894
5.130353450775
5.163452148438
5.200916290283
5.576291084290
5.346103668213
5.272256851196
5.280308246613
5.297864437103
5.316801071167
5.334930419922
5.353111267090
5.369759559631
5.385373115540
5.401196956635
5.416335105896
5.431880474091
5.448740959167
5.465281963348
5.481244087219
5.496240139008
5.509525299072
5.521500587463
5.533032894135
5.543379783630
5.554176330566
5.569490909576
5.585650444031
5.600413322449
5.614792823792
5.627960205078
5.639093399048
5.649953842163
5.660531997681
5.670890331268
5.680166721344
5.689237594604
5.697036266327
5.704354286194
5.710246086121
5.715679645538
5.720084190369
5.723776340485
5.726554393768
5.729360103607
5.732548713684
5.735157489777
5.736809730530
5.739636898041
5.743585586548
5.747205257416
5.751351356506
5.756917476654
5.761875152588
5.764802455902
5.767024993896
5.768376350403
5.769245147705
5.769302368164
5.768548488617
5.767223358154
5.765319824219
5.763256072998
5.761326313019
5.759911537170
5.757987022400
5.755570411682
5.751995086670
5.747688293457
5.742296218872
5.736763477325
5.730381965637
5.723568916321
5.716575622559
5.709555625916
5.702236175537
5.695036888123
5.686778068542
5.679127693176
5.670303344727
5.663102149963
5.652609825134
5.646426677704
5.634526252747
5.628643035889
5.616737365723
5.610903739929
5.598071098328
5.591726303101
5.578032970428
5.572274684906
5.556059837341
5.552855968475
5.532547950745
5.577149868011
5.556955337524
5.806420326233
5.564848423004
5.534630775452
5.512412071228
5.493536949158
5.467929840088
5.432709217072
5.397813796997
5.372159004211
5.356467723846
5.339835166931
5.323237895966
5.307123184204
5.292078018188
5.276972293854
5.260510444641
5.241440296173
5.220098495483
5.197029113770
5.173054695129
5.149236679077
5.125222206116
5.101611137390
5.078395366669
5.055739402771
5.033644676208
5.011994838715
4.990357875824
4.968869209290
4.947226047516
4.925222396851
4.902952194214
4.880073547363
4.856732845306
4.832933902740
4.809101104736
4.785198211670
4.761734485626
4.739114284515
4.716618537903
4.694571495056
4.672690868378
4.650667190552
4.628781795502
4.607260704041
4.585670471191
4.563561916351
4.542153835297
4.520844936371
4.499163627625
4.477906227112
4.455095291138
4.433652877808
4.409876823425
4.387940406799
4.362522602081
4.340873718262
4.315762996674
4.294546604156
4.269630432129
4.251112937927
4.226293563843
4.259576320648
4.524030208588
5.870296478271
4.565117835999
4.366903781891
4.363092422485
4.373860359192
4.370747566223
4.359401702881
4.344505310059
4.324848651886
4.298734664917
4.266963005066
4.230532169342
4.191033363342
4.150479316711
4.110970973969
4.073847770691
4.040560722351
4.011038303375
3.984781503677
3.960951566696
3.939086914062
3.918848276138
3.900487899780
3.884149312973
3.869158267975
3.854612112045
3.839745283127
3.824071884155
3.806849241257
3.787642002106
3.766378879547
3.743279457092
3.718990564346
3.694041252136
3.669138431549
3.644742012024
3.621782302856
3.599761009216
3.578870773315
3.558858394623
3.539015293121
3.519500255585
3.499667167664
3.480738639832
3.460995674133
3.442619323730
3.425608158112
3.405543327332
3.392210006714
3.369452953339
3.416357994080
3.550400257111
3.444211483002
3.392176628113
3.347416400909
3.303229093552
3.259116649628
3.233133792877
3.204904556274
3.189351558685
3.168762683868
3.151722908020
3.128694534302
3.111521482468
3.086531400681
3.081057071686
3.051443576813
3.067816495895
3.025355339050
3.063341379166
3.004454135895
3.016448020935
2.964467525482
2.949626445770
2.923139572144
2.904645442963
2.888195037842
2.871387958527
2.859537601471
2.852634429932
2.854841232300
2.900185108185
3.090628385544
3.390186309814
2.852656602859
2.844378709793
2.836500883102
2.829073667526
2.819106817245
2.805167913437
2.787981033325
2.768775939941
2.747869968414
2.725198268890
2.701460361481
2.677935838699
2.656903982162
2.640639305115
2.631030082703
2.627198219299
2.625895023346
2.622869968414
2.614701986313
2.600183486938
2.580777406693
2.559132575989
2.536874532700
2.516438245773
2.498106479645
2.481327056885
2.466866493225
2.454535007477
2.443564414978
2.433553934097
2.424343824387
2.415319919586
2.405971050262
2.396504402161
2.387036323547
2.378066301346
2.369639873505
2.361778497696
2.354098558426
2.346353530884
2.338493585587
2.330663442612
2.322437286377
2.313766241074
2.304915428162
2.295796632767
2.286660909653
2.277244567871
2.268068552017
2.258773326874
2.249242067337
2.239983558655
2.230948209763
2.222062349319
2.213352918625
2.204958438873
2.197023391724
2.189529180527
2.182401657104
2.175807952881
2.169904947281
2.164579629898
2.159759521484
2.155300855637
2.150851011276
2.146227598190
2.141420841217
2.136265039444
2.130421638489
2.123808860779
2.117087364197
2.110713481903
2.104470014572
2.098209142685
2.092149972916
2.086579561234
2.080807447433
2.075543642044
2.070246934891
2.065164089203
2.060239315033
2.055642604828
2.051319360733
2.047210931778
2.042987346649
2.038855791092
2.034933805466
2.031037807465
2.027159214020
2.022862672806
2.018800973892
2.014710426331
2.010718107224
2.006164312363
2.002658128738
1.997678637505
1.994609594345
1.989031076431
1.987672209740
1.981905937195
1.987036108971
1.985631942749
2.293469190598
3.866373538971
2.434994459152
2.332796335220
2.259865045547
2.209632635117
2.183566093445
2.173762798309
2.172187089920
2.175776481628
2.179394721985
2.178340673447
2.172707080841
2.165692806244
2.159226417542
2.154419660568
2.152551651001
2.153613090515
2.157820224762
2.165045022964
2.174522876740
2.184320211411
2.191518783569
2.194247722626
2.191866874695
2.184673070908
2.173183202744
2.159291744232
2.145098447800
2.131549358368
2.119403839111
2.110391616821
2.104034900665
2.100761651993
2.098879575729
2.098984718323
2.100353956223
2.102712154388
2.105309009552
2.107880592346
2.109190464020
2.109286069870
2.105590581894
2.105133295059
2.095776081085
2.141904592514
2.401746273041
3.803052663803
2.686940670013
2.554655313492
2.588403224945
2.625974655151
2.651425361633
2.667009353638
2.669111728668
2.659372806549
2.645100355148
2.630361795425
2.616215467453
2.605669260025
2.600428104401
2.596313714981
2.587816715240
2.576653957367
2.565475463867
2.556627988815
2.548592329025
2.541494369507
2.534686088562
2.526957750320
2.518918991089
2.510979890823
2.504220724106
2.498025894165
2.492739677429
2.486139535904
2.476384639740
2.464217662811
2.451416730881
2.438643217087
2.425441026688
2.410895586014
2.395570516586
2.380657196045
2.366964817047
2.355853080750
2.345954179764
2.335398912430
2.323352336884
2.311805009842
2.304946184158
2.302314043045
2.302343845367
2.306909561157
2.316252946854
2.328202009201
2.341711521149
2.353971958160
2.360438108444
2.364688158035
2.359045982361
2.520890712738
3.389602661133
2.951491117477
2.628580093384
2.609737634659
2.582463502884
2.579464673996
2.581278800964
2.579502582550
2.573104381561
2.567840576172
2.566695928574
2.569318532944
2.576899766922
2.585372447968
2.588514328003
2.580655097961
2.564337015152
2.546529054642
2.532919883728
2.526891708374
2.528682470322
2.537256717682
2.546625137329
2.554418563843
2.557126045227
2.555443763733
2.551674365997
2.547554731369
2.544264078140
2.541221618652
2.539023160934
2.537668466568
2.537016391754
2.536899328232
2.537185668945
2.537866353989
2.538771867752
2.540330886841
2.542776584625
2.545892238617
2.549929857254
2.554197788239
2.559331417084
2.565083026886
2.571309566498
2.578956127167
2.587075948715
2.595807075500
2.604237079620
2.613436698914
2.620661497116
2.631093502045
2.639008283615
2.741395950317
3.324837446213
3.403393268585
2.991144895554
3.029396533966
3.076355934143
3.086378574371
3.082878828049
3.078205585480
3.071230411530
3.060999631882
3.046650648117
3.026681184769
3.000578880310
2.970349788666
2.942978620529
2.924417495728
2.915141105652
2.906872034073
2.902231693268
2.901865959167
2.905356407166
2.911524057388
2.918750286102
2.926682949066
2.934683322906
2.942317962646
2.949176549911
2.955186367035
2.960338115692
2.964690685272
2.968349695206
2.971213817596
2.973895788193
2.976591348648
2.979369401932
2.982377052307
2.985409498215
2.988717556000
2.992120742798
2.995763301849
2.999672651291
3.004031419754
3.008644342422
3.013115882874
3.016895771027
3.019644975662
3.021704912186
3.023279666901
3.024482011795
3.024905681610
3.024622440338
3.023570299149
3.021722793579
3.019121885300
3.015429496765
3.011350631714
3.007116556168
3.003529071808
3.004349231720
3.075356483459
3.075884342194
3.029491901398
3.021982908249
3.027621746063
3.023720264435
3.021930932999
3.022844314575
3.024632215500
3.026994705200
3.029300451279
3.031638860703
3.033406257629
3.034264326096
3.034116983414
3.033045530319
3.030812263489
3.027039766312
3.021958112717
3.016176223755
3.010009527206
3.003745555878
2.997975349426
2.992399215698
2.987581729889
2.983524322510
2.979468584061
2.976480960846
2.973939657211
2.971628189087
2.968353271484
3.003633975983
2.983893632889
2.975839138031
2.977567672729
2.981244802475
2.978338718414
2.971130132675
2.964184522629
2.957658052444
2.951273918152
2.944798231125
2.938019275665
2.931295394897
2.924503087997
2.917942285538
2.911329984665
2.905515193939
2.900712013245
2.896633625031
2.892914772034
2.889085292816
2.885110855103
2.880762577057
2.875963687897
2.870573759079
2.865058660507
2.859197378159
2.853037834167
2.846738100052
2.840298175812
2.834253787994
2.828845500946
2.824357032776
2.820698022842
2.818145751953
2.815921783447
2.814157485962
2.812007427216
2.809615612030
2.806270599365
2.802988290787
2.798736810684
2.794696807861
2.790174245834
2.785756587982
2.781359195709
2.777126073837
2.773137092590
2.769273281097
2.765806436539
2.762743473053
2.759990215302
2.757565021515
2.755430459976
2.753577232361
2.751927614212
2.750155687332
2.748612403870
2.746649503708
2.745635032654
2.743484497070
2.744986057281
2.755944490433
2.788886070251
3.085402965546
3.347646951675
3.359814643860
3.148654937744
3.053229093552
2.977825641632
2.906681537628
2.863723278046
2.852356910706
2.843205690384
2.829009056091
2.818329334259
2.811755657196
2.806941032410
2.804100513458
2.805302619934
2.810845613480
2.817581892014
2.820117712021
2.816872119904
2.810179710388
2.801733493805
2.792268276215
2.781812667847
2.771205902100
2.760906696320
2.751408576965
2.742851734161
2.735207557678
2.728427886963
2.722261905670
2.716544389725
2.711163759232
2.705981731415
2.700700283051
2.695324897766
2.689790725708
2.684267282486
2.679028272629
2.674185276031
2.669892549515
2.666013956070
2.662443161011
2.659176349640
2.656142711639
2.652996540070
2.649638175964
2.645963668823
2.641936779022
2.637448072433
2.632622718811
2.627460718155
2.621888160706
2.615901470184
2.609762430191
2.603456497192
