4.123479843140
4.122703552246
4.121550083160
4.120030879974
4.118163108826
4.115957736969
4.113434791565
4.110603332520
4.107470035553
4.104041099548
4.100317001343
4.096301078796
4.091981410980
4.087357044220
4.082407951355
4.077141284943
4.071546554565
4.065621376038
4.059362411499
4.052756786346
4.045807361603
4.038519859314
4.030886650085
4.022902011871
4.014553070068
4.005823612213
3.996684551239
3.987119674683
3.977098226547
3.966587543488
3.955545425415
3.943926095963
3.931690454483
3.918714284897
3.904965400696
3.890366554260
3.874840974808
3.858364105225
3.840892553329
3.822355031967
3.802875041962
3.782568693161
3.761602401733
3.740311145782
3.718961238861
3.697821617126
3.677211761475
3.657505512238
3.639041423798
3.622146606445
3.606847286224
3.592375040054
3.578054189682
3.562829017639
3.546738624573
3.531793594360
3.516966104507
3.502669095993
3.488007307053
3.473442554474
3.458650112152
3.444106340408
3.429510593414
3.414749622345
3.400473594666
3.389133930206
3.375189781189
3.364040136337
3.353639602661
3.341937303543
3.329955101013
3.312108516693
3.296303272247
3.273932933807
3.255205869675
3.235343456268
3.216975927353
3.198366403580
3.181545734406
3.165539264679
3.148735523224
3.134305477142
3.117963790894
3.105743169785
3.090260982513
3.082427501678
3.072001218796
3.090403795242
3.123417854309
3.168518543243
3.234766721725
3.082928657532
3.051836967468
3.032705545425
3.015858173370
3.000606060028
2.984698057175
2.969735622406
2.955424308777
2.941042661667
2.925960540771
2.910191059113
2.892721176147
2.874906539917
2.856914281845
2.839547634125
2.821279764175
2.805895090103
2.792548418045
2.779590845108
2.769400596619
2.758881092072
2.746201992035
2.732504844666
2.718646287918
2.705628871918
2.691822528839
2.678269863129
2.664468050003
2.650848865509
2.637363672256
2.623591423035
2.609962701797
2.597047567368
2.584320068359
2.572148323059
2.560868978500
2.549910545349
2.536723613739
2.525465011597
2.512914419174
2.501280784607
2.489590167999
2.477987051010
2.466286182404
2.453560829163
2.436157226562
2.421895742416
2.408128261566
2.395771503448
2.383034706116
2.371717453003
2.360632658005
2.350296735764
2.341979265213
2.333011388779
2.324139118195
2.313852310181
2.303361177444
2.292015314102
2.281245946884
2.271164655685
2.262468338013
2.252649545670
2.243229866028
2.232299566269
2.222386837006
2.212105989456
2.205434083939
2.195511817932
2.187115430832
2.177959680557
2.171986579895
2.162824630737
2.155522346497
2.138957023621
2.453895568848
6.539714336395
4.086079597473
3.013455390930
2.794958114624
2.718886613846
2.692851781845
2.691625118256
2.701828718185
2.714930534363
2.727615118027
2.738704204559
2.748213052750
2.756455421448
2.763829231262
2.770564556122
2.776866912842
2.782725572586
2.788121223450
2.792870521545
2.796854734421
2.800271987915
2.803736448288
2.808259010315
2.814854621887
2.823517322540
2.833389759064
2.845115900040
2.860196113586
2.876535654068
2.892051935196
2.904348373413
2.922330379486
2.933506011963
2.953784942627
2.959370374680
3.020000457764
3.004240512848
3.129069805145
3.135294675827
3.143832206726
3.147790431976
3.152773857117
3.168273448944
3.183924198151
3.197783708572
3.212489128113
3.226797103882
3.244928359985
3.265858888626
3.287608146667
3.310600280762
3.335711479187
3.355577468872
3.379488706589
3.398133754730
3.422018527985
3.430063009262
3.483733177185
3.541880369186
3.924793481827
3.680616855621
3.647662162781
3.626656293869
3.636208295822
3.668592929840
3.691119194031
3.709342002869
3.730529308319
3.744575977325
3.762164592743
3.778695106506
3.802159786224
3.823068618774
3.844347953796
3.862639904022
3.882006168365
3.901742696762
3.923127174377
3.941595077515
3.963510036469
3.982246160507
4.004024982452
4.022020339966
4.048892498016
4.060043811798
4.249844551086
4.269292354584
4.285282135010
4.299927711487
4.312508583069
4.320544719696
4.324198722839
4.325717926025
4.329313278198
4.336161613464
4.346997737885
4.360855102539
4.375548362732
4.390728950500
4.405541896820
4.418877601624
4.429305076599
4.436813354492
4.444594383240
4.453198909760
4.459024429321
4.463828086853
4.467222213745
4.473616600037
4.481812000275
4.489855766296
4.499629020691
4.509656429291
4.520187377930
4.531191349030
4.544013977051
4.555150032043
4.562683105469
4.567458152771
4.569637298584
4.570524215698
4.571211814880
4.570701599121
4.573008537292
4.576991558075
4.580775260925
4.596246719360
4.725268363953
5.532272338867
4.901437759399
4.904356479645
4.900390148163
4.890096187592
4.873391151428
4.854188919067
4.830509185791
4.811553955078
4.792243957520
4.774015426636
4.757348060608
4.743093490601
4.729151248932
4.714945793152
4.702013492584
4.690834999084
4.682692527771
4.677771568298
4.675265312195
4.674034118652
4.672086715698
4.671648502350
4.680375099182
4.677716732025
4.718358993530
4.698284626007
4.697365760803
4.700092315674
4.702710628510
4.701783180237
4.695980072021
4.689028739929
4.681913375854
4.674948692322
4.668728828430
4.663309574127
4.658288955688
4.653156757355
4.648318290710
4.642983436584
4.639612197876
4.635560989380
4.630598068237
4.624741554260
4.618970870972
4.612509727478
4.606277465820
4.600885391235
4.596226215363
4.592303276062
4.588702678680
4.585321426392
4.581776142120
4.578559875488
4.575124740601
4.571167945862
4.582053184509
4.685808658600
4.966710090637
4.821657180786
4.804924964905
4.770609855652
4.726859092712
4.683341026306
4.646599292755
4.621655941010
4.607802867889
4.599831104279
4.589632511139
4.584811687469
4.584105491638
4.578142642975
4.566955566406
4.549749374390
4.530650138855
4.512234687805
4.495440483093
4.481019020081
4.467677116394
4.455465316772
4.444082736969
4.433575630188
4.423715591431
4.414958000183
4.406896591187
4.399003028870
4.391016960144
4.382613182068
4.374011993408
4.365682601929
4.356995105743
4.348302841187
4.339486122131
4.329835414886
4.319442749023
4.308529853821
4.297123908997
4.285232543945
4.273172378540
4.260719299316
4.248067855835
4.235178947449
4.222324848175
4.209775924683
4.197265625000
4.184801101685
4.172373771667
4.160228252411
4.148149490356
4.136120319366
4.124164581299
4.112597942352
4.101250648499
4.090013504028
4.078824043274
4.067651748657
4.056358337402
4.045029640198
4.033434867859
4.021696567535
4.009804725647
3.997746467590
3.985682487488
3.973415851593
3.960799217224
3.947955608368
3.934880733490
3.921618461609
3.908335208893
3.895083427429
3.881998538971
3.868932247162
3.855800151825
3.842665195465
3.829500675201
3.816248655319
3.802964687347
3.789626121521
3.776258945465
3.762487888336
3.748910427094
3.735415458679
3.722248792648
3.709166526794
3.696012258530
3.682800769806
3.669524669647
3.656304836273
3.643102645874
3.629806041718
3.616650581360
3.603466510773
3.590261220932
3.577188968658
3.564341783524
3.551715850830
3.539135932922
3.526509284973
3.513886690140
3.501310110092
3.488699913025
3.476233243942
3.463824272156
3.451356172562
3.438905477524
3.426420688629
3.413855314255
3.401177883148
3.388391017914
3.375551462173
3.362627983093
3.349763631821
3.336771011353
3.323651075363
3.310365438461
3.296884775162
3.283288955688
3.269700050354
3.256139755249
3.242620944977
3.229141235352
3.215725898743
3.202366113663
3.189053535461
3.175762653351
3.162617206573
3.149547100067
3.136600971222
3.123775959015
3.111097812653
3.098514556885
3.086127281189
3.073949337006
3.061904907227
3.050009965897
3.038199901581
3.026589632034
3.015018463135
3.003499269485
2.992006063461
2.980584144592
2.969257116318
2.957984447479
2.946791648865
2.935623645782
2.924555540085
2.913488864899
2.902606964111
2.891698122025
2.880973577499
2.870257377625
2.859368801117
2.848837614059
2.838131904602
2.827724218369
2.817111492157
2.806468248367
2.796274423599
2.785731554031
2.775228023529
2.764803171158
2.754903316498
2.744416236877
2.734149932861
2.724401712418
2.714002132416
2.703784942627
2.693918704987
2.683698654175
2.674029588699
2.663990497589
2.654359817505
2.644849300385
2.635207891464
2.626658201218
2.616601228714
2.608127593994
2.598664283752
2.590519905090
2.581100702286
2.573221445084
2.563875198364
2.556298494339
2.546974182129
2.539729833603
2.530712604523
2.523318529129
2.514597415924
2.508700370789
2.499440908432
2.493665933609
2.484032154083
2.478195667267
2.467966794968
2.462425231934
2.450959205627
2.445223093033
2.433419704437
2.428975582123
2.416152477264
2.412831306458
2.399511814117
2.460353612900
2.845867872238
4.424183368683
2.904250860214
2.747556447983
2.827433586121
2.916907072067
2.976864814758
3.008838653564
3.020633459091
3.018950462341
3.006781339645
2.985419750214
2.955405473709
2.917132377625
2.872822761536
2.826176166534
2.781942605972
2.741714239120
2.703115701675
2.666382789612
2.635169982910
2.611421823502
2.593498468399
2.579761981964
2.568459987640
2.559514045715
2.551990509033
2.546030044556
2.541511774063
2.538404464722
2.537087440491
2.537980794907
2.541063785553
2.546072006226
2.552007675171
2.557883501053
2.562585592270
2.565782070160
2.567162752151
2.566465139389
2.563556432724
2.558464527130
2.551524162292
2.543318033218
2.534877538681
2.526421546936
2.518435955048
2.510925769806
2.503377199173
2.494843006134
2.484615325928
2.472208499908
2.458817243576
2.445750713348
2.434859514236
2.426686048508
2.421857357025
2.420569658279
2.421289682388
2.422205924988
2.422544479370
2.422743558884
2.422610044479
2.421334743500
2.418756723404
2.416531562805
2.415841579437
2.417120218277
2.419462203979
2.422298192978
2.425685644150
2.427819967270
2.428771018982
2.428431272507
2.426135063171
2.421701908112
2.416795015335
2.412966251373
2.407183408737
2.405622482300
2.399696350098
2.414512634277
2.401518821716
2.481822490692
2.469278335571
2.482314586639
2.436593532562
2.464594364166
2.421184778214
2.469206571579
2.425420522690
2.447370052338
2.412065267563
2.432692766190
2.411771774292
2.435008049011
2.415072917938
2.425195693970
2.416964530945
2.418241262436
2.420629501343
2.420215368271
2.421435117722
2.421343803406
2.420158147812
2.417649507523
2.415613651276
2.412659406662
2.409462213516
2.405651092529
2.403081178665
2.398633956909
2.396047353745
2.393010854721
2.390099525452
2.386693477631
2.384331226349
2.378378391266
2.377724409103
2.369282484055
2.370968341827
2.357975482941
2.375326633453
2.349819421768
2.579650878906
2.642594814301
3.152749538422
2.884359836578
2.810086488724
2.804356813431
2.801407337189
2.796908378601
2.789407968521
2.776892185211
2.758292436600
2.744529485703
2.725780963898
2.699836254120
2.681291103363
2.671746730804
2.666214466095
2.660588026047
2.652595996857
2.641346931458
2.626419782639
2.609918117523
2.595865488052
2.585931539536
2.580332279205
2.576747179031
2.572734594345
2.568497657776
2.564030885696
2.559618711472
2.555324792862
2.551566839218
2.548323392868
2.545283317566
2.542489051819
2.539697647095
2.536763668060
2.533990383148
2.530795812607
2.527087688446
2.522976875305
2.518797874451
2.514153957367
2.509408950806
2.505383014679
2.501868963242
2.499324798584
2.497687101364
2.496235370636
2.494625806808
2.492410898209
2.489642858505
2.486459255219
2.483021736145
2.479835510254
2.477116584778
2.474371910095
2.471605300903
2.469512224197
2.466598987579
2.461911201477
2.456785440445
2.451507091522
2.446768283844
2.442369699478
2.438710212708
2.435819387436
2.433318614960
2.430024862289
2.425790071487
2.420799016953
2.415634155273
2.410151004791
2.405296087265
2.401484966278
2.399665832520
2.398669004440
2.401028394699
2.403674840927
2.407055616379
2.405211925507
2.411549568176
2.410362720490
2.411567687988
2.404228210449
2.405267000198
2.390619993210
2.402199268341
2.400448083878
2.741059064865
2.997192382812
2.677284955978
2.668892145157
2.647082328796
2.621807098389
2.608115911484
2.599965810776
2.588696002960
2.578786134720
2.573606014252
2.571708440781
2.570672035217
2.568389177322
2.564358234406
2.559922218323
2.556283473969
2.554286718369
2.553153514862
2.551878690720
2.549506187439
2.546108722687
2.542393207550
2.538742542267
2.535386323929
2.532257080078
2.529925584793
2.527889251709
2.526136636734
2.524525642395
2.523021459579
2.521693706512
2.520552635193
2.519420862198
2.518188953400
2.516680479050
2.514885425568
2.513113021851
2.511377811432
2.510141849518
2.509167671204
2.508376836777
2.507636547089
2.506189584732
2.504175662994
2.501874923706
2.499556541443
2.496998071671
2.494416236877
2.492034912109
2.488876104355
2.485801458359
2.482859611511
2.480298757553
2.478291273117
2.476629972458
2.475265264511
2.474486112595
2.473968029022
2.474287033081
2.473831415176
2.475339412689
2.474663734436
2.476940393448
2.477569103241
2.479274988174
2.479458570480
2.481020450592
2.480995655060
2.481419086456
2.481337070465
2.480800628662
2.479753732681
2.478047370911
2.476211071014
2.473701238632
2.471033811569
2.468483924866
2.466524839401
2.462841510773
2.461719989777
2.459424257278
2.457738876343
2.455309629440
2.454227447510
2.451948881149
2.450592517853
2.447718381882
2.446121931076
2.443820238113
2.442144155502
2.439735412598
2.437704324722
2.434943437576
2.432526588440
2.429913997650
2.427323341370
2.423955440521
2.420793533325
2.417170763016
2.413727045059
2.410668849945
2.407033681870
2.403468132019
2.399876117706
2.395769119263
2.391646862030
2.388452053070
2.385265588760
2.382605314255
2.379975795746
2.376914024353
2.374390840530
2.372599840164
2.372102022171
2.370934486389
2.370504379272
2.368766069412
2.368375539780
2.364572286606
2.363353490829
2.360392570496
2.357017040253
2.355512619019
2.350315332413
2.348166465759
2.343845844269
2.341979026794
2.335860013962
2.334281921387
2.330486297607
2.327657699585
2.324090719223
2.321185827255
2.318872928619
2.313450336456
2.310172080994
2.306835651398
2.302360534668
2.296899795532
2.292161226273
2.287764072418
2.283190250397
2.277136325836
2.273598909378
2.267097711563
2.264378070831
2.257137775421
2.253899574280
2.249037742615
2.245122432709
2.241602897644
2.238016128540
2.234864711761
2.231351375580
2.227689981461
2.224116563797
2.220738649368
2.217542648315
2.214645624161
2.212222814560
2.209824085236
2.207564115524
2.205212831497
2.203343629837
2.200828790665
2.198395729065
2.194933891296
2.191692829132
2.188375949860
2.185266494751
2.181770801544
2.178551435471
2.175610065460
2.172492980957
2.169182777405
2.165387392044
2.161613702774
2.157455921173
2.153294801712
2.148904800415
2.144345998764
2.139897823334
2.135381698608
2.130961894989
2.126540899277
2.122177839279
2.117713928223
2.113390684128
2.109206199646
2.105316162109
2.101766586304
2.098426580429
2.095639944077
2.093184947968
2.091146469116
2.089395523071
2.087551832199
2.085516452789
2.083789110184
2.081884622574
2.080278396606
2.079006433487
2.077957153320
2.076822042465
2.075330257416
2.073436498642
2.070876359940
2.068089246750
2.064442396164
2.061276435852
2.057753562927
2.054022073746
2.050108432770
2.046568393707
2.042523145676
2.039162635803
2.034548521042
2.031626224518
2.027976036072
2.030619621277
2.055979251862
2.393692016602
3.857183933258
4.144318580627
2.762633323669
2.553136348724
2.601750850677
2.640782356262
2.663109779358
2.673367500305
2.675541877747
2.672513246536
2.667075634003
2.661023855209
2.655420541763
2.650331735611
2.646182537079
2.643349885941
2.642063140869
2.642091512680
2.642898559570
2.644094705582
2.645401716232
2.646926879883
2.649152755737
2.651981353760
2.655580043793
2.658922910690
2.660628318787
2.660765647888
2.659999847412
2.658757686615
2.658949136734
2.659241914749
2.658772230148
2.657674312592
2.656519174576
2.654711246490
2.654291152954
2.649431943893
2.650936365128
2.638584375381
2.666632652283
2.626448869705
2.677360534668
2.619547843933
2.632101774216
2.630745410919
2.622570276260
2.618450880051
2.617054939270
2.618167638779
2.619317054749
2.622647762299
2.624171972275
2.628792047501
2.633426904678
2.640343427658
2.644363403320
2.652732849121
2.660101175308
2.665659666061
2.670637369156
2.675969362259
2.679763078690
2.680349349976
2.679084300995
2.677031517029
2.674800395966
2.667279005051
2.665657520294
2.653968811035
2.674607753754
2.775098323822
4.404987335205
2.867851018906
2.881634950638
2.882993936539
2.881584167480
2.880929946899
2.880589485168
2.881644248962
2.883818387985
2.887149572372
2.891009330750
2.894086599350
2.898387193680
2.903971195221
2.909837722778
2.915430545807
2.919696569443
2.922449588776
2.924826860428
2.926507711411
2.927752971649
2.926095724106
2.924786567688
2.924585342407
2.925877094269
2.930841207504
2.941498994827
2.946315288544
2.975783109665
3.066274881363
3.178059577942
3.100264787674
3.099528312683
3.093948602676
3.086083412170
3.079949855804
3.078311443329
3.081283330917
3.087432384491
3.096144199371
3.105581045151
3.114707469940
3.122727632523
3.127986431122
3.131356000900
3.134206056595
3.136876344681
3.140692472458
3.145581960678
3.151210308075
3.156542301178
3.161595344543
3.166829109192
3.173531532288
3.184266090393
3.192684173584
3.203714609146
3.211923360825
3.220813751221
3.227820396423
3.235474348068
3.243300437927
3.251224994659
3.260241508484
3.269910812378
3.279010534286
3.284610509872
3.291882038116
3.298090934753
3.304169178009
3.311138153076
3.317901611328
3.325246334076
3.331647157669
3.339661359787
3.345865011215
3.351472377777
3.355904579163
3.360214471817
3.361240863800
3.364152908325
3.365198135376
3.367015361786
3.370296955109
3.373448610306
3.378245115280
3.380991697311
3.388208866119
3.389391899109
3.399430036545
3.391693830490
3.482301712036
3.747555732727
3.722201108932
3.710195064545
3.712880134583
3.714745521545
3.719630002975
3.724153995514
3.728682041168
3.726515054703
3.713190555573
3.685482025146
3.647827148438
3.743457555771
3.636435508728
3.618529081345
3.611094951630
3.692838430405
3.585383415222
3.559017419815
3.580087423325
3.560910701752
3.604923725128
3.549019098282
3.551331996918
3.545162677765
3.542165994644
3.537791728973
3.532569885254
3.528144598007
3.520008563995
3.524465084076
3.502671718597
3.851759910583
3.630282402039
5.189117431641
3.912327766418
3.903530120850
3.856811761856
3.808547973633
3.709763050079
3.728186607361
3.707664966583
3.709285736084
3.712362766266
3.710772991180
3.710011005402
3.705038070679
3.707988262177
3.683593273163
3.720247268677
3.651090383530
3.981206893921
3.720650672913
3.697742938995
3.771465778351
3.695291042328
3.828468799591
3.699333667755
3.927542209625
3.714407920837
3.870956897736
3.735904455185
3.813261985779
3.742273330688
3.924908638000
3.830101490021
4.106031417847
4.058888435364
3.932047367096
3.875154972076
3.881825447083
3.898289680481
3.916935443878
3.930698394775
3.932549953461
3.930340290070
3.934113502502
3.934269905090
3.942622184753
3.939174413681
3.991549491882
4.143625259399
4.599291801453
5.294622898102
4.392755508423
4.164742469788
4.134456157684
4.143155097961
4.112178802490
4.122249603271
4.129484653473
4.137454509735
4.146647453308
4.163744926453
4.177484035492
4.206246852875
4.229084968567
4.772218704224
4.499314308167
4.421325683594
4.390229225159
4.410254955292
4.436968803406
4.462272644043
4.481860160828
4.500779628754
4.519742012024
4.540432929993
4.563467502594
4.590148448944
4.620730876923
4.651985168457
4.681018829346
4.705093383789
4.728174209595
4.751576423645
4.773678779602
4.797882080078
4.822134017944
4.845849037170
4.868596076965
4.894408226013
4.925911426544
4.964218139648
4.999986648560
5.025100231171
5.042820930481
5.056244850159
5.068655014038
5.094771385193
5.111286163330
5.161268711090
5.155122280121
5.697151184082
5.253186225891
5.255424976349
5.250978469849
5.270940780640
5.297457695007
5.323556900024
5.348035812378
5.368163585663
5.384181022644
5.396909236908
5.407182693481
5.415926933289
5.424501419067
5.433894157410
5.445270538330
5.459197998047
5.474969387054
5.492651939392
5.510833740234
5.528681755066
5.546616077423
5.563347339630
5.575415611267
5.584134101868
5.592046737671
5.601289749146
5.611994266510
5.623908042908
5.637108802795
5.650170803070
5.663042068481
5.675407886505
5.687272071838
5.698653697968
5.709755897522
5.719793796539
5.728901863098
5.736522674561
5.742913722992
5.747692584991
5.751951217651
5.755377769470
5.756564617157
5.755938053131
5.757737636566
5.757715702057
5.757784843445
5.758312702179
5.759531497955
5.759474277496
5.760074615479
5.760676383972
5.761474609375
5.761827468872
5.761602401733
5.761384010315
5.760512828827
5.759349822998
5.757685184479
5.755710601807
5.753845214844
5.750112056732
5.746245861053
5.741138935089
5.736605167389
5.730867385864
5.725234985352
5.718971252441
5.712558746338
5.705870628357
5.699530601501
5.692190170288
5.685931682587
5.678278923035
5.671987056732
5.663281440735
5.657862663269
5.646520614624
5.642023086548
5.629835128784
5.625148773193
5.611147403717
5.606148719788
5.590892314911
5.585844039917
5.567989349365
5.564614295959
5.540839195251
5.557982921600
5.513443946838
5.652278900146
5.625573158264
5.564997673035
5.526763439178
5.480286121368
5.445847988129
5.424162864685
5.409242153168
5.400130748749
5.389289379120
5.368030548096
5.339880466461
5.306469440460
5.273733139038
5.243942260742
5.216737747192
5.193793773651
5.174050331116
5.157631397247
5.143922328949
5.130923271179
5.119118213654
5.104713439941
5.088626861572
5.070708751678
5.051585197449
5.030919075012
5.009612083435
4.987972736359
4.965003967285
4.943444728851
4.919494628906
4.896436691284
4.872708320618
4.848071098328
4.824349403381
4.799142837524
4.774563312531
4.749674797058
4.725702762604
4.703104019165
4.679738044739
4.658601760864
4.636379241943
4.615167140961
4.594592571259
4.575893878937
4.555254459381
4.535221099854
4.516106128693
4.493966579437
4.475291252136
4.449376583099
4.430351734161
4.403405189514
4.383803367615
4.353721618652
4.334535121918
4.304631710052
4.286043643951
4.255131244659
4.243175506592
4.202615737915
4.275057315826
4.449514389038
6.174545288086
4.564280033112
4.383771896362
4.371063709259
4.368874549866
4.354153633118
4.334332466125
4.313570976257
4.289415359497
4.261756896973
4.231096267700
4.196849822998
4.160171031952
4.121223926544
4.081819534302
4.043736457825
4.008915901184
3.977427959442
3.948966979980
3.922461748123
3.897958278656
3.875375032425
3.855211257935
3.836784362793
3.819199085236
3.801535129547
3.783552408218
3.765199899673
3.746401309967
3.727434158325
3.708193302155
3.688752651215
3.669269561768
3.649740695953
3.630530834198
3.611857175827
3.593115329742
3.574740409851
3.556633710861
3.538549661636
3.520416259766
3.501914024353
3.483275890350
3.464121580124
3.444654703140
3.424833297729
3.404854774475
3.384490013123
3.364961147308
3.348360300064
3.374062299728
3.546527862549
3.453246116638
3.358558654785
3.284972429276
3.238708496094
3.209044456482
3.187858104706
3.161576747894
3.145701408386
3.130140304565
3.117292404175
3.098768234253
3.080610752106
3.055838108063
3.039017200470
3.014345884323
3.010094404221
2.987647533417
3.002016544342
2.964949369431
2.969765901566
2.916309833527
2.913917303085
2.879296779633
2.877494812012
2.852154970169
2.848534107208
2.823297500610
2.827221870422
2.801310539246
2.887090682983
3.004628181458
3.480001926422
2.814512252808
2.807302474976
2.812390804291
2.814264059067
2.808325052261
2.794992208481
2.776110649109
2.754843473434
2.732478618622
2.709413766861
2.685815572739
2.662112474442
2.639656305313
2.619807481766
2.603329181671
2.589852571487
2.578658580780
2.568437814713
2.558217763901
2.547056436539
2.534781694412
2.521268844604
2.506275415421
2.490469455719
2.474524736404
2.457204818726
2.440185308456
2.423954963684
2.409173727036
2.395409107208
2.383236408234
2.371883392334
2.360609769821
2.350284099579
2.341065168381
2.333106279373
2.326442480087
2.321009159088
2.316187381744
2.311334848404
2.306140661240
2.300522089005
2.294224739075
2.286998271942
2.279064416885
2.270560503006
2.262170553207
2.253188371658
2.244372844696
2.235713243484
2.227140903473
2.218830108643
2.211140632629
2.203687667847
2.196319103241
2.189358711243
2.182568788528
2.175789117813
2.169063806534
2.162371635437
2.156191587448
2.149971723557
2.143788099289
2.137643575668
2.131272554398
2.124867677689
2.118494749069
2.112346887589
2.105454683304
2.098931550980
2.092184543610
2.086802959442
2.081938505173
2.077078819275
2.074003934860
2.070057392120
2.068092584610
2.064825296402
2.062155485153
2.058825969696
2.054829359055
2.050935983658
2.046271562576
2.041778564453
2.035979747772
2.030711412430
2.024777412415
2.019937038422
2.014720439911
2.009308815002
2.004517793655
2.000632047653
1.996645927429
1.993025541306
1.989277124405
1.986696600914
1.983049750328
1.980668425560
1.977822542191
1.977110385895
1.976929426193
1.993595123291
2.239102363586
4.237160682678
2.625244379044
2.487604379654
2.415725469589
2.347041130066
2.310520887375
2.289465427399
2.277981519699
2.273077487946
2.268672227859
2.259138107300
2.244260787964
2.227777481079
2.211536407471
2.196786642075
2.185457706451
2.178567409515
2.175703525543
2.176316738129
2.179612874985
2.183063983917
2.184135437012
2.181434869766
2.175201416016
2.166571855545
2.155700206757
2.144321203232
2.133638143539
2.124150514603
2.115165948868
2.108317852020
2.102770328522
2.099415063858
2.096382856369
2.094203472137
2.092450380325
2.090813398361
2.089539527893
2.088973999023
2.088670253754
2.088060379028
2.088398694992
2.089907884598
2.096105813980
2.125090122223
2.530871152878
3.813705682755
2.664250850677
2.605772018433
2.624258756638
2.644692897797
2.657257318497
2.662982225418
2.660148143768
2.648933172226
2.633930444717
2.617557525635
2.600898265839
2.585962533951
2.578269958496
2.576307296753
2.575852632523
2.575954914093
2.576022148132
2.573226213455
2.565901756287
2.555739879608
2.542848348618
2.527983427048
2.512000799179
2.497416973114
2.485075950623
2.476098775864
2.470265388489
2.464648008347
2.457114219666
2.447722911835
2.437412738800
2.426549196243
2.415993452072
2.405216693878
2.393840312958
2.383266448975
2.377254724503
2.377101898193
2.380129575729
2.379631280899
2.372085094452
2.357769966125
2.345958709717
2.334113121033
2.320070266724
2.309298515320
2.304120063782
2.301260471344
2.301461219788
2.303634166718
2.300742626190
2.312833786011
2.290667533875
2.556910514832
3.182121038437
3.195028066635
2.672883510590
2.645745754242
2.621865749359
2.615341901779
2.608669757843
2.594489336014
2.576468467712
2.562849998474
2.557276248932
2.558825492859
2.567267656326
2.580025911331
2.590806484222
2.593462944031
2.586273908615
2.575287580490
2.569200277328
2.570039272308
2.576457977295
2.582020282745
2.586562871933
2.583092212677
2.574830532074
2.563839912415
2.552519321442
2.543537855148
2.537053346634
2.531027793884
2.526677608490
2.524347543716
2.523578166962
2.523932933807
2.525213241577
2.529239177704
2.535176277161
2.542286872864
2.551954269409
2.558744907379
2.568925619125
2.573210000992
2.577412128448
2.583204030991
2.582373619080
2.585467338562
2.586580038071
2.590097427368
2.585088968277
2.589713096619
2.582979917526
2.598689079285
2.577827692032
2.771089315414
3.168813705444
3.607353925705
2.934678316116
2.916962385178
2.931853055954
2.933926820755
2.929734945297
2.924773454666
2.916915416718
2.906153202057
2.893171310425
2.877986669540
2.860904693604
2.845494031906
2.835379838943
2.832650423050
2.833956718445
2.834954023361
2.835031509399
2.834237098694
2.834925651550
2.837392807007
2.841298818588
2.845857143402
2.851157665253
2.856227397919
2.861068010330
2.865751266479
2.870133638382
2.874128818512
2.877647161484
2.881000518799
2.884377002716
2.888422966003
2.893290042877
2.898763179779
2.904565334320
2.910531997681
2.916493892670
2.922448396683
2.928416490555
2.934211492538
2.938978195190
2.942584276199
2.945374250412
2.947637319565
2.949845075607
2.951566219330
2.951934814453
2.952455520630
2.951999664307
2.951017618179
2.949869632721
2.946441650391
2.943325757980
2.940001010895
2.937698602676
2.931665182114
2.946040630341
2.981053113937
3.062411546707
3.004234075546
2.979031562805
2.978947162628
2.980009555817
2.983379364014
2.987128019333
2.989857196808
2.990116596222
2.990732908249
2.991237878799
2.992384433746
2.994390726089
2.996565341949
2.997991323471
2.998305320740
2.997201204300
2.995382785797
2.992619037628
2.988849163055
2.984277009964
2.978253841400
2.972964048386
2.968187808990
2.963536024094
2.960658550262
2.957345008850
2.953331232071
2.946546077728
2.946139097214
2.949694633484
2.989806175232
2.962650537491
2.944703102112
2.938041448593
2.935804128647
2.935344934464
2.935140371323
2.934688806534
2.932007074356
2.927106142044
2.922232151031
2.917563676834
2.913554906845
2.909927606583
2.906885862350
2.903722047806
2.900342464447
2.896962642670
2.893620729446
2.890431404114
2.886610984802
2.882642984390
2.878315210342
2.873829364777
2.868243932724
2.863183498383
2.858133792877
2.853151321411
2.848346233368
2.843010902405
2.838297605515
2.833750247955
2.829682350159
2.825301885605
2.821451187134
2.817237138748
2.813192367554
2.808151721954
2.803446054459
2.797039270401
2.791915178299
2.785752773285
2.780567407608
2.774952650070
2.769892930984
2.765082359314
2.760513305664
2.756480216980
2.752485036850
2.748258113861
2.743554353714
2.738685131073
2.733449459076
2.728110551834
2.722668170929
2.717728614807
2.712449789047
2.708339452744
2.702437162399
2.701690673828
2.691666126251
2.721220970154
2.706880331039
3.116023540497
3.106082201004
3.481805324554
3.217344760895
3.091873407364
2.988059043884
2.884913682938
2.808612108231
2.772058010101
2.755925178528
2.746180534363
2.741667747498
2.738451957703
2.733814239502
2.727694511414
2.724833965302
2.728322267532
2.736719369888
2.745698213577
2.751941204071
2.754779338837
2.754331111908
2.751061439514
2.744388580322
2.735580444336
2.725917577744
2.715952157974
2.706722259521
2.698446273804
2.690985202789
2.684237480164
2.677670717239
2.670927286148
2.663785457611
2.656105518341
2.647993564606
2.639809846878
2.631570100784
2.623692035675
2.616483926773
2.609938859940
2.604419231415
2.599641561508
2.595521926880
2.591917753220
2.588616371155
2.585478782654
2.582365036011
2.578976631165
2.574963569641
2.569975376129
2.564308166504
2.558258533478
2.551950454712
2.545353412628
2.538639545441
