0.138823529412
0.183529411765
0.192941176471
0.162352941176
0.170588235294
0.130588235294
0.160000000000
0.138823529412
0.087058823529
0.087058823529
0.087058823529
0.087058823529
0.087058823529
0.087058823529
0.087058823529
0.085882352941
0.091764705882
0.116470588235
0.109411764706
0.141176470588
0.102352941176
0.141176470588
0.143529411765
0.076470588235
0.155294117647
0.048235294118
0.088235294118
0.088235294118
0.088235294118
0.088235294118
0.088235294118
0.088235294118
0.088235294118
0.088235294118
0.088235294118
0.088235294118
0.088235294118
0.088235294118
0.088235294118
0.088235294118
0.088235294118
0.088235294118
0.088235294118
0.088235294118
0.088235294118
0.088235294118
0.088235294118
0.088235294118
0.088235294118
0.088235294118
0.088235294118
0.088235294118
0.088235294118
0.088235294118
0.088235294118
0.088235294118
0.088235294118
0.088235294118
0.088235294118
0.088235294118
0.088235294118
0.088235294118
0.088235294118
0.088235294118
0.088235294118
0.088235294118
0.088235294118
0.088235294118
0.088235294118
0.088235294118
0.088235294118
0.088235294118
0.088235294118
0.088235294118
0.088235294118
0.088235294118
0.088235294118
0.088235294118
0.088235294118
0.088235294118
0.088235294118
0.088235294118
0.088235294118
0.088235294118
0.088235294118
0.088235294118
0.088235294118
0.088235294118
0.088235294118
0.088235294118
0.088235294118
0.088235294118
0.088235294118
0.088235294118
0.088235294118
0.088235294118
0.088235294118
0.088235294118
0.088235294118
0.088235294118
