0.098708487085
0.175276752768
0.180811808118
0.155904059041
0.161439114391
0.139298892989
0.153136531365
0.098708487085
0.047970479705
0.047970479705
0.047970479705
0.047970479705
0.047970479705
0.047970479705
0.047970479705
0.047970479705
0.059963099631
0.094095940959
0.095018450185
0.130996309963
0.119003690037
0.107011070111
0.135608856089
0.077490774908
0.173431734317
0.090405904059
0.144833948339
0.144833948339
0.144833948339
0.144833948339
0.144833948339
0.144833948339
0.144833948339
0.144833948339
0.144833948339
0.144833948339
0.144833948339
0.144833948339
0.144833948339
0.144833948339
0.144833948339
0.144833948339
0.144833948339
0.144833948339
0.144833948339
0.144833948339
0.144833948339
0.144833948339
0.144833948339
0.144833948339
0.144833948339
0.144833948339
0.144833948339
0.144833948339
0.144833948339
0.144833948339
0.144833948339
0.144833948339
0.144833948339
0.144833948339
0.144833948339
0.144833948339
0.144833948339
0.144833948339
0.144833948339
0.144833948339
0.144833948339
0.144833948339
0.144833948339
0.144833948339
0.144833948339
0.144833948339
0.144833948339
0.144833948339
0.144833948339
0.144833948339
0.144833948339
0.144833948339
0.144833948339
0.144833948339
0.144833948339
0.144833948339
0.144833948339
0.144833948339
0.144833948339
0.144833948339
0.144833948339
0.144833948339
0.144833948339
0.144833948339
0.144833948339
0.144833948339
0.144833948339
0.144833948339
0.144833948339
0.144833948339
0.144833948339
0.144833948339
0.144833948339
0.144833948339
