0.113545816733
0.168326693227
0.177290836653
0.157370517928
0.169322709163
0.179282868526
0.187250996016
0.113545816733
0.092629482072
0.092629482072
0.092629482072
0.092629482072
0.092629482072
0.092629482072
0.092629482072
0.092629482072
0.103585657371
0.129482071713
0.145418326693
0.185258964143
0.170318725100
0.121513944223
0.106573705179
0.081673306773
0.118525896414
0.135458167331
0.036852589641
0.036852589641
0.036852589641
0.036852589641
0.036852589641
0.036852589641
0.036852589641
0.036852589641
0.036852589641
0.036852589641
0.036852589641
0.036852589641
0.036852589641
0.036852589641
0.036852589641
0.036852589641
0.036852589641
0.036852589641
0.036852589641
0.036852589641
0.036852589641
0.036852589641
0.036852589641
0.036852589641
0.036852589641
0.036852589641
0.036852589641
0.036852589641
0.036852589641
0.036852589641
0.036852589641
0.036852589641
0.036852589641
0.036852589641
0.036852589641
0.036852589641
0.036852589641
0.036852589641
0.036852589641
0.036852589641
0.036852589641
0.036852589641
0.036852589641
0.036852589641
0.036852589641
0.036852589641
0.036852589641
0.036852589641
0.036852589641
0.036852589641
0.036852589641
0.036852589641
0.036852589641
0.036852589641
0.036852589641
0.036852589641
0.036852589641
0.036852589641
0.036852589641
0.036852589641
0.036852589641
0.036852589641
0.036852589641
0.036852589641
0.036852589641
0.036852589641
0.036852589641
0.036852589641
0.036852589641
0.036852589641
0.036852589641
0.036852589641
0.036852589641
0.036852589641
