0.152284263959
0.240609137056
0.225380710660
0.222335025381
0.232487309645
0.291370558376
0.187817258883
0.152284263959
0.023350253807
0.023350253807
0.023350253807
0.023350253807
0.023350253807
0.023350253807
0.023350253807
0.023350253807
0.034517766497
0.059898477157
0.073096446701
0.156345177665
0.127918781726
0.160406091371
0.069035532995
0.097461928934
0.126903553299
0.104568527919
0.045685279188
0.045685279188
0.045685279188
0.045685279188
0.045685279188
0.045685279188
0.045685279188
0.045685279188
0.045685279188
0.045685279188
0.045685279188
0.045685279188
0.045685279188
0.045685279188
0.045685279188
0.045685279188
0.045685279188
0.045685279188
0.045685279188
0.045685279188
0.045685279188
0.045685279188
0.045685279188
0.045685279188
0.045685279188
0.045685279188
0.045685279188
0.045685279188
0.045685279188
0.045685279188
0.045685279188
0.045685279188
0.045685279188
0.045685279188
0.045685279188
0.045685279188
0.045685279188
0.045685279188
0.045685279188
0.045685279188
0.045685279188
0.045685279188
0.045685279188
0.045685279188
0.045685279188
0.045685279188
0.045685279188
0.045685279188
0.045685279188
0.045685279188
0.045685279188
0.045685279188
0.045685279188
0.045685279188
0.045685279188
0.045685279188
0.045685279188
0.045685279188
0.045685279188
0.045685279188
0.045685279188
0.045685279188
0.045685279188
0.045685279188
0.045685279188
0.045685279188
0.045685279188
0.045685279188
0.045685279188
0.045685279188
0.045685279188
0.045685279188
0.045685279188
0.045685279188
