0.082039911308
0.188470066519
0.182926829268
0.181818181818
0.184035476718
0.178492239468
0.215077605322
0.082039911308
0.105321507761
0.105321507761
0.105321507761
0.105321507761
0.105321507761
0.105321507761
0.105321507761
0.105321507761
0.120842572062
0.147450110865
0.144124168514
0.136363636364
0.128603104213
0.087583148559
0.097560975610
0.088691796009
0.144124168514
0.083148558758
0.124168514412
0.124168514412
0.124168514412
0.124168514412
0.124168514412
0.124168514412
0.124168514412
0.124168514412
0.124168514412
0.124168514412
0.124168514412
0.124168514412
0.124168514412
0.124168514412
0.124168514412
0.124168514412
0.124168514412
0.124168514412
0.124168514412
0.124168514412
0.124168514412
0.124168514412
0.124168514412
0.124168514412
0.124168514412
0.124168514412
0.124168514412
0.124168514412
0.124168514412
0.124168514412
0.124168514412
0.124168514412
0.124168514412
0.124168514412
0.124168514412
0.124168514412
0.124168514412
0.124168514412
0.124168514412
0.124168514412
0.124168514412
0.124168514412
0.124168514412
0.124168514412
0.124168514412
0.124168514412
0.124168514412
0.124168514412
0.124168514412
0.124168514412
0.124168514412
0.124168514412
0.124168514412
0.124168514412
0.124168514412
0.124168514412
0.124168514412
0.124168514412
0.124168514412
0.124168514412
0.124168514412
0.124168514412
0.124168514412
0.124168514412
0.124168514412
0.124168514412
0.124168514412
0.124168514412
0.124168514412
0.124168514412
0.124168514412
0.124168514412
0.124168514412
0.124168514412
