0.070050761421
0.120812182741
0.116751269036
0.123857868020
0.129949238579
0.153299492386
0.150253807107
0.070050761421
0.081218274112
0.081218274112
0.081218274112
0.081218274112
0.081218274112
0.081218274112
0.081218274112
0.081218274112
0.084263959391
0.100507614213
0.105583756345
0.126903553299
0.119796954315
0.076142131980
0.056852791878
0.060913705584
0.077157360406
0.067005076142
0.202030456853
0.202030456853
0.202030456853
0.202030456853
0.202030456853
0.202030456853
0.202030456853
0.202030456853
0.202030456853
0.202030456853
0.202030456853
0.202030456853
0.202030456853
0.202030456853
0.202030456853
0.202030456853
0.202030456853
0.202030456853
0.202030456853
0.202030456853
0.202030456853
0.202030456853
0.202030456853
0.202030456853
0.202030456853
0.202030456853
0.202030456853
0.202030456853
0.202030456853
0.202030456853
0.202030456853
0.202030456853
0.202030456853
0.202030456853
0.202030456853
0.202030456853
0.202030456853
0.202030456853
0.202030456853
0.202030456853
0.202030456853
0.202030456853
0.202030456853
0.202030456853
0.202030456853
0.202030456853
0.202030456853
0.202030456853
0.202030456853
0.202030456853
0.202030456853
0.202030456853
0.202030456853
0.202030456853
0.202030456853
0.202030456853
0.202030456853
0.202030456853
0.202030456853
0.202030456853
0.202030456853
0.202030456853
0.202030456853
0.202030456853
0.202030456853
0.202030456853
0.202030456853
0.202030456853
0.202030456853
0.202030456853
0.202030456853
0.202030456853
0.202030456853
0.202030456853
