4.133926391602
4.129926681519
4.125936508179
4.122007369995
4.118114471436
4.114245414734
4.110403537750
4.106568336487
4.102742195129
4.098868370056
4.094996452332
4.091139316559
4.087281703949
4.083455085754
4.079628467560
4.075796127319
4.071945667267
4.068066596985
4.064164161682
4.060232162476
4.056260108948
4.052241802216
4.048180580139
4.044057846069
4.039875507355
4.035622119904
4.031283855438
4.026858329773
4.022317886353
4.017619609833
4.012725830078
4.007624149323
4.002287864685
3.996714591980
3.990870475769
3.984713315964
3.978196144104
3.971246957779
3.963860988617
3.955749988556
3.947080612183
3.938024520874
3.928488969803
3.917952537537
3.907164573669
3.895960569382
3.884474277496
3.871845960617
3.859698295593
3.847270488739
3.833071231842
3.821765899658
3.806740522385
3.797673225403
3.780479431152
3.780903816223
3.752647399902
3.863964080811
3.911375999451
3.884146690369
3.820487976074
3.789167881012
3.761330842972
3.737572193146
3.717936515808
3.701869964600
3.687903881073
3.674854516983
3.666119098663
3.654803752899
3.650653839111
3.634185552597
3.650008678436
3.628882169724
3.932273864746
3.870417356491
3.770407199860
3.734183788300
3.699601411819
3.668022871017
3.640019893646
3.616167306900
3.598171472549
3.585530281067
3.576344013214
3.568257331848
3.562952518463
3.554055213928
3.553038120270
3.541492938995
3.544734477997
3.530641078949
3.543582916260
3.518414497375
3.600949287415
3.615890502930
3.908054351807
3.628925323486
3.582518100739
3.551434993744
3.529302835464
3.513311862946
3.502065181732
3.496618032455
3.488386154175
3.485757350922
3.479986190796
3.476866722107
3.472250938416
3.466319084167
3.465848684311
3.456343173981
3.460208415985
3.448001861572
3.454099178314
3.439057826996
3.456048727036
3.428512811661
3.528891086578
3.553396224976
3.924324750900
3.579890251160
3.524122238159
3.483566284180
3.454502582550
3.435560226440
3.422932624817
3.414730072021
3.406869411469
3.402231216431
3.398601055145
3.391092300415
3.389284133911
3.381024599075
3.381444931030
3.373407840729
3.376816034317
3.363755226135
3.375319480896
3.350565910339
3.398058414459
3.376384258270
3.774034976959
3.581742525101
3.520889759064
3.452638387680
3.390251159668
3.371959209442
3.346905708313
3.346810817719
3.327579021454
3.338804244995
3.314951419830
3.374610900879
3.345157146454
3.497262954712
3.365917682648
3.316980838776
3.397722244263
3.330334186554
3.478898048401
3.357364416122
3.394234180450
3.301503658295
3.314370155334
3.271304607391
3.295416355133
3.258160591125
3.319214105606
3.283970355988
3.498640537262
3.377550840378
3.389057397842
3.284723281860
3.253363132477
3.259696960449
3.237114667892
3.354278087616
3.265552520752
3.354174852371
3.308302402496
3.241114139557
3.324959516525
3.246638774872
3.319032669067
3.248416900635
3.290961027145
3.235726356506
3.263001203537
3.240023374557
3.246714591980
3.276774406433
3.216281890869
3.232393264771
3.196469306946
3.205735445023
3.205403327942
3.217221736908
3.242214679718
3.228652715683
3.256314754486
3.201141357422
3.229632854462
3.163590669632
3.253339290619
3.166895151138
3.312665224075
3.150801658630
3.222307682037
3.112495183945
3.168532848358
3.108808279037
3.224911689758
3.250912666321
3.414551734924
3.358082771301
3.167714834213
3.121499061584
3.105815649033
3.094338178635
3.088576793671
3.081629753113
3.077506065369
3.074180603027
3.067659378052
3.067097425461
3.060049772263
3.061312198639
3.053146839142
3.053782463074
3.047460079193
3.048973083496
3.039696693420
3.054721117020
3.076347351074
3.435231208801
3.262726306915
3.172342300415
3.199664831161
3.083410263062
3.069757938385
3.036171436310
3.049551725388
3.039067745209
3.108277797699
3.164516448975
3.148214101791
3.088154792786
3.070025444031
3.049518108368
3.025658369064
3.055657386780
3.042068004608
3.141075134277
3.020600318909
3.019379615784
2.997292518616
3.023571252823
3.000697851181
3.100977897644
3.016519546509
3.044519901276
3.043329715729
3.004271030426
3.077576160431
2.995910644531
3.160244941711
2.997245311737
3.174210548401
2.944057703018
3.088581085205
2.931983470917
3.037417411804
2.925879716873
3.005477905273
2.924697160721
2.987534523010
2.934077501297
2.985921382904
3.003471136093
3.168542385101
3.167380809784
3.011436939240
2.962422847748
2.933722734451
2.969983577728
2.944840192795
3.006648063660
2.922893285751
2.927252769470
2.954945087433
2.922957897186
3.024142742157
2.948136806488
2.936955928802
3.012316703796
2.983106613159
3.050299167633
2.894352912903
2.862615585327
2.889879941940
2.848511695862
2.921467304230
2.869799852371
3.056834220886
2.909243822098
2.967260360718
2.855861186981
2.882564067841
2.865007400513
2.913157939911
2.984675407410
2.979989290237
2.965903282166
2.859534740448
2.853781461716
2.831706285477
2.843381404877
2.842159986496
2.921441078186
2.863467693329
2.881871700287
2.827313423157
2.810930728912
2.804954528809
2.844130516052
2.850614547729
3.136085987091
2.974493265152
2.833996534348
2.845239162445
2.777007818222
2.811368942261
2.758630990982
2.820713043213
2.762685775757
2.926552295685
2.810428857803
2.936028480530
2.772099018097
2.815095901489
2.724910736084
2.881993770599
2.715215682983
2.937768936157
2.733081340790
2.853806495667
2.935620784760
2.969447612762
2.857510089874
2.735402345657
2.740526199341
2.703488588333
2.712519168854
2.698504447937
2.716099262238
2.806097269058
2.955173015594
2.895021915436
2.808819770813
2.706042289734
2.774634361267
2.730252742767
2.867717027664
2.742301702499
2.740974426270
2.752799034119
2.717536449432
2.771864891052
2.727495670319
2.767025947571
2.730481624603
2.754348039627
2.707223415375
2.703020095825
2.712089061737
2.668777465820
2.820746898651
2.649316072464
2.908734560013
2.619189739227
2.669524669647
2.629576206207
2.653352022171
2.728591442108
2.827435016632
2.863945960999
2.717997074127
2.614693403244
2.641760587692
2.601405620575
2.715220451355
2.737992763519
2.871224880219
2.751515388489
2.656404495239
2.758226633072
2.604869127274
2.658062934875
2.572522401810
2.672996044159
2.581560373306
2.726923465729
2.625143289566
2.720642089844
2.648800373077
2.622740983963
2.844766616821
2.645451784134
2.719173908234
2.603745698929
2.553187608719
2.615911245346
2.573817491531
2.744746446609
2.730993270874
2.661248683929
2.688086032867
2.573637485504
2.606870412827
2.577617883682
2.604649305344
2.627764463425
2.621293544769
2.657203197479
2.570825815201
2.634629964828
2.522313117981
2.719877243042
2.503716945648
2.809741020203
2.495180130005
2.606779575348
2.545063018799
2.701905012131
2.672980070114
2.612090826035
2.600445270538
2.533674716949
2.584129333496
2.557530641556
2.629604578018
2.634669542313
2.562801837921
2.605504512787
2.537316799164
2.583335876465
2.529570817947
2.526650667191
2.582498073578
2.547198295593
2.686428070068
2.521558523178
2.552987337112
2.559979915619
2.490527629852
2.562779903412
2.472445964813
2.626531362534
2.461056947708
2.620824098587
2.421869754791
2.537705898285
2.394447088242
2.603897333145
2.456848859787
2.915038585663
2.678550481796
2.524567127228
2.574035406113
2.498363494873
2.459404945374
2.496704578400
2.515276670456
2.578806638718
2.568447351456
2.440479993820
2.460554838181
2.403530120850
2.480502367020
2.421745777130
2.622334957123
2.477715730667
2.578067779541
2.413789272308
2.433844089508
2.445376873016
2.545999050140
2.771468877792
2.654868125916
2.425885915756
2.450407266617
2.385422229767
2.528080463409
2.449331045151
2.602796077728
2.381286144257
2.419746398926
2.406290054321
2.411317825317
2.596916913986
2.536400794983
2.551642417908
2.408833026886
2.380031347275
2.364485740662
2.390251159668
2.440656900406
2.565992355347
2.478923797607
2.364509344101
2.436783790588
2.339136600494
2.650631904602
2.353407144547
2.475277185440
2.375552177429
2.338393211365
2.448038339615
2.419715404510
2.594539642334
2.444866180420
2.340545654297
2.364591598511
2.342792034149
2.458581924438
2.548195123672
2.391849040985
2.444153785706
2.298697948456
2.452181100845
2.319521427155
2.733875513077
2.321305513382
2.360690593719
2.331680297852
2.346104383469
2.463671684265
2.423666954041
2.363691329956
2.303504467010
2.308151721954
2.364172935486
2.470325946808
2.578737735748
2.374749183655
2.367646694183
2.438416481018
2.395232677460
2.457479000092
2.372050285339
2.294398307800
2.383645772934
2.276990175247
2.488626003265
2.249017238617
2.428079843521
2.244106292725
2.444875001907
2.274715423584
2.441032648087
2.314239025116
2.399632453918
2.371615886688
2.478481531143
2.327682495117
2.259711742401
2.280406713486
2.233118534088
2.400314569473
2.367825269699
2.593691110611
2.321612834930
2.236428499222
2.307114601135
2.217460870743
2.381679296494
2.257843732834
2.503902673721
2.314548969269
2.286587715149
2.269336700439
2.255627632141
2.360031604767
2.347809076309
2.359452724457
2.252967834473
2.274944305420
2.324212789536
2.308878660202
2.424870729446
2.217052221298
2.300871849060
2.163159847260
2.434256076813
2.213006496429
2.521414279938
2.214058876038
2.216517210007
2.300740957260
2.324536800385
2.532481670380
2.436612367630
2.255740165710
2.219700336456
2.180826425552
2.202513694763
2.188087701797
2.240536689758
2.340847015381
2.285840034485
2.267873764038
2.202797174454
2.242474079132
2.346020936966
2.260385274887
2.239443063736
2.169971466064
2.264713287354
2.148506402969
2.413405656815
2.147789478302
2.509636640549
2.181605815887
2.369445800781
2.352333307266
2.453584194183
2.351504564285
2.192949056625
2.165383577347
2.135025978088
2.172784566879
2.120684146881
2.264221429825
2.206042051315
2.434483766556
2.203250646591
2.178467273712
2.163473606110
2.217015266418
2.279034614563
2.372164964676
2.171802759171
2.138289690018
2.125011205673
2.141786575317
2.168776035309
2.456281661987
2.583991527557
2.391691684723
2.500875711441
2.293272733688
2.184309005737
2.140740156174
2.126888513565
2.116934299469
2.108534574509
2.100407361984
2.096593141556
2.090654373169
2.088724136353
2.085452556610
2.085800647736
2.107625961304
2.170735359192
2.465425491333
2.313351869583
2.260688304901
2.098071813583
2.263824224472
2.074307441711
2.424269199371
2.112275123596
2.259926557541
2.083904743195
2.172946929932
2.130937099457
2.345265626907
2.430972814560
2.261645317078
2.254855155945
2.129101514816
2.075227260590
2.086349248886
2.048938751221
2.098797798157
2.035818338394
2.213784933090
2.097825050354
2.385554313660
2.093788146973
2.162028074265
2.073106288910
2.282793045044
2.094628810883
2.226052522659
2.081942796707
2.085700988770
2.123729705811
2.198382854462
2.451830625534
2.109220027924
2.200395345688
2.012601852417
2.216197967529
2.019046545029
2.410667181015
2.055829286575
2.161050796509
2.021834850311
2.073129415512
2.042679071426
2.091643810272
2.204803943634
2.232327461243
2.362043380737
2.328045129776
2.190540790558
2.075239896774
2.050204753876
2.017153263092
2.037506818771
2.001072168350
2.095867156982
2.067295551300
2.399451732635
2.108782291412
2.134295940399
1.999863028526
2.136536836624
1.989444017410
2.404267311096
2.058423042297
2.200597763062
1.991587877274
2.131216526031
2.123266935349
2.398172616959
2.240619182587
2.070081233978
2.045495510101
1.997923374176
2.052431583405
1.984753131866
2.106893777847
2.028690338135
2.184865474701
2.113829135895
2.032104492188
2.079993486404
1.985939502716
2.066440820694
1.975260734558
2.087413549423
1.961867809296
2.103408813477
1.952001571655
2.178368568420
2.055838108063
2.322916507721
2.113129854202
2.082763910294
2.011222362518
1.976551175117
2.140949964523
1.985587954521
2.470170974731
2.001867055893
2.080797672272
1.946540594101
2.028887987137
1.946986794472
2.157310009003
1.998178243637
2.159047603607
1.993232011795
2.024782180786
1.994426369667
2.087110757828
2.058173656464
2.118659019470
1.965710878372
2.006939649582
1.914430022240
2.122265815735
1.931871652603
2.482650995255
2.026947975159
1.966495156288
2.092433214188
2.006702661514
2.233188629150
2.108145713806
2.030742645264
1.998639345169
2.023275375366
1.963533401489
2.056521892548
1.991723299026
2.077862262726
1.972802400589
1.954998254776
1.949806213379
1.959851980209
2.009546041489
2.056379556656
2.018043041229
1.974012136459
1.978592991829
1.957717418671
1.986329197884
2.054243326187
2.127179145813
2.127891063690
2.032080173492
1.913482189178
1.928846359253
1.880943775177
1.945989727974
1.849365234375
2.271552562714
2.089358806610
2.373751401901
2.073575019836
2.081901311874
1.880643010139
2.017747163773
1.867160439491
2.087961673737
1.888046026230
2.059567451477
1.907939910889
2.001726865768
1.953824996948
2.035079002380
2.074180841446
2.036238908768
1.977925300598
1.889703631401
1.918136835098
1.904987096786
1.979797601700
2.007036685944
2.093100786209
2.007343292236
1.914020538330
1.988755464554
1.925325393677
2.137314796448
2.018826246262
1.899862766266
1.977588653564
1.850130796432
2.101053476334
1.909672737122
2.377698659897
1.922476291656
1.904655933380
1.867925763130
1.951557159424
1.998367786407
2.327557325363
1.978068590164
2.130279541016
1.866881608963
1.938663244247
1.841078042984
2.005860805511
1.845166683197
2.077680826187
1.834138631821
2.006036520004
1.837252974510
2.081236362457
1.866968274117
2.075952053070
1.914153456688
1.967020273209
1.988814473152
2.028783798218
2.154904365540
1.965204596519
1.868512034416
1.871173381805
1.914568901062
1.879650235176
2.065408229828
1.875897645950
1.986627578735
1.798902511597
1.947529315948
1.790225982666
2.112876415253
1.828317403793
2.036134004593
1.796654701233
1.897823810577
1.806146502495
1.935130834579
2.025235891342
2.263412952423
1.989959716797
1.846206188202
1.854816794395
1.827482461929
1.895325303078
1.884808540344
2.159689188004
1.949095487595
2.043298006058
2.015861034393
1.855634927750
1.816014170647
1.817025661469
1.794407486916
1.819997072220
1.779396533966
1.884495496750
1.819669246674
2.359507083893
1.976968765259
1.866131901741
1.863924026489
1.812951087952
1.903348684311
1.882178544998
2.036109209061
2.018237113953
1.841622114182
1.870524048805
1.807970166206
1.910521507263
2.022030115128
2.195497989655
2.120029211044
1.896537065506
1.838727712631
1.786725521088
1.814779758453
1.754362583160
1.851286649704
1.724551081657
2.166823387146
1.850232839584
2.029472351074
1.802951216698
1.874323487282
1.800048470497
2.124818563461
1.887670278549
1.992879748344
1.754681110382
1.826890349388
1.741975784302
1.847951054573
1.765035748482
1.987561345100
1.872247695923
1.913516402245
1.821580529213
1.801890969276
1.908502697945
1.905968427658
2.071629285812
1.845246553421
1.909609198570
1.779540419579
1.974744200706
1.854813694954
1.933291435242
1.892850041389
1.831127643585
1.931735038757
1.784112572670
2.067685365677
1.734979391098
1.994511365891
1.751606464386
1.829901933670
1.765439033508
1.871755242348
1.807780861855
1.901946902275
1.777926683426
1.852028727531
1.750553011894
1.899482011795
1.789218902588
1.973739981651
1.778855681419
1.928911805153
1.781259894371
2.010330915451
1.877107143402
1.884420156479
1.852209806442
1.749481201172
1.868280053139
1.733859658241
2.153361082077
1.825488328934
1.866332292557
1.764130711555
1.770827651024
1.799608945847
1.854085922241
1.946900486946
1.879927635193
1.796313166618
1.846931934357
1.786074399948
1.941426515579
1.840204954147
1.791863679886
1.815047264099
1.705568194389
1.897691130638
1.718964815140
2.206216335297
1.899021983147
1.801877498627
1.780977249146
1.707781195641
1.863522052765
1.794797539711
2.102664709091
1.800898671150
1.776553153992
1.813120603561
1.758132934570
1.823675632477
1.857508659363
1.901824712753
1.843010663986
1.733324646950
1.767699718475
1.724264502525
1.868432641029
1.799567461014
1.930639505386
1.718875765800
1.763704061508
1.683631658554
1.850495457649
1.691154599190
2.118879318237
1.738257527351
1.816950798035
1.747273683548
1.777082204819
1.979185104370
1.954658508301
2.022399663925
1.741448163986
1.728795528412
1.685072660446
1.707645535469
1.692818880081
1.766107082367
1.826571106911
1.833042025566
1.813238382339
1.718859434128
1.811540603638
1.849539995193
1.910704851151
1.850662708282
1.707649111748
1.774107098579
1.696601748466
1.870251297951
1.742049217224
1.935477852821
1.787171125412
1.937402009964
1.721972942352
1.809303522110
1.668308615685
1.824235320091
1.648834943771
1.892307043076
1.639178395271
1.946374893188
1.662487506866
1.959229826927
1.720104455948
1.870225906372
1.743714570999
1.827913761139
1.729424118996
1.800934791565
1.700420975685
1.784173488617
1.714784026146
1.864881753922
1.751490831375
1.830569267273
1.696444034576
1.770543217659
1.716250896454
1.759839415550
1.899446964264
1.715059041977
1.877635717392
1.627958774567
1.872435450554
1.654508590698
1.953489422798
1.679293751717
1.738050699234
1.705164194107
1.747192740440
1.767243027687
1.775073051453
1.711438059807
1.757953166962
1.704413414001
1.955643653870
1.754002094269
1.946378707886
1.757546782494
1.684152960777
1.725430727005
1.716197490692
1.811789393425
1.865974187851
1.777830243111
1.682461142540
1.722581505775
1.664767026901
1.912197351456
1.716524362564
1.945308089256
1.627538084984
1.800379991531
1.630558013916
1.978428006172
1.668432354927
1.724788427353
1.647010684013
1.720822572708
1.716714859009
1.871080040932
1.743181467056
1.697723150253
1.680235743523
1.719951987267
1.718761444092
1.870414495468
1.789666056633
1.959032773972
1.795589923859
1.604608297348
1.862862825394
1.590540647507
1.934417009354
1.603955507278
1.768694043159
1.602751255035
1.769177436829
1.672922730446
1.812136173248
1.706296682358
1.695649981499
1.675197839737
1.783181786537
1.707167148590
1.855242848396
1.635376095772
1.678369522095
1.595753192902
1.756046652794
1.689729332924
2.000350713730
1.712921738625
1.636995434761
1.621036052704
1.622128129005
1.695438385010
1.786915898323
1.958982110023
1.672281384468
1.663112044334
1.584502458572
1.678046703339
1.580648660660
1.994359135628
1.780729770660
1.821981549263
1.651159048080
1.618253946304
1.665036439896
1.666813135147
1.922633886337
1.970543742180
1.775772333145
1.730042219162
1.628682732582
1.612122893333
1.583854079247
1.628940105438
1.589672207832
1.819743394852
1.634658694267
1.950279712677
1.596505284309
1.777340650558
1.681152105331
1.977144598961
1.620433807373
1.622801780701
1.587476372719
1.642485141754
1.783087015152
1.929175376892
1.865471482277
1.634717583656
1.617563486099
1.590354084969
1.674242854118
1.702944040298
1.781001448631
1.757542848587
1.638669371605
1.743510723114
1.726244568825
1.923836588860
1.959835886955
1.624511480331
1.774019241333
1.565974712372
1.683596611023
1.558130741119
1.840778350830
1.591246128082
1.813457012177
1.545187950134
1.668848276138
1.547395944595
1.710227966309
1.613755702972
1.775023818016
1.640740513802
1.598446369171
1.687054872513
1.630273461342
1.840925216675
1.613246560097
1.672046065331
1.602599143982
1.692748188972
1.781225204468
1.696151733398
1.637936592102
1.568289995193
1.611922860146
1.557280063629
1.778966069221
1.642320632935
1.872062206268
1.787646651268
1.647546052933
1.757691860199
1.548090934753
1.820280313492
1.565821647644
1.810868620872
1.538664460182
1.638453245163
1.555923461914
1.638411641121
1.747202634811
1.613130331039
1.744573712349
1.538313627243
1.599757075310
1.535945892334
1.749337077141
1.616769552231
1.862909436226
1.703740835190
1.589133262634
1.547566413879
1.633659839630
1.608051300049
1.901366710663
1.642443060875
1.723981499672
1.562882661819
1.626849889755
1.683709621429
1.812356233597
2.014209508896
1.641819000244
1.737158060074
1.542917728424
1.563159227371
1.534475207329
1.635956764221
1.659068822861
1.878846883774
1.690907955170
1.561118006706
1.577477693558
1.602316856384
1.689549088478
1.815111279488
1.646194934845
1.585320591927
1.571964263916
1.583187818527
1.769263029099
1.740886330605
1.725886583328
1.567884206772
1.504856586456
1.580642342567
1.469994306564
1.924724221230
1.552983403206
1.940532445908
1.573601245880
1.586440086365
1.574484467506
1.653728961945
1.630679488182
1.663785099983
1.559950232506
1.517775177956
1.627804517746
1.576662063599
1.896154522896
1.684460401535
1.541932106018
1.672157526016
1.541121244431
1.747805953026
1.589596271515
1.653456091881
1.640876173973
1.730438351631
1.738421559334
1.583485841751
1.558763146400
1.502603769302
1.554772019386
1.598424434662
1.742222666740
1.750251293182
1.641093969345
1.493396759033
1.547141432762
1.460525035858
1.786137819290
1.601752400398
2.095462560654
1.670824170113
1.532405853271
1.532313227654
1.547396421432
1.664702415466
1.883127450943
1.874828100204
1.612654209137
1.516044020653
1.579810023308
1.491740226746
1.717943310738
1.568558931351
1.754407048225
1.534538507462
1.589477777481
1.542009234428
1.654763698578
1.733074069023
1.750425934792
1.599614143372
1.521879196167
1.528674006462
1.526041865349
1.619906663895
1.578178524971
1.682690978050
1.482788681984
1.519189596176
1.443174719810
1.577073097229
1.446492910385
2.012214183807
1.671015024185
1.775000691414
1.660203933716
1.512371182442
1.582391381264
1.506730198860
1.689540266991
1.606945395470
1.616845726967
1.540558338165
1.508832812309
1.605424642563
1.599705219269
1.820553302765
1.617025852203
1.696594595909
1.515963435173
1.549953222275
1.578306317329
1.613205313683
1.829358816147
1.520664334297
1.692342758179
1.443239212036
1.648392200470
1.472135305405
1.794816970825
1.494693636894
1.595657467842
1.503084540367
1.560875773430
1.633954286575
1.642187356949
1.859034538269
1.680901169777
1.545475840569
1.632501482964
1.544727921486
1.669992446899
1.563472628593
1.592290520668
1.468892931938
1.540611386299
1.473994731903
1.578952550888
1.551078677177
1.629206657410
1.536409497261
1.541824579239
1.582857131958
1.603895545006
1.610619783401
1.503942966461
1.608222842216
1.460448980331
1.712592840195
1.474892854691
1.661362171173
1.456912279129
1.641240596771
1.461823821068
1.713676691055
1.450311303139
1.596046566963
1.466798901558
1.733312368393
1.461140632629
1.605783343315
1.478964805603
1.613215088844
1.609623193741
1.688475847244
1.630287408829
1.699266195297
1.804224491119
1.573577284813
1.476869583130
1.502341747284
1.469149589539
1.804475545883
1.671324372292
1.539484500885
1.455409526825
1.438998937607
1.464632511139
1.487364292145
1.698221564293
1.749137401581
1.640765547752
1.442408800125
1.477899074554
1.414038777351
1.579420089722
1.474197506905
1.779390573502
1.468595147133
1.471302509308
1.435699462891
1.470304250717
1.545390367508
1.749646544456
1.705379843712
1.519198417664
1.687596082687
1.462108373642
1.645482778549
1.430654764175
1.736351370811
1.517053365707
1.686273932457
1.444052100182
1.476644277573
1.428837060928
1.529551506042
1.590437769890
1.958588242531
1.962726116180
1.590267658234
1.538861036301
1.453670144081
1.466845512390
1.465993523598
1.591702699661
1.628190040588
1.614276885986
1.451798915863
1.435481429100
1.415304183960
1.464279413223
1.500187635422
1.818073868752
1.573684453964
1.475468873978
1.495412588120
1.459804534912
1.678862810135
1.571509122849
1.614003062248
1.545742034912
1.455117702484
1.630146503448
1.443574666977
1.697421073914
1.480670928955
1.612606287003
1.466840267181
1.488171577454
1.581444501877
1.598252773285
2.021749258041
1.568428516388
1.476435780525
1.467309951782
1.424539566040
1.503706336021
1.468941450119
1.792603850365
1.652192354202
1.508520603180
1.474574685097
1.466171503067
1.464721679688
1.559699296951
1.528329014778
1.617659687996
1.382547616959
1.546652913094
1.393252134323
1.826451301575
1.569556474686
1.715528011322
1.455404758453
1.502638101578
1.436692953110
1.593687415123
1.492488026619
1.632986068726
1.493142962456
1.467037439346
1.607158422470
1.511004686356
1.703192710876
1.489596366882
1.456540703773
1.432927012444
1.481796622276
1.538489937782
1.514564990997
1.784489393234
1.586434841156
1.523997306824
1.436238050461
1.443388700485
1.495940327644
1.501389145851
1.665526747704
1.504797935486
1.452111601830
1.434753179550
1.439557552338
1.532792329788
1.539493560791
1.555358171463
1.434702515602
1.486896872520
1.437376141548
1.709828615189
1.483596324921
1.647969245911
1.389918327332
1.594365119934
1.402436017990
1.718866705894
1.470947265625
1.607528090477
1.504257798195
1.538839697838
1.540450334549
1.448609471321
1.629011869431
1.430416345596
1.561139225960
1.399617195129
1.614398241043
1.385464549065
1.564897418022
1.393160700798
1.522912979126
1.528782129288
1.624430537224
1.881268501282
1.623422384262
1.442625999451
1.517883181572
1.430490374565
1.536658525467
1.509896278381
1.524017453194
1.537018537521
1.403715729713
1.532814383507
1.420396089554
1.626664400101
1.423106193542
1.461282610893
1.379905104637
1.405316114426
1.392782092094
1.407981872559
1.546972870827
1.549060821533
1.845511913300
1.513972640038
1.433277964592
1.455724477768
1.493849277496
1.592780470848
1.610052824020
1.389624357224
1.454501748085
1.385787963867
1.729008316994
1.566293120384
1.572500944138
1.380113720894
1.434889674187
1.574527144432
1.790523886681
1.642385005951
1.444011926651
1.466616392136
1.419940233231
1.555725812912
1.482053518295
1.596177816391
1.408534407616
1.456176400185
1.394819974899
1.489646196365
1.466921448708
1.461288213730
1.434939742088
1.398031592369
1.523158669472
1.475129246712
1.624501466751
1.568449616432
1.415558338165
1.541557431221
1.344767332077
1.791703224182
1.427724361420
1.542205810547
1.380215048790
1.511307239532
1.427788853645
1.674525737762
1.576015710831
1.498613953590
1.352229952812
1.430633664131
1.363003253937
1.580850601196
1.502568483353
1.621343255043
1.395648479462
1.385914921761
1.448126196861
1.475247979164
1.656690597534
1.488873243332
1.397450327873
1.387500047684
1.413787841797
1.493915557861
1.650317430496
1.567799925804
1.684268355370
1.474031686783
1.391328454018
1.446936368942
1.390035867691
1.620889067650
1.415270209312
1.680173635483
1.351585745811
1.416722059250
1.328603982925
1.449414730072
1.365172624588
1.630207419395
1.477300405502
1.586136102676
1.485246896744
1.393048405647
1.421832084656
1.360365629196
1.501687645912
1.434215068817
1.699742078781
1.596308231354
1.378033280373
1.387130379677
1.322347760201
1.535706162453
1.404146194458
1.727046608925
1.424964070320
1.348465681076
1.403174877167
1.346558690071
1.645706295967
1.436900854111
1.561705112457
1.399932384491
1.425019860268
1.523249387741
1.570714473724
1.543814778328
1.535603165627
1.465219020844
1.530482411385
1.403859972954
1.402914762497
1.371203422546
1.419700503349
1.487541556358
1.621487855911
1.575908780098
1.569609761238
1.417117118835
1.401608467102
1.317366957664
1.500306844711
1.348379135132
2.008331775665
1.532582879066
1.421813249588
1.433397173882
1.338691115379
1.486285924911
1.374834060669
1.578358054161
1.394819140434
1.449225306511
1.356960654259
1.474922776222
1.553623318672
1.522628545761
1.437777519226
1.379722356796
1.430677652359
1.538057565689
1.465312242508
1.354137063026
1.488794565201
1.369869947433
1.705115079880
1.503908514977
1.505674123764
1.396192789078
1.325582265854
1.481602430344
1.385473251343
1.792919516563
1.429947257042
1.421319961548
1.371402502060
1.453454613686
1.464429378510
1.598814725876
1.435812473297
1.369940161705
1.393047094345
1.371675372124
1.506099939346
1.391037464142
1.606132388115
1.332201957703
1.472203254700
1.373880505562
1.577619791031
1.412728548050
1.501131892204
1.369944453239
1.464919567108
1.391163349152
1.416675567627
1.310822963715
1.425875663757
1.375657677650
1.561301350594
1.565610766411
1.439966440201
1.496252775192
1.349362611771
1.477777957916
1.402819991112
1.601536870003
1.587400913239
1.542543768883
1.483395695686
1.294537782669
1.521304488182
1.370888352394
1.628222942352
1.378358244896
1.478719472885
1.390682458878
1.454132795334
1.575384378433
1.448192954063
1.427384614944
1.344078302383
1.395584702492
1.356801390648
1.549963355064
1.379719018936
1.514620184898
1.338304877281
1.424706101418
1.345054507256
1.472513198853
1.370857954025
1.556693673134
1.350870132446
1.662557840347
1.316089630127
1.459672093391
1.279538631439
1.516131043434
1.369811415672
1.529019594193
1.409038662910
1.408978223801
1.434399604797
1.361022353172
1.541783690453
1.380774974823
1.497524023056
1.417217135429
1.493717193604
1.696978688240
1.518332719803
1.355579495430
1.361550807953
1.366400480270
1.719336986542
1.712028861046
1.434512257576
1.344960451126
1.296784043312
1.328132152557
1.320565104485
1.412481188774
1.560124635696
1.414228916168
1.595111250877
1.285094499588
1.346968293190
1.275171160698
1.489394903183
1.468278884888
1.646308898926
1.483493566513
1.321490526199
1.385314702988
1.305256128311
1.484407186508
1.346487641335
1.528365492821
1.381408691406
1.494614839554
1.360899806023
1.454387903214
1.300354599953
1.456355810165
1.297672152519
1.567650079727
1.314565420151
1.430014133453
1.266429066658
1.401750206947
1.341326713562
1.685224771500
1.570915102959
1.371571063995
1.405254364014
1.360922574997
1.497299671173
1.343587040901
1.393672943115
1.275601625443
1.434674739838
1.374893903732
1.564903736115
1.435089826584
1.385814189911
1.684248089790
1.463630676270
1.407984495163
1.376869440079
1.524823069572
1.437995314598
1.437381505966
1.349560260773
1.322736263275
1.333444356918
1.330610513687
1.416853904724
1.354995012283
1.516984820366
1.335785031319
1.648646235466
1.341017723083
1.463518619537
1.344839811325
1.437305688858
1.363898754120
1.344294428825
1.322877645493
1.326210498810
1.377874612808
1.444501757622
1.454632639885
1.382050991058
1.342503190041
1.334610462189
1.327578067780
1.500145077705
1.400325894356
1.614876508713
1.475997686386
1.428206801414
1.613283753395
1.389978051186
1.537600755692
1.373814821243
1.540596842766
1.477034568787
1.361803412437
1.309539437294
1.300075531006
1.325833320618
1.394988775253
1.414396524429
1.472060441971
1.330005288124
1.328563094139
1.281832456589
1.426192402840
1.325118899345
1.525529742241
1.319938421249
1.410780191422
1.418543100357
1.414945960045
1.515930294991
1.335222244263
1.415945529938
1.356611490250
1.568482875824
1.467945814133
1.288696765900
1.387152910233
1.270310878754
1.823852181435
1.415772557259
1.420771241188
1.272763729095
1.311549425125
