4.123479843140
4.119590759277
4.115852355957
4.112228870392
4.108642578125
4.105063915253
4.101483345032
4.097878456116
4.094240188599
4.090426445007
4.086554527283
4.082652568817
4.078719615936
4.074788093567
4.070892810822
4.067024230957
4.063098430634
4.059118747711
4.055028915405
4.050895214081
4.046559810638
4.042193412781
4.037785530090
4.033329486847
4.028774738312
4.024102210999
4.019217491150
4.014195442200
4.008973598480
4.003414154053
3.997620344162
3.991487503052
3.985027074814
3.978197097778
3.970871925354
3.963127374649
3.954860210419
3.946108341217
3.936328887939
3.926201820374
3.916264533997
3.905851125717
3.894558906555
3.883879184723
3.872991561890
3.862107753754
3.851051330566
3.841077327728
3.830500841141
3.820133447647
3.811783313751
3.800616741180
3.794042110443
3.781533002853
3.779630661011
3.762088298798
3.789673089981
3.787251949310
4.167158603668
3.762941360474
3.758137702942
3.748239994049
3.738100767136
3.728000640869
3.718872547150
3.710575819016
3.703063964844
3.696825027466
3.687803030014
3.684226036072
3.674240112305
3.679126024246
3.658762931824
3.744248151779
3.815268993378
4.170674324036
3.764531373978
3.726452350616
3.690137624741
3.661466598511
3.645053386688
3.637055397034
3.632627010345
3.628432750702
3.622938156128
3.619291782379
3.612439155579
3.612426519394
3.602453470230
3.606923103333
3.594751834869
3.602306842804
3.583400964737
3.615950584412
3.593143939972
3.837692737579
3.749747276306
3.700965881348
3.635622501373
3.597934722900
3.579407215118
3.570199966431
3.566297292709
3.558727025986
3.557559967041
3.551510095596
3.548798084259
3.543909072876
3.538856983185
3.536968946457
3.529388904572
3.531393051147
3.520677089691
3.525233983994
3.512373924255
3.521572589874
3.502039670944
3.535804510117
3.515444278717
3.797101497650
3.735826730728
3.619149923325
3.574898004532
3.535128116608
3.508491992950
3.494697570801
3.486814498901
3.480693817139
3.477408885956
3.472511291504
3.463824272156
3.461573600769
3.453846931458
3.454340457916
3.446424961090
3.446644067764
3.435410976410
3.439895629883
3.423847675323
3.443099737167
3.413466930389
3.548956871033
3.621034145355
3.802048921585
3.496972084045
3.453298807144
3.431275367737
3.420338630676
3.410658836365
3.401450872421
3.396316289902
3.391051054001
3.396144866943
3.417741775513
3.487686634064
3.557071208954
3.427258253098
3.435377120972
3.354853630066
3.478107929230
3.386262893677
3.485924005508
3.356031179428
3.393970489502
3.327765941620
3.357729434967
3.312738895416
3.356357812881
3.304965019226
3.431790828705
3.388161897659
3.530838727951
3.331767797470
3.332584857941
3.301163196564
3.308720588684
3.315203666687
3.416275978088
3.386031389236
3.444461822510
3.303822517395
3.360991477966
3.258958101273
3.366183519363
3.260112285614
3.358954906464
3.254680633545
3.335090637207
3.242679357529
3.334661483765
3.248861789703
3.370428800583
3.249381542206
3.305814266205
3.222302436829
3.283601760864
3.205571174622
3.317156076431
3.208319902420
3.334856748581
3.214634418488
3.297863960266
3.196310520172
3.270233631134
3.196463584900
3.306266784668
3.234745979309
3.286891460419
3.165394306183
3.205250978470
3.130398273468
3.218208789825
3.135460853577
3.398917913437
3.310630321503
3.410264968872
3.251730680466
3.162091016769
3.141161918640
3.130284309387
3.122617006302
3.118088006973
3.113893985748
3.107882976532
3.107459068298
3.099591732025
3.100272178650
3.091286659241
3.090292930603
3.085891723633
3.080229759216
3.078022003174
3.069273948669
3.084643363953
3.098547458649
3.572371006012
3.252037048340
3.252409934998
3.167034626007
3.163449287415
3.072483301163
3.098718166351
3.034019947052
3.127023220062
3.036518573761
3.303932666779
3.068928956985
3.144632577896
3.083153247833
3.091825008392
3.062257051468
3.093224048615
3.063106536865
3.210497856140
3.039874792099
3.059067964554
3.006323575974
3.064605474472
3.021085739136
3.156713008881
3.033412218094
3.111796379089
2.996678829193
3.100021123886
2.979044914246
3.128981590271
2.995671033859
3.156979560852
3.007896184921
3.088250398636
2.964003562927
3.099369287491
2.951635837555
3.069567203522
2.946547985077
3.047159433365
2.949498176575
3.041552543640
2.996083498001
3.029841899872
3.316968441010
2.998273372650
2.982891559601
2.963009834290
2.949594974518
2.993984222412
2.982157707214
3.072594165802
2.923425197601
3.027064800262
2.865792274475
3.078249692917
2.871318578720
3.053127288818
2.895147085190
3.040436506271
3.088826179504
3.098716974258
2.958314418793
2.912538528442
2.870567083359
2.912332773209
2.849032402039
2.986910343170
2.857577085495
3.025444746017
2.831990957260
2.916878461838
2.852843284607
2.885405540466
2.986353874207
2.951711654663
3.158258438110
3.109390974045
2.854046106339
2.904791355133
2.818276643753
2.897687435150
2.815703392029
2.997149944305
2.831344604492
2.950543403625
2.799329519272
2.857297420502
2.784462690353
2.866801261902
2.897185802460
3.106269359589
3.163680315018
3.066473722458
2.855807304382
2.855033874512
2.785317897797
2.830544948578
2.758082151413
2.871253013611
2.761522293091
2.946955204010
2.757304191589
2.847506046295
2.752292156219
2.810587406158
2.823092460632
2.839793205261
2.872073173523
2.804549694061
2.865019559860
2.965204715729
3.090326309204
2.857551097870
2.782839059830
2.751768589020
2.728142261505
2.740117549896
2.702466726303
2.785938501358
2.700537919998
3.181771755219
2.828530311584
2.814455032349
2.773717403412
2.765046119690
2.840250015259
2.875731468201
2.850465774536
2.814159870148
2.710872650146
2.783935785294
2.715793609619
2.788088560104
2.735561370850
2.783255577087
2.769324779510
2.732344388962
2.769121170044
2.695244312286
2.798833847046
2.757913112640
2.859866857529
2.858382463455
2.730389833450
2.688661336899
2.641985893250
2.727111816406
2.634636878967
3.020013332367
2.727811336517
2.746439695358
2.676093578339
2.645290851593
2.667894363403
2.702371835709
2.865875959396
2.960162401199
2.795459270477
2.791651248932
2.663891315460
2.662606239319
2.639420509338
2.646867752075
2.652749061584
2.666775226593
2.718703031540
2.672926902771
2.794276237488
2.657325983047
2.700385808945
2.827030420303
2.759371280670
2.779567718506
2.607456684113
2.642432451248
2.574472904205
2.663277626038
2.613357782364
2.749011516571
2.624960422516
2.686373710632
2.670327186584
2.619123697281
2.641409873962
2.631238937378
2.655108928680
2.685328483582
2.621667861938
2.658849239349
2.572364330292
2.653457164764
2.628000974655
2.673990249634
2.692365407944
2.597802400589
2.596961975098
2.628457546234
2.712431907654
2.741076946259
2.722285747528
2.540154218674
2.628510713577
2.515586137772
2.656838893890
2.512039422989
2.732759475708
2.554867267609
2.713533401489
2.564100742340
2.658350229263
2.542596817017
2.597612619400
2.589686393738
2.668755054474
2.718405246735
2.612678289413
2.632359266281
2.533419609070
2.579670906067
2.511364459991
2.601360559464
2.534289360046
2.610203742981
2.525744438171
2.521918773651
2.504028797150
2.503656387329
2.543323278427
2.589308500290
2.788044929504
2.734199762344
2.636541366577
2.486595630646
2.523951768875
2.496785879135
2.532411813736
2.584244012833
2.592481613159
2.661551237106
2.522021293640
2.472010135651
2.480767726898
2.481433391571
2.524523735046
2.593186140060
2.585586071014
2.578246355057
2.455535173416
2.502295017242
2.418772220612
2.726078271866
2.555311203003
2.700568914413
2.560937881470
2.456392765045
2.499544858932
2.504096269608
2.636451721191
2.604946374893
2.530451059341
2.464342832565
2.443548679352
2.500955581665
2.520986557007
2.628041267395
2.477975130081
2.448793411255
2.412019729614
2.408086776733
2.444885730743
2.451429843903
2.661919116974
2.484760999680
2.472295761108
2.426409721375
2.497767448425
2.601203203201
2.530446767807
2.507447004318
2.394774675369
2.451921939850
2.372958183289
2.561259031296
2.453062057495
2.482014179230
2.369477987289
2.391348361969
2.432415008545
2.469313144684
2.677462577820
2.566981315613
2.390140771866
2.404036045074
2.423802852631
2.523994207382
2.612527608871
2.423987865448
2.393524408340
2.344692945480
2.442038774490
2.334619998932
2.519416809082
2.292509317398
2.379375934601
2.301515102386
2.472788810730
2.404650211334
2.677090644836
2.429339408875
2.434742689133
2.478046417236
2.520159721375
2.459593057632
2.431501626968
2.376875638962
2.399196147919
2.419197797775
2.452783346176
2.439123868942
2.352083444595
2.414069175720
2.339191198349
2.430814266205
2.342756032944
2.412718296051
2.384159564972
2.434496402740
2.553141355515
2.428205966949
2.321511983871
2.327970027924
2.312346935272
2.432605028152
2.434631109238
2.659884452820
2.399930477142
2.353334188461
2.300377607346
2.339681863785
2.314980745316
2.393467187881
2.388953447342
2.344504594803
2.337995290756
2.260297775269
2.399714708328
2.302053451538
2.546393871307
2.399492740631
2.343681812286
2.312235593796
2.353728532791
2.403951168060
2.355775356293
2.298388481140
2.260604619980
2.315531730652
2.344952106476
2.420426845551
2.465583324432
2.309942245483
2.304919958115
2.300288677216
2.434841156006
2.471958160400
2.545032024384
2.275587797165
2.295728683472
2.232649803162
2.276968479156
2.216681718826
2.356151103973
2.264756202698
2.469673871994
2.233415603638
2.320264101028
2.250820159912
2.418888092041
2.248373985291
2.290375471115
2.243068218231
2.251306772232
2.309087514877
2.265417814255
2.380213975906
2.263531208038
2.337484836578
2.366810798645
2.445810556412
2.624002218246
2.306009531021
2.243555545807
2.209338188171
2.211354732513
2.203232288361
2.210938692093
2.250968933105
2.304826974869
2.372816562653
2.249806404114
2.270433902740
2.176623821259
2.328733205795
2.220942020416
2.475748777390
2.170126676559
2.213991880417
2.164463043213
2.208186626434
2.228865146637
2.490627527237
2.691322326660
2.680090427399
2.279083728790
2.253940105438
2.218163728714
2.204509496689
2.187578201294
2.177164554596
2.169970512390
2.163759708405
2.158798933029
2.153890609741
2.153412580490
2.145254611969
2.158201694489
2.149517536163
2.296498775482
2.430454254150
2.507048368454
2.387617588043
2.202600240707
2.240092039108
2.254801034927
2.315047502518
2.307030916214
2.203835725784
2.194036483765
2.151845932007
2.265088081360
2.255292415619
2.540232419968
2.323560953140
2.325587987900
2.188405990601
2.154019594193
2.132447242737
2.131129026413
2.120209217072
2.143137693405
2.142584085464
2.241741180420
2.161302328110
2.183011054993
2.191078424454
2.163731098175
2.317689895630
2.240939140320
2.247382164001
2.181759595871
2.131494045258
2.224201202393
2.254554748535
2.571348190308
2.294192790985
2.135050296783
2.181397438049
2.123531579971
2.271648883820
2.222347974777
2.256874322891
2.158845186234
2.121893405914
2.118297576904
2.096710443497
2.178603887558
2.113453388214
2.347479581833
2.145884752274
2.368639469147
2.234571695328
2.127516746521
2.080837249756
2.081227302551
2.080754756927
2.075493097305
2.131617546082
2.180676460266
2.415209293365
2.284708976746
2.152384996414
2.130312681198
2.080733776093
2.214920759201
2.170036792755
2.265887022018
2.215011119843
2.116710186005
2.142444372177
2.217431545258
2.469805002213
2.256956100464
2.125200986862
2.057002067566
2.100576877594
2.040713787079
2.110275030136
2.041252851486
2.159956693649
2.070510149002
2.175216436386
2.083772659302
2.118864297867
2.078894853592
2.093611478806
2.105555057526
2.091554641724
2.118234395981
2.075107574463
2.116707086563
2.130329847336
2.204803466797
2.352052211761
2.252431154251
2.070658206940
2.087655305862
2.043293952942
2.182860136032
2.163618564606
2.348048210144
2.283943653107
2.045248985291
2.100528240204
2.002003431320
2.129897117615
2.018037796021
2.202579259872
2.052522659302
2.097317457199
2.047547101974
2.046677827835
2.162117719650
2.093552112579
2.228466510773
2.031401395798
2.071269989014
2.027880907059
2.095625877380
2.172628879547
2.277476549149
2.229303359985
2.117100238800
2.056174993515
2.145963907242
2.101963043213
2.189026832581
2.061692237854
2.112783432007
1.989194035530
2.093186855316
2.006536960602
2.116368770599
2.043002128601
2.044299125671
1.995149850845
2.004368543625
2.041537284851
2.051395177841
2.154516696930
2.016271829605
2.043556213379
2.000676155090
2.032359123230
2.046775341034
2.118051528931
2.251128435135
2.250888824463
2.078153371811
1.974060177803
1.979795217514
1.961647152901
1.974618434906
1.991704702377
2.143739461899
2.392189502716
2.367679834366
2.232210397720
1.989604711533
2.048569917679
1.946846008301
2.051730632782
1.946334123611
2.071238279343
1.955959439278
2.055478572845
1.973365783691
2.036522865295
2.077587842941
2.031474590302
2.212974071503
2.009742498398
2.009016036987
1.968610286713
2.000241041183
2.054145574570
2.081279277802
2.180901765823
1.963222026825
2.011781454086
1.920312643051
2.063566446304
1.989372968674
2.082967758179
1.989666223526
1.990741014481
1.995247125626
2.039084911346
2.141889810562
2.226390600204
2.005865573883
1.978238344193
1.935224533081
2.031338930130
2.084454774857
2.396989583969
2.239353656769
1.979426860809
1.995483398438
1.940846681595
1.981436014175
1.952404379845
2.030740261078
1.986406564713
1.997532725334
1.957224130630
2.007259607315
2.055185317993
2.015471935272
2.091041564941
1.979286670685
2.037369728088
1.983256220818
2.198264360428
1.998158574104
1.971267461777
1.951816678047
1.939209699631
1.972911834717
1.988895893097
2.054466009140
2.032093524933
1.959666252136
1.939606189728
1.899774312973
2.003506422043
1.937624216080
2.091036319733
1.917111873627
1.937583565712
1.893651723862
1.893772602081
1.994457483292
1.981232881546
2.462071895599
1.938525199890
1.926231622696
1.889277696609
1.917440891266
1.914549827576
2.047880411148
2.146994352341
2.193895101547
2.141701459885
1.986558437347
1.924530744553
1.878059864044
1.875688076019
1.868309140205
1.866859674454
1.872435331345
1.880601882935
1.981708526611
2.111655235291
2.043994665146
1.994360685349
1.840021848679
1.960038900375
1.837984085083
2.070024490356
1.883654356003
2.132018804550
1.917530775070
1.906426906586
1.893972754478
1.949550747871
2.099782705307
2.375503778458
2.066711902618
1.923540115356
1.857652664185
1.868134975433
1.845115303993
1.862883806229
1.841240644455
1.917254090309
1.949320912361
2.133248329163
1.999796271324
1.917194843292
1.858046054840
1.998703479767
1.966418504715
2.146853208542
2.016528606415
1.866545200348
1.859753608704
1.838873147964
1.881172418594
1.865349411964
2.033074140549
1.939871430397
2.031682968140
1.857506871223
1.896898746490
1.945493459702
2.025327682495
2.114229440689
1.987451195717
1.871234774590
1.905767917633
1.849501967430
1.949712157249
1.855786323547
1.943042635918
1.904970765114
1.941625118256
1.996247291565
1.978269338608
1.968816518784
1.871239185333
1.885819435120
1.869042754173
1.879956960678
1.920901179314
1.916296362877
1.922335863113
1.874176025391
1.886794924736
1.868229150772
1.912358880043
1.968564033508
1.964660763741
1.952705383301
1.879378914833
1.930155038834
1.877153038979
2.021442890167
1.851362824440
1.941299200058
1.841531515121
1.892633795738
1.939976692200
1.978257060051
2.074921369553
1.898499488831
1.848454713821
1.824878096581
1.865466594696
1.868957757950
2.009980678558
1.803521871567
1.935650467873
1.764300227165
1.956942319870
1.791080236435
1.983194351196
1.819262027740
1.894117593765
1.825249671936
1.882349014282
1.956670522690
2.009052276611
2.006369829178
1.860968947411
1.791462540627
1.826854825020
1.820407152176
1.992029309273
1.987403750420
1.982929944992
1.888720273972
1.807888746262
1.864879131317
1.814870476723
1.962988376617
1.876390576363
1.880487322807
1.816026091576
1.774560570717
1.854667901993
1.822650909424
2.004039049149
1.911870241165
1.838945984840
1.803427457809
1.794332504272
1.857267141342
1.848037719727
2.027301073074
1.847068905830
1.898565292358
1.777417182922
1.924070596695
1.885713219643
2.152201175690
1.943996191025
1.850003361702
1.780730247498
1.768653750420
1.767446279526
1.777965784073
1.833824396133
1.910706043243
1.932630062103
1.878364801407
1.775138616562
1.885374665260
1.832198143005
2.041295289993
1.740248799324
1.858340263367
1.728801369667
1.891993284225
1.752490878105
1.982185959816
1.857354402542
1.932576417923
1.930569767952
1.826917648315
1.848025083542
1.784641146660
1.851936459541
1.813885569572
1.844752550125
1.882306218147
1.802994489670
1.888641595840
1.807161927223
1.889036417007
1.802753210068
1.856276988983
1.855292439461
1.831964850426
1.841355085373
1.785826683044
1.773185729980
1.810023903847
1.745150804520
1.879937171936
1.713719606400
1.866503238678
1.715941786766
1.897583127022
1.750292301178
2.057639598846
1.800198078156
1.906063318253
1.816892743111
1.776960968971
1.895597457886
1.850426793098
1.858442068100
1.799543142319
1.806592226028
1.830868244171
1.852009296417
1.836981534958
1.817378044128
1.745033144951
1.868396520615
1.817796468735
1.952341556549
1.816691160202
1.846860170364
1.795887589455
1.777684211731
1.786036610603
1.865956664085
1.819615364075
1.854778885841
1.698553204536
1.812332868576
1.727240562439
1.953810214996
1.820030689240
1.880504369736
1.770825505257
1.758578062057
1.868423938751
1.819931983948
1.872186779976
1.773326516151
1.745122075081
1.786283731461
1.776712179184
1.904173016548
1.751504898071
1.784805893898
1.763610005379
1.774849653244
1.869611024857
1.809737324715
2.009529113770
1.782321929932
1.802406072617
1.783240079880
1.779346704483
1.828637838364
1.814507365227
1.814090847969
1.758079528809
1.734453439713
1.816704392433
1.752015829086
1.939765930176
1.732072472572
1.798458814621
1.733983278275
1.759894728661
1.832655310631
1.721273660660
1.774944663048
1.661051034927
1.759757995605
1.696433782578
1.910139441490
1.868288040161
1.749155759811
1.695713520050
1.679067015648
1.712816119194
1.741513490677
1.957962393761
2.002848863602
1.831815481186
1.706549048424
1.686692595482
1.677594423294
1.743216633797
1.815299868584
1.996388435364
1.815114021301
1.725936889648
1.739693760872
1.658106565475
1.840306282043
1.745629787445
2.081789493561
1.886258602142
1.773668289185
1.710862398148
1.666424512863
1.686698436737
1.662759423256
1.748063683510
1.760815858841
1.894429683685
1.786766052246
1.718783378601
1.768900871277
1.876193165779
1.991763949394
1.719547271729
1.686187505722
1.667830348015
1.742816448212
1.797264337540
2.075211286545
1.780144572258
1.687679409981
1.661075115204
1.674894452095
1.693923115730
1.803818941116
1.799801349640
1.698520660400
1.765587091446
1.659367561340
1.902082204819
1.800876498222
2.010117053986
1.850173950195
1.715364694595
1.707361459732
1.695227861404
1.722092628479
1.806163072586
1.762001991272
1.791833400726
1.660843253136
1.703852295876
1.661942243576
1.751839160919
1.716970324516
1.833083033562
1.648640275002
1.714475631714
1.654054641724
1.818924188614
1.731100201607
1.803592801094
1.690692663193
1.693541526794
1.769163846970
1.782359361649
1.809671998024
1.623785018921
1.706712722778
1.603190898895
1.725230932236
1.653573632240
1.801333665848
1.794250011444
1.772039651871
1.883527040482
1.722755670547
1.732090353966
1.800680398941
1.737289905548
1.810375571251
1.645003795624
1.705556154251
1.622355699539
1.775329589844
1.722499132156
1.856044530869
1.673317313194
1.662069201469
1.636868715286
1.664655685425
1.761244058609
1.729181289673
1.812518954277
1.681769251823
1.633405923843
1.622661948204
1.658483266830
1.766886949539
1.744332790375
1.830347299576
1.643347859383
1.705890417099
1.692599654198
1.769842386246
2.067117929459
1.828277111053
1.781219005585
1.687441110611
1.598691344261
1.652836203575
1.590409159660
1.759984016418
1.666769742966
2.027717113495
1.653730034828
1.647226214409
1.626243591309
1.660457730293
1.811227679253
1.817259073257
1.838815331459
1.697348356247
1.603374958038
1.723721742630
1.708763360977
1.918464660645
1.647840738297
1.622272253036
1.605506658554
1.605912327766
1.659708261490
1.732446193695
1.884822726250
1.806267023087
1.687581658363
1.674777030945
1.655318617821
1.781316280365
1.710333108902
1.699872136116
1.592963576317
1.611222147942
1.607913494110
1.700064659119
1.708788275719
1.720891475677
1.691257834435
1.601142883301
1.760042667389
1.620577573776
1.785352468491
1.610169768333
1.758416175842
1.804052114487
1.834290266037
1.712517261505
1.597938418388
1.585983395576
1.609524488449
1.637130379677
1.847183704376
1.728075265884
1.681091785431
1.577121734619
1.586491823196
1.612047195435
1.689110159874
1.926920294762
1.975947141647
1.773782134056
1.573782444000
1.628431677818
1.579229950905
1.790583848953
1.822671890259
1.950081586838
1.696227550507
1.632157564163
1.601723074913
1.634881496429
1.659089326859
1.729211807251
1.762207865715
1.622963666916
1.700845479965
1.590507030487
1.793740987778
1.636663556099
1.881951808929
1.584527850151
1.634425163269
1.533289909363
1.683476567268
1.541568756104
1.807762622833
1.551261067390
1.630076527596
1.536942005157
1.573557257652
1.551514744759
1.662405490875
1.792469024658
1.895043015480
1.954702854156
1.622484445572
1.618678092957
1.569130539894
1.624648571014
1.634363412857
1.694930195808
1.642463803291
1.616418123245
1.575372815132
1.686278820038
1.676129102707
1.840775489807
1.738197565079
1.710809826851
1.639082789421
1.549351930618
1.705435037613
1.669047832489
1.876005649567
1.719380974770
1.569707632065
1.636343002319
1.539471864700
1.769900083542
1.617254853249
1.718056559563
1.666105270386
1.564440250397
1.718049883842
1.588198661804
1.852987766266
1.720707058907
1.721610307693
1.688569068909
1.655596256256
1.637747883797
1.666732072830
1.634245395660
1.625231027603
1.547548770905
1.612199902534
1.554986476898
1.684594988823
1.633979558945
1.771336317062
1.619212985039
1.623659133911
1.617698907852
1.607708692551
1.654255151749
1.544094324112
1.631667852402
1.577821493149
1.687288522720
1.649919509888
1.600215435028
1.642683029175
1.544562816620
1.703513979912
1.568210721016
1.640844225883
1.588205456734
1.627826452255
1.771054506302
1.635729551315
1.591994404793
1.627834558487
1.638008832932
1.772296428680
1.748682379723
1.794852733612
1.654540061951
1.898041725159
1.650336146355
1.589968681335
1.532435417175
1.584894657135
1.637168884277
1.647416234016
1.538575410843
1.500750780106
1.515064716339
1.537629842758
1.598102807999
1.790911674500
1.812024831772
1.629012584686
1.545183062553
1.509391546249
1.557128429413
1.543896436691
1.720841169357
1.647478342056
1.638117074966
1.495098590851
1.549695014954
1.503543734550
1.625310540199
1.724072456360
1.600258231163
1.775308489799
1.567110180855
1.718515634537
1.605733275414
1.610054612160
1.767450690269
1.668907284737
1.766587138176
1.533743619919
1.557193517685
1.536125183105
1.567700386047
1.749904751778
1.793566346169
2.002999544144
1.781322002411
1.614839315414
1.550669789314
1.547591924667
1.555333852768
1.636582970619
1.649159431458
1.611049890518
1.510498642921
1.500008225441
1.517161846161
1.515281796455
1.685517191887
1.762378811836
1.814704895020
1.623741149902
1.505144715309
1.624190449715
1.530940055847
1.763781309128
1.506289839745
1.680934429169
1.511427164078
1.696715950966
1.589051604271
1.658795833588
1.641196727753
1.553677558899
1.582140207291
1.509422421455
1.652445316315
1.677294850349
1.919531583786
1.732762694359
1.594504833221
1.545779705048
1.533622503281
1.535482168198
1.604288220406
1.665997982025
1.674577593803
1.633685588837
1.496317028999
1.576354265213
1.524753093719
1.637679696083
1.641457200050
1.633901834488
1.530781984329
1.516418099403
1.646548748016
1.634718894958
1.900165200233
1.617016553879
1.489600181580
1.609564423561
1.492147564888
1.728347301483
1.527168035507
1.770963191986
1.530632615089
1.591493844986
1.572291016579
1.590261220932
1.633286476135
1.521648883820
1.551149964333
1.487743496895
1.625812053680
1.545172691345
1.740061044693
1.589227080345
1.791527271271
1.572866201401
1.485781192780
1.556857824326
1.486253023148
1.684341430664
1.560303092003
1.721962332726
1.531568527222
1.518584609032
1.520351409912
1.561914443970
1.609931230545
1.561300277710
1.520108103752
1.535176753998
1.602894902229
1.650578022003
1.657554268837
1.608160257339
1.501118183136
1.610674619675
1.559026122093
1.640038013458
1.674022912979
1.649655342102
1.697688221931
1.609033703804
1.544440865517
1.581539511681
1.492943882942
1.621244430542
1.476577997208
1.649458885193
1.525693655014
1.613116025925
1.555668592453
1.544675350189
1.610195636749
1.544919967651
1.847824454308
1.642845630646
1.672368884087
1.609427809715
1.509665846825
1.606485724449
1.547869324684
1.587935328484
1.583986759186
1.510406374931
1.520910143852
1.519067525864
1.604122519493
1.628000974655
1.561663866043
1.534147143364
1.467259883881
1.500088453293
1.467231512070
1.529443621635
1.549361348152
1.679394960403
1.644556879997
1.472311139107
1.549369931221
1.447721958160
1.677676916122
1.496170878410
1.768138170242
1.493094205856
1.507360816002
1.579048752785
1.646802902222
1.815687537193
1.539054036140
1.485698699951
1.470048427582
1.701060533524
1.740246415138
1.652743101120
1.565864801407
1.492400407791
1.579021692276
1.562793016434
1.655954241753
1.652587175369
1.481209039688
1.584833383560
1.427961826324
1.654313564301
1.456531047821
1.646064519882
1.423336744308
1.557555317879
1.479530572891
1.600472569466
1.638336300850
1.563495159149
1.670274972916
1.489447116852
1.626098275185
1.585270643234
1.647855043411
1.637490749359
1.472601532936
1.582948088646
1.492397904396
1.655124664307
1.595361232758
1.482475161552
1.493909955025
1.440511703491
1.557275891304
1.533708095551
1.715135216713
1.589603781700
1.440043091774
1.489664077759
1.493040204048
1.635628938675
1.667831182480
1.597518563271
1.482265830040
1.474444627762
1.550411939621
1.579611420631
1.795941352844
1.736078023911
1.529352188110
1.611224889755
1.440116047859
1.572920560837
1.508945465088
1.627641081810
1.633348822594
1.499925017357
1.505099892616
1.418071746826
1.496946692467
1.439112544060
1.588740825653
1.561761975288
1.632975816727
1.575215935707
1.485963821411
1.522124290466
1.460347652435
1.516538739204
1.540676474571
1.591376781464
1.744172573090
1.525109291077
1.491359353065
1.435303449631
1.480473995209
1.474827051163
1.657957315445
1.544168472290
1.579607605934
1.415477991104
1.479121088982
1.453509926796
1.580417394638
1.557533264160
1.514978647232
1.488588452339
1.535117149353
1.600636482239
1.720315814018
1.702345013618
1.523074269295
1.607694983482
1.493542075157
1.553992033005
1.419687390327
1.480167627335
1.467865705490
1.517676949501
1.714326143265
1.517572999001
1.720092535019
1.404776573181
1.540440440178
1.402912378311
1.517437815666
1.559950828552
1.744185447693
1.734605073929
1.586429238319
1.444415330887
1.482769489288
1.453965544701
1.573124885559
1.517392039299
1.566567540169
1.510005593300
1.440728187561
1.585201263428
1.555739760399
1.593558549881
1.466496229172
1.404861927032
1.587947130203
1.452068448067
1.675499439240
1.477818965912
1.499976158142
1.578100919724
1.574196338654
1.706872940063
1.413883090019
1.490201473236
1.419446468353
1.541324973106
1.552424550056
1.798291921616
1.629890322685
1.496827840805
1.459306836128
1.459907174110
1.544687867165
1.480921030045
1.521004199982
1.420927047729
1.507139921188
1.490278482437
1.529007434845
1.599951744080
1.437221169472
1.527978777885
1.418138742447
1.603496670723
1.541445493698
1.562703847885
1.629176259041
1.401609897614
1.630656003952
1.410577535629
1.570573568344
1.393991947174
1.507421255112
1.525533437729
1.615723013878
1.675411224365
1.507149457932
1.474777102470
1.487549424171
1.439215660095
1.602073669434
1.513904690742
1.800922989845
1.607218980789
1.449844241142
1.489712238312
1.415279269218
1.679996728897
1.549005270004
1.561546325684
1.540982127190
1.458481311798
1.559193372726
1.433056235313
1.567457795143
1.380994558334
1.483660936356
1.391929388046
1.517344117165
1.508837223053
1.508252620697
1.525822520256
1.409593105316
1.514760732651
1.409915685654
1.585497379303
1.476194143295
1.624262332916
1.530170679092
1.620030403137
1.523786544800
1.380030274391
1.531260848045
1.388533711433
1.684143662453
1.465932011604
1.557703733444
1.466565966606
1.481501817703
1.501023888588
1.541446924210
1.506797790527
1.574418544769
1.482845187187
1.684551119804
1.567901253700
1.680847048759
1.456903934479
1.438588619232
1.483493685722
1.672546625137
1.622285008430
1.530287861824
1.388081908226
1.396289467812
1.407116889954
1.411213755608
1.556677460670
1.510503768921
1.682009220123
1.413095235825
1.440308690071
1.384737253189
1.431852579117
1.495962858200
1.679189682007
1.690464019775
1.475396752357
1.419997215271
1.449300050735
1.412807941437
1.484701395035
1.465113878250
1.519578099251
1.484323740005
1.575819492340
1.444431662560
1.566659450531
1.414715886116
1.510705471039
1.447816371918
1.537706255913
1.452522158623
1.446239471436
1.399699568748
1.427441835403
1.520385503769
1.599656105042
1.609475374222
1.495477318764
1.413984775543
1.615772247314
1.471396565437
1.590977430344
1.421370863914
1.420813202858
1.447054147720
1.530019402504
1.601243972778
1.486157894135
1.583352446556
1.466998696327
1.625781297684
1.432269573212
1.485492706299
1.498405218124
1.454147458076
1.548679947853
1.394369840622
1.461323499680
1.364845633507
1.514829635620
1.398264527321
1.616077423096
1.458929061890
1.602512836456
1.483557820320
1.539554238319
1.449693679810
1.488228559494
1.467450380325
1.505918025970
1.368593335152
1.470192432404
1.345346212387
1.571183800697
1.405149698257
1.713045477867
1.420811533928
1.519423007965
1.362481594086
1.543142914772
1.386970520020
1.673579096794
1.431283473969
1.614814996719
1.486054182053
1.646019697189
1.575701475143
1.503170490265
1.485391378403
1.489346861839
1.489871740341
1.404686093330
1.385463595390
1.385279297829
1.417066812515
1.428956985474
1.502943038940
1.425765991211
1.421608090401
1.356947660446
1.428608298302
1.370041847229
1.580312371254
1.388759851456
1.561250567436
1.437815189362
1.542360544205
1.635233044624
1.430006980896
1.571830511093
1.417939662933
1.463752150536
1.538650274277
1.505335330963
1.401267886162
1.420216083527
1.455270648003
1.711929321289
1.631691098213
1.435971856117
1.374004364014
1.386084318161
