4.155427932739
4.150646209717
4.145971298218
4.141453742981
4.137053966522
4.132719516754
4.128419399261
4.124162197113
4.119922161102
4.115530967712
4.111129283905
4.106817722321
4.102497100830
4.098292827606
4.094068527222
4.089824676514
4.085529327393
4.081174850464
4.076826572418
4.072398662567
4.067706108093
4.063027381897
4.058330059052
4.053650856018
4.048801898956
4.043761253357
4.038603305817
4.033327579498
4.027759552002
4.021219730377
4.014533996582
4.007426261902
4.000020027161
3.992218494415
3.984149456024
3.975620746613
3.966355800629
3.956369638443
3.944619655609
3.932509422302
3.921415328979
3.909351825714
3.895116567612
3.883588790894
3.871675252914
3.859683990479
3.845527410507
3.836144208908
3.825220346451
3.811016321182
3.806907653809
3.792297840118
3.792363882065
3.772104024887
3.783003807068
3.738699436188
3.820529222488
3.685910701752
4.328978538513
3.753977298737
3.764968395233
3.748348712921
3.732952356339
3.719865798950
3.708190917969
3.696563482285
3.684596061707
3.683694601059
3.672194719315
3.672398090363
3.647218704224
3.675387382507
3.612296104431
3.789592266083
3.641033172607
4.283401966095
3.836465358734
3.779159545898
3.721140623093
3.669976949692
3.637253761292
3.618730545044
3.607788085938
3.599962472916
3.593793392181
3.589653015137
3.579625129700
3.583598136902
3.566443920135
3.581820249557
3.554254055023
3.578030586243
3.532407999039
3.611282825470
3.496911048889
3.909734725952
3.601034641266
3.750610351562
3.660003662109
3.593891143799
3.552353858948
3.530323266983
3.525341749191
3.515152454376
3.516870975494
3.510384559631
3.510556936264
3.505298614502
3.499049186707
3.500744342804
3.486883878708
3.501604557037
3.479202985764
3.497982978821
3.471745014191
3.496807098389
3.450197219849
3.529556274414
3.417837142944
3.865808963776
3.564947128296
3.684272527695
3.616517305374
3.547192096710
3.493131637573
3.461459875107
3.448848247528
3.440015554428
3.437699794769
3.433584690094
3.424711942673
3.426143884659
3.416617870331
3.424747467041
3.413272619247
3.418400287628
3.397030353546
3.417487621307
3.380137443542
3.431737661362
3.354447603226
3.569459915161
3.448960304260
3.878233432770
3.541738271713
3.459677934647
3.428857088089
3.389026641846
3.384362459183
3.364202737808
3.374235868454
3.348947048187
3.382517337799
3.358623027802
3.492568016052
3.431408166885
3.313328742981
3.426686286926
3.321525096893
3.457421779633
3.323276519775
3.501828193665
3.311065912247
3.386569976807
3.294004440308
3.346461296082
3.277579307556
3.353971958160
3.256537914276
3.451367378235
3.287989139557
3.593519210815
3.311323642731
3.315564155579
3.299010276794
3.267428874969
3.335058689117
3.325177431107
3.395647287369
3.329231977463
3.232789516449
3.365382194519
3.240091800690
3.356719255447
3.228891611099
3.362010717392
3.227451324463
3.329174518585
3.233345270157
3.302695751190
3.259349346161
3.299595355988
3.255499839783
3.248451232910
3.239478111267
3.227203130722
3.229611396790
3.252759933472
3.214623212814
3.300830841064
3.188167095184
3.325470447540
3.163724899292
3.317356586456
3.134721755981
3.410321235657
3.140161037445
3.358646631241
3.123191833496
3.229891777039
3.120896577835
3.216274261475
3.140570640564
3.351597070694
3.279882192612
3.384094476700
3.192874431610
3.171994686127
3.150450944901
3.141998529434
3.130993366241
3.126672029495
3.122583389282
3.110046386719
3.115658283234
3.104067564011
3.111220598221
3.095662832260
3.099990367889
3.090732574463
3.092714548111
3.078272819519
3.090156555176
3.069978237152
3.171920776367
3.375767230988
3.124881267548
3.350568771362
3.175512552261
3.176721572876
3.088494777679
3.090569972992
3.076245307922
3.083906412125
3.105850696564
3.183405160904
3.055590152740
3.208132982254
3.066286325455
3.122381210327
3.046227455139
3.088232994080
3.086785793304
3.118729352951
3.038919210434
3.059782505035
3.038414955139
3.039916276932
3.061190605164
3.083376169205
3.033153057098
3.094130992889
3.006396293640
3.105389356613
2.981943130493
3.176219701767
2.972440242767
3.274024009705
2.984308242798
3.128999233246
2.980704784393
3.050193786621
2.982534885406
3.013404130936
2.987049579620
2.987575292587
3.001314878464
2.969665527344
3.032653570175
2.986361742020
3.235298156738
2.990996837616
3.111784934998
2.958172798157
3.058165550232
2.900521755219
3.169392585754
2.902265071869
3.061682462692
2.909483909607
2.977640628815
2.956445455551
2.968131542206
2.989157199860
2.935744762421
3.046188354492
3.013311862946
3.068983316422
2.890759468079
2.974938869476
2.866083383560
2.957282781601
2.856184005737
3.010095596313
2.888944625854
3.060343742371
2.857948541641
2.995861768723
2.836873292923
2.990486145020
2.872407913208
3.044228076935
2.998568296432
2.954843044281
2.914351463318
2.875163078308
2.892223358154
2.844455003738
2.933834075928
2.870412349701
2.943570137024
2.857379913330
2.865918874741
2.837037801743
2.837433099747
2.867654085159
2.884903430939
3.108476877213
2.908082008362
3.022265434265
2.835717678070
2.891174316406
2.789450645447
2.869330883026
2.775094032288
2.903481245041
2.789142608643
2.995618581772
2.785187721252
2.951985359192
2.742817163467
2.934325456619
2.746801376343
2.973697185516
2.786872863770
2.805898427963
2.886724948883
2.842276096344
3.096716403961
2.779560089111
2.872506380081
2.752744436264
2.784193754196
2.734027862549
2.768725395203
2.730266571045
2.861809253693
2.904055833817
2.887804031372
2.812530517578
2.772740840912
2.794114589691
2.809998273849
2.867188215256
2.760760545731
2.851307392120
2.720325469971
2.840250253677
2.697808265686
2.880599975586
2.686767578125
2.903520107269
2.696475028992
2.831492424011
2.703989505768
2.757014989853
2.748163700104
2.746358156204
2.852849006653
2.758689403534
2.752719879150
2.665820598602
2.710755348206
2.665702342987
2.782001256943
2.793285846710
2.832878828049
2.726541042328
2.695260286331
2.669060707092
2.683531761169
2.719757795334
2.778865337372
2.902889251709
2.665217876434
2.941676139832
2.653175592422
2.791466474533
2.596325874329
2.768341064453
2.574594974518
2.832455396652
2.583003997803
2.859595298767
2.626754283905
2.736612796783
2.655919313431
2.809842586517
2.687403678894
2.770564556122
2.641813278198
2.626410961151
2.638077974319
2.606980323792
2.729536294937
2.630313873291
2.687798023224
2.693167686462
2.610274791718
2.678451776505
2.572271585464
2.721906185150
2.555815935135
2.812263727188
2.546995401382
2.797814846039
2.532767295837
2.802531719208
2.541842699051
2.835726022720
2.617165327072
2.593507289886
2.619069337845
2.569275140762
2.742933034897
2.616570472717
2.731567144394
2.609687089920
2.578952550888
2.611276149750
2.546469688416
2.680846452713
2.562821388245
2.697174549103
2.569371223450
2.638896226883
2.584516763687
2.565258264542
2.599261760712
2.570360422134
2.642609596252
2.655050754547
2.526237010956
2.735444545746
2.477876663208
2.718593358994
2.449897050858
2.769136428833
2.448848009109
2.802273511887
2.465122699738
2.638599634171
2.459171772003
2.576415538788
2.511119842529
2.585501909256
2.777041912079
2.506930828094
2.715582370758
2.607423067093
2.523240566254
2.531224012375
2.506139755249
2.571489334106
2.571427822113
2.551425218582
2.581999778748
2.448756694794
2.544384956360
2.418180704117
2.644688129425
2.432793855667
2.783092260361
2.444293260574
2.583129644394
2.428284406662
2.536026477814
2.549546718597
2.691743373871
2.639536619186
2.494983196259
2.470626115799
2.487792253494
2.496993064880
2.572108507156
2.539968013763
2.454565763474
2.500323772430
2.407195568085
2.566052436829
2.450746297836
2.780041217804
2.460422039032
2.545942783356
2.386235237122
2.482687711716
2.359921455383
2.584035873413
2.426280975342
2.566850185394
2.452519416809
2.406676292419
2.544874668121
2.456978559494
2.583354711533
2.410099983215
2.406646728516
2.435736417770
2.380620241165
2.582005977631
2.425817489624
2.599556922913
2.403566837311
2.427926063538
2.378830432892
2.533629179001
2.469707012177
2.628993511200
2.377072334290
2.500222444534
2.330774545670
2.745126008987
2.445500850677
2.527496814728
2.327907323837
2.427713394165
2.313096046448
2.489687919617
2.320244789124
2.407477140427
2.328283309937
2.367064952850
2.379637241364
2.493664979935
2.569870471954
2.349528312683
2.570642471313
2.371192455292
2.590364456177
2.407504558563
2.422561645508
2.405271768570
2.326383113861
2.483206748962
2.315245151520
2.493017911911
2.277531862259
2.487168073654
2.277568101883
2.561863422394
2.276163101196
2.583110332489
2.276312351227
2.605033874512
2.363197088242
2.471391677856
2.327697753906
2.309556484222
2.344259500504
2.342723369598
2.523284912109
2.502705574036
2.294151782990
2.415558338165
2.252329587936
2.402363300323
2.262896537781
2.480638027191
2.340394258499
2.419949054718
2.295747995377
2.316282033920
2.310325860977
2.362121582031
2.361053466797
2.409839153290
2.218124866486
2.444685697556
2.206366062164
2.615170478821
2.251420021057
2.455410003662
2.222878932953
2.420023918152
2.228752374649
2.589283943176
2.309035539627
2.280945777893
2.311231613159
2.260619401932
2.445526599884
2.375498533249
2.585037231445
2.308813810349
2.280602693558
2.251168251038
2.241178512573
2.254642724991
2.271245956421
2.371620655060
2.307181835175
2.335546970367
2.179618358612
2.391685724258
2.165575981140
2.503395080566
2.176706790924
2.367176532745
2.146548748016
2.439768075943
2.168798685074
2.507109642029
2.242983818054
2.334257125854
2.322910785675
2.273933410645
2.670192241669
2.280007839203
2.285073757172
2.215489149094
2.210961341858
2.186814785004
2.213823318481
2.213942766190
2.346120595932
2.264568567276
2.389620304108
2.154247760773
2.293144702911
2.139373302460
2.447510242462
2.199490308762
2.251232385635
2.172799587250
2.164658069611
2.185415744781
2.161581993103
2.518878936768
2.401337623596
2.694592714310
2.523953437805
2.356700897217
2.280062437057
2.220962762833
2.206228971481
2.183411836624
2.179062843323
2.156404256821
2.159557104111
2.136427164078
2.148249626160
2.125072479248
2.150199651718
2.114768266678
2.298033714294
2.288888454437
2.439348459244
2.230283260345
2.272511005402
2.141662120819
2.379390954971
2.159101963043
2.454815864563
2.099104404449
2.281809806824
2.084297657013
2.313571691513
2.170430898666
2.542240142822
2.283573389053
2.299184799194
2.192478179932
2.123962163925
2.136094331741
2.096675872803
2.129793167114
2.092326164246
2.182533025742
2.157360792160
2.223718643188
2.191992998123
2.124073505402
2.201855659485
2.187297344208
2.245887279510
2.179583787918
2.126849651337
2.165017127991
2.076084852219
2.465955018997
2.191420555115
2.449565172195
2.162532806396
2.196359634399
2.078591585159
2.297436475754
2.118250608444
2.326425552368
2.058807134628
2.170046329498
2.036424636841
2.157362461090
2.047815561295
2.231071233749
2.148308753967
2.201941728592
2.442917108536
2.112028121948
2.184318780899
2.070340394974
2.095259666443
2.031900882721
2.114178895950
2.018909692764
2.342728376389
2.136603832245
2.499239921570
2.077464103699
2.152492523193
2.025717258453
2.261957645416
2.095935344696
2.336227655411
2.101221323013
2.074070692062
2.159437656403
2.094563484192
2.545006036758
2.158864021301
2.166888475418
2.110979557037
2.065974235535
2.059700250626
2.052191972733
2.073795318604
2.076619148254
2.117703437805
2.124769210815
2.073539733887
2.156693696976
2.035781145096
2.130679368973
2.040468215942
2.130026340485
2.069663286209
2.073585987091
2.124857902527
2.023637056351
2.362112522125
2.068747282028
2.425539731979
2.113116025925
2.060372352600
2.088117122650
2.068786859512
2.203402042389
2.212193250656
2.118111610413
2.065148115158
2.028039216995
2.004243850708
2.059148550034
2.017622947693
2.185589313507
1.993693113327
2.245972156525
1.946120262146
2.211363315582
1.941159486771
2.348047494888
1.990202903748
2.157621860504
1.966814517975
2.085617780685
1.993338704109
2.196891307831
2.173753499985
2.083686828613
2.083817481995
2.036310195923
2.093655347824
2.093879938126
2.177849292755
2.039019107819
2.104278326035
1.974091291428
2.093929290771
1.950714230537
2.213348388672
1.954487204552
2.215271949768
1.931020736694
2.119230270386
1.915864229202
2.222623586655
1.975848674774
2.132416248322
1.971298694611
2.018565177917
1.997725844383
1.988657116890
2.149306058884
2.036032676697
2.372710704803
2.002871990204
2.003043413162
1.956517696381
1.962750911713
1.932657837868
2.022351503372
2.027704238892
2.615085840225
2.144736289978
2.100954532623
1.988633394241
2.003333806992
1.933631420135
2.008093357086
1.938210248947
2.061963796616
1.924180984497
2.109728336334
1.898327112198
2.150422334671
1.914691329002
2.174451828003
2.005654096603
2.029110670090
1.967664122581
1.919838905334
2.016179561615
1.933925867081
2.171967983246
1.994109153748
2.031965255737
1.954688668251
1.955119490623
1.996872425079
2.043758153915
2.092805385590
2.020334720612
1.974920749664
1.975540161133
1.977766275406
2.121746063232
2.071886777878
2.008113622665
1.916611552238
1.958002924919
1.889475107193
2.259488821030
2.027606487274
2.419997215271
2.068253993988
2.023883104324
1.909274578094
1.994157075882
1.885209441185
2.054587125778
1.899240016937
2.022843837738
1.897747397423
2.022558212280
1.947880744934
1.997452497482
2.000741720200
1.900556087494
2.056775093079
1.921193242073
2.258793592453
2.012665748596
2.047942161560
1.931330919266
1.935812711716
1.915232658386
2.003025054932
1.969078540802
2.063569068909
1.896648406982
1.932862043381
1.877054452896
1.955065369606
1.920983076096
2.014815330505
1.891129970551
1.944391846657
1.839576482773
1.951194405556
1.818726658821
2.275521755219
1.999004483223
2.061871767044
1.931186437607
1.869303226471
1.886656522751
1.879233002663
1.975317239761
2.060826539993
2.002501726151
2.194081544876
1.966794013977
1.938242912292
1.876031875610
1.859107971191
1.845704078674
1.845771074295
1.847157239914
1.851451158524
1.953996419907
2.043278694153
2.136060714722
1.888636708260
1.922363758087
1.840013980865
1.951141834259
1.868212223053
2.050694942474
1.907571434975
1.957423210144
1.885144472122
1.850137829781
1.974396467209
1.907930612564
2.581361770630
1.992931365967
1.937778592110
1.890128612518
1.868023395538
1.835682392120
1.842614889145
1.819618344307
1.902952551842
1.928363919258
2.200607061386
1.865312457085
1.974290370941
1.787722349167
2.103889465332
1.878462791443
2.268458366394
1.900014758110
1.880196571350
1.821110963821
1.855227470398
1.818339347839
1.920894742012
1.905883193016
2.012617826462
1.943346858025
1.794158220291
1.948724627495
1.768440842628
2.242564678192
1.858110427856
2.108592510223
1.914475440979
1.834887146950
1.918720006943
1.835831284523
1.933708190918
1.850727677345
1.932999134064
1.846360445023
1.984823107719
1.859037637711
1.967306137085
1.805545806885
1.964501142502
1.755154371262
2.018294572830
1.769604444504
2.107003450394
1.805067658424
1.971462726593
1.797084689140
1.908406734467
1.818162798882
1.993471860886
1.814477920532
1.983418941498
1.765840888023
1.982166290283
1.855043172836
2.074547529221
1.952739715576
1.889027357101
1.833686113358
1.832171678543
1.871102213860
1.957633733749
1.907139062881
1.955351591110
1.764473080635
1.876791715622
1.744672536850
2.023660182953
1.817561149597
1.972427368164
1.813409686089
1.857571721077
1.808685541153
1.904871582985
1.824700355530
1.910306930542
1.771685838699
1.896891832352
1.736627817154
2.103604078293
1.822370529175
2.261100292206
1.793009042740
1.824635267258
1.759194254875
1.841246366501
1.830437302589
1.991486430168
1.837237000465
1.956785440445
1.776034235954
1.871523618698
1.790384769440
1.948742747307
1.877312183380
1.883942246437
1.806185960770
1.747918725014
1.841845870018
1.765274524689
2.018397569656
1.830373287201
1.895802021027
1.736396312714
1.865001916885
1.742775321007
1.968383550644
1.864705681801
1.908356070518
1.815029144287
1.757222771645
1.937508344650
1.788144946098
2.316426277161
1.851338863373
1.883780002594
1.772192239761
1.741891860962
1.768610477448
1.731470346451
1.872604250908
1.829318761826
2.001261711121
1.758089303970
1.881594419479
1.718131780624
2.039025783539
1.768944263458
1.880557298660
1.746558547020
1.783025264740
1.760467052460
1.841527462006
1.826911211014
1.943659663200
1.802677750587
1.900087356567
1.772217273712
1.819705605507
1.753686428070
1.797686457634
1.774120450020
1.793114542961
1.848217606544
1.738928556442
1.912850856781
1.704213380814
2.033253192902
1.716884374619
1.984510302544
1.749449729919
1.891898155212
1.767784357071
1.768765687943
1.782303094864
1.720550537109
1.856720209122
1.708573937416
1.877941608429
1.680487632751
1.874542593956
1.672931671143
1.973784208298
1.769687056541
1.947461605072
1.773838043213
1.776502132416
1.741846323013
1.834472894669
1.771794557571
1.836814403534
1.708373069763
1.854091167450
1.733994841576
1.967640519142
1.773716449738
1.901293039322
1.699138402939
1.877021074295
1.722247123718
2.016190052032
1.754396915436
1.932819843292
1.749543428421
1.771449565887
1.794260978699
1.784765839577
1.917844295502
1.774974107742
1.774052023888
1.695373892784
1.811909675598
1.771065950394
1.907538414001
1.752832174301
1.809851288795
1.688741922379
1.851290464401
1.744764566422
1.888567566872
1.665678977966
1.832337975502
1.639258861542
1.987169981003
1.676146626472
1.958762168884
1.684388637543
1.790193319321
1.673955798149
1.877604126930
1.718408346176
2.012237787247
1.805314660072
1.857675313950
1.797474145889
1.725090265274
1.821594476700
1.737412691116
1.824563980103
1.666411995888
1.801578521729
1.665268063545
1.902306318283
1.720532178879
1.850049495697
1.715015411377
1.710233807564
1.797623038292
1.713575005531
1.798338770866
1.714767098427
1.657612562180
1.730520725250
1.629644393921
2.052552700043
1.714521050453
2.010963201523
1.715497851372
1.687560081482
1.660105586052
1.740157604218
1.806466341019
1.925777673721
1.683170437813
1.705399990082
1.623250246048
1.705874204636
1.639109015465
1.949978709221
1.896034479141
1.904479742050
1.696909427643
1.691639304161
1.668814420700
1.739779829979
1.831351757050
1.911332011223
1.898260354996
1.741132378578
1.709268569946
1.636851191521
1.679885983467
1.612183332443
1.782960176468
1.659739494324
2.036243915558
1.666719913483
1.893050789833
1.633692860603
2.120881080627
1.727398991585
1.866921186447
1.630121707916
1.687898635864
1.623131036758
1.852232694626
1.761199235916
1.779126882553
1.697370529175
1.615896463394
1.674354791641
1.620944857597
1.833860516548
1.695551991463
1.727083444595
1.725129723549
1.653582334518
1.850494742393
1.759718894958
2.138367414474
1.821686267853
1.677249789238
1.728868007660
1.608866453171
1.821189165115
1.649165391922
1.971784114838
1.648223400116
1.774042963982
1.585605621338
1.763239026070
1.585311889648
1.858472347260
1.615943431854
1.740196347237
1.594528198242
1.701435089111
1.657629013062
1.776465177536
1.663848280907
1.736434221268
1.615656137466
1.821333527565
1.714000463486
1.896586656570
1.640048265457
1.674704909325
1.582307219505
1.714623689651
1.627355098724
1.871740937233
1.741935014725
1.817243814468
1.806607007980
1.612836360931
1.862309098244
1.619068861008
1.978169560432
1.634415030479
1.768019437790
1.580546736717
1.699002146721
1.633243560791
1.809918642044
1.746451139450
1.665319800377
1.661928057671
1.586799144745
1.671415328979
1.672910690308
1.707042694092
1.775777697563
1.618593573570
1.689928054810
1.571307420731
1.732653379440
1.670439958572
1.946648836136
1.743182897568
1.698258280754
1.628921627998
1.653231382370
1.671917796135
1.961359500885
1.675985813141
1.961061835289
1.641032695770
1.674960613251
1.546839475632
1.695584774017
1.556656360626
1.909228205681
1.692550182343
1.737083792686
1.616525888443
1.590607166290
1.642722487450
1.712041258812
1.794549942017
1.714121937752
1.665963411331
1.579097151756
1.707904100418
1.650748372078
2.074200630188
1.645149230957
1.645552992821
1.580071926117
1.569363117218
1.619757413864
1.674150109291
1.811861395836
1.673235654831
1.732818961143
1.535898447037
1.795803070068
1.562233686447
1.955126166344
1.585691332817
1.653451204300
1.562657594681
1.622698187828
1.628796219826
1.742919921875
1.640123486519
1.674378752708
1.573813915253
1.785409688950
1.600031375885
1.854854345322
1.584628462791
1.765120148659
1.644633054733
1.809649705887
1.586941957474
1.573901534081
1.571931838989
1.552301526070
1.709031820297
1.765080094337
1.923156023026
1.613197684288
1.624008297920
1.508153080940
1.676193594933
1.546896338463
2.153314113617
1.759537220001
1.752341151237
1.573393583298
1.606456756592
1.535757064819
1.792472600937
1.771338939667
1.995069026947
1.689266681671
1.602200150490
1.576402783394
1.611175298691
1.625433921814
1.742192864418
1.624347329140
1.673619508743
1.540823459625
1.678055405617
1.541294813156
1.846658349037
1.580566287041
1.719215393066
1.531538963318
1.587887287140
1.547210931778
1.622229337692
1.627253651619
1.595292925835
1.559720396996
1.517481088638
1.534706354141
1.509099721909
1.653766155243
1.681382417679
2.000972509384
1.716774702072
1.620600700378
1.580739855766
1.544505357742
1.627480864525
1.593729019165
1.834272384644
1.612709999084
1.687594532967
1.529821872711
1.685546159744
1.646012902260
1.805284857750
1.709644079208
1.711598634720
1.515225529671
1.655538320541
1.487591624260
1.886806011200
1.564640045166
1.877726674080
1.557065963745
1.620466470718
1.514564990997
1.716279506683
1.555787801743
1.747811794281
1.531127333641
1.649329900742
1.565709829330
1.671420693398
1.715897083282
1.664014935493
1.842067599297
1.583743214607
1.661424279213
1.572207927704
1.687625169754
1.613628268242
1.598956108093
1.557088375092
1.539104461670
1.578006267548
1.572863221169
1.676366329193
1.600809574127
1.602143526077
1.535318613052
1.594390869141
1.573978304863
1.615596771240
1.642795801163
1.524711966515
1.690636277199
1.547235488892
1.760540723801
1.523712873459
1.653756141663
1.509637951851
1.663576841354
1.530515193939
1.684721827507
1.488378047943
1.743400335312
1.545065045357
1.811384320259
1.477369666100
1.757669091225
1.494219303131
1.940835952759
1.586657047272
1.795823097229
1.657034635544
1.792527437210
1.595801234245
1.557572126389
1.513294696808
1.527297616005
1.667186498642
1.559478878975
1.544010639191
1.516927480698
1.463902473450
1.559273719788
1.529156446457
1.957625985146
1.806840419769
1.642552733421
1.516015887260
1.492349863052
1.496730208397
1.518953323364
1.599283695221
1.598917245865
1.595545053482
1.472847461700
1.513662576675
1.447699904442
1.630168795586
1.549799680710
1.759669303894
1.583744287491
1.586134433746
1.666451215744
1.510364413261
1.691851496696
1.524667978287
1.954590916634
1.519799590111
1.667120695114
1.433395862579
1.605453968048
1.450714826584
1.841611504555
1.734579443932
2.006012678146
1.735739946365
1.563424110413
1.521390676498
1.512210607529
1.510508537292
1.628214478493
1.569042205811
1.610642671585
1.504481792450
1.463886022568
1.489097476006
1.463830828667
1.663326978683
1.700910449028
1.731313705444
1.499601364136
1.555215835571
1.461740136147
1.676302433014
1.498699903488
1.723861932755
1.461994886398
1.670363664627
1.477283358574
1.736889719963
1.499206066132
1.715635776520
1.473037123680
1.589997887611
1.459523081779
1.606673002243
1.606513261795
1.871421456337
1.687885046005
1.678760409355
1.498933315277
1.541971921921
1.467505097389
1.637953877449
1.609576344490
1.770728111267
1.544298529625
1.504300713539
1.509747147560
1.510404825211
1.585547566414
1.637190580368
1.536693215370
1.518457770348
1.445217132568
1.656283617020
1.512578725815
2.085652112961
1.519302248955
1.602040052414
1.480368614197
1.580915808678
1.526051402092
1.643207192421
1.559239387512
1.530291557312
1.514752149582
1.530979871750
1.582772731781
1.587489247322
1.583861112595
1.470471382141
1.492845058441
1.482066154480
1.576102852821
1.531479120255
1.743786334991
1.547085046768
1.640851497650
1.440612554550
1.517569780350
1.466400861740
1.626542568207
1.618025064468
1.607918262482
1.554147124290
1.427531242371
1.546149373055
1.431705713272
1.688170671463
1.422515153885
1.608037710190
1.413328170776
1.741177797318
1.497861623764
1.929715037346
1.488878488541
1.600207567215
1.463070511818
1.648759365082
1.536129355431
1.667419433594
1.544632673264
1.649100422859
1.502691745758
1.592468500137
1.449497699738
1.608357906342
1.444521903992
1.613854169846
1.466124296188
1.592046141624
1.492940545082
1.539106845856
1.503132820129
1.543550133705
1.543618202209
1.767098426819
1.626077890396
1.757825016975
1.493371963501
1.516101479530
1.466659307480
1.552818536758
1.464169859886
1.608525753021
1.434007048607
1.537765502930
1.421437740326
1.613196372986
1.481960296631
1.610244274139
1.444591283798
1.486219763756
1.404695510864
1.505005002022
1.424276709557
1.621352434158
1.631496906281
1.671464323997
1.487411856651
1.471336722374
1.467411279678
1.512391090393
1.582539677620
1.539723157883
1.515390157700
1.385558128357
1.699786305428
1.484903454781
2.183720350266
1.518339872360
1.471409916878
1.424540638924
1.678634643555
1.641681075096
1.583811283112
1.581995725632
1.416994571686
1.567321777344
1.424202203751
1.691322684288
1.431989431381
1.580616474152
1.403894186020
1.515972852707
1.433333396912
1.567860245705
1.453047513962
1.448763608932
1.462248086929
1.455178260803
1.694237351418
1.555229425430
1.743121266365
1.500641584396
1.442986965179
1.544798493385
1.504371166229
1.686436653137
1.467067956924
1.527862787247
1.455326080322
1.491033792496
1.569347381592
1.473803043365
1.517089605331
1.409196257591
1.438765168190
1.466515660286
1.535155296326
1.688649535179
1.536350011826
1.421451926231
1.446090936661
1.408199310303
1.676227569580
1.513685584068
1.805551409721
1.415119767189
1.487675189972
1.406521797180
1.606346011162
1.608274459839
1.617366313934
1.614143490791
1.413845539093
1.572459816933
1.354696273804
1.738547563553
1.397161960602
1.909104466438
1.440288901329
1.536206245422
1.363913416862
1.472484230995
1.375970840454
1.539274573326
1.500382304192
1.539031028748
1.533906221390
1.460275888443
1.470853447914
1.432544350624
1.460157275200
1.503363132477
1.567656040192
1.664109945297
1.493751287460
1.495065569878
1.380339145660
1.440312385559
1.429247617722
1.598615288734
1.549829006195
1.506116032600
1.409892916679
1.381405472755
1.454994559288
1.483988523483
1.561119079590
1.457680702209
1.476844668388
1.469702124596
1.599330425262
1.602426409721
1.661553740501
1.439814925194
1.587051391602
1.415011048317
1.531413912773
1.351059198380
1.489403963089
1.331860184669
1.703646779060
1.420092105865
1.937635540962
1.483497977257
1.491463422775
1.375679612160
1.437722444534
1.394358634949
1.575947046280
1.650012016296
1.669895648956
1.443676471710
1.433704376221
1.389026999474
1.463943958282
1.465578556061
1.524507641792
1.508654713631
1.429338455200
1.434713006020
1.447550892830
1.587250113487
1.504819631577
1.420034408569
1.441298723221
1.439490318298
1.606207728386
1.457291364670
1.577156782150
1.372365832329
1.648095369339
1.447970867157
1.862607955933
1.446287870407
1.411980390549
1.400693655014
1.422940492630
1.508903384209
1.608067274094
1.484810471535
1.481983423233
1.348706483841
1.528199791908
1.383810520172
1.677661299706
1.368595004082
1.535081267357
1.350608587265
1.573578476906
1.390647530556
1.619186401367
1.418402314186
1.512987613678
1.372140169144
1.633306264877
1.422210216522
1.723622560501
1.400370717049
1.536425709724
1.383777141571
1.508842468262
1.372546195984
1.396842241287
1.417992830276
1.483905076981
1.647487282753
1.630440235138
1.519638419151
1.438204646111
1.426476836205
1.407797694206
1.512822031975
1.453623414040
1.748771548271
1.421543717384
1.515857458115
1.375732183456
1.408617615700
1.537073612213
1.448778390884
1.644473791122
1.384114980698
1.569764137268
1.368916034698
1.603791832924
1.349505305290
1.505776166916
1.313181877136
1.458503842354
1.341351032257
1.533137679100
1.422167539597
1.426543951035
1.449157953262
1.347570180893
1.526601672173
1.350378513336
1.669970750809
1.383292555809
1.661666393280
1.452358722687
1.512138247490
1.370112419128
1.406458377838
1.374628663063
1.562278985977
1.382051944733
1.714587926865
1.405994892120
1.524323105812
1.431521296501
1.545057654381
1.425544261932
1.541912317276
1.397690415382
1.615303039551
1.513682961464
1.629203319550
1.373955249786
1.393822908401
1.391959309578
1.673770070076
1.543751597404
1.459497213364
1.380016326904
1.312470197678
1.370680451393
1.325019121170
1.459370493889
1.468241930008
1.486630916595
1.426615715027
1.357963800430
1.314931154251
1.398800373077
1.364018559456
1.765839338303
1.493505716324
1.559087872505
1.401847362518
1.390990495682
1.375125765800
1.443825244904
1.441660404205
1.475345015526
1.489451646805
1.411994695663
1.509530901909
1.354701995850
1.527928233147
1.320273399353
1.631948947906
1.363021612167
1.682931661606
1.317979454994
1.457868933678
1.295523524284
1.555910825729
1.415115237236
1.685402870178
1.365924596786
1.449465751648
1.373324990273
1.531054139137
1.350514411926
1.424304127693
1.306667685509
1.449008464813
1.406580924988
1.643290996552
1.470741868019
1.460875868797
1.539520144463
1.474261760712
1.483191967010
1.364172339439
1.489857316017
1.394172668457
1.438088417053
1.355087518692
1.345129966736
1.333088278770
1.380594968796
1.353226661682
1.527653694153
1.350161433220
1.677010416985
1.367618799210
1.720624327660
1.304000139236
1.551494359970
1.334389090538
1.440462827682
1.325750470161
1.332980990410
1.374128341675
1.337330341339
1.654950380325
1.410578846931
1.646451354027
1.358678221703
1.389763236046
1.378555774689
1.419152021408
1.495500683784
1.488821625710
1.607214450836
1.477325677872
1.519775390625
1.433022379875
1.445108175278
1.368789434433
1.509111404419
1.393990993500
1.390564918518
1.326788902283
1.310460805893
1.335873842239
1.354078769684
1.382842779160
1.379792809486
1.324294686317
1.329205632210
1.303135871887
1.410036206245
1.409414410591
1.536361813545
1.387680649757
1.516664505005
1.476716756821
1.493330359459
1.454088091850
1.408723354340
1.401365756989
1.342612147331
1.600666046143
1.327442765236
1.454781889915
1.259670257568
1.597929954529
1.437323093414
1.999190926552
1.388627171516
1.321021914482
1.337910056114
