4.137260437012
4.133247852325
4.129293441772
4.125435829163
4.121621608734
4.117837429047
4.114065647125
4.110298156738
4.106528282166
4.102675437927
4.098813533783
4.094970226288
4.091140270233
4.087373256683
4.083626270294
4.079895973206
4.076151847839
4.072389602661
4.068608283997
4.064797401428
4.060899734497
4.056987285614
4.053051471710
4.049078941345
4.045036315918
4.040913581848
4.036699771881
4.032402515411
4.027966499329
4.023262023926
4.018405914307
4.013325691223
4.008028030396
4.002493381500
3.996706962585
3.990639448166
3.984210491180
3.977384567261
3.969944953918
3.962036132812
3.953996658325
3.945565938950
3.936469078064
3.927233695984
3.917794704437
3.908111333847
3.897985458374
3.887937307358
3.878011941910
3.867607831955
3.857588291168
3.847868442535
3.838032007217
3.828916311264
3.819359779358
3.813125133514
3.808639764786
3.869776964188
4.042043209076
3.855191230774
3.819396257401
3.800357818604
3.783540248871
3.769255638123
3.757218599319
3.746804475784
3.737198352814
3.728916168213
3.721388578415
3.713902473450
3.707403659821
3.700412988663
3.701802015305
3.721526622772
3.920881271362
4.016846656799
3.786172151566
3.753093719482
3.722586631775
3.697563648224
3.679452896118
3.666217088699
3.656560420990
3.649106502533
3.642662048340
3.636761188507
3.631062507629
3.625849723816
3.621237993240
3.616408824921
3.612931013107
3.607919692993
3.607580661774
3.606455326080
3.641837596893
3.749510288239
3.854413032532
3.682942867279
3.634360790253
3.606808662415
3.591241836548
3.581515312195
3.574736356735
3.568905591965
3.563631534576
3.559366941452
3.554907798767
3.550988197327
3.546515464783
3.542543888092
3.538959264755
3.534979343414
3.532279491425
3.527650356293
3.525411128998
3.520787239075
3.521554470062
3.520424842834
3.564239025116
3.692998409271
3.838373184204
3.615199327469
3.570996761322
3.538226366043
3.516609668732
3.504088401794
3.495592355728
3.488842010498
3.482800483704
3.477997541428
3.472493648529
3.467291831970
3.462895631790
3.458392143250
3.455162763596
3.450313568115
3.447431087494
3.441957473755
3.441550493240
3.434575796127
3.449577569962
3.486115455627
3.723184108734
3.689265966415
3.530987501144
3.485841274261
3.446160316467
3.436409950256
3.418188810349
3.417674541473
3.401586771011
3.409114122391
3.390626430511
3.444443225861
3.432983875275
3.559456348419
3.416245698929
3.406224250793
3.423335552216
3.422368764877
3.475907325745
3.438521146774
3.414773941040
3.374376773834
3.362751007080
3.347908496857
3.347621202469
3.338586330414
3.358340024948
3.376869678497
3.483740806580
3.463922500610
3.395595550537
3.339366912842
3.314634561539
3.326589345932
3.309568405151
3.431051731110
3.343703031540
3.419242858887
3.342734813690
3.326009273529
3.341886997223
3.324070930481
3.336560964584
3.323742866516
3.316353797913
3.310915946960
3.295411348343
3.317606687546
3.286981105804
3.356948852539
3.267507076263
3.302428483963
3.249109745026
3.276175975800
3.249677181244
3.293359279633
3.269456863403
3.305557250977
3.277894258499
3.272920370102
3.257395744324
3.239380121231
3.272458076477
3.255024194717
3.322445631027
3.229150295258
3.239387035370
3.182238578796
3.200651168823
3.182701587677
3.236877679825
3.331984281540
3.392917633057
3.418562412262
3.235766887665
3.181152343750
3.165234565735
3.154174804688
3.147275447845
3.140632629395
3.136070728302
3.130964517593
3.126096487045
3.122829914093
3.117801666260
3.115300178528
3.108925342560
3.107361078262
3.100965976715
3.100264072418
3.091439008713
3.105764865875
3.127958297729
3.533095359802
3.266335725784
3.235614299774
3.222159862518
3.144710540771
3.108639717102
3.098013162613
3.093835115433
3.106568574905
3.134226322174
3.245023250580
3.156627178192
3.146469116211
3.111139774323
3.106510877609
3.076165199280
3.113164901733
3.091503620148
3.206898450851
3.065748214722
3.074619531631
3.045895099640
3.077632427216
3.054997444153
3.157081127167
3.063636779785
3.106329917908
3.067353248596
3.071286439896
3.085429668427
3.071682929993
3.140379190445
3.080899715424
3.152050971985
3.018719911575
3.091826677322
3.008121252060
3.060599803925
2.997740745544
3.038434982300
2.990371942520
3.027324676514
2.994177818298
3.036929845810
3.047711372375
3.251230716705
3.135453462601
3.041997909546
3.001332759857
2.988244533539
3.008767843246
3.018276214600
3.038828372955
2.985732078552
2.977469444275
2.988088846207
2.995322465897
3.025269031525
3.013967990875
2.971365451813
3.064390182495
3.046259164810
3.105965852737
2.957702636719
2.936693191528
2.930978775024
2.916933059692
2.945394992828
2.943214416504
3.031911373138
2.970802783966
2.966972827911
2.915920734406
2.911854267120
2.923225402832
2.949563026428
3.027354240417
3.029446125031
3.034939527512
2.922652244568
2.914179563522
2.886970520020
2.899839162827
2.898969173431
2.973705530167
2.916084766388
2.937474250793
2.873170375824
2.868733406067
2.852687835693
2.891809463501
2.911149978638
3.162115812302
3.022557258606
2.932157039642
2.894069194794
2.858018875122
2.855825424194
2.831688404083
2.853800773621
2.837883949280
2.922320842743
2.881275177002
2.926568269730
2.837112903595
2.842978715897
2.811601638794
2.894083499908
2.827649593353
2.924197435379
2.809377908707
2.901525020599
2.958850383759
3.048480987549
2.881646633148
2.809531450272
2.788118839264
2.774160623550
2.767244100571
2.765465736389
2.768915653229
2.853225708008
3.001083374023
2.918158531189
2.867167234421
2.786298513412
2.831217288971
2.820781707764
2.914269924164
2.821872949600
2.815892696381
2.791687011719
2.793950557709
2.796050548553
2.798242330551
2.795198917389
2.800385951996
2.786767482758
2.772168636322
2.753269195557
2.763275861740
2.750227451324
2.843008041382
2.776398897171
2.911036252975
2.721547842026
2.715974330902
2.702033042908
2.709855079651
2.779420852661
2.883397340775
2.872305631638
2.784103870392
2.700248241425
2.707090377808
2.687715530396
2.764221668243
2.820208787918
2.939755678177
2.804207324982
2.776586055756
2.760681867599
2.685264110565
2.693629741669
2.671184539795
2.698984861374
2.690636157990
2.736407756805
2.717670440674
2.748726367950
2.701301097870
2.703176975250
2.864353179932
2.742769241333
2.776556015015
2.669962644577
2.643890857697
2.659063816071
2.651465892792
2.739570856094
2.749104499817
2.685504198074
2.726119279861
2.651221036911
2.669338703156
2.643101692200
2.675956249237
2.675202369690
2.701918125153
2.684357404709
2.657238006592
2.655359268188
2.635779142380
2.708958387375
2.648222923279
2.761867046356
2.590876817703
2.640313863754
2.630231857300
2.751980543137
2.722618818283
2.697911024094
2.640758275986
2.605075120926
2.626570224762
2.618518352509
2.662082672119
2.682336330414
2.638618469238
2.670226812363
2.627520561218
2.637111425400
2.604634046555
2.600856065750
2.645871162415
2.640067338943
2.744519710541
2.608074188232
2.644897222519
2.601079463959
2.588341712952
2.596012115479
2.587437629700
2.630649089813
2.590027093887
2.606744766235
2.529139518738
2.554972887039
2.517944812775
2.596983671188
2.591853141785
2.859271287918
2.710393667221
2.618786811829
2.588726997375
2.541687488556
2.533083677292
2.564048767090
2.582605123520
2.642377138138
2.613122224808
2.538764476776
2.515980243683
2.502224445343
2.523324489594
2.536803722382
2.626216411591
2.593344926834
2.585207223892
2.494541406631
2.489260673523
2.520536422729
2.611918210983
2.768340826035
2.727792263031
2.537548542023
2.522172689438
2.499796152115
2.570533990860
2.572845935822
2.639964103699
2.494091033936
2.496142148972
2.477327108383
2.513103008270
2.599796772003
2.617541551590
2.555097103119
2.468747615814
2.443301677704
2.445254564285
2.455244302750
2.512835741043
2.607772350311
2.528622865677
2.448912382126
2.482800483704
2.474890708923
2.656985998154
2.501841783524
2.518908500671
2.446342706680
2.438429594040
2.483453750610
2.517795085907
2.602168083191
2.528053760529
2.427741289139
2.438648223877
2.433990240097
2.525005102158
2.596744060516
2.530462980270
2.452455043793
2.416232109070
2.473260164261
2.510178089142
2.677212238312
2.418555974960
2.409998655319
2.401988029480
2.424095869064
2.462022542953
2.466200828552
2.383075237274
2.359244585037
2.385888576508
2.426097393036
2.544933557510
2.659600257874
2.457229137421
2.488525390625
2.488574981689
2.510018348694
2.478477716446
2.442034244537
2.392860889435
2.437235355377
2.406397581100
2.513916730881
2.389224052429
2.442281961441
2.375303268433
2.447318315506
2.404739856720
2.443565845490
2.424592494965
2.422977924347
2.471307039261
2.502566337585
2.423651695251
2.342212200165
2.349309206009
2.345346450806
2.436795473099
2.504789352417
2.642805814743
2.408238172531
2.372535467148
2.354548931122
2.345106124878
2.387334823608
2.384380578995
2.458947896957
2.371718168259
2.325544834137
2.340362071991
2.341334104538
2.406702756882
2.441638231277
2.430023908615
2.336862087250
2.352051496506
2.381990909576
2.423799991608
2.435433626175
2.330545902252
2.323383808136
2.311009883881
2.405889511108
2.405074596405
2.492759704590
2.312854766846
2.317899942398
2.341559410095
2.431079149246
2.517641544342
2.503267765045
2.336122274399
2.304787158966
2.278434514999
2.277281761169
2.284394025803
2.310383319855
2.406368255615
2.381256818771
2.338465213776
2.303002119064
2.316720962524
2.405992984772
2.321364402771
2.302898168564
2.273537635803
2.299893379211
2.292789220810
2.385164022446
2.313931941986
2.429340124130
2.283389568329
2.400598764420
2.430801391602
2.578090429306
2.375475406647
2.277801990509
2.247767448425
2.236430644989
2.234327793121
2.236086368561
2.276557445526
2.340031385422
2.387054443359
2.298151493073
2.243927955627
2.254625558853
2.289336681366
2.345614910126
2.418039083481
2.235696315765
2.213569402695
2.207156181335
2.219695568085
2.258242607117
2.523185253143
2.634461164474
2.540392398834
2.471248388290
2.326860189438
2.260099172592
2.229435443878
2.215486049652
2.205448627472
2.197582006454
2.189941167831
2.184296846390
2.179159402847
2.175032138824
2.173097133636
2.171397924423
2.191037893295
2.257332563400
2.510004520416
2.398704051971
2.335159301758
2.252781629562
2.284906864166
2.265082597733
2.378591537476
2.275236368179
2.252598524094
2.196167230606
2.214539051056
2.243938207626
2.369183540344
2.512862682343
2.370319128036
2.334411621094
2.220536470413
2.179111957550
2.167402744293
2.154258251190
2.158655881882
2.156230926514
2.207161664963
2.232067584991
2.283271551132
2.172878742218
2.198475122452
2.202613353729
2.332688331604
2.241940498352
2.282605171204
2.170855045319
2.183340549469
2.194917678833
2.326970577240
2.466821908951
2.263180255890
2.210808515549
2.150218725204
2.214444160461
2.190078973770
2.355782270432
2.187786340714
2.203343391418
2.133932113647
2.142168045044
2.135883569717
2.171714067459
2.224057197571
2.289193153381
2.321892023087
2.370801687241
2.253102302551
2.163728952408
2.118452548981
2.112274408340
2.104600191116
2.111377716064
2.134071350098
2.229793071747
2.362916469574
2.281386852264
2.162334918976
2.115892887115
2.159045696259
2.153893947601
2.328144550323
2.199991226196
2.244710445404
2.117592096329
2.175036430359
2.240132093430
2.468883514404
2.301957845688
2.180492877960
2.129337310791
2.106524705887
2.110147476196
2.096753597260
2.130926847458
2.127489089966
2.177736520767
2.163061857224
2.114253520966
2.147662162781
2.088676929474
2.134930610657
2.098410367966
2.137382984161
2.108766794205
2.121713161469
2.114186048508
2.161056280136
2.220642566681
2.313090085983
2.236563444138
2.137112855911
2.099129199982
2.089120864868
2.189933776855
2.178135871887
2.423786163330
2.148531675339
2.120456695557
2.062546014786
2.088114261627
2.073640584946
2.168735027313
2.135157346725
2.182498693466
2.126785993576
2.094522237778
2.101964712143
2.146779775620
2.168549537659
2.166275978088
2.078527450562
2.066445827484
2.057065010071
2.134259700775
2.138903141022
2.393908023834
2.115196228027
2.089069366455
2.111905097961
2.119445800781
2.200987577438
2.167406558990
2.102766275406
2.104385614395
2.077175378799
2.078438758850
2.105571746826
2.114675045013
2.132780551910
2.088103771210
2.044643163681
2.042838096619
2.063178062439
2.090600967407
2.172589540482
2.061978578568
2.072803974152
2.031731367111
2.053318977356
2.054455518723
2.147309780121
2.202689170837
2.246327161789
2.099661827087
2.010041713715
2.000954627991
1.989551186562
2.001178503036
2.010627031326
2.201569795609
2.373008012772
2.379820346832
2.146944999695
2.099478483200
2.016661167145
2.045455217361
2.005374431610
2.082511425018
2.018327236176
2.079810142517
2.034439325333
2.058954477310
2.062632560730
2.109509944916
2.124193429947
2.128283977509
2.042467117310
1.993159294128
1.999152183533
2.004870891571
2.072783946991
2.084618806839
2.196029424667
2.028641223907
2.009589195251
2.016830444336
2.025296926498
2.137624979019
2.081814289093
2.024486541748
2.034684181213
1.986505270004
2.103417396545
2.104912281036
2.305032491684
2.002245187759
1.974885106087
1.976803898811
2.016427755356
2.153073310852
2.319031476974
2.169699907303
2.104731082916
1.980912685394
1.996572017670
1.962161779404
2.033035278320
1.990478992462
2.077167987823
1.971074104309
2.022175312042
1.987266182899
2.092627525330
2.011419296265
2.099736213684
2.023640155792
2.037646770477
2.075839519501
2.171730756760
2.151045322418
2.043256759644
1.967711567879
1.976508140564
1.975653171539
2.017455339432
2.054671049118
2.029543399811
1.985862731934
1.932423114777
1.972082257271
1.953106880188
2.069833278656
1.996063232422
2.030418634415
1.923420786858
1.949404478073
1.923365235329
1.993992924690
2.116361141205
2.341186046600
2.023582220078
1.930554389954
1.927570939064
1.916455984116
1.963768124580
2.003132104874
2.196323394775
2.104030132294
2.105433940887
2.091966867447
1.972641229630
1.920825481415
1.910028934479
1.900212168694
1.899104595184
1.896348476410
1.923692464828
1.982171058655
2.233279943466
2.025132894516
1.931868672371
1.931122064590
1.921016454697
1.962143421173
1.993297815323
2.060352325439
2.081510305405
1.967588424683
1.942933320999
1.905754446983
1.992915153503
2.095036983490
2.359894275665
2.134706497192
1.978299379349
1.917718410492
1.890203475952
1.889738440514
1.873902559280
1.895142555237
1.900079369545
2.066224098206
2.061358928680
2.013232469559
1.898920655251
1.937595844269
1.953816175461
2.115957021713
2.068612098694
2.046900272369
1.895295143127
1.888676285744
1.877036571503
1.896519660950
1.927691817284
2.018152236938
2.039403438568
2.025658130646
1.912795901299
1.924174904823
1.970126152039
2.055920839310
2.100976467133
1.984054803848
1.930312991142
1.893143057823
1.947382211685
1.933813333511
1.934294581413
1.951089620590
1.911423921585
1.985053539276
1.939760208130
2.057749509811
1.905600547791
1.968112945557
1.876236438751
1.894885540009
1.909329175949
1.926071405411
1.961752533913
1.924988389015
1.905921459198
1.884523868561
1.889454603195
1.917691111565
1.958797693253
1.985176563263
1.920713305473
1.960193157196
1.899434447289
2.029471397400
2.000237464905
1.986582756042
1.954514265060
1.871150016785
1.928123235703
1.910709500313
2.090702533722
1.974003195763
1.926591634750
1.867359042168
1.852429151535
1.900706529617
1.915891885757
2.036980152130
1.905504703522
1.902738094330
1.894295930862
1.897134184837
1.969326257706
1.932719469070
1.912882089615
1.890959024429
1.858674049377
1.915730118752
1.938926935196
2.111168622971
1.989563107491
1.888781785965
1.835742235184
1.823898315430
1.889886498451
1.937199473381
2.078921794891
1.917334198952
1.890891075134
1.863437533379
1.870645284653
1.878705620766
1.959124326706
1.940006732941
1.915378689766
1.814846873283
1.844724535942
1.821941494942
1.927989482880
1.924130916595
1.987693786621
1.851822733879
1.837115049362
1.825665354729
1.877108454704
1.884099602699
2.057688236237
1.892873406410
1.887453794479
1.860242843628
1.905827283859
2.011415481567
2.139466285706
2.013084888458
1.851853132248
1.801410436630
1.793760180473
1.790516018867
1.807847499847
1.835956454277
1.948027610779
1.904543519020
1.914255142212
1.824303388596
1.881608128548
1.946885347366
1.988126039505
1.864524126053
1.803095459938
1.826751470566
1.827146887779
1.885876893997
1.898616671562
1.951236963272
1.909313201904
1.959219694138
1.848634719849
1.870391488075
1.806595444679
1.874775052071
1.811468362808
1.902204394341
1.823330402374
1.920783281326
1.820590496063
1.946306467056
1.877640485764
1.876665115356
1.874969124794
1.853703498840
1.859978199005
1.824377417564
1.819847464561
1.802139163017
1.826577782631
1.841940402985
1.839809060097
1.831007003784
1.788007259369
1.824615597725
1.814224123955
1.870583772659
1.978982329369
1.895292520523
1.929045200348
1.790684342384
1.868597388268
1.821318149567
1.941483736038
1.800873160362
1.823979139328
1.804836750031
1.858808517456
1.849210500717
1.893275499344
1.819722890854
1.835064888000
1.838114738464
1.966164350510
1.928397297859
1.915802240372
1.846288084984
1.790462255478
1.814632654190
1.808635711670
1.892340898514
1.906843900681
1.856446862221
1.769649267197
1.795758128166
1.815824747086
1.924682855606
1.906179666519
1.919752597809
1.770161509514
1.831079959869
1.798737287521
1.947698116302
1.799374222755
1.799971222878
1.766799449921
1.803862571716
1.824698209763
1.937530279160
1.824519634247
1.779942035675
1.772090673447
1.798719286919
1.836531162262
1.905684471130
1.937157869339
1.942028999329
1.849671840668
1.779181957245
1.856806755066
1.775632381439
1.903030633926
1.769358515739
1.795716881752
1.766438007355
1.810545086861
1.844781041145
1.858105897903
1.848303675652
1.764875411987
1.786993741989
1.814666748047
1.811938762665
1.841957092285
1.718312025070
1.743953466415
1.715123057365
1.804486155510
1.856059312820
2.003823041916
1.848717451096
1.721823334694
1.710559248924
1.717913269997
1.774450063705
1.897666931152
2.001189708710
1.775893688202
1.722222566605
1.702580451965
1.724518299103
1.743353486061
1.920016765594
1.956924080849
1.861828923225
1.743723154068
1.729376316071
1.743237018585
1.791592836380
1.932618618011
2.040471553802
1.890913724899
1.843236565590
1.710579156876
1.713496804237
1.689391613007
1.716814756393
1.718555569649
1.856130123138
1.830208301544
1.920543670654
1.755093336105
1.799944519997
1.901642918587
1.964794397354
1.764184713364
1.697440862656
1.694500088692
1.738900184631
1.848352432251
2.031762838364
1.831357717514
1.683914780617
1.691093921661
1.679312229156
1.755164623260
1.785401105881
1.874891281128
1.760926246643
1.736200332642
1.788849234581
1.839928746223
1.966233849525
2.068388938904
1.801882743835
1.780716300011
1.700102329254
1.734141111374
1.739218950272
1.839703559875
1.796942591667
1.811060667038
1.705886840820
1.711478471756
1.704118609428
1.755324840546
1.752198934555
1.842880129814
1.689899325371
1.702299833298
1.725985765457
1.762346029282
1.840126991272
1.739876151085
1.731387257576
1.717108249664
1.769000053406
1.886586427689
1.814059734344
1.734178304672
1.681004047394
1.691023945808
1.693989992142
1.771161198616
1.784377813339
1.832104682922
1.846495270729
1.754570484161
1.809498548508
1.732946753502
1.826968789101
1.778178811073
1.816378116608
1.702835202217
1.694726228714
1.691589117050
1.723184585571
1.827330589294
1.768415689468
1.747375488281
1.655079483986
1.667444944382
1.679542541504
1.772416591644
1.783551692963
1.819006681442
1.779389381409
1.655443191528
1.655504107475
1.689383029938
1.764375448227
1.855811357498
1.786110639572
1.725953340530
1.659462571144
1.717843294144
1.779756903648
1.952527642250
2.001356601715
1.817761301994
1.730172634125
1.653240442276
1.648320555687
1.668412923813
1.715849637985
1.806039094925
1.961914658546
1.740087389946
1.664670586586
1.645917415619
1.711012244225
1.750494718552
1.904333233833
1.742324590683
1.683527827263
1.666692733765
1.691913366318
1.833176136017
1.906651020050
1.779497742653
1.666317462921
1.618350028992
1.645930051804
1.637320995331
1.847222447395
1.750366449356
1.890356063843
1.665276408195
1.691784739494
1.690119743347
1.775252103806
1.742740154266
1.766860604286
1.627742052078
1.637169957161
1.649199247360
1.719974875450
1.792650103569
1.735073089600
1.645864009857
1.725818872452
1.694272041321
1.768398880959
1.726558685303
1.724146485329
1.734600424767
1.825609564781
1.811284542084
1.683262586594
1.618666172028
1.620328783989
1.613795042038
1.729259490967
1.778545022011
1.870465517044
1.661489129066
1.612338662148
1.611091732979
1.622088551521
1.764774799347
1.871516823769
2.064327955246
1.722446918488
1.638219833374
1.617905139923
1.665820837021
1.750061988831
1.996134281158
2.017002582550
1.695817708969
1.645218491554
1.641191601753
1.646090269089
1.701499104500
1.742319107056
1.729629993439
1.683726191521
1.656800985336
1.665803670883
1.744499683380
1.757332205772
1.834527611732
1.645565748215
1.605634212494
1.626860857010
1.618245005608
1.723779797554
1.693292260170
1.766826033592
1.615108966827
1.593929171562
1.570814013481
1.610696196556
1.625959157944
1.897325992584
1.820575118065
1.889516949654
1.684609532356
1.626254320145
1.619949221611
1.638826489449
1.687193751335
1.733438968658
1.664258122444
1.640242695808
1.607157707214
1.681693315506
1.759311795235
1.845698714256
1.804269433022
1.763847827911
1.629613876343
1.619446277618
1.678551793098
1.721076726913
1.881020784378
1.682792305946
1.667721509933
1.565510272980
1.685978651047
1.620199203491
1.813545823097
1.647734642029
1.676550269127
1.629428863525
1.662297844887
1.701301217079
1.780277252197
1.796323776245
1.756165266037
1.676738381386
1.673851013184
1.700054764748
1.687109947205
1.723437547684
1.630872607231
1.616062641144
1.592445373535
1.627869844437
1.635068178177
1.703478455544
1.716357707977
1.634992480278
1.656184434891
1.611672163010
1.719859123230
1.627961874008
1.641988515854
1.628557801247
1.637407064438
1.703237533569
1.654589891434
1.666661739349
1.591525197029
1.679990768433
1.601026892662
1.737631917000
1.609133958817
1.632830858231
1.639697551727
1.789649605751
1.646747589111
1.642562270164
1.623447895050
1.668433070183
1.752757310867
1.738667368889
1.748519897461
1.767205476761
1.898597478867
1.671681642532
1.601906538010
1.564571619034
1.612609505653
1.698792457581
1.748940348625
1.555161714554
1.543559432030
1.532808780670
1.555261850357
1.615617871284
1.756266117096
1.923870801926
1.664401412010
1.554155111313
1.551834106445
1.546693801880
1.609642744064
1.657930970192
1.740695238113
1.586531877518
1.560531377792
1.527230024338
1.586793541908
1.594745993614
1.877469420433
1.726881980896
1.611214399338
1.734632968903
1.630840539932
1.666029095650
1.612860679626
1.768352508545
1.753821730614
1.725672841072
1.594924330711
1.548059225082
1.565435409546
1.585314750671
1.738701820374
1.926380395889
1.998803257942
1.740794897079
1.627129316330
1.573283195496
1.546832323074
1.593211770058
1.609133839607
1.749109745026
1.604255914688
1.532003760338
1.524262905121
1.517982244492
1.560258746147
1.599138975143
1.927566885948
1.699602484703
1.597334623337
1.568602204323
1.588537573814
1.665539741516
1.687797307968
1.656532645226
1.622903823853
1.599280953407
1.667825460434
1.627900123596
1.696865081787
1.626972675323
1.671039223671
1.561914324760
1.603557348251
1.625183701515
1.785269618034
1.975371718407
1.689668893814
1.617187380791
1.550609230995
1.558825731277
1.557500481606
1.632519245148
1.721278190613
1.746946930885
1.574455499649
1.604481458664
1.531227350235
1.610905170441
1.597512960434
1.705084085464
1.628864407539
1.531568050385
1.577412128448
1.559762120247
1.810240507126
1.734108805656
1.758827328682
1.573203086853
1.571538448334
1.590711236000
1.664108753204
1.658526897430
1.725566864014
1.585050940514
1.603884220123
1.593965411186
1.655885457993
1.639290809631
1.597479343414
1.524563193321
1.560723185539
1.569320321083
1.658423781395
1.640537500381
1.753475427628
1.696587681770
1.580285549164
1.550383567810
1.528947234154
1.607270836830
1.611107826233
1.740895748138
1.643392205238
1.549205660820
1.538773536682
1.518705010414
1.634222030640
1.580008268356
1.642630577087
1.527620553970
1.558355808258
1.616590023041
1.675769329071
1.688350558281
1.607249021530
1.544623851776
1.604360103607
1.586384057999
1.684548020363
1.604424595833
1.689651250839
1.594768762589
1.674664855003
1.560063719749
1.580492377281
1.599612593651
1.545089244843
1.594013452530
1.541721582413
1.624777197838
1.538595438004
1.598692655563
1.547709107399
1.597337841988
1.646248698235
1.768056273460
1.884908199310
1.743637681007
1.560431361198
1.567012667656
1.560761332512
1.560298562050
1.626915574074
1.546273946762
1.631426930428
1.489746809006
1.615118265152
1.549565911293
1.689795017242
1.552610754967
1.535721540451
1.489914298058
1.492018938065
1.492424607277
1.518987894058
1.572970628738
1.733226060867
1.701769232750
1.540159225464
1.520760297775
1.558981418610
1.594511389732
1.711560726166
1.718832969666
1.535604953766
1.529074907303
1.571937799454
1.710876822472
1.783843994141
1.592709422112
1.456223726273
1.558798432350
1.596013545990
1.966576576233
1.663129091263
1.544278383255
1.556245326996
1.545421361923
1.620588064194
1.633578419685
1.641255855560
1.538642048836
1.515233278275
1.542722702026
1.548003911972
1.618129253387
1.558688163757
1.529923439026
1.513838291168
1.562390327454
1.623450636864
1.620687603951
1.688285350800
1.518562078476
1.609612822533
1.513383626938
1.728994369507
1.590302944183
1.603725194931
1.539229750633
1.544393301010
1.606865286827
1.638479232788
1.712025642395
1.548532724380
1.458110094070
1.508682012558
1.489220499992
1.612928867340
1.662253618240
1.603337049484
1.499156713486
1.459289312363
1.566622972488
1.569391369820
1.755813598633
1.617598414421
1.475914835930
1.498406410217
1.487213611603
1.630953550339
1.653724074364
1.731227397919
1.631909728050
1.543561935425
1.522452831268
1.522959470749
1.557015895844
1.651165246964
1.612607359886
1.642002940178
1.465856909752
1.483939051628
1.448182463646
1.506385087967
1.504887223244
1.634797692299
1.594299077988
1.577639460564
1.563582658768
1.472589492798
1.511531114578
1.478769779205
1.555471420288
1.623663425446
1.692713260651
1.768963336945
1.517190217972
1.454958677292
1.467919468880
1.534893870354
1.581181049347
1.669863462448
1.511363625526
1.467165231705
1.450805068016
1.501137733459
1.580645680428
1.572664499283
1.548898696899
1.488434910774
1.511453032494
1.645054817200
1.647688388824
1.691564083099
1.595576643944
1.562775492668
1.654153347015
1.509715557098
1.514957427979
1.449919700623
1.543544173241
1.538308262825
1.726486921310
1.663347601891
1.609926104546
1.582877993584
1.479213356972
1.463677167892
1.510564804077
1.547916531563
1.868791818619
1.595750212669
1.562279462814
1.476590633392
1.469340205193
1.508044958115
1.517995834351
1.578744292259
1.527794241905
1.502037048340
1.484172701836
1.555152416229
1.618105530739
1.617396593094
1.460273265839
1.508342027664
1.470237135887
1.715112090111
1.542009472847
1.514080166817
1.530616641045
1.546855449677
1.696235656738
1.674298763275
1.561177968979
1.479257822037
1.458074808121
1.534869551659
1.573152899742
1.807432174683
1.591221809387
1.504656434059
1.496336817741
1.476767182350
1.606987357140
1.550971150398
1.527461528778
1.463646173477
1.489009380341
1.491623997688
1.594245076180
1.531906843185
1.627927899361
1.466671824455
1.518466353416
1.524206042290
1.588506698608
1.574705243111
1.511068940163
1.558172345161
1.488968610764
1.568640232086
1.470128059387
1.458051204681
1.483586549759
1.515522718430
1.672854185104
1.591574907303
1.565603256226
1.512491226196
1.470782518387
1.519742012024
1.521366953850
1.678269028664
1.712690591812
1.651609182358
1.512494087219
1.427296280861
1.537101387978
1.510265111923
1.677003145218
1.528904795647
1.552520751953
1.492858529091
1.555450201035
1.532565474510
1.542610645294
1.453271150589
1.443879127502
1.448162317276
1.477256059647
1.546661019325
1.541815996170
1.511753559113
1.511549830437
1.446929931641
1.530813097954
1.483829975128
1.574659347534
1.558706045151
1.532653808594
1.663425207138
1.452162265778
1.481370806694
1.404370546341
1.537223458290
1.492563247681
1.608219981194
1.543166875839
1.505488991737
1.491148829460
1.516724705696
1.554567456245
1.545178413391
1.567720055580
1.528014063835
1.635635375977
1.678159356117
1.630035400391
1.465345501900
1.428608655930
1.504127621651
1.629117131233
1.777306675911
1.504763960838
1.428098320961
1.401456356049
1.410095930099
1.443990707397
1.492808461189
1.696938037872
1.541119098663
1.563071608543
1.402247190475
1.419864654541
1.404028892517
1.549875020981
1.617893218994
1.742406368256
1.509913206100
1.451498746872
1.426113605499
1.445883870125
1.474365592003
1.506220221519
1.515498399734
1.545261383057
1.524061203003
1.542068243027
1.514788031578
1.483875989914
1.475477933884
1.505267858505
1.528786301613
1.499620199203
1.443378090858
1.402781963348
1.455085158348
1.464128971100
1.769724965096
1.579943299294
1.475831627846
1.478370547295
1.463173508644
1.570566654205
1.456606388092
1.451911091805
1.408436536789
1.463984966278
1.549453496933
1.613471984863
1.559334754944
1.544051170349
1.594756007195
1.568315982819
1.488514661789
1.497159838676
1.523504376411
1.542142033577
1.467173218727
1.480191230774
1.376427650452
1.460317850113
1.379549503326
1.544152021408
1.437351226807
1.600318312645
1.509065747261
1.580472588539
1.505542039871
1.501870512962
1.456108570099
1.568546533585
1.453830242157
1.473681569099
1.405171036720
1.457385182381
1.449222207069
1.627167224884
1.540112972260
1.540232539177
1.444964885712
1.423783302307
1.456315875053
1.512873888016
1.549378633499
1.614644289017
1.557239055634
1.600818037987
1.652734398842
1.538824915886
1.552318334579
1.505094766617
1.520423650742
1.591579914093
1.419315695763
1.405405998230
1.379972219467
1.424633979797
1.435695886612
1.507390975952
1.465404629707
1.415296435356
1.397482991219
1.386236190796
1.472484469414
1.455350995064
1.556156635284
1.455607771873
1.480621814728
1.564868569374
1.476491332054
1.653455615044
1.487964630127
1.419143676758
1.492713689804
1.534080505371
1.528054952621
1.409927248955
1.417679071426
1.471835613251
1.744877934456
1.624834060669
1.480451345444
1.359450340271
1.411423802376
