4.139177322388
4.134849548340
4.130612373352
4.126495838165
4.122451782227
4.118443965912
4.114461421967
4.110498428345
4.106542587280
4.102480888367
4.098404884338
4.094363689423
4.090305805206
4.086286067963
4.082252025604
4.078197479248
4.074087619781
4.069924354553
4.065714359283
4.061439990997
4.056987762451
4.052508354187
4.047983169556
4.043418884277
4.038732528687
4.033901691437
4.028926849365
4.023818492889
4.018483161926
4.012588500977
4.006480216980
3.999996185303
3.993181943893
3.985971927643
3.978361606598
3.970285177231
3.961598396301
3.952294588089
3.941796779633
3.930842399597
3.920247077942
3.909005641937
3.896531343460
3.885302543640
3.873857736588
3.862409591675
3.850115776062
3.840116500854
3.829228401184
3.817182540894
3.809711456299
3.797127246857
3.791988611221
3.776804447174
3.777881622314
3.752132415771
3.792899847031
3.753169298172
4.174564361572
3.799542427063
3.780738830566
3.760194301605
3.741633892059
3.725441455841
3.711817979813
3.700057983398
3.689359188080
3.683687210083
3.673443317413
3.669863224030
3.654545307159
3.664695501328
3.632513523102
3.735191345215
3.758814811707
4.136974334717
3.806396961212
3.758091926575
3.709813356400
3.666951894760
3.637159824371
3.618678331375
3.607035636902
3.598507881165
3.591569423676
3.586604595184
3.579082965851
3.578282594681
3.567543506622
3.572413444519
3.557088851929
3.566498517990
3.543735980988
3.582251071930
3.544672012329
3.803915023804
3.730474948883
3.701047897339
3.628557682037
3.576462745667
3.543903827667
3.526556491852
3.520030498505
3.512413501740
3.510787248611
3.505483627319
3.503491401672
3.499071598053
3.494406223297
3.492804050446
3.484997749329
3.489136695862
3.477196693420
3.484036922455
3.469677448273
3.480164527893
3.458333015442
3.496783971786
3.467863082886
3.755174160004
3.718912124634
3.638431787491
3.577263832092
3.519340753555
3.476515293121
3.452338933945
3.441545963287
3.434165477753
3.430710792542
3.426286697388
3.420522451401
3.418722629547
3.412503480911
3.413968563080
3.406652450562
3.407584905624
3.396634578705
3.404019355774
3.385890960693
3.409430503845
3.377437829971
3.510797023773
3.590722560883
3.775557041168
3.529321670532
3.444967269897
3.413152694702
3.378628253937
3.377348899841
3.356900691986
3.368133544922
3.343888282776
3.380041122437
3.348272562027
3.491171836853
3.443561553955
3.358151197433
3.385348796844
3.351681232452
3.420109033585
3.391325473785
3.448061466217
3.348766565323
3.359037876129
3.307692527771
3.324911594391
3.292646408081
3.326681137085
3.291134834290
3.398159027100
3.388384580612
3.510140895844
3.346530675888
3.304719686508
3.292653083801
3.260746002197
3.329599142075
3.304630756378
3.402930498123
3.340403556824
3.274332046509
3.318312168121
3.278539657593
3.320639133453
3.277589321136
3.318916320801
3.269938945770
3.290542125702
3.266425609589
3.268554449081
3.284235477448
3.269952774048
3.269847869873
3.232332229614
3.243892669678
3.215675592422
3.242211341858
3.234688758850
3.249654769897
3.263217926025
3.236392021179
3.271883964539
3.201308727264
3.266880273819
3.185457944870
3.329179048538
3.194991111755
3.303241014481
3.160757780075
3.198719501495
3.143489837646
3.190234661102
3.188304424286
3.306646347046
3.385763645172
3.322679519653
3.171704769135
3.153910636902
3.136096000671
3.128811836243
3.121334075928
3.118315219879
3.114384174347
3.108218193054
3.109043598175
3.101285934448
3.103442668915
3.094141960144
3.096198558807
3.088399887085
3.089492797852
3.078655242920
3.088818073273
3.066161155701
3.175009250641
3.345246791840
3.227966547012
3.252842664719
3.174803256989
3.154322147369
3.097140789032
3.075793027878
3.074700593948
3.073805332184
3.122530460358
3.170578956604
3.106174230576
3.145328044891
3.084058284760
3.093572616577
3.069075822830
3.065733432770
3.105295896530
3.105726718903
3.053921222687
3.037846565247
3.037369251251
3.029021263123
3.065805912018
3.074692726135
3.055690288544
3.065146684647
3.034872055054
3.067266464233
3.027136802673
3.116326808929
3.039566516876
3.183066844940
3.029435634613
3.090232610703
2.990340232849
3.053420305252
2.974161148071
3.026556253433
2.968413829803
3.009623765945
2.971044063568
3.008542776108
2.991353988647
3.051040172577
3.192927360535
3.064833641052
3.037324905396
2.955721855164
3.005869865417
2.938472270966
3.075212001801
2.966090679169
3.002807140350
2.945158958435
2.955002307892
2.970992088318
2.981925964355
2.968624353409
2.953363895416
3.000771045685
3.062025070190
3.034696102142
2.911771774292
2.924058914185
2.882936000824
2.918203830719
2.888389348984
2.964200973511
2.953186750412
2.999269247055
2.902269601822
2.939462661743
2.870090007782
2.930645704269
2.946994304657
2.981703758240
3.095647811890
2.969304561615
2.890061855316
2.864994525909
2.870179653168
2.846522331238
2.903535842896
2.891836881638
2.915404319763
2.867912292480
2.848965167999
2.827717781067
2.833206415176
2.850215435028
2.917540550232
3.067057609558
3.019273757935
2.982491970062
2.847584486008
2.843722343445
2.800709724426
2.830609321594
2.793132781982
2.859026432037
2.835471153259
2.923856496811
2.833413839340
2.871585369110
2.765260696411
2.860637903214
2.782231807709
2.894682407379
2.825849533081
2.808506965637
2.839797019958
2.953629732132
3.019248962402
2.828733444214
2.814639806747
2.754475593567
2.754863977432
2.737662792206
2.743608951569
2.750528812408
2.816636562347
2.996969223022
2.916905403137
2.775440931320
2.764204025269
2.756532192230
2.821085929871
2.834339618683
2.803002595901
2.792562484741
2.745634317398
2.776399612427
2.752388954163
2.798427820206
2.753701686859
2.814978837967
2.761435747147
2.768550872803
2.748548746109
2.719917774200
2.773613929749
2.737168788910
2.835247755051
2.779638290405
2.714301109314
2.669076442719
2.679466247559
2.680548429489
2.747210502625
2.854683876038
2.844464302063
2.690231323242
2.670658826828
2.642709493637
2.673324108124
2.694910287857
2.830435752869
2.869811296463
2.719169616699
2.803635120392
2.682470798492
2.710656166077
2.631667137146
2.686234474182
2.633351325989
2.720391988754
2.679949283600
2.735484361649
2.745409011841
2.670817136765
2.717908382416
2.768727064133
2.749473094940
2.719894886017
2.617793560028
2.616497755051
2.609764099121
2.655569791794
2.679003715515
2.772918462753
2.679511785507
2.673182964325
2.643506050110
2.623003721237
2.631951808929
2.639447212219
2.657722234726
2.695336341858
2.647947311401
2.690398693085
2.588759660721
2.699287176132
2.605154037476
2.727813243866
2.662658691406
2.596214771271
2.587301254272
2.628764390945
2.684190750122
2.718355894089
2.678737878799
2.582927227020
2.604149818420
2.569263458252
2.616047382355
2.619423627853
2.627148389816
2.643981695175
2.583296060562
2.636705160141
2.588245868683
2.592746257782
2.581749677658
2.588388204575
2.650411605835
2.641671419144
2.581412792206
2.615892887115
2.557710647583
2.598183631897
2.530147552490
2.634367704391
2.547057628632
2.657203197479
2.542020797729
2.555682659149
2.498714447021
2.526507616043
2.522110939026
2.631911754608
2.730231046677
2.698601245880
2.661951780319
2.556692600250
2.533826828003
2.506071090698
2.530713081360
2.561293363571
2.602354526520
2.595899343491
2.531672477722
2.476382255554
2.489353418350
2.480243444443
2.536706447601
2.576441764832
2.628459692001
2.555905342102
2.510798692703
2.455822706223
2.503052234650
2.580194234848
2.739366292953
2.595532178879
2.476990699768
2.446171522141
2.471314191818
2.493547439575
2.577973365784
2.547757387161
2.455092906952
2.468835353851
2.414820909500
2.520920276642
2.499967336655
2.687528848648
2.491027116776
2.485491752625
2.409955739975
2.425120353699
2.428630590439
2.479179620743
2.618828535080
2.502123117447
2.448410034180
2.417454481125
2.486624717712
2.534797430038
2.507807254791
2.434298515320
2.404630661011
2.393031597137
2.439117908478
2.488990068436
2.570482492447
2.487341642380
2.393650531769
2.389213562012
2.409618139267
2.475313663483
2.591299533844
2.538000822067
2.405314445496
2.433055877686
2.376772642136
2.578889369965
2.536465644836
2.435328722000
2.386623382568
2.356432676315
2.423858165741
2.402835845947
2.497378349304
2.366247653961
2.338657617569
2.353094100952
2.379364252090
2.533048629761
2.527297019958
2.398864030838
2.445095300674
2.430850505829
2.524001121521
2.449343681335
2.419983625412
2.370136499405
2.367318630219
2.406625747681
2.407114267349
2.403591156006
2.341456890106
2.398017406464
2.346144676208
2.435520410538
2.358052492142
2.443987369537
2.378091335297
2.473015785217
2.500192880630
2.410315275192
2.319005012512
2.302628755569
2.319523334503
2.369426488876
2.484984397888
2.513545036316
2.304575443268
2.326407432556
2.276072502136
2.343678236008
2.295981884003
2.434850215912
2.367125034332
2.436068296432
2.302549362183
2.307371616364
2.327296972275
2.340981960297
2.443772792816
2.353668689728
2.304811477661
2.327846765518
2.339844226837
2.428259372711
2.389581203461
2.339124441147
2.258120536804
2.327845811844
2.315346002579
2.443747997284
2.401919364929
2.255420446396
2.272818088531
2.288586139679
2.410444021225
2.466391324997
2.514801740646
2.302710294724
2.246848583221
2.242970228195
2.231680393219
2.248029947281
2.270658731461
2.367562055588
2.322270870209
2.285651206970
2.234237194061
2.277996063232
2.365858554840
2.340388298035
2.247604846954
2.256436109543
2.236621856689
2.298274278641
2.293447971344
2.365999221802
2.312714815140
2.322320461273
2.303195476532
2.394743204117
2.536776781082
2.323980093002
2.251591205597
2.188463926315
2.205721378326
2.178135871887
2.216264724731
2.212231636047
2.368957042694
2.311152219772
2.341988563538
2.205156803131
2.212112903595
2.247461795807
2.306356906891
2.368407726288
2.201653957367
2.159098386765
2.165498018265
2.164491891861
2.215998172760
2.429714679718
2.612260580063
2.598212003708
2.414250850677
2.294915676117
2.219490766525
2.189885616302
2.177867412567
2.166538238525
2.159758567810
2.149140834808
2.145820140839
2.137081146240
2.136912584305
2.129621982574
2.135024785995
2.140800476074
2.243803024292
2.433811187744
2.438799142838
2.263232707977
2.195852756500
2.196039915085
2.250430107117
2.270405292511
2.311091423035
2.186109781265
2.189575910568
2.150547504425
2.219847679138
2.307548046112
2.456041812897
2.294592142105
2.266805648804
2.146122455597
2.123297214508
2.115320682526
2.106537103653
2.109776258469
2.118508338928
2.155148029327
2.240235328674
2.222749710083
2.222489833832
2.134220361710
2.174845218658
2.221819162369
2.191674709320
2.200700044632
2.122263908386
2.132425546646
2.139507532120
2.311237812042
2.425570487976
2.306179046631
2.165645599365
2.131507396698
2.129723548889
2.206554651260
2.216918706894
2.225674867630
2.109716176987
2.100776672363
2.082605123520
2.088122844696
2.134076118469
2.158061981201
2.290040016174
2.242866516113
2.314861536026
2.225372791290
2.132230520248
2.063609600067
2.071901321411
2.048808097839
2.076496124268
2.072366952896
2.224689960480
2.290368080139
2.330389261246
2.143548727036
2.088001012802
2.090447425842
2.151820182800
2.221601486206
2.236616373062
2.127258300781
2.064089059830
2.117840290070
2.184813022614
2.403836965561
2.259843111038
2.124444961548
2.061241626740
2.069166898727
2.043628454208
2.072508573532
2.056001186371
2.132003307343
2.093547344208
2.186504840851
2.040182113647
2.126236200333
2.028027534485
2.096405029297
2.038791179657
2.102210521698
2.044254302979
2.080260276794
2.063588857651
2.106637477875
2.207938194275
2.272740125656
2.271848917007
2.121253252029
2.022957324982
2.069853305817
2.082923650742
2.154845237732
2.264734506607
2.112159490585
2.059041738510
2.011016368866
2.022010087967
2.029273748398
2.086710691452
2.101768255234
2.098064899445
2.100857734680
2.023622274399
2.078652381897
2.094023227692
2.166244506836
2.132160902023
2.062590837479
1.993765592575
2.025271415710
2.036225795746
2.118088245392
2.237603664398
2.095643043518
2.056954622269
2.038483381271
2.112973451614
2.120836257935
2.181270122528
2.042743206024
2.044845819473
2.020731925964
2.022167682648
2.046217203140
2.079349040985
2.075402259827
2.072542667389
1.973537445068
2.024356365204
1.980280876160
2.096763134003
2.062445163727
2.058238267899
1.997530579567
1.999571681023
1.993213653564
2.010647058487
2.088567733765
2.161500453949
2.220222234726
2.076974391937
1.959027171135
1.956811904907
1.936477303505
1.950821518898
1.954704999924
2.132535934448
2.378418922424
2.200771570206
2.094903707504
2.006475210190
1.966690897942
1.967514514923
1.968399405479
1.995702505112
1.998290538788
1.988578319550
2.008627653122
1.984038591385
2.017477035522
2.073156595230
2.058775186539
2.120441675186
2.000785112381
1.940640926361
1.941880226135
1.960720539093
1.998588562012
2.070363044739
2.109340190887
1.997244119644
1.960959196091
1.947359442711
2.002061843872
2.039868831635
2.062234401703
1.952862977982
1.944713830948
1.973366022110
1.978805661201
2.125393629074
2.123655557632
1.991793155670
1.919966459274
1.925838589668
1.947374582291
2.112555265427
2.261518478394
2.229509353638
2.084505319595
1.941805601120
1.946696281433
1.918610811234
1.982514619827
1.944403886795
2.016263961792
1.942173242569
1.940439820290
1.964542627335
1.983085155487
1.980774998665
1.996147274971
1.965006709099
1.986629009247
1.991463661194
2.124557256699
2.067931890488
1.978382468224
1.911744952202
1.918904304504
1.924961328506
1.973954677582
2.011574029922
2.018405914307
1.941723585129
1.886787414551
1.908017754555
1.897580742836
2.001451253891
1.936465978622
1.969475030899
1.877442359924
1.885635137558
1.874074101448
1.931573629379
2.079932212830
2.244315624237
2.004247665405
1.882935047150
1.867181897163
1.872932672501
1.883049607277
1.973042726517
2.063000202179
2.057872295380
2.073926687241
2.032421827316
1.875746488571
1.861160278320
1.838603973389
1.844611644745
1.828325510025
1.849603414536
1.837158918381
1.981359481812
2.068964004517
2.166574954987
1.900956392288
1.885775566101
1.857819080353
1.899283885956
1.929149627686
1.977430462837
2.008591175079
1.876283884048
1.868816375732
1.859004855156
1.914485216141
2.045274019241
2.328704595566
2.113944530487
1.950174093246
1.865102529526
1.850160837173
1.834357619286
1.826337575912
1.836473584175
1.852253556252
2.000336647034
2.069334268570
1.947779297829
1.900294661522
1.848000407219
1.970729589462
1.989355325699
2.122990608215
1.924583315849
1.817974805832
1.826222300529
1.808360338211
1.832132339478
1.855477809906
1.926544547081
1.957795143127
1.885877728462
1.843078494072
1.847380638123
1.914508223534
2.027393341064
2.050296068192
2.003066301346
1.865284562111
1.875464439392
1.881366848946
1.938943505287
1.879361152649
1.929165482521
1.880620956421
1.900947093964
1.924529314041
1.927643299103
1.891638994217
1.858693838120
1.878375053406
1.784974217415
1.905286788940
1.814982295036
1.964061498642
1.850540757179
1.888716220856
1.837448954582
1.838229775429
1.878519296646
1.881027221680
1.936280131340
1.863226771355
1.895589470863
1.875436306000
1.946566939354
1.963074326515
1.893852114677
1.837975025177
1.828590154648
1.822340369225
1.868916869164
1.970095396042
1.950160264969
1.864101409912
1.815576553345
1.797492027283
1.847573280334
1.881665945053
2.000593185425
1.890413284302
1.827703595161
1.830159306526
1.827345132828
1.885061860085
1.849031209946
1.834525346756
1.796689748764
1.812089920044
1.813682079315
1.930455446243
1.988765239716
2.073325634003
1.860204577446
1.776348948479
1.795353174210
1.801067471504
1.925286650658
1.959477901459
1.870634436607
1.861217379570
1.798546195030
1.831807613373
1.794418692589
1.936040759087
1.844219565392
1.884370446205
1.768410563469
1.777640104294
1.786119818687
1.853444099426
1.912426352501
1.921110630035
1.821924448013
1.735877513885
1.795558094978
1.768533587456
1.868240594864
1.925960063934
1.846355557442
1.795648336411
1.768499135971
1.841434955597
1.909402012825
2.095014810562
1.978209018707
1.833367466927
1.761693239212
1.733538389206
1.746570348740
1.736797332764
1.816479444504
1.871045827866
1.915914177895
1.828887224197
1.775194883347
1.822856068611
1.863598585129
1.919354438782
1.824636459351
1.739177465439
1.775740385056
1.737976551056
1.831536054611
1.810152888298
1.855268836021
1.896502375603
1.846424341202
1.812348365784
1.787098407745
1.746056079865
1.797375440598
1.733366727829
1.830214262009
1.750011682510
1.836350917816
1.793018579483
1.844324111938
1.877155303955
1.796878814697
1.873732447624
1.804106950760
1.832991480827
1.788881540298
1.776491045952
1.752379655838
1.802953958511
1.779438972473
1.859733819962
1.774357080460
1.782133698463
1.769632220268
1.763036847115
1.832157850266
1.860465288162
1.817018747330
1.787577867508
1.751176118851
1.758884072304
1.799500465393
1.812380552292
1.778189063072
1.740132570267
1.776044130325
1.773631453514
1.857423067093
1.794060468674
1.780640721321
1.760145664215
1.763428926468
1.896490335464
1.860284924507
1.854631185532
1.868146657944
1.723938465118
1.767055273056
1.741302609444
1.838755607605
1.842604875565
1.780060529709
1.731780052185
1.707957267761
1.764722347260
1.807363271713
1.863730669022
1.800625324249
1.751425862312
1.709737539291
1.786660432816
1.806920051575
1.792320847511
1.717531442642
1.717948436737
1.739267587662
1.790656089783
1.891109228134
1.792649984360
1.737975120544
1.724412441254
1.741286873817
1.787772178650
1.833456277847
1.907533884048
1.855962395668
1.807165145874
1.719250440598
1.753851175308
1.769838690758
1.780705809593
1.773082256317
1.697896599770
1.726634263992
1.711745977402
1.788965582848
1.780824422836
1.784830689430
1.697746515274
1.740223884583
1.724200963974
1.795932292938
1.743092417717
1.711602449417
1.652232170105
1.683997511864
1.702423095703
1.847229719162
1.934873819351
1.823809862137
1.676747202873
1.658991456032
1.668721318245
1.700470447540
1.878731250763
1.897104382515
1.746546387672
1.675169110298
1.630362391472
1.669597387314
1.666010856628
1.887833356857
1.924947977066
1.796041250229
1.716832399368
1.662335753441
1.676696300507
1.726922035217
1.837384223938
1.960746765137
1.802397489548
1.713783383369
1.681989312172
1.633576989174
1.645928382874
1.638223171234
1.692766189575
1.776048898697
1.828033924103
1.829571962357
1.730280041695
1.698108911514
1.924902319908
1.837138414383
1.734279394150
1.644870877266
1.633295059204
1.681738615036
1.752427339554
2.005412578583
1.781752467155
1.650966882706
1.640536785126
1.623354673386
1.692873835564
1.720867037773
1.798197388649
1.723584890366
1.691703796387
1.709416985512
1.770743131638
1.897210121155
1.970618724823
1.761232852936
1.673996210098
1.693919181824
1.625633955002
1.731295108795
1.709195852280
1.802714228630
1.712156295776
1.653913855553
1.646956682205
1.635535836220
1.690625429153
1.689164161682
1.762501478195
1.667724132538
1.638847351074
1.666056156158
1.696642994881
1.743182897568
1.693961739540
1.660929679871
1.674667596817
1.713627576828
1.833692550659
1.769078969955
1.629745006561
1.636803269386
1.594967365265
1.659984350204
1.675085902214
1.787459850311
1.768599271774
1.829986572266
1.767816781998
1.679123163223
1.714463710785
1.716149330139
1.755795240402
1.721753001213
1.632589817047
1.622790336609
1.617437958717
1.664089083672
1.753277301788
1.714430093765
1.679813981056
1.612805485725
1.582803130150
1.630800485611
1.661659240723
1.716149091721
1.735827326775
1.724162578583
1.626734018326
1.591358542442
1.657005906105
1.710754156113
1.838081121445
1.775455713272
1.648004889488
1.663468003273
1.607729434967
1.742614388466
1.851722478867
1.903645277023
1.842583656311
1.670725107193
1.618713378906
1.579426288605
1.613406062126
1.638874053955
1.737357378006
1.845554232597
1.656989574432
1.592598080635
1.592835903168
1.635322928429
1.710160374641
1.829932570457
1.710780978203
1.625070452690
1.597449660301
1.628858327866
1.764488220215
1.842097282410
1.713138580322
1.597201585770
1.568395018578
1.568749427795
1.594462394714
1.730891942978
1.769110560417
1.738101482391
1.671998143196
1.576400756836
1.660168766975
1.670867204666
1.727956891060
1.701746702194
1.584291815758
1.579736948013
1.601885557175
1.661335706711
1.756306171417
1.717206954956
1.623759984970
1.620812416077
1.685514688492
1.650558352470
1.732675552368
1.630198955536
1.690662503242
1.783788204193
1.737011909485
1.663233518600
1.559880375862
1.566578388214
1.550175189972
1.681258082390
1.722083210945
1.815836071968
1.660432815552
1.556275010109
1.552775025368
1.568213820457
1.667226672173
1.860493779182
1.838975667953
1.730502486229
1.558453559875
1.569083452225
1.582358360291
1.691290140152
1.938358426094
1.866658210754
1.631884813309
1.579412460327
1.572387933731
1.586889505386
1.648104429245
1.698053479195
1.697690844536
1.596130371094
1.604499340057
1.576181411743
1.680953264236
1.700094699860
1.772945404053
1.647159814835
1.534702539444
1.568054556847
1.539831757545
1.631192207336
1.590728998184
1.650321006775
1.518498063087
1.530219912529
1.497691154480
1.548719286919
1.569609642029
1.814689397812
1.840494513512
1.776821374893
1.600530624390
1.584270834923
1.538198113441
1.607993245125
1.598522186279
1.741971015930
1.588513731956
1.601007819176
1.558024406433
1.617052793503
1.699645161629
1.760683536530
1.707393527031
1.640502095222
1.567718744278
1.572002410889
1.614335656166
1.691582679749
1.798117637634
1.716665744781
1.590437650681
1.579087734222
1.551004648209
1.650714874268
1.635916590691
1.642847061157
1.568518280983
1.556365847588
1.604474782944
1.615876317024
1.727715015411
1.742901444435
1.735871315002
1.631918072701
1.606279015541
1.638492345810
1.628964185715
1.656435847282
1.580553174019
1.538906931877
1.550705552101
1.538636207581
1.598761081696
1.606041431427
1.651050329208
1.550586462021
1.582798004150
1.554012298584
1.645076274872
1.572311997414
1.588462114334
1.558131933212
1.584470391273
1.612934589386
1.623957395554
1.586065769196
1.563831329346
1.581810712814
1.570045471191
1.637118339539
1.549960255623
1.556581139565
1.587499976158
1.629691720009
1.605814337730
1.537127137184
1.635290861130
1.562333464622
1.792182922363
1.697743654251
1.704998254776
1.719641685486
1.751345634460
1.594032287598
1.533370733261
1.499070525169
1.546649694443
1.656438827515
1.707072496414
1.529408335686
1.501051068306
1.469265699387
1.523214101791
1.533084392548
1.807734131813
1.804327011108
1.631141066551
1.496495127678
1.488158941269
1.483654737473
1.533992767334
1.575247526169
1.635279417038
1.559297442436
1.477008104324
1.486923694611
1.495763301849
1.551138520241
1.791936635971
1.634338974953
1.645942211151
1.595579385757
1.583017587662
1.541888475418
1.589884877205
1.619936227798
1.712260961533
1.620668768883
1.535491466522
1.489010334015
1.508654356003
1.524650096893
1.700033426285
1.847908377647
1.944178223610
1.669131994247
1.542256116867
1.508874416351
1.492472887039
1.524800300598
1.586704015732
1.670826196671
1.594207525253
1.496395826340
1.460457205772
1.472055077553
1.478188872337
1.590421915054
1.790583491325
1.684290289879
1.514846801758
1.502589344978
1.496467113495
1.620152950287
1.581879377365
1.611754536629
1.539992094040
1.532548904419
1.595447659492
1.546040296555
1.662597298622
1.538677930832
1.603414416313
1.498486161232
1.519802689552
1.569114089012
1.671218991280
1.885630249977
1.633649587631
1.530062317848
1.508172392845
1.486913919449
1.505031347275
1.569391369820
1.664470195770
1.729918241501
1.527479767799
1.514264345169
1.493243813515
1.528913259506
1.558819293976
1.650481224060
1.567175030708
1.477996230125
1.485897541046
1.568843364716
1.640033125877
1.874186754227
1.643076896667
1.521739244461
1.505199074745
1.507614731789
1.566130995750
1.555666804314
1.599994421005
1.509271740913
1.513515472412
1.549619674683
1.583552598953
1.600183844566
1.547961473465
1.472542524338
1.456079006195
1.510693192482
1.503455042839
1.605759024620
1.641778588295
1.731754899025
1.546198368073
1.478193283081
1.476309537888
1.512651920319
1.565206766129
1.642432332039
1.587611436844
1.478486895561
1.455307602882
1.472474694252
1.531496047974
1.576950311661
1.535954952240
1.533094763756
1.452023029327
1.615588784218
1.575282812119
1.721696019173
1.551089525223
1.491552829742
1.525224566460
1.515052437782
1.595888257027
1.604090571404
1.576089978218
1.611316561699
1.537103295326
1.545645713806
1.498522400856
1.560083270073
1.513027667999
1.533157706261
1.513830184937
1.557604312897
1.490138173103
1.534900307655
1.469569206238
1.530810832977
1.553329586983
1.669751763344
1.793664216995
1.616925477982
1.528304457664
1.488008856773
1.513819932938
1.515290379524
1.549929261208
1.542566657066
1.514006376266
1.472295641899
1.495292782784
1.509734988213
1.605177640915
1.493643403053
1.501230716705
1.419257760048
1.448140621185
1.431742191315
1.470233559608
1.554291129112
1.635769605637
1.691163778305
1.529286503792
1.453687071800
1.487478375435
1.499718666077
1.610558867455
1.546428442001
1.479914903641
1.412683248520
1.571593523026
1.572555780411
1.893589615822
1.530270695686
1.436466097832
1.447197675705
1.591414213181
1.722974896431
1.613865494728
1.508832693100
1.459039926529
1.486571073532
1.530169725418
1.555192232132
1.584264993668
1.453967332840
1.479209065437
1.412723660469
1.518719911575
1.455670237541
1.492430925369
1.419517874718
1.452281117439
1.477951288223
1.572910308838
1.608337402344
1.611391901970
1.520150184631
1.474632859230
1.483835935593
1.601660728455
1.570285320282
1.508526563644
1.460417270660
1.472988367081
1.500307321548
1.556935310364
1.638834714890
1.457662820816
1.447290539742
1.402369976044
1.503458380699
1.505143523216
1.689973473549
1.552181363106
1.415340542793
1.437781453133
1.431754350662
1.592077851295
1.598502755165
1.642545938492
1.431232094765
1.451247215271
1.443999052048
1.567609906197
1.652765512466
1.645874857903
1.584299087524
1.489212274551
1.450459241867
1.452667713165
1.517705678940
1.563294529915
1.613090395927
1.534543871880
1.468365073204
1.375110268593
1.451055645943
1.371318340302
1.539812564850
1.463952779770
1.599251270294
1.499240040779
1.484927177429
1.459335207939
1.432877182961
1.430928587914
1.501366615295
1.520217180252
1.644340038300
1.590095043182
1.417132973671
1.408812761307
1.384065032005
1.497079014778
1.507920026779
1.629453420639
1.473626852036
1.382523417473
1.404669880867
1.411900043488
1.545350670815
1.543645381927
1.489377498627
1.491727113724
1.434828877449
1.586469888687
1.601592063904
1.572003126144
1.535468816757
1.496402978897
1.507103204727
1.455476045609
1.402128934860
1.428515672684
1.417562484741
1.560028433800
1.609626770020
1.678268790245
1.564568400383
1.425178527832
1.414768576622
1.379223585129
1.447576642036
1.492458701134
1.743669986725
1.647970557213
1.449165225029
1.427047014236
1.399257779121
1.449193358421
1.487820863724
1.518310785294
1.506323099136
1.458481073380
1.382392883301
1.509186744690
1.505061745644
1.547432661057
1.418609857559
1.416204929352
1.444316983223
1.549014925957
1.482159495354
1.452413558960
1.448091149330
1.486087322235
1.620828032494
1.644516229630
1.482772111893
1.410028457642
1.382786273956
1.440852880478
1.493041157722
1.638930559158
1.523203253746
1.427227973938
1.406399488449
1.457610130310
1.493625760078
1.573011636734
1.464625120163
1.428441762924
1.419545888901
1.445347309113
1.476436495781
1.484524488449
1.468445777893
1.461515188217
1.386056542397
1.583249211311
1.467217206955
1.614198327065
1.489764213562
1.421371817589
1.473128199577
1.413185119629
1.422143101692
1.360756635666
1.421736478806
1.460336208344
1.579407095909
1.606274366379
1.455308198929
1.477839827538
1.387188076973
1.449658632278
1.461303710938
1.553243160248
1.661739826202
1.576571702957
1.478947997093
1.377034902573
1.444612383842
1.496865510941
1.546691417694
1.494431614876
1.481982827187
1.446788311005
1.484003782272
1.508020281792
1.488948345184
1.409823179245
1.395619869232
1.376851797104
1.425155758858
1.471742630005
1.428729414940
1.450500488281
1.390403747559
1.397537589073
1.428945660591
1.423923254013
1.531787872314
1.457887768745
1.548042774200
1.510124683380
1.433775544167
1.375539898872
1.403024673462
1.395660996437
1.523970603943
1.454620480537
1.535416245461
1.448831677437
1.452029228210
1.441829800606
1.506341695786
1.445649147034
1.496320605278
1.440884947777
1.549839377403
1.602308988571
1.584900259972
1.392897963524
1.383203983307
1.423093676567
1.642714142799
1.687050223351
1.457249641418
1.370146512985
1.322773337364
1.366418242455
1.324055552483
1.470010042191
1.457576036453
1.502385139465
1.462023377419
1.337821006775
1.342658042908
1.332742810249
1.473491430283
1.553167939186
1.643921613693
1.525158405304
1.341523408890
1.401709318161
1.340018033981
1.458063721657
1.417710423470
1.471920251846
1.512190580368
1.424161911011
1.483413338661
1.387984514236
1.422856450081
1.389250040054
1.447748422623
1.473215579987
1.460140109062
1.403971433640
1.338677763939
1.394678711891
1.400492668152
1.635025024414
1.582498550415
1.406926870346
1.423522591591
1.434858560562
1.483147859573
1.426402091980
1.380235195160
1.340811014175
1.405764818192
1.462771654129
1.560774683952
1.478757858276
1.433403253555
1.552981853485
1.502523660660
1.396717309952
1.409650802612
1.481847047806
1.436040759087
1.467464089394
1.345772504807
1.370471954346
1.316373229027
1.411268472672
1.357263565063
1.524311542511
1.422811865807
1.551640748978
1.496315717697
1.518220067024
1.397005677223
1.448048353195
1.370378732681
1.410857319832
1.322033166885
1.348106861115
1.332717895508
1.391650795937
1.491805195808
1.485164761543
1.474763989449
1.383509874344
1.351476669312
1.393366694450
1.426277518272
1.502034306526
1.494528532028
1.548031330109
1.462462544441
1.529911875725
1.505833983421
1.428521752357
1.461749076843
1.438028097153
1.517030000687
1.345964431763
1.349075794220
1.303304195404
1.363620758057
1.362679839134
1.429956197739
1.412436008453
1.340509533882
1.339238882065
1.300703763962
1.418142437935
1.368073463440
1.487203478813
1.415794849396
1.431388020515
1.509533643723
1.496926188469
1.441833972931
1.420892834663
1.379540920258
1.387357354164
1.546437025070
1.448756933212
1.379343509674
1.330701112747
1.435846805573
1.606861472130
1.674508929253
1.400173783302
1.317283987999
1.325233340263
