4.137343406677
4.133813858032
4.130297183990
4.126798629761
4.123301982880
4.119807720184
4.116309642792
4.112807273865
4.109296798706
4.105734348297
4.102162361145
4.098589420319
4.095016479492
4.091461181641
4.087921142578
4.084390640259
4.080853462219
4.077310562134
4.073751926422
4.070188522339
4.066610336304
4.063012123108
4.059400558472
4.055759906769
4.052102565765
4.048418521881
4.044684886932
4.040917396545
4.037103176117
4.033289909363
4.029344081879
4.025301933289
4.021132469177
4.016848564148
4.012402534485
4.007805347443
4.003041744232
3.998034715652
3.992897987366
3.987162590027
3.980708122253
3.974027872086
3.967190265656
3.958754062653
3.950155019760
3.941117286682
3.932114839554
3.920912742615
3.910864353180
3.900967359543
3.887122631073
3.879043102264
3.863379478455
3.859237670898
3.838319778442
3.850497245789
3.801079988480
3.963089942932
3.879648685455
3.935919284821
3.860304594040
3.836009979248
3.815438270569
3.798297405243
3.784342288971
3.772851228714
3.762491703033
3.750617742538
3.745511770248
3.733682632446
3.735706806183
3.711905241013
3.746743917465
3.681177377701
4.074313640594
3.832907199860
3.784405469894
3.762018203735
3.742569684982
3.725709199905
3.709124565125
3.693513154984
3.681743144989
3.673380374908
3.666718482971
3.660164594650
3.656738281250
3.647625446320
3.650062799454
3.635361194611
3.645545482635
3.623883724213
3.649441242218
3.600312709808
3.726728916168
3.629022598267
4.050333023071
3.641608715057
3.629056930542
3.618232250214
3.610633373260
3.602854728699
3.594706058502
3.590956687927
3.583365917206
3.581515312195
3.575675487518
3.573189020157
3.568980216980
3.563476562500
3.563771009445
3.552880764008
3.559653282166
3.543212413788
3.555112361908
3.532720088959
3.560435771942
3.510575294495
3.650019645691
3.558411121368
4.059123992920
3.583199024200
3.553942918777
3.536028862000
3.527356624603
3.520874261856
3.513399600983
3.507644653320
3.501519203186
3.497553825378
3.493793249130
3.486818790436
3.485446453094
3.477011203766
3.478207588196
3.469242095947
3.473634004593
3.457797527313
3.474046945572
3.439381122589
3.504645586014
3.426873445511
3.910609245300
3.527375936508
3.567867755890
3.497005462646
3.465536355972
3.448895931244
3.441197395325
3.432945728302
3.427798986435
3.421546936035
3.425004959106
3.429047584534
3.482064008713
3.477958202362
3.480743885040
3.384635448456
3.503977775574
3.373717784882
3.595616340637
3.372685909271
3.501179456711
3.357535600662
3.412406444550
3.348025798798
3.396705627441
3.333184480667
3.427166938782
3.328558206558
3.622953891754
3.361144304276
3.489680290222
3.338839054108
3.351167201996
3.331068992615
3.357200145721
3.370057106018
3.404534816742
3.348368644714
3.420848131180
3.296826839447
3.431482315063
3.285105705261
3.436392545700
3.278270483017
3.414924621582
3.270246505737
3.389036655426
3.272325277328
3.378845691681
3.293991088867
3.341086864471
3.270822525024
3.315602302551
3.253480911255
3.325939893723
3.250874996185
3.368285655975
3.245254993439
3.387773990631
3.225786685944
3.348317146301
3.212899208069
3.341181278229
3.227623939514
3.352924108505
3.221461296082
3.272306919098
3.197303295135
3.249822616577
3.180833101273
3.335348129272
3.231200933456
3.599837303162
3.295470476151
3.238124370575
3.207369804382
3.196718454361
3.186738729477
3.179935932159
3.173765182495
3.168665885925
3.165055990219
3.158836364746
3.156868934631
3.150724887848
3.149796009064
3.142920494080
3.141187191010
3.136752605438
3.132641553879
3.133095741272
3.121232032776
3.206388473511
3.333910465240
3.374726772308
3.181855678558
3.338564872742
3.118969917297
3.161582469940
3.107578992844
3.150395393372
3.100887775421
3.224425315857
3.162006139755
3.265993595123
3.101554870605
3.218323469162
3.070968151093
3.171211242676
3.074418306351
3.196291923523
3.125457286835
3.143778324127
3.069040775299
3.119525194168
3.056392908096
3.146219730377
3.086130619049
3.165707111359
3.058643341064
3.165741443634
3.039073467255
3.181442260742
3.041585683823
3.224371910095
3.062016248703
3.171424865723
3.067890644073
3.083237648010
3.104948043823
3.045905351639
3.096755981445
3.019523859024
3.092647314072
2.998580932617
3.109190940857
2.983126401901
3.184658527374
3.112283706665
3.262442111969
3.038322448730
3.071852207184
2.984832286835
3.071617126465
2.991041183472
3.088395357132
2.984576225281
3.017057418823
3.024461507797
3.018710851669
3.098078250885
2.989801883698
3.062561511993
2.974967002869
3.221951484680
2.995423316956
3.029940843582
2.936996936798
2.981962203979
2.921113014221
3.004207372665
2.932479858398
3.121090888977
2.944606304169
3.047502040863
2.898877620697
2.988101005554
2.880658149719
3.086747646332
2.923304796219
3.240472316742
3.007248401642
2.952818870544
2.927935600281
2.923632144928
2.909347534180
2.941185712814
2.949962615967
2.966129541397
2.920434951782
2.922802448273
2.865458726883
2.914728164673
2.849854946136
3.041437625885
2.981935977936
3.226162910461
2.990431547165
2.956624746323
2.869925022125
2.892013549805
2.846442699432
2.890958309174
2.849876403809
2.976347446442
2.881148338318
2.982384681702
2.841076135635
2.867014408112
2.824553728104
2.881818294525
2.851089477539
2.884665727615
2.882651329041
2.819645643234
3.137237548828
2.880413055420
2.979588031769
2.806243896484
2.815912008286
2.788583278656
2.793428659439
2.778911113739
2.807115554810
2.864512443542
3.103374004364
2.978810548782
2.821775197983
2.854025840759
2.774851560593
2.940868854523
2.803114891052
2.948658943176
2.766003370285
2.862421035767
2.747939825058
2.876658678055
2.736711025238
2.888532161713
2.726426601410
2.889720201492
2.713121414185
2.848530292511
2.715148448944
2.857317447662
2.767342329025
2.885578632355
2.843153715134
2.741983413696
2.736244678497
2.714378118515
2.737372875214
2.798700332642
2.930592775345
2.934814214706
2.757752418518
2.736640930176
2.690333366394
2.746620655060
2.688466787338
2.986513853073
2.772051811218
2.895101785660
2.724127292633
2.798755407333
2.672533750534
2.721411228180
2.655208110809
2.732632875443
2.652232885361
2.792959690094
2.657653808594
2.860046386719
2.642973423004
2.804395198822
2.738505840302
2.865159034729
2.707321166992
2.712955951691
2.635794401169
2.701510906219
2.647988319397
2.829156398773
2.738673448563
2.798189401627
2.647817134857
2.750172615051
2.618704080582
2.727671384811
2.613032817841
2.770620346069
2.619240760803
2.771598339081
2.601558923721
2.704370737076
2.603113174438
2.709139585495
2.644887447357
2.715320587158
2.644865989685
2.599101066589
2.718173742294
2.633330583572
2.877136945724
2.609553098679
2.705486536026
2.591244697571
2.676910877228
2.628402471542
2.715006113052
2.692032575607
2.645490169525
2.713649272919
2.596736192703
2.717533826828
2.565594434738
2.681926965714
2.566942691803
2.763446569443
2.620331048965
2.693677425385
2.583827018738
2.657459974289
2.546993970871
2.638640165329
2.541166305542
2.663368225098
2.544079065323
2.621961116791
2.525270462036
2.552593231201
2.532729148865
2.567701816559
2.662810087204
2.737601757050
2.840612411499
2.590896129608
2.654039859772
2.517998695374
2.596362352371
2.509099960327
2.694323062897
2.548974990845
2.758767843246
2.490800857544
2.557678699493
2.474803924561
2.565930604935
2.481898784637
2.692788124084
2.510853052139
2.653362751007
2.475813627243
2.514505863190
2.526811122894
2.631431102753
2.851611614227
2.620620727539
2.588262319565
2.489179849625
2.560432434082
2.492422819138
2.705878734589
2.529992818832
2.568203210831
2.467482805252
2.522507905960
2.464754104614
2.676546812057
2.518903017044
2.633860588074
2.439385414124
2.482995986938
2.416704893112
2.512709617615
2.445868015289
2.756119489670
2.449178695679
2.532634019852
2.439912319183
2.539875984192
2.566136837006
2.560940504074
2.488534450531
2.470989942551
2.425218105316
2.521440029144
2.472176074982
2.683188199997
2.455229759216
2.471754074097
2.392012596130
2.510356426239
2.419802188873
2.786069393158
2.420503377914
2.498727798462
2.397232532501
2.474672079086
2.463327169418
2.629835605621
2.403947830200
2.431710243225
2.397005558014
2.469678163528
2.479525566101
2.548430442810
2.407896757126
2.378671884537
2.399396419525
2.420789241791
2.591086626053
2.528275966644
2.518156051636
2.399045944214
2.604747533798
2.386255741119
2.599413394928
2.369433164597
2.455649852753
2.387408256531
2.467241287231
2.455444335938
2.434900045395
2.428440332413
2.380408525467
2.453680276871
2.366088390350
2.473304748535
2.347725152969
2.502745151520
2.356165647507
2.662347316742
2.335716247559
2.385565042496
2.318660497665
2.381640434265
2.372993946075
2.574841976166
2.503336668015
2.423887729645
2.347673892975
2.375498533249
2.314245223999
2.422190666199
2.337597131729
2.529074907303
2.341388225555
2.391247510910
2.306948661804
2.427318572998
2.345396041870
2.583756446838
2.343840122223
2.401144742966
2.311712265015
2.437598943710
2.340145111084
2.496105909348
2.290804624557
2.340172290802
2.291800737381
2.393627643585
2.406007528305
2.423585891724
2.363044977188
2.270053863525
2.418606758118
2.305305004120
2.688829898834
2.360725879669
2.379876375198
2.299344539642
2.284065723419
2.278895378113
2.284956455231
2.324336528778
2.415347099304
2.407417535782
2.337330818176
2.304917097092
2.319320917130
2.439381122589
2.301569938660
2.307220697403
2.262139320374
2.303346157074
2.267209053040
2.390451431274
2.303699254990
2.414461612701
2.351338863373
2.297547578812
2.575184345245
2.368408441544
2.472032546997
2.270823001862
2.261136531830
2.224516868591
2.249772787094
2.218076944351
2.314017057419
2.313357353210
2.450597047806
2.261510133743
2.246733665466
2.253702163696
2.286595821381
2.368294954300
2.411266326904
2.260087728500
2.205279588699
2.224635839462
2.177855491638
2.316845178604
2.322168588638
2.885159969330
2.434378147125
2.475229263306
2.345690250397
2.267221927643
2.231567859650
2.216493129730
2.204121351242
2.197109937668
2.187329530716
2.183898210526
2.173127651215
2.176244497299
2.160480022430
2.182238340378
2.156800031662
2.328146457672
2.410002708435
2.566504001617
2.319021463394
2.243208885193
2.277980804443
2.230648040771
2.382531642914
2.226669549942
2.276105642319
2.155674219131
2.247499942780
2.158676385880
2.462264537811
2.302114725113
2.481298923492
2.275309324265
2.218955039978
2.165561199188
2.168348550797
2.139595031738
2.165226936340
2.139279365540
2.232939958572
2.233573913574
2.321237325668
2.188170671463
2.156159400940
2.233633041382
2.218044042587
2.313347816467
2.211214780807
2.225136041641
2.123480319977
2.267655372620
2.198293209076
2.609776973724
2.193816184998
2.201345920563
2.170287609100
2.197156667709
2.223992824554
2.315078020096
2.216923952103
2.169046401978
2.142961025238
2.117330551147
2.150707483292
2.141181468964
2.286389112473
2.259851932526
2.427376031876
2.237115144730
2.367790222168
2.126014709473
2.144847631454
2.090255260468
2.121958732605
2.077009439468
2.170168638229
2.150634765625
2.453839778900
2.194794654846
2.162746667862
2.115070581436
2.151589155197
2.164021968842
2.313125848770
2.254725217819
2.158970594406
2.157192468643
2.106747150421
2.322846412659
2.267575025558
2.428314924240
2.168230295181
2.146353483200
2.081815719604
2.124442100525
2.068894147873
2.161379098892
2.098183393478
2.238151073456
2.131495475769
2.163180828094
2.101136684418
2.106216430664
2.092434883118
2.096518039703
2.103986978531
2.092929601669
2.121930837631
2.070642709732
2.211145639420
2.105852127075
2.427564620972
2.106493473053
2.174318790436
2.062088489532
2.098200559616
2.104185104370
2.214084148407
2.288771152496
2.233467817307
2.130893707275
2.056719779968
2.087242364883
2.057396888733
2.187613010406
2.096132516861
2.215863943100
2.052004098892
2.121028423309
2.038895368576
2.198677539825
2.091178894043
2.235169410706
2.051133394241
2.053200006485
2.047074556351
2.074579715729
2.182637214661
2.281443834305
2.227466583252
2.049798488617
2.169751882553
2.047349452972
2.304999351501
2.061485767365
2.176609039307
2.026409864426
2.111831188202
2.016472816467
2.136485576630
2.038523674011
2.165070772171
2.024332046509
2.043687582016
2.018918991089
2.031324386597
2.080444574356
2.101751804352
2.091928958893
2.018609523773
2.071413040161
1.981558561325
2.119133472443
2.014468193054
2.338531494141
2.078106164932
2.150289773941
2.005137443542
1.990256428719
1.976679444313
1.983512759209
1.999488592148
2.177438259125
2.397293090820
2.318318843842
2.123839616776
2.109763145447
2.000786781311
2.050446987152
1.986068248749
2.098370313644
1.990617752075
2.097695350647
1.982066154480
2.081020116806
1.981988549232
2.174144268036
2.023928165436
2.263470888138
1.987657785416
2.021949768066
1.952891349792
2.026079654694
1.993242025375
2.133266210556
2.104444980621
2.070175170898
1.968894839287
2.043552875519
1.980426311493
2.201168775558
2.016240119934
2.073456287384
1.982760667801
2.004981279373
2.034717321396
2.129332780838
2.223442316055
1.984513282776
1.985774636269
1.926293492317
2.050590038300
2.026422262192
2.449311733246
2.055546283722
2.111946105957
1.995639324188
1.980390548706
1.979903459549
2.014446735382
2.038467645645
2.054229259491
2.009266614914
1.977423548698
2.011273860931
2.009759426117
2.049923896790
2.009886026382
2.070150613785
1.950053215027
2.126453399658
2.014454841614
2.239374637604
1.981384277344
1.999883413315
1.919370651245
2.018684864044
1.945522189140
2.136218309402
1.956617593765
2.015631437302
1.895205020905
1.974929332733
1.912263870239
2.074425458908
1.982927799225
2.030051708221
1.918448090553
1.932080984116
1.911462187767
1.979187130928
2.113431692123
2.337192058563
2.004100084305
1.957210063934
1.896936058998
1.944849967957
1.893476366997
2.085975170135
2.024854421616
2.236018419266
2.030624628067
2.133658647537
1.932070016861
1.908111214638
1.885634660721
1.882107853889
1.875851631165
1.873589277267
1.907925844193
1.954127788544
2.242584228516
1.986808300018
1.929381370544
1.913572311401
1.883548498154
1.954904079437
1.928521871567
2.097886323929
1.996554255486
2.013573169708
1.889122605324
1.940341114998
1.891039848328
2.202545642853
2.086837768555
2.259937286377
2.000787734985
1.920838356018
1.871901512146
1.877132773399
1.849816799164
1.883256673813
1.870267629623
2.078085660934
2.042895317078
2.019113540649
1.868845343590
1.927453398705
1.931903719902
2.086250066757
2.101254463196
1.963810801506
1.890943527222
1.860392808914
1.867046117783
1.857109069824
1.926770567894
1.941077470779
2.058834552765
1.925510764122
1.921998620033
1.862277507782
2.019730091095
1.923872232437
2.208139896393
1.881355404854
1.968378901482
1.865966796875
1.998721480370
1.907966732979
2.000272274017
1.893706917763
1.975029468536
1.897635936737
1.998583436012
1.976519346237
1.925195932388
1.953768968582
1.849413394928
1.869634866714
1.839988946915
1.918208718300
1.855150103569
1.971300721169
1.826338291168
1.929771184921
1.821424603462
1.957414507866
1.887282609940
2.019503831863
1.866195201874
1.986460089684
1.836633443832
2.071935176849
1.893868923187
2.034396648407
1.874956846237
1.885524392128
1.846348047256
1.956396937370
1.998178243637
2.087167024612
1.871126651764
1.870821475983
1.837472677231
1.874924659729
1.923120260239
1.997747063637
1.927747488022
1.838508129120
1.901719570160
1.844390392303
1.991015672684
1.879245758057
1.915203571320
1.855469226837
1.830242395401
1.900758624077
1.868027210236
2.138553142548
1.894080877304
1.919830441475
1.804630756378
1.837807297707
1.827029347420
2.008879423141
1.953415155411
2.018641710281
1.821368455887
1.894492268562
1.800811052322
1.911673307419
1.865758895874
2.011133193970
1.854030251503
1.855444192886
1.797576546669
1.860447883606
1.872899651527
1.975217580795
1.931803226471
1.825298666954
1.808510065079
1.788460135460
1.841542363167
1.838261008263
1.996817588806
1.901084423065
1.812728881836
1.871718645096
1.791402816772
2.072840213776
1.911341786385
2.120119810104
1.828443169594
1.797521829605
1.763046860695
1.779639482498
1.765407085419
1.841066837311
1.884259819984
1.946875691414
1.842909812927
1.829491853714
1.838058114052
1.996066331863
1.983866930008
1.871931314468
1.827746033669
1.786025166512
1.863466620445
1.820076704025
1.980823636055
1.854657888412
1.983791947365
1.865271806717
1.877367973328
1.807299137115
1.804105997086
1.810804963112
1.809561967850
1.848485589027
1.837191343307
1.914704084396
1.790690422058
1.968804836273
1.769614100456
1.929386377335
1.761894226074
1.933192610741
1.767448544502
1.892369389534
1.763413667679
1.835661530495
1.795769333839
1.862169027328
1.850289702415
1.821360588074
1.815990090370
1.792823791504
1.819068551064
1.834318876266
1.900929927826
1.909832954407
1.840958833694
1.808797121048
1.807634949684
1.877840518951
1.860760092735
1.844540834427
1.763363718987
1.797728538513
1.812958717346
1.817582488060
1.897611379623
1.756901144981
1.844035506248
1.752371788025
2.023317575455
1.805430412292
2.004346847534
1.745143771172
1.850710868835
1.731838822365
1.877489447594
1.813854813576
2.005707025528
1.808343291283
1.765452265739
1.767943382263
1.767624735832
1.907050132751
1.848915576935
1.898933291435
1.766398072243
1.767622470856
1.827592015266
1.880873203278
1.842577099800
1.750997781754
1.748511672020
1.767082452774
1.776557922363
1.958477139473
1.748469352722
1.830456256866
1.701009273529
1.841297626495
1.726443886757
1.974872112274
1.782149076462
2.030088901520
1.765794992447
1.811951160431
1.807642936707
1.789836883545
1.849056124687
1.772461533546
1.751133799553
1.740642070770
1.781129479408
1.780107855797
1.895474195480
1.765102267265
1.826112985611
1.728281974792
1.882045984268
1.786625862122
1.900046586990
1.712323307991
1.740396738052
1.682983279228
1.800944328308
1.772128939629
2.038916587830
1.748574137688
1.733435750008
1.671735525131
1.731975197792
1.706149101257
1.974355459213
1.890384078026
1.808191418648
1.719232797623
1.676599979401
1.700415134430
1.722951412201
1.872922420502
2.022483587265
1.798007965088
1.771118402481
1.672539710999
1.751749515533
1.697597622871
2.000702142715
1.860581755638
2.005867004395
1.790587663651
1.727139949799
1.679763674736
1.680033683777
1.681530237198
1.705486893654
1.824954032898
1.802176594734
1.917306423187
1.723658084869
1.784802556038
1.830550789833
1.937555909157
1.701437234879
1.705788493156
1.644693851471
1.753230571747
1.762975692749
2.142573595047
1.807437419891
1.723761796951
1.659044027328
1.704152226448
1.685752272606
1.889033079147
1.796756029129
1.830695390701
1.663169384003
1.817050218582
1.727739214897
2.028822898865
1.860999226570
1.858775138855
1.778925538063
1.676135063171
1.707350015640
1.684484720230
1.801946878433
1.721756100655
1.774233579636
1.683444738388
1.684363961220
1.698270559311
1.733299970627
1.768988847733
1.848838806152
1.668272852898
1.718865156174
1.663277387619
1.817518711090
1.742652177811
1.816115975380
1.662759900093
1.726988792419
1.692079305649
1.888206958771
1.723147749901
1.731723546982
1.631984591484
1.685679912567
1.625434637070
1.809323310852
1.668221235275
1.952422142029
1.745510339737
1.875498771667
1.759914398193
1.698818445206
1.773241043091
1.730218172073
1.755212426186
1.701545715332
1.657266378403
1.687077522278
1.694051027298
1.855061769485
1.754039287567
1.767527937889
1.624197840691
1.667040348053
1.611312150955
1.796000242233
1.689086198807
1.887950181961
1.772742748260
1.638232231140
1.638237476349
1.647612690926
1.761873960495
1.797508239746
1.850061774254
1.696440696716
1.697542190552
1.639042496681
1.827326297760
1.808328747749
2.079565286636
1.752597570419
1.743071794510
1.624153017998
1.623597145081
1.632795929909
1.676144838333
1.799365639687
1.878907561302
1.795958876610
1.627018451691
1.678301095963
1.626760721207
1.875722408295
1.778318166733
1.868492245674
1.642229557037
1.668912529945
1.627551794052
1.855297207832
1.735863089561
1.821411728859
1.614083647728
1.617625713348
1.602191567421
1.641522884369
1.794414043427
1.832594275475
1.833815336227
1.668262481689
1.641668796539
1.655759930611
1.701039314270
1.699415683746
1.726185202599
1.632708787918
1.587848305702
1.668151140213
1.665600061417
1.859036922455
1.715711832047
1.619275450706
1.722730875015
1.623173952103
1.799690127373
1.620578765869
1.759648442268
1.629012942314
1.902763128281
1.733238816261
1.717827558517
1.618668675423
1.584002256393
1.629763960838
1.643357396126
1.897586822510
1.784627914429
1.703879833221
1.592728734016
1.582861900330
1.618036866188
1.702902913094
1.943165779114
1.968142032623
1.691170454025
1.639507651329
1.573640346527
1.656421184540
1.657241821289
2.026226997375
1.810591936111
1.744609117508
1.599773764610
1.647145509720
1.585304021835
1.739988327026
1.654497623444
1.798313617706
1.604584932327
1.674646139145
1.610033512115
1.757115840912
1.756295442581
1.875737190247
1.643590927124
1.589088797569
1.599028825760
1.594260215759
1.681395411491
1.678149819374
1.734287142754
1.597900748253
1.567046165466
1.556291103363
1.578857660294
1.643766164780
1.837543010712
1.928262114525
1.754885792732
1.722983717918
1.576276421547
1.643144130707
1.573732376099
1.744965434074
1.628481149673
1.731333613396
1.581178545952
1.600697517395
1.613821744919
1.735865831375
1.739309787750
1.829475164413
1.667823314667
1.641520857811
1.587153434753
1.692830562592
1.691044092178
1.923638820648
1.658914923668
1.669959068298
1.579510211945
1.635994434357
1.681598901749
1.748936414719
1.689141154289
1.596136450768
1.625848412514
1.567687153816
1.730700850487
1.633955717087
1.914628863335
1.628682255745
1.740664839745
1.604672789574
1.698344826698
1.639527082443
1.703505992889
1.610488891602
1.591895580292
1.586611986160
1.598305940628
1.641878962517
1.669642329216
1.716256856918
1.605673909187
1.637303948402
1.627376437187
1.686478018761
1.690145492554
1.588996410370
1.637041330338
1.556740999222
1.708306550980
1.572612524033
1.673629999161
1.568024396896
1.653616189957
1.632380723953
1.696499347687
1.643980264664
1.575071930885
1.644148945808
1.669558882713
1.644501209259
1.634545683861
1.548112988472
1.701877236366
1.606509804726
1.848285913467
1.612414360046
1.840901136398
1.724812746048
1.705528616905
1.543946981430
1.574885249138
1.566853761673
1.779299020767
1.765946030617
1.596548199654
1.519424796104
1.513909339905
1.523908376694
1.586730003357
1.721867322922
1.897912979126
1.707379698753
1.525060415268
1.546319007874
1.501144170761
1.614968061447
1.566854000092
1.770607709885
1.541623115540
1.553011894226
1.493943452835
1.567351579666
1.561655640602
1.900896668434
1.657631397247
1.733030557632
1.643299818039
1.732801198959
1.609059929848
1.598589539528
1.688137173653
1.689887404442
1.704498529434
1.535405039787
1.556661844254
1.496724128723
1.614363908768
1.597911119461
2.055991649628
1.803874254227
1.789830684662
1.584694385529
1.552211642265
1.522649526596
1.568279862404
1.627362966537
1.749902486801
1.638407468796
1.530704379082
1.490221858025
1.510417342186
1.494725108147
1.643508434296
1.787469387054
1.794143676758
1.577120780945
1.561999082565
1.551900029182
1.685999870300
1.648344993591
1.643519520760
1.591336011887
1.546461582184
1.633859157562
1.553652644157
1.698175072670
1.566100835800
1.675500750542
1.513715147972
1.603914260864
1.537358403206
1.845665693283
1.812146425247
1.810108900070
1.625860691071
1.576922297478
1.506062030792
1.577184557915
1.541711926460
1.812047839165
1.648937344551
1.629890084267
1.548929214478
1.546890139580
1.554049611092
1.610892415047
1.631678223610
1.637910485268
1.494107723236
1.566681981087
1.524715185165
1.793949484825
1.691312193871
1.729864597321
1.567286968231
1.507771134377
1.577232480049
1.553995847702
1.664105772972
1.592449426651
1.620314955711
1.506254673004
1.680457472801
1.554299831390
1.766808152199
1.527220010757
1.553207278252
1.485175490379
1.581104516983
1.545053958893
1.671945333481
1.684703946114
1.756742715836
1.535005092621
1.533208847046
1.493799924850
1.578008770943
1.574428439140
1.737885951996
1.626724243164
1.576914787292
1.509010672569
1.539641976357
1.611602544785
1.636874914169
1.650597333908
1.474063158035
1.575797319412
1.499035239220
1.730085134506
1.566064119339
1.622043371201
1.542892456055
1.542715191841
1.620591282845
1.610637426376
1.671740531921
1.581962704659
1.663978219032
1.590141654015
1.596365571022
1.531245708466
1.619743108749
1.519144296646
1.556198120117
1.532972335815
1.565132498741
1.564800739288
1.523613691330
1.576123476028
1.504952907562
1.675673842430
1.610819578171
1.940263986588
1.611351609230
1.599362134933
1.525999307632
1.591281294823
1.558054089546
1.632444262505
1.606061339378
1.592212915421
1.524590134621
1.542660951614
1.601763129234
1.607554912567
1.581841826439
1.481919646263
1.479412317276
1.449132204056
1.469898104668
1.479139089584
1.550623059273
1.754483699799
1.740994930267
1.570667982101
1.469445943832
1.548869729042
1.524329423904
1.684327840805
1.630319595337
1.487101912498
1.513325929642
1.490223526955
1.725656270981
1.620376944542
1.591260552406
1.475239634514
1.471090912819
1.744813442230
1.798685908318
1.769003391266
1.485267162323
1.563741683960
1.466598272324
1.640916824341
1.536288738251
1.676101446152
1.520055651665
1.516986966133
1.530713558197
1.529501438141
1.636682868004
1.508281469345
1.540060758591
1.454947233200
1.592391133308
1.512379527092
1.679165005684
1.569576382637
1.577117443085
1.540597677231
1.571764230728
1.672689914703
1.655374050140
1.514039754868
1.522161364555
1.487749338150
1.580286264420
1.613641738892
1.725659608841
1.510302543640
1.454578995705
1.456195831299
1.483664631844
1.556649208069
1.671723842621
1.601522088051
1.482731580734
1.437160372734
1.543297171593
1.502135872841
1.773930788040
1.501356601715
1.512984633446
1.424871683121
1.557622671127
1.492737412453
1.851559400558
1.592847824097
1.722950696945
1.515651702881
1.501399874687
1.487757444382
1.532465696335
1.615365028381
1.609689235687
1.637781739235
1.457084059715
1.448005199432
1.434614419937
1.464017987251
1.493996024132
1.594323754311
1.601973772049
1.586167216301
1.546139717102
1.454969406128
1.470448374748
1.466363549232
1.501793742180
1.614809751511
1.644535779953
1.710928678513
1.476122260094
1.439600825310
1.424623847008
1.533055782318
1.533484578133
1.689737796783
1.509198069572
1.442323207855
1.452643871307
1.477813124657
1.641418099403
1.562403202057
1.606745481491
1.417433023453
1.606099724770
1.482950448990
1.817046046257
1.541522264481
1.633299231529
1.512898445129
1.632511377335
1.480965971947
1.490293502808
1.434612751007
1.512026667595
1.535557985306
1.701421976089
1.621778964996
1.579591751099
1.543659925461
1.441179156303
1.449849247932
1.458553433418
1.580118060112
1.784687399864
1.725454211235
1.492695331573
1.487629175186
1.413356304169
1.520638108253
1.448557615280
1.591919541359
1.469612121582
1.486341953278
1.464213728905
1.513074517250
1.661951541901
1.563647985458
1.499946117401
1.425511360168
1.562749743462
1.576333284378
1.633665680885
1.434454917908
1.534775376320
1.451802730560
1.721890330315
1.538959503174
1.579972863197
1.417511463165
1.461829900742
1.441223859787
1.607804894447
1.636298656464
1.651247024536
1.449530482292
1.477467298508
1.466717123985
1.570662736893
1.578249335289
1.484165430069
1.447974562645
1.415496349335
1.487290382385
1.494389295578
1.565977573395
1.590145826340
1.423142910004
1.499936461449
1.445747256279
1.601867914200
1.483681797981
1.564766168594
1.497820258141
1.522158384323
1.537710666656
1.473060727119
1.437655925751
1.439341545105
1.533991098404
1.532647728920
1.722457289696
1.501528024673
1.552602410316
1.413161158562
1.547278642654
1.439602732658
1.710772037506
1.560954928398
1.713608741760
1.461214423180
1.457503318787
1.483308434486
1.616823196411
1.600572824478
1.533024668694
1.502547025681
1.473686337471
1.518137693405
1.563934087753
1.524997353554
1.469767093658
1.417357206345
1.466644287109
1.433834433556
1.614101171494
1.449524521828
1.544461607933
1.407977104187
1.486333370209
1.415518522263
1.537538766861
1.461377143860
1.570091485977
1.495061397552
1.585191488266
1.513593673706
1.435550808907
1.436885595322
1.487839341164
1.562284708023
1.565992832184
1.475637316704
1.507669687271
1.427939653397
1.526811838150
1.470258593559
1.573264122009
1.449548125267
1.572237730026
1.477654814720
1.781424164772
1.486787199974
1.488237023354
1.389002561569
1.494249463081
1.707453489304
1.770175814629
1.517966389656
1.392496347427
1.379351973534
1.374018549919
1.398259282112
1.461996555328
1.580169916153
1.568183422089
1.537185549736
1.413240194321
1.354748010635
1.428547143936
1.442549228668
1.734911680222
1.673729658127
1.489103794098
1.455194234848
1.424251556396
1.433259725571
1.490256905556
1.495888113976
1.529942512512
1.479444503784
1.512321233749
1.464564085007
1.466174483299
1.419010758400
1.447474002838
1.434092521667
1.520024299622
1.427435398102
1.430502057076
1.364342331886
1.429777503014
1.430547475815
1.766394019127
1.571033835411
1.514320492744
1.396939635277
1.575217843056
1.460786581039
1.544223666191
1.387301683426
1.411054730415
1.396389245987
1.549186229706
1.490656375885
1.591348052025
1.434455990791
1.695065021515
1.458401679993
1.547492265701
1.417448043823
1.599274277687
1.467727780342
1.563877701759
1.398971199989
1.422244071960
1.389917969704
1.422045230865
1.475079774857
1.437410593033
1.560479402542
1.436736226082
1.611090302467
1.482296347618
1.479098320007
1.458538651466
1.475447893143
1.447532892227
1.394118785858
1.399321436882
1.373844385147
1.466799736023
1.480076551437
1.572497248650
1.448207855225
1.413422822952
1.406831145287
1.391116380692
1.546198248863
1.442420959473
1.686740279198
1.442704439163
1.637697815895
1.521151065826
1.598530173302
1.495166420937
1.479102849960
1.576588630676
1.537139654160
1.452944755554
1.355074405670
1.385052680969
1.367953300476
1.458782196045
1.450627326965
1.501076698303
1.380093574524
1.385172486305
1.367526412010
1.446074962616
1.491833090782
1.515719890594
1.402565479279
1.436491489410
1.459669470787
1.532393455505
1.579058289528
1.502842545509
1.441911697388
1.469557046890
1.595493555069
1.549550533295
1.391360998154
1.395662784576
1.434589385986
1.699806690216
1.580846071243
1.429817914963
1.371035695076
1.324348568916
