4.142941951752
4.121480464935
4.113846778870
4.093249320984
4.080591678619
4.060254573822
4.043789863586
4.021847724915
4.001523017883
3.973259210587
3.951522827148
3.914092063904
3.995760440826
3.966795921326
3.899660587311
3.868146896362
3.871520042419
3.843128204346
3.863624095917
3.804297924042
3.783761739731
3.748425483704
3.806413650513
3.760013818741
3.722379446030
3.672603130341
3.653374195099
3.633205890656
3.690908432007
3.666582822800
3.635941267014
3.606863498688
3.584412813187
3.551595449448
3.498968362808
3.490133762360
3.661142349243
3.555888175964
3.530844211578
3.514425754547
3.456807374954
3.411071777344
3.367711067200
3.395745038986
3.430924892426
3.432646274567
3.371496200562
3.321024894714
3.316032409668
3.328377246857
3.249526262283
3.298829078674
3.231822967529
3.152730226517
3.700670957565
3.326683044434
3.321209907532
3.304129123688
3.297065973282
3.275967597961
3.261101961136
3.227397680283
3.221531152725
3.186859607697
3.141311883926
3.085362195969
3.112965106964
3.145217657089
3.052919626236
2.963534593582
2.983012199402
3.010735750198
2.902158260345
2.973805904388
3.248533964157
3.016673326492
3.062526702881
2.989043712616
3.006840229034
2.949257135391
3.016817569733
2.982453584671
2.875257015228
2.798089981079
2.833665132523
2.868252277374
2.959696054459
2.821845531464
2.946893692017
2.798978328705
2.863592386246
2.779654026031
2.815120697021
2.707311630249
2.879723548889
2.775642871857
2.863724231720
2.786224365234
2.905267715454
2.870612382889
