4.124646663666
4.105853080750
4.098726272583
4.080014705658
4.068135738373
4.049575805664
4.033521652222
4.013883590698
3.992057800293
3.972568988800
3.933151721954
3.971389293671
3.874031066895
4.165911674500
3.883780479431
3.845369815826
3.790800571442
3.758454799652
3.712750434875
3.772991657257
3.681005239487
3.640793800354
3.604692935944
3.775249242783
3.723960161209
3.646923065186
3.533820629120
3.560971021652
3.470195770264
3.704150199890
3.671475887299
3.634670257568
3.593669414520
3.549374818802
3.379614591599
3.468505382538
3.430284023285
3.606854915619
3.574811935425
3.553208589554
3.470865488052
3.401129245758
3.291243791580
3.389938831329
3.235643863678
3.502305984497
3.414816856384
3.297998189926
3.182096481323
3.375201225281
3.182764291763
3.401019334793
3.175525665283
3.140166282654
3.396716833115
3.492485046387
3.380414724350
3.362831115723
3.334540367126
3.314721584320
3.283056735992
3.260300874710
3.238884687424
3.213156700134
3.164582252502
3.128388881683
3.138027667999
3.169449806213
3.071441888809
2.946464061737
2.916484355927
3.059726476669
2.891119480133
3.005251169205
2.993972539902
3.105785131454
3.063492774963
3.011042118073
2.943847179413
2.871219396591
2.837561607361
3.007745265961
2.850136280060
2.793912887573
2.731025457382
3.080221176147
2.894903898239
2.822389841080
2.787512302399
2.785836935043
2.709609031677
2.809531688690
2.692876338959
2.733017444611
2.703881263733
2.943365097046
2.809522151947
2.743002414703
2.756377696991
2.840932846069
