4.136737823486
4.117607116699
4.110374450684
4.091269493103
4.078997135162
4.059792518616
4.043558120728
4.022831439972
4.002150058746
3.976687669754
3.949506759644
3.928906917572
3.963864803314
3.993384838104
3.892197132111
3.857817649841
3.829533100128
3.808982849121
3.801014423370
3.800496101379
3.751766443253
3.706995964050
3.731141567230
3.766227245331
3.725358486176
3.675049781799
3.627615928650
3.579716920853
3.605777263641
3.684637308121
3.664997577667
3.639210224152
3.641003370285
3.551530838013
3.471406221390
3.481880664825
3.598607540131
3.567850112915
3.543785572052
3.527973890305
3.472773790359
3.427670955658
3.376574993134
3.383096456528
3.324749946594
3.465981960297
3.423984527588
3.375613451004
3.324906349182
3.319226741791
3.133549213409
3.357545375824
3.276702642441
3.144302368164
3.558181047440
3.371407985687
3.339299917221
3.324295520782
3.314032077789
3.298073291779
3.294332981110
3.271543502808
3.287303447723
3.200655460358
3.193779230118
3.120182991028
3.230839252472
3.107409477234
3.033306837082
2.976955413818
3.033828020096
2.987048387527
2.916972160339
2.914026737213
3.217612266541
3.064228296280
3.087873220444
3.049600601196
3.044281005859
2.964931964874
3.005433082581
3.011129379272
2.915121078491
2.902582645416
2.813323974609
3.023352146149
2.972885370255
2.879641056061
2.900076389313
2.795447111130
2.766188144684
2.835148334503
2.779264450073
2.719102859497
2.756286621094
2.885148048401
2.880655765533
2.807145595551
2.886608123779
2.826100349426
