4.133440017700
4.111322402954
4.103726387024
4.082810878754
4.069914340973
4.048445224762
4.031112670898
4.007884025574
3.985393285751
3.957898139954
3.925749778748
3.921835899353
3.917272567749
4.073413372040
3.901322841644
3.868593215942
3.858754634857
3.820245504379
3.819426536560
3.791621208191
3.745025634766
3.722127914429
3.741907119751
3.770967721939
3.730068206787
3.664576530457
3.604301929474
3.665872097015
3.657172679901
3.682342052460
3.637817621231
3.600622653961
3.528006076813
3.576591968536
3.482497930527
3.517707824707
3.598181247711
3.583944797516
3.558498859406
3.539920568466
3.480161428452
3.430999755859
3.368846654892
3.432474851608
3.424305438995
3.460218906403
3.370903015137
3.287560939789
3.263943195343
3.397816181183
3.347157478333
3.349754333496
3.175209045410
3.202399969101
3.702941894531
3.421456336975
3.342717647552
3.326729774475
3.302710771561
3.278966903687
3.238515853882
3.198082923889
3.156161069870
3.183350086212
3.095942020416
3.087988853455
3.039752960205
3.200074672699
3.118538618088
3.017188072205
3.007939100266
3.095931768417
2.960899353027
3.080074310303
3.165703535080
3.065923213959
3.052116632462
2.980401992798
2.948199748993
2.914509296417
2.950072288513
3.027489662170
2.917442321777
2.811087608337
2.903831958771
2.988936424255
2.907529354095
2.796365976334
2.894524097443
2.805642366409
2.876396894455
2.779134750366
2.811545848846
2.772608280182
2.942582607269
2.868801116943
2.823934555054
2.757003784180
2.863791942596
2.885537862778
