4.123774528503
4.103018283844
4.095935344696
4.076187133789
4.063825130463
4.043457031250
4.026549339294
4.004246711731
3.981262922287
3.956282138824
3.916428089142
3.940424442291
3.859614133835
4.137908458710
3.887933254242
3.847704887390
3.800754070282
3.763450860977
3.722202539444
3.771375656128
3.680335521698
3.643579006195
3.606737136841
3.775011777878
3.721149682999
3.636497497559
3.517939090729
3.584645032883
3.497088909149
3.697305679321
3.653253316879
3.611742973328
3.543653488159
3.548339128494
3.375323057175
3.466182708740
3.421860694885
3.602271080017
3.572305679321
3.552154064178
3.476305484772
3.412761211395
3.305381059647
3.391070604324
3.252742767334
3.486492633820
3.391498565674
3.285481691360
3.182593345642
3.372012615204
3.197531223297
3.375223398209
3.170261383057
3.136667251587
3.451646089554
3.465067386627
3.372047185898
3.353731632233
3.327434062958
3.304319381714
3.269523859024
3.233595848083
3.203630685806
3.189594745636
3.117216348648
3.082813501358
3.075451135635
3.173459053040
3.073693037033
2.959010839462
2.922009706497
3.050350904465
2.887728691101
2.925287246704
3.036353111267
3.109200954437
3.077890634537
3.019977569580
2.954955577850
2.885538339615
2.864942073822
3.023871660233
2.876373767853
2.807197570801
2.763244867325
3.047143459320
2.892973661423
2.793166399002
2.811979770660
2.748842954636
2.725275754929
2.759067535400
2.708844661713
2.690729618073
2.755222797394
2.881356716156
2.803268194199
2.730378627777
2.789019584656
2.836474180222
