4.127836704254
4.110357761383
4.103244781494
4.084923744202
4.072953701019
4.054100990295
4.038007736206
4.017156124115
3.996618270874
3.970472812653
3.945422172546
3.922816276550
3.963524580002
4.013100147247
3.894827842712
3.863378047943
3.843311309814
3.816294193268
3.815217018127
3.798859596252
3.758551120758
3.721229076385
3.747171401978
3.766684532166
3.727915048599
3.676817893982
3.636404991150
3.611241102219
3.615753173828
3.679940938950
3.650594949722
3.622840881348
3.610002040863
3.554443597794
3.482338428497
3.490748882294
3.612999439240
3.565358638763
3.540466308594
3.523718833923
3.469355583191
3.426729202271
3.387640953064
3.399547815323
3.372117996216
3.452567577362
3.388278484344
3.321684837341
3.281612396240
3.353886127472
3.263762474060
3.336608886719
3.198969125748
3.144516944885
3.578400850296
3.361844062805
3.329795837402
3.312293052673
3.303100585938
3.282714843750
3.269640684128
3.237588167191
3.235617399216
3.172949314117
3.134441375732
3.063725709915
3.129239559174
3.111991167068
3.020373582840
2.927977085114
2.945537328720
3.012979984283
2.937587738037
2.907821893692
3.219461679459
3.073325157166
3.086585998535
3.040261507034
3.029116153717
2.955933809280
2.999240875244
3.017231464386
2.919370651245
2.881493568420
2.850976705551
2.953347682953
2.912575244904
2.809913873672
2.866295337677
2.798420906067
2.808149814606
2.776924610138
2.749638557434
2.713297843933
2.808131694794
2.824789524078
2.832643508911
2.762011528015
2.837205410004
2.850883722305
