4.128777980804
4.111417293549
4.104167938232
4.085809707642
4.073767662048
4.055564880371
4.039525032043
4.020522117615
3.999060153961
3.978704452515
3.943923473358
3.958730220795
3.916064262390
4.092975616455
3.878809452057
3.842373371124
3.788985729218
3.769730806351
3.738218545914
3.781615257263
3.705765724182
3.657686233521
3.662121295929
3.771428346634
3.721053361893
3.656557559967
3.579185962677
3.541761875153
3.534683227539
3.706073999405
3.683820724487
3.652649402618
3.653466224670
3.548920154572
3.420397996902
3.480387210846
3.558233261108
3.599193572998
3.571108818054
3.550711631775
3.471343517303
3.403021335602
3.299599409103
3.407233715057
3.314014911652
3.511557102203
3.450926780701
3.360040187836
3.279107570648
3.368723392487
3.136159658432
3.430490970612
3.285863637924
3.166624307632
3.495026826859
3.488803863525
3.373101234436
3.358440399170
3.331378698349
3.316942214966
3.299592971802
3.284039497375
3.288090467453
3.219132900238
3.207767963409
3.152939319611
3.241605997086
3.148159265518
3.066857099533
2.979218721390
3.007528066635
3.035047769547
2.907832622528
3.000026702881
3.081835508347
3.101129055023
3.068659067154
3.031194686890
2.990611791611
2.915455102921
2.934803962708
3.009717702866
2.876572608948
2.868696689606
2.779259443283
3.113233566284
2.938088893890
2.880405664444
2.847812652588
2.803452730179
2.724173545837
2.853644371033
2.745873451233
2.760145664215
2.716532707214
2.965245246887
2.842438697815
2.788955211639
2.820961952209
2.828019618988
