0.110000000000
0.126000000000
0.122000000000
0.155000000000
0.151000000000
0.150000000000
0.157000000000
0.147000000000
0.177000000000
0.159000000000
0.166000000000
0.128000000000
0.153000000000
0.265000000000
0.186000000000
0.137000000000
0.175000000000
0.208000000000
0.222000000000
0.229000000000
0.246000000000
0.230000000000
0.155000000000
0.040000000000
0.047000000000
0.104000000000
0.094000000000
0.128000000000
0.078000000000
0.079000000000
0.081000000000
0.081000000000
0.082000000000
0.091000000000
0.131000000000
0.143000000000
0.148000000000
0.136000000000
0.138000000000
0.206000000000
0.138000000000
0.185000000000
0.208000000000
0.246000000000
0.232000000000
0.219000000000
0.230000000000
0.202000000000
0.136000000000
0.135000000000
0.140000000000
0.141000000000
0.142000000000
0.140000000000
0.145000000000
0.158000000000
0.146000000000
0.156000000000
0.155000000000
0.157000000000
0.161000000000
0.177000000000
0.187000000000
0.208000000000
0.193000000000
0.211000000000
0.193000000000
0.242000000000
0.181000000000
0.144000000000
0.150000000000
0.180000000000
0.199000000000
0.227000000000
0.236000000000
0.210000000000
0.267000000000
0.174000000000
0.137000000000
0.136000000000
0.136000000000
0.133000000000
0.139000000000
0.142000000000
0.143000000000
0.133000000000
0.154000000000
0.179000000000
0.188000000000
0.192000000000
0.238000000000
0.153000000000
0.095000000000
0.163000000000
0.126000000000
0.184000000000
0.177000000000
0.221000000000
0.193000000000
0.135000000000
