0.057868020305
0.164467005076
0.165482233503
0.121827411168
0.124873096447
0.112690355330
0.119796954315
0.118781725888
0.131979695431
0.146192893401
0.095431472081
0.233502538071
0.220304568528
0.237563451777
0.216243654822
0.085279187817
0.126903553299
0.168527918782
0.168527918782
0.200000000000
0.237563451777
0.238578680203
0.085279187817
0.202030456853
0.205076142132
0.138071065990
0.248730964467
0.117766497462
0.075126903553
0.076142131980
0.090355329949
0.099492385787
0.108629441624
0.126903553299
0.168527918782
0.205076142132
0.248730964467
0.279187817259
0.250761421320
0.178680203046
0.249746192893
0.148223350254
0.162436548223
0.205076142132
0.200000000000
0.175634517766
0.291370558376
0.154314720812
0.080203045685
0.080203045685
0.080203045685
0.082233502538
0.079187817259
0.084263959391
0.087309644670
0.101522842640
0.105583756345
0.116751269036
0.117766497462
0.125888324873
0.125888324873
0.135025380711
0.142131979695
0.159390862944
0.219289340102
0.206091370558
0.244670050761
0.218274111675
0.220304568528
0.116751269036
0.134010152284
0.166497461929
0.174619289340
0.192893401015
0.194923857868
0.218274111675
0.223350253807
0.253807106599
0.080203045685
0.080203045685
0.085279187817
0.090355329949
0.097461928934
0.099492385787
0.103553299492
0.112690355330
0.124873096447
0.142131979695
0.149238578680
0.153299492386
0.174619289340
0.169543147208
0.155329949239
0.137055837563
0.166497461929
0.174619289340
0.187817258883
0.202030456853
0.177664974619
0.081218274112
