0.189401373896
0.174681059863
0.104023552502
0.093228655545
0.097154072620
0.095191364082
0.104023552502
0.103042198234
0.150147203140
0.128557409225
0.157016683023
0.138370951914
0.115799803729
0.156035328754
0.121687929342
0.084396467125
0.125613346418
0.151128557409
0.165848871443
0.159960745829
0.180569185476
0.177625122669
0.158979391560
0.064769381747
0.077526987242
0.110893032385
0.151128557409
0.127576054956
0.157998037291
0.159960745829
0.157016683023
0.156035328754
0.158979391560
0.166830225711
0.180569185476
0.178606476938
0.158979391560
0.156035328754
0.136408243376
0.144259077527
0.134445534838
0.142296368989
0.152109911678
0.192345436703
0.164867517174
0.154072620216
0.182531894014
0.136408243376
0.080471050049
0.082433758587
0.087340529931
0.104023552502
0.116781157998
0.125613346418
0.137389597645
0.153091265947
0.151128557409
0.157998037291
0.145240431796
0.138370951914
0.133464180569
0.135426889107
0.127576054956
0.152109911678
0.145240431796
0.157016683023
0.165848871443
0.173699705594
0.131501472031
0.105986261040
0.128557409225
0.154072620216
0.175662414132
0.176643768400
0.170755642787
0.165848871443
0.197252208047
0.140333660451
0.081452404318
0.083415112856
0.088321884200
0.093228655545
0.109911678116
0.131501472031
0.159960745829
0.171736997056
0.192345436703
0.189401373896
0.174681059863
0.166830225711
0.163886162905
0.136408243376
0.113837095191
0.109911678116
0.128557409225
0.144259077527
0.154072620216
0.157998037291
0.136408243376
0.080471050049
