0.140000000000
0.187058823529
0.196470588235
0.201176470588
0.203529411765
0.198823529412
0.201176470588
0.197647058824
0.238823529412
0.209411764706
0.132941176471
0.187058823529
0.191764705882
0.202352941176
0.216470588235
0.089411764706
0.145882352941
0.172941176471
0.176470588235
0.168235294118
0.223529411765
0.222352941176
0.129411764706
0.089411764706
0.095294117647
0.161176470588
0.143529411765
0.162352941176
0.082352941176
0.090588235294
0.097647058824
0.098823529412
0.103529411765
0.112941176471
0.147058823529
0.152941176471
0.168235294118
0.169411764706
0.167058823529
0.183529411765
0.151764705882
0.132941176471
0.158823529412
0.210588235294
0.211764705882
0.215294117647
0.221176470588
0.195294117647
0.085882352941
0.084705882353
0.084705882353
0.091764705882
0.107058823529
0.122352941176
0.136470588235
0.148235294118
0.164705882353
0.180000000000
0.178823529412
0.190588235294
0.192941176471
0.197647058824
0.212941176471
0.243529411765
0.188235294118
0.211764705882
0.191764705882
0.228235294118
0.183529411765
0.107058823529
0.124705882353
0.172941176471
0.208235294118
0.232941176471
0.220000000000
0.228235294118
0.258823529412
0.184705882353
0.087058823529
0.087058823529
0.085882352941
0.087058823529
0.100000000000
0.123529411765
0.151764705882
0.160000000000
0.167058823529
0.197647058824
0.203529411765
0.216470588235
0.242352941176
0.182352941176
0.109411764706
0.123529411765
0.129411764706
0.142352941176
0.145882352941
0.224705882353
0.225882352941
0.087058823529
